1 8998
2 8997
3 8996
4 8995
5 8994
6 8993
7 8
9 8990
10 8941
11 8940
12 8939
13 8938
14 8937
15 8936
16 8935
17 8934
18 13223
19 20
21 13220
22 13219
23 13218
24 13217
25 13216
26 13215
27 13214
28 13213
29 13212
30 31
32 13209
33 13208
34 13207
35 13206
36 13205
37 13204
38 13203
39 13202
40 13201
41 42
43 13198
44 13197
45 7849
46 7848
47 7847
48 7846
49 7845
50 7844
51 7843
52 7842
53 7841
54 7840
55 56
57 7837
58 7836
59 7835
60 7834
61 7833
62 7832
63 64
65 7829
66 7828
67 7827
68 7826
69 7825
70 71
72 7822
73 7821
74 7820
75 7819
76 77
78 7816
79 7815
80 7950
81 7949
82 7948
83 84
85 7945
86 7944
87 7943
88 7942
89 7941
90 91
92 7938
93 7937
94 7936
95 7935
96 97
98 7932
99 7931
100 7930
101 7929
102 7928
103 7927
104 7926
105 106
107 7923
108 7922
109 7921
110 7920
111 7919
112 113
114 7916
115 7915
116 7914
117 7913
118 13118
119 120
121 13115
122 13114
123 13113
124 13112
125 13111
126 13110
127 128
129 13107
130 13106
131 13105
132 13104
133 13103
134 135
136 13100
137 13099
138 13098
139 13097
140 13096
141 142
143 13093
144 13092
145 13091
146 13090
147 13089
148 13088
149 150
151 13085
152 13084
153 13083
154 13082
155 13081
156 13080
157 13079
158 13078
159 13077
160 13076
161 13075
162 163
164 13072
165 13071
166 13070
167 13069
168 13068
169 170
171 13065
172 13064
173 13063
174 13062
175 13061
176 13060
177 178
179 13057
180 13056
181 13055
182 13054
183 13053
184 13052
185 186
187 12915
188 12914
189 12913
190 12912
191 12911
192 12910
193 194
195 12949
196 12948
197 12947
198 12946
199 12945
200 12944
201 202
203 12941
204 12940
205 12939
206 8584
207 8583
208 8582
209 8581
210 8580
211 8579
212 8578
213 8577
214 215
216 8552
217 8551
218 8550
219 8549
220 8548
221 8547
222 223
224 8544
225 8543
226 8542
227 8541
228 8540
229 230
231 8537
232 8536
233 8535
234 8534
235 8533
236 8532
237 238
239 8885
240 8884
241 8883
242 8882
243 8881
244 8880
245 246
247 8877
248 8876
249 8875
250 8874
251 8873
252 8872
253 254
255 10837
256 10836
257 10835
258 10834
259 10833
260 10832
261 10831
262 10830
263 10829
264 265
266 10826
267 10825
268 10824
269 10823
270 10822
271 272
273 10819
274 10818
275 10817
276 10816
277 10815
278 10814
279 280
281 8519
282 8518
283 8517
284 8516
285 8515
286 287
288 8512
289 8500
290 8499
291 8498
292 8497
293 294
295 8494
296 8493
297 8492
298 8491
299 8490
300 301
302 8834
303 8833
304 8832
305 8831
306 8830
307 308
309 8827
310 8826
311 8825
312 8824
313 8823
314 8822
315 8821
316 8820
317 318
319 9404
320 9403
321 9402
322 9401
323 9400
324 325
326 9397
327 9396
328 9395
329 9394
330 331
332 8478
333 8477
334 8476
335 8475
336 337
338 8472
339 8471
340 8470
341 8469
342 343
344 9739
345 9738
346 9737
347 9736
348 349
350 9733
351 9732
352 10083
353 10082
354 355
356 10079
357 10078
358 10077
359 10076
360 10075
361 362
363 10072
364 10071
365 10070
366 10069
367 10068
368 10067
369 10066
370 10065
371 10064
372 10063
373 374
375 10060
376 10059
377 10058
378 10057
379 10056
380 10055
381 382
383 10052
384 10051
385 10050
386 10049
387 10048
388 10047
389 10046
390 391
392 10043
393 10042
394 10041
395 10040
396 10039
397 10038
398 10037
399 400
401 10034
402 10033
403 10032
404 10031
405 9893
406 9892
407 9891
408 9890
409 410
411 9887
412 9886
413 9885
414 9884
415 9883
416 9882
417 9881
420 9906
421 9905
422 9904
423 9903
424 9902
425 9901
426 9900
427 428
429 9897
430 9896
431 9895
432 9894
433 10030
434 10029
435 10028
436 10027
437 438
439 10024
440 10023
441 10022
442 10021
443 10020
444 10019
445 10018
446 447
448 7000
449 6999
450 6998
451 6997
452 6996
453 6995
454 6994
455 456
457 6991
458 6990
459 6989
460 6988
461 6987
462 6986
463 464
465 6983
466 6982
467 6981
468 6980
469 6979
470 9767
471 9766
472 9765
473 9764
474 9763
475 476
477 9760
478 9759
479 9758
480 9757
481 482
483 9754
484 9753
485 9752
486 9751
487 9750
488 489
490 9747
491 9746
492 9745
493 9744
494 495
496 8489
497 8488
498 8487
499 8486
500 501
502 8483
503 8482
504 8481
505 506
507 9391
508 9390
509 9389
510 9388
511 512
513 9385
514 9384
515 9383
516 9382
517 518
519 9379
520 9378
521 9377
522 8652
523 8651
524 8650
525 8649
526 8648
527 8647
528 8646
529 530
531 8643
532 8642
533 8641
534 8640
535 536
537 8637
538 8511
539 8510
540 8509
541 8508
542 543
544 8505
545 8504
546 8503
547 8502
548 8501
549 550
551 8529
552 8528
553 8527
554 8526
555 556
557 8523
558 8522
559 10813
560 10812
561 10811
562 563
564 10808
565 10807
566 10806
567 10805
568 10804
569 570
571 10801
572 10800
573 10799
574 10798
575 10797
576 10796
577 10795
578 10794
579 10793
580 10792
581 10791
582 583
584 10788
585 10787
586 10786
587 10785
588 8849
589 590
591 8846
592 8845
593 8844
594 8843
595 8842
596 8841
597 598
599 8838
600 8837
601 8574
602 8573
603 8572
604 605
606 8569
607 8568
608 8567
609 8566
610 8565
611 612
613 8562
614 8561
615 8560
616 8559
617 8558
618 619
620 8555
621 8554
622 8553
623 8594
624 8593
625 626
627 8590
628 8589
629 8588
630 8587
631 8586
632 8585
633 12938
634 12937
635 12936
636 637
638 12933
639 12932
640 12931
641 12930
642 12929
643 644
645 12926
646 12925
647 12924
648 12923
649 12922
650 651
652 12919
653 12918
654 13051
655 13050
656 13049
657 658
659 13046
660 13045
661 13044
662 13043
663 13042
664 665
666 13039
667 12478
668 12477
669 12476
670 12475
671 672
673 12472
674 12471
675 12470
676 12469
677 12468
678 679
680 12465
681 12464
682 12463
683 12462
684 12461
685 12460
686 12459
687 12458
688 12457
689 690
691 12454
692 12453
693 12452
694 12451
695 12450
696 697
698 12447
699 12446
700 12445
701 12444
702 703
704 12441
705 12440
706 12439
707 12438
708 12437
709 710
711 12434
712 12433
713 12432
714 12431
715 12430
716 717
718 12427
719 12426
720 12425
721 12424
722 12423
723 724
725 7985
726 7984
727 7983
728 7982
729 730
731 7979
732 7978
733 7977
734 7976
735 7975
736 7974
737 7973
738 7972
739 7971
740 7970
741 742
743 7967
744 7966
745 7965
746 7964
747 7963
748 749
750 7960
751 7959
752 7958
753 7957
754 755
756 7954
757 7953
758 7952
759 7951
760 761
762 7812
763 7811
764 7810
765 7809
766 767
768 7806
769 7805
770 7804
771 7803
772 7802
773 774
775 7799
776 7798
777 7797
778 7796
779 780
781 7793
782 7792
783 7791
784 7790
785 7789
786 7788
787 788
789 7785
790 7784
791 7783
792 7782
793 7781
794 7780
795 7779
796 7778
797 7777
798 799
800 7774
801 7773
802 7772
803 7771
804 7770
805 7769
806 7768
807 808
809 13237
810 13236
811 13235
812 13234
813 13233
814 13232
815 13231
816 13230
817 818
819 13227
820 13226
821 13225
822 13224
823 8933
824 8932
825 8931
826 8930
827 8929
828 829
830 8926
831 8925
832 8924
833 8923
834 8922
835 8921
836 8920
837 8919
838 839
840 8916
843 8281
844 8280
845 8279
846 8278
847 848
849 8275
850 8274
851 8273
852 8272
853 8271
854 8270
855 8269
856 8268
857 858
859 8265
860 8264
861 8263
862 8262
863 8261
864 8260
865 8259
866 8258
867 868
869 8255
870 8254
871 8253
872 8252
873 8251
874 8250
875 8249
876 8248
877 878
879 8245
880 8244
881 8243
882 8242
883 8241
884 8240
885 886
887 8237
888 8236
889 8235
890 8234
891 8233
892 8232
893 8231
894 8230
895 8229
896 8228
897 8227
898 8226
899 900
901 8223
902 8222
903 8221
904 8220
905 906
907 7625
908 7624
909 7623
910 7622
911 912
913 7619
914 7618
915 7617
916 7616
917 918
919 7613
920 7612
921 7493
922 7492
923 924
925 7489
926 7488
927 7487
928 8129
929 930
931 8126
932 8125
933 8124
934 8123
935 936
937 8120
938 8119
939 8118
940 8117
941 942
943 8114
944 8113
945 8112
946 8111
947 8110
948 8109
949 8108
950 951
952 8105
953 8104
954 8103
955 8102
956 8101
957 958
959 8098
960 8097
961 8096
962 8095
963 964
965 8019
966 8018
967 8017
968 8016
969 970
971 12386
972 12385
973 12384
974 12383
975 12382
976 977
978 12379
979 12378
980 12377
981 12376
982 983
984 12513
985 12512
986 12511
987 12510
988 989
990 12507
991 12506
992 12505
993 12504
994 12503
995 996
997 12500
998 12499
999 12498
1000 12497
1001 12496
1002 12495
1003 12494
1004 1005
1006 12491
1007 12490
1008 12489
1009 12488
1010 1011
1012 12485
1013 12484
1014 12483
1015 12482
1016 1017
1018 12479
1019 13038
1020 13037
1021 13036
1022 13035
1023 1024
1025 13032
1026 13031
1027 13030
1028 13029
1029 1030
1031 13026
1032 13025
1033 13024
1034 13023
1035 13022
1036 1037
1038 13019
1039 13018
1040 13017
1041 13016
1042 1043
1044 11691
1045 11690
1046 11689
1047 11688
1048 11687
1049 1050
1051 11684
1052 11683
1053 11682
1054 11681
1055 11680
1056 11679
1057 11678
1058 1059
1060 11675
1061 11674
1062 11673
1063 11672
1064 1065
1066 11669
1067 12035
1068 12034
1069 12033
1070 12032
1071 1072
1073 12029
1074 12028
1075 12027
1076 12026
1077 1078
1079 12023
1080 12022
1081 12021
1082 12020
1083 12019
1084 1085
1086 12016
1087 12015
1088 12014
1089 12013
1090 1091
1092 12010
1093 10763
1094 10762
1095 10761
1096 10760
1097 1098
1099 10757
1100 10756
1101 10755
1102 10754
1103 1104
1105 10751
1106 10750
1107 10749
1108 10748
1109 10575
1110 10574
1111 10573
1112 10572
1113 1114
1115 10569
1116 10568
1117 8702
1118 8701
1119 8700
1120 1121
1122 8697
1123 8696
1124 8695
1125 8694
1126 1127
1128 8691
1129 8690
1130 8689
1131 8688
1132 1133
1134 8685
1135 8684
1136 8683
1137 8682
1138 8681
1139 1140
1141 8678
1142 8677
1143 8676
1144 8675
1145 1146
1147 8672
1148 8671
1149 8670
1150 8669
1151 1152
1153 8666
1154 8665
1155 8664
1156 8663
1157 8662
1158 1159
1160 8659
1161 8658
1162 8657
1163 8656
1164 8655
1165 1166
1167 9376
1168 9375
1169 9374
1170 9373
1171 1172
1173 9370
1174 9369
1175 9368
1176 1177
1178 9365
1179 9364
1180 9363
1181 9362
1182 1183
1184 9359
1185 9358
1186 9357
1187 9356
1188 1189
1190 9353
1191 9352
1192 9351
1193 10185
1194 1195
1196 10182
1197 10181
1198 10180
1199 10179
1200 1201
1202 9784
1203 9783
1204 9782
1205 9781
1206 1207
1208 9778
1209 9777
1210 9776
1211 9775
1212 1213
1214 9772
1215 9771
1216 9770
1217 9769
1218 9768
1219 6978
1220 6977
1221 6976
1222 6975
1223 6974
1224 1225
1226 6971
1227 6970
1228 6969
1229 6968
1230 6967
1231 6966
1232 1233
1234 6963
1235 7007
1236 7006
1237 7005
1238 7004
1239 7003
1240 1241
1242 10015
1243 10014
1244 10013
1245 10012
1246 10011
1247 10010
1248 10009
1249 10008
1250 1251
1252 10005
1253 10004
1254 10003
1255 10002
1256 9953
1257 9952
1258 9951
1259 9950
1260 1261
1262 9947
1263 9946
1264 9945
1265 9944
1266 9943
1267 9942
1268 9941
1271 9966
1272 9965
1273 9964
1274 9963
1275 9962
1276 9961
1277 9960
1278 9959
1279 1280
1281 9956
1282 9955
1283 9954
1284 10001
1285 10000
1286 9999
1287 9998
1288 1289
1290 9995
1291 9994
1292 9993
1293 9992
1294 7018
1295 7017
1296 7016
1297 7015
1298 1299
1300 7012
1301 7011
1302 7010
1303 7009
1304 7008
1305 6962
1306 1307
1308 6959
1309 6958
1310 6957
1311 6956
1312 6955
1313 6954
1314 1315
1316 6951
1317 6950
1318 6949
1319 6948
1320 6947
1321 10211
1322 10210
1323 10209
1324 10208
1325 10207
1326 1327
1328 10204
1329 10203
1330 10202
1331 10201
1332 1333
1334 10198
1335 10197
1336 10196
1337 10195
1338 1339
1340 10192
1341 10191
1342 10190
1343 10189
1344 1345
1346 10186
1347 9350
1348 9349
1349 1350
1351 9346
1352 9345
1353 9344
1354 9343
1355 1356
1357 9340
1358 9339
1359 9338
1360 9337
1361 1362
1363 9334
1364 9333
1365 9332
1366 1367
1368 9329
1369 9328
1370 9327
1371 9326
1372 1373
1374 9323
1375 9322
1376 9321
1377 9320
1378 9319
1379 9318
1380 1381
1382 9315
1383 9314
1384 9313
1385 9312
1386 1387
1388 9309
1389 9308
1390 9307
1391 9306
1392 1393
1394 9303
1395 9302
1396 9301
1397 9300
1398 1399
1400 9297
1401 9296
1402 9295
1403 9294
1404 1405
1406 9291
1407 9290
1408 9289
1409 9288
1410 1411
1412 9285
1413 9284
1414 9283
1415 9282
1416 1417
1418 10589
1419 10588
1420 10587
1421 10586
1422 1423
1424 10583
1425 10582
1426 10581
1427 10580
1428 1429
1430 10577
1431 10576
1432 10747
1433 10746
1434 10745
1435 1436
1437 10742
1438 10741
1439 10740
1440 10739
1441 1442
1443 7433
1444 7432
1445 7431
1446 7430
1447 1448
1449 7427
1450 7426
1451 7425
1452 7424
1453 1454
1455 7421
1456 7420
1457 7419
1458 7418
1459 1460
1461 7415
1462 7414
1463 7413
1464 7412
1465 1466
1467 7409
1468 12042
1469 12041
1470 12040
1471 1472
1473 12037
1474 12036
1475 11668
1476 11667
1477 1478
1479 11664
1480 11663
1481 11662
1482 11661
1483 1484
1485 11658
1486 11657
1487 11656
1488 11655
1489 11654
1490 11653
1491 1492
1493 11650
1494 11649
1495 11648
1496 11647
1497 1498
1499 11644
1500 11643
1501 11642
1502 11641
1503 1504
1505 11638
1506 11637
1507 11636
1508 11635
1509 1510
1511 11632
1512 11631
1513 11630
1514 11629
1515 1516
1517 11626
1518 11625
1519 11624
1520 11623
1521 1522
1523 11620
1524 11619
1525 11618
1526 11617
1527 1528
1529 11614
1530 11613
1531 11612
1532 11611
1533 1534
1535 11608
1536 11607
1537 11606
1538 11605
1539 1540
1541 11602
1542 11601
1543 11600
1544 12345
1545 12344
1546 1547
1548 12341
1549 12340
1550 12339
1551 12522
1552 1553
1554 12519
1555 12518
1556 12517
1557 12516
1558 1559
1560 12373
1561 12372
1562 12371
1563 12370
1564 1565
1566 12367
1567 12366
1568 8033
1569 8032
1570 1571
1572 8029
1573 8028
1574 8027
1575 8026
1576 1577
1578 8023
1579 8022
1580 8094
1581 8093
1582 1583
1584 8090
1585 8089
1586 8088
1587 8087
1588 1589
1590 8084
1591 8083
1592 8082
1593 1594
1595 8079
1596 8078
1597 8077
1598 8076
1599 8075
1600 8074
1601 1602
1603 8071
1604 8070
1605 8069
1606 1607
1608 12707
1609 12706
1610 12705
1611 12704
1612 1613
1614 7502
1615 7501
1616 7500
1617 7499
1618 1619
1620 7496
1621 7495
1622 7494
1623 1624
1625 7609
1626 7608
1627 7607
1628 7606
1629 1630
1631 7603
1632 7602
1633 7601
1634 7600
1635 1636
1637 11304
1638 11303
1639 11302
1640 1641
1642 11299
1643 11298
1644 11297
1645 11296
1646 11295
1647 1648
1649 11292
1650 11291
1651 11290
1652 11289
1653 11288
1654 11287
1655 11286
1656 11285
1657 1658
1659 11282
1660 11281
1661 11280
1662 11279
1663 11278
1664 11277
1665 1666
1667 11274
1668 11273
1669 11272
1670 11271
1671 11270
1672 11269
1673 11268
1674 1675
1676 11265
1677 11264
1678 11263
1679 11262
1680 11261
1681 11260
1682 11259
1683 1684
1685 11256
1686 11255
1687 11254
1688 11253
1689 11252
1690 11251
1691 7654
1692 1693
1694 7651
1695 7650
1696 7649
1697 7648
1698 7647
1699 7646
1700 7645
1701 7644
1704 7262
1705 7261
1706 7260
1707 1708
1709 7257
1710 7256
1711 7255
1712 7254
1713 7253
1714 7252
1715 7251
1716 1717
1718 7248
1719 7247
1720 7246
1721 7245
1722 7244
1723 11199
1724 1725
1726 11196
1727 11195
1728 11194
1729 11193
1730 11192
1731 11191
1732 11190
1733 1734
1735 11187
1736 11186
1737 11185
1738 11184
1739 11183
1740 11182
1741 1742
1743 11179
1744 11178
1745 11177
1746 11176
1747 11331
1748 1749
1750 11328
1751 11327
1752 11326
1753 11325
1754 11324
1755 11323
1756 1757
1758 11320
1759 11319
1760 11318
1761 11317
1762 1763
1764 11314
1765 11313
1766 11312
1767 11311
1768 1769
1770 11308
1771 11307
1772 7599
1773 1774
1775 7596
1776 7595
1777 7594
1778 7593
1779 1780
1781 7590
1782 7589
1783 7588
1784 1785
1786 7510
1787 7509
1788 7508
1789 7507
1790 1791
1792 7504
1793 7503
1794 12701
1795 1796
1797 12698
1798 12697
1799 12696
1800 1801
1802 12693
1803 12692
1804 12691
1805 12690
1806 1807
1808 12687
1809 12686
1810 12685
1811 12684
1812 12683
1813 12682
1814 12681
1815 1816
1817 12678
1818 12677
1819 12676
1820 12675
1821 1822
1823 12556
1824 12555
1825 12554
1826 12553
1827 1828
1829 12550
1830 12549
1831 12548
1832 1833
1834 12545
1835 12544
1836 12543
1837 12542
1838 1839
1840 12539
1841 12538
1842 12537
1843 12536
1844 1845
1846 12533
1847 12532
1848 12531
1849 1850
1851 12528
1852 12527
1853 12526
1854 12525
1855 1856
1857 12338
1858 12337
1859 12336
1860 12335
1861 1862
1863 12332
1864 12331
1865 12330
1866 12329
1867 12328
1868 12327
1869 12326
1870 12325
1871 1872
1873 12322
1874 12321
1875 12320
1876 12319
1877 1878
1879 12316
1880 12315
1881 12314
1882 1883
1884 12311
1885 12310
1886 12309
1887 12308
1888 1889
1890 12305
1891 12304
1892 12303
1893 1894
1895 12300
1896 12299
1897 12298
1898 12297
1899 1900
1901 12294
1902 12293
1903 12292
1904 1905
1906 12289
1907 12288
1908 12287
1909 12286
1910 1911
1912 12283
1913 12282
1914 12281
1915 11803
1916 1917
1918 11800
1919 11799
1920 11798
1921 11797
1922 1923
1924 12059
1925 12058
1926 12057
1927 1928
1929 12054
1930 12053
1931 12052
1932 12051
1933 1934
1935 12048
1936 12047
1937 12046
1938 12045
1939 1940
1941 7408
1942 7407
1943 7406
1944 1945
1946 7403
1947 7402
1948 7401
1949 7400
1950 1951
1952 7397
1953 7396
1954 7395
1955 1956
1957 10638
1958 10637
1959 10636
1960 10635
1961 1962
1963 10632
1964 10631
1965 10630
1966 1967
1968 10627
1969 10626
1970 10625
1971 10624
1972 1973
1974 10621
1975 10620
1976 10619
1977 10618
1978 10617
1979 10616
1980 10615
1981 10614
1982 1983
1984 10611
1985 9216
1986 9215
1987 1988
1989 9212
1990 9211
1991 9210
1992 9209
1993 1994
1995 9206
1996 9205
1997 9204
1998 9203
1999 2000
2001 9162
2002 9161
2003 9160
2004 2005
2006 9157
2007 9156
2008 9155
2009 9154
2010 2011
2012 9151
2013 9150
2014 9149
2015 9148
2016 2017
2018 9145
2019 9144
2020 6704
2021 2022
2023 6701
2024 6700
2025 6699
2026 6698
2027 2028
2029 6695
2030 6694
2031 6693
2032 6692
2033 6691
2034 6690
2035 6689
2036 2037
2038 6686
2039 6685
2040 6684
2041 9540
2042 2043
2044 9537
2045 9536
2046 9535
2047 2048
2049 9574
2050 9573
2051 9572
2052 9571
2053 2054
2055 9568
2056 9567
2057 9566
2058 2059
2060 9563
2061 9562
2062 10237
2063 10236
2064 2065
2066 10233
2067 10232
2068 10231
2069 2070
2071 10228
2072 10227
2073 10226
2074 10225
2075 2076
2077 10222
2078 10221
2079 10220
2080 10219
2081 2082
2083 10216
2084 10215
2085 10214
2086 10213
2087 10212
2088 6946
2089 6945
2090 6944
2091 6943
2092 6942
2093 2094
2095 6939
2096 6938
2097 6937
2098 6936
2099 6935
2100 2101
2102 6932
2103 6931
2104 6662
2105 6661
2106 6660
2107 6659
2108 6658
2109 2110
2111 6655
2112 6654
2113 6653
2114 6652
2115 6651
2116 6650
2117 6649
2118 2119
2120 6646
2121 6645
2122 6644
2123 6643
2124 6642
2125 7206
2126 7205
2127 7204
2128 2129
2130 7201
2131 7200
2132 7199
2133 7198
2134 7197
2135 7196
2136 7195
2137 7194
2140 7219
2141 7218
2142 7217
2143 7216
2144 7215
2145 7214
2146 7213
2147 7212
2148 2149
2150 7209
2151 7208
2152 7207
2153 6683
2154 6682
2155 6681
2156 6680
2157 6679
2158 2159
2160 6676
2161 6675
2162 6674
2163 6673
2164 6672
2165 6671
2166 6670
2167 2168
2169 6667
2170 6666
2171 6665
2172 6664
2173 6663
2174 6930
2175 6929
2176 2177
2178 6926
2179 6925
2180 6924
2181 6923
2182 6922
2183 2184
2185 6919
2186 6918
2187 6917
2188 6916
2189 6915
2190 6914
2191 6913
2192 6912
2193 6911
2194 2195
2196 6908
2197 6907
2198 6906
2199 6905
2200 2201
2202 6902
2203 10250
2204 10249
2205 10248
2206 2207
2208 10245
2209 10244
2210 10243
2211 10242
2212 2213
2214 10239
2215 10238
2216 9561
2217 2218
2219 9558
2220 9557
2221 9556
2222 9555
2223 2224
2225 9552
2226 9551
2227 9550
2228 2229
2230 9547
2231 9546
2232 9545
2233 9544
2234 2235
2236 9541
2237 6725
2238 6724
2239 2240
2241 6721
2242 6720
2243 6719
2244 6718
2245 6717
2246 6716
2247 6715
2248 6714
2249 2250
2251 6711
2252 6710
2253 6709
2254 2255
2256 6706
2257 6705
2258 9143
2259 9142
2260 2261
2262 9139
2263 9138
2264 9137
2265 2266
2267 9176
2268 9175
2269 9174
2270 9173
2271 2272
2273 9170
2274 9169
2275 9168
2276 2277
2278 9165
2279 9202
2280 9201
2281 2282
2283 9198
2284 9197
2285 9196
2286 9195
2287 2288
2289 10672
2290 10671
2291 10670
2292 2293
2294 10667
2295 10666
2296 10665
2297 2298
2299 10662
2300 10661
2301 10660
2302 10659
2303 10658
2304 10657
2305 2306
2307 10654
2308 10653
2309 10652
2310 2311
2312 10649
2313 10648
2314 10647
2315 2316
2317 10644
2318 10643
2319 10642
2320 2321
2322 10639
2323 7392
2324 7391
2325 7390
2326 2327
2328 7387
2329 7386
2330 7385
2331 2332
2333 7382
2334 7381
2335 7380
2336 2337
2338 7377
2339 7376
2340 7375
2341 2342
2343 7372
2344 7371
2345 7370
2346 7369
2347 2348
2349 7366
2350 11817
2351 11816
2352 2353
2354 11813
2355 11812
2356 11811
2357 11810
2358 11809
2359 11808
2360 11807
2361 2362
2363 11804
2364 12280
2365 12279
2366 2367
2368 12276
2369 12275
2370 12274
2371 2372
2373 12271
2374 12270
2375 12269
2376 12268
2377 2378
2379 12265
2380 12264
2381 12263
2382 2383
2384 12260
2385 12259
2386 12258
2387 2388
2389 12255
2390 12254
2391 12253
2392 2393
2394 12250
2395 12249
2396 12248
2397 12247
2398 2399
2400 12244
2401 12243
2402 12242
2403 2404
2405 12239
2406 12238
2407 12237
2408 2409
2410 12234
2411 12233
2412 12232
2413 12231
2414 12230
2415 12229
2416 12228
2417 2418
2419 12225
2420 12224
2421 12223
2422 2423
2424 12220
2425 12219
2426 12218
2427 12217
2428 2429
2430 12214
2431 12213
2432 12212
2433 2434
2435 12582
2436 12581
2437 12580
2438 12579
2439 2440
2441 12576
2442 12575
2443 12574
2444 2445
2446 12571
2447 12570
2448 12569
2449 2450
2451 12566
2452 12565
2453 12564
2454 12563
2455 2456
2457 12560
2458 12559
2459 12674
2460 2461
2462 12671
2463 12670
2464 12669
2465 2466
2467 12666
2468 12665
2469 12664
2470 12663
2471 12662
2472 12661
2473 2474
2475 12658
2476 12657
2477 12656
2478 2479
2480 12653
2481 12652
2482 12651
2483 2484
2485 12648
2486 12647
2487 12646
2488 2489
2490 12643
2491 12642
2492 12641
2493 12640
2494 2495
2496 12637
2497 12636
2498 6746
2499 2500
2501 6743
2502 6742
2503 6741
2504 2505
2506 6738
2507 6737
2508 6736
2509 2510
2511 11354
2512 11353
2513 11352
2514 2515
2516 11349
2517 11348
2518 11347
2519 11346
2520 2521
2522 11343
2523 11342
2524 11341
2525 11340
2526 11339
2527 11338
2528 11337
2529 11336
2530 11335
2531 2532
2533 11332
2534 11175
2535 11174
2536 11173
2537 2538
2539 11170
2540 11169
2541 11168
2542 11167
2543 11166
2544 11165
2545 2546
2547 11162
2548 11161
2549 11160
2550 11159
2551 11158
2552 11157
2553 2554
2555 11154
2556 11153
2557 11152
2558 11151
2559 11150
2560 7159
2561 2562
2563 7156
2564 7155
2565 7154
2566 7153
2567 7152
2568 7151
2569 2570
2571 7148
2572 7147
2573 7146
2574 7145
2575 7144
2576 7143
2579 7175
2580 7174
2581 7173
2582 7172
2583 7171
2584 7170
2585 2586
2587 7167
2588 7166
2589 7165
2590 7164
2591 7163
2592 7162
2593 7161
2594 7160
2595 11149
2596 11148
2597 11147
2598 11146
2599 11145
2600 11144
2601 11143
2602 11097
2603 11096
2604 11095
2605 11094
2606 11093
2607 11092
2608 11091
2609 11090
2610 11089
2611 11088
2612 11087
2613 11086
2614 11085
2615 11084
2616 11083
2617 11082
2618 11081
2619 11080
2620 11079
2621 11078
2622 11077
2623 11372
2624 11371
2625 11370
2626 11369
2627 11368
2628 11367
2629 11366
2630 11365
2631 11364
2632 11363
2633 11362
2634 11361
2635 11360
2636 11359
2637 11358
2638 11357
2639 6735
2640 6734
2641 2642
2643 6731
2644 6730
2645 6729
2646 6728
2647 6727
2648 6726
2649 12635
2650 12634
2651 12633
2652 12632
2653 12631
2654 12630
2655 12629
2656 12628
2657 12627
2658 12626
2659 12625
2660 12624
2661 12623
2662 12622
2663 12621
2664 12620
2665 12619
2666 12618
2667 12617
2668 12616
2669 12615
2670 12614
2671 12613
2672 12612
2673 12611
2674 12610
2675 12609
2676 12608
2677 12607
2678 12606
2679 12605
2680 12604
2681 12603
2682 12602
2683 12601
2684 12600
2685 12599
2686 12598
2687 12597
2688 12596
2689 12595
2690 12594
2691 2692
2693 12591
2694 12590
2695 12589
2696 12588
2697 12587
2698 12586
2699 12585
2700 12584
2701 12583
2702 12209
2703 12208
2704 12207
2705 12206
2706 12205
2707 12204
2708 12203
2709 12202
2710 12201
2711 12200
2712 12199
2713 12198
2714 12197
2715 12196
2716 12195
2717 12194
2718 12193
2719 12192
2720 2721
2722 12189
2723 12188
2724 12187
2725 12186
2726 12185
2727 12184
2728 12183
2729 12182
2730 12181
2731 12180
2732 12179
2733 12178
2734 12177
2735 12176
2736 12175
2737 12174
2738 12173
2739 12172
2740 12171
2741 12170
2742 12169
2743 12168
2744 2745
2746 12165
2747 12164
2748 12163
2749 12162
2750 11842
2751 11841
2752 11840
2753 11839
2754 11838
2755 11837
2756 11836
2757 11835
2758 11834
2759 11833
2760 11832
2761 11831
2762 11830
2763 11829
2764 11828
2765 11827
2766 11826
2767 11825
2768 11824
2769 2770
2771 11821
2772 11820
2773 11819
2774 11818
2775 7365
2776 7364
2777 7363
2778 7362
2779 7361
2780 7360
2781 7359
2782 7358
2783 7357
2784 7356
2785 7355
2786 7354
2787 7353
2788 7352
2789 7351
2790 7350
2791 7349
2792 2793
2794 7346
2795 7345
2796 7344
2797 7343
2798 7342
2799 7341
2800 7340
2801 10700
2802 10699
2803 10698
2804 10697
2805 10696
2806 10695
2807 10694
2808 10693
2809 10692
2810 10691
2811 10690
2812 10689
2813 10688
2814 10687
2815 10686
2816 10685
2817 10684
2818 10683
2819 10682
2820 10681
2821 10680
2822 10679
2823 10678
2824 10677
2825 10676
2826 10675
2827 9194
2828 9193
2829 2830
2831 9190
2832 9189
2833 9188
2834 9187
2835 9186
2836 9185
2837 9184
2838 9183
2839 9182
2840 9181
2841 9180
2842 9179
2843 9178
2844 9177
2845 9134
2846 9133
2847 9132
2848 9131
2849 9130
2850 9129
2851 9128
2852 9127
2853 9126
2854 10418
2855 10417
2856 10416
2857 10415
2858 10414
2859 10413
2860 10412
2861 10411
2862 10410
2863 10409
2864 10408
2865 10407
2866 10406
2867 10405
2868 10404
2869 10403
2870 10402
2871 10401
2872 10400
2873 10399
2874 10398
2875 9589
2876 9588
2877 9587
2878 9586
2879 9585
2880 9584
2881 9583
2882 9582
2883 10265
2884 10264
2885 10263
2886 10262
2887 10261
2888 10260
2889 10259
2890 10258
2891 10257
2892 10256
2893 10255
2894 10254
2895 10253
2896 10252
2897 10251
2898 6901
2899 6900
2900 6899
2901 6898
2902 6897
2903 6896
2904 6895
2905 6894
2906 6893
2907 6892
2908 6891
2909 6890
2910 6889
2911 6888
2912 6887
2913 6886
2914 6885
2915 6884
2916 6883
2917 6882
2918 6881
2919 6880
2920 6879
2921 6878
2922 6877
2923 6876
2924 6875
2925 6874
2926 6873
2927 6872
2928 6871
2929 6870
2930 6869
2931 6868
2932 6867
2933 6866
2934 6865
2935 6864
2936 6863
2937 6862
2938 7107
2939 7106
2940 7105
2941 7104
2942 7103
2943 7102
2944 7101
2945 7100
2946 7231
2947 7230
2948 7229
2949 7228
2950 7227
2951 7226
2952 7225
2953 7224
2956 7122
2957 7121
2958 7120
2959 7119
2960 7118
2961 7117
2962 7116
2963 7115
2964 7114
2965 7113
2966 7112
2967 7111
2968 7110
2969 7109
2970 7108
2971 6861
2972 6860
2973 6859
2974 6858
2975 6857
2976 6856
2977 6855
2978 6854
2979 6853
2980 6852
2981 6851
2982 6850
2983 6849
2984 6848
2985 6847
2986 6846
2987 6845
2988 6844
2989 6843
2990 9623
2991 9622
2992 9621
2993 9620
2994 9619
2995 9618
2996 9617
2997 9616
2998 9615
2999 9614
3000 9613
3001 9612
3002 9611
3003 9610
3004 9609
3005 9608
3006 9607
3007 9606
3008 9605
3009 9604
3010 9603
3011 9602
3012 9601
3013 9600
3014 9599
3015 9598
3016 9597
3017 9596
3018 9595
3019 9594
3020 9593
3021 9592
3022 9591
3023 9590
3024 10397
3025 10396
3026 10395
3027 10394
3028 10393
3029 10392
3030 10391
3031 10390
3032 10428
3033 10427
3034 10426
3035 10425
3036 10424
3037 10423
3038 10422
3039 10421
3040 10420
3041 10419
3042 9125
3043 9124
3044 9123
3045 9122
3046 9121
3047 9120
3048 9119
3049 9118
3050 9117
3051 9116
3052 9115
3053 9114
3054 9113
3055 9112
3056 9111
3057 9110
3058 9109
3059 9108
3060 9107
3061 9106
3062 9105
3063 9104
3064 9103
3065 9102
3066 9101
3067 9100
3068 9099
3069 9098
3070 9097
3071 9096
3072 9095
3073 9094
3074 10712
3075 10711
3076 10710
3077 10709
3078 10708
3079 10707
3080 10706
3081 10705
3082 10704
3083 10703
3084 10702
3085 10701
3086 7339
3087 7338
3088 7337
3089 7336
3090 7335
3091 7334
3092 7333
3093 7332
3094 7331
3095 7330
3096 7329
3097 7328
3098 7327
3099 7326
3100 7325
3101 7324
3102 7323
3103 7322
3104 7321
3105 7320
3106 11865
3107 11864
3108 11863
3109 11862
3110 11861
3111 11860
3112 11859
3113 11858
3114 11857
3115 11856
3116 11855
3117 11854
3118 11853
3119 11852
3120 11851
3121 11850
3122 11849
3123 11848
3124 11847
3125 11846
3126 11845
3127 11844
3128 11843
3129 12161
3130 12160
3131 12159
3132 12158
3133 12157
3134 12156
3135 12155
3136 12154
3137 12153
3138 7142
3139 7141
3140 7140
3141 7139
3142 7138
3143 7137
3144 7136
3145 7135
3146 7134
3147 7133
3148 11458
3149 11457
3150 11456
3151 11455
3152 11454
3153 11453
3154 11452
3155 11451
3156 11450
3157 11449
3158 11448
3159 11447
3160 11446
3161 11445
3162 11444
3163 11443
3164 11442
3165 11441
3166 11440
3167 11439
3168 11438
3169 11437
3170 11436
3171 11435
3172 11434
3173 11433
3174 11432
3175 11431
3176 11430
3177 11429
3178 11428
3179 11427
3180 11426
3181 11425
3182 11424
3183 11423
3184 11422
3185 11421
3186 11420
3187 11419
3188 11418
3189 11417
3190 11416
3191 11415
3192 11414
3193 11413
3194 11412
3195 11411
3196 11410
3197 11409
3198 11408
3199 11407
3200 11406
3201 11405
3202 11404
3203 11403
3204 11402
3205 11401
3206 11400
3207 11399
3208 11398
3209 11397
3210 11396
3211 11395
3212 11394
3213 11393
3214 11392
3215 11391
3216 11390
3217 11389
3218 11388
3219 11387
3220 11386
3221 11385
3222 11384
3223 11383
3224 11382
3225 11381
3226 11380
3227 11379
3228 11378
3229 11377
3230 11376
3231 11375
3232 11374
3233 11373
3234 11076
3235 11075
3236 11074
3237 11073
3238 11072
3239 11071
3240 11070
3241 11069
3242 11068
3243 11107
3244 11106
3245 11105
3246 11104
3247 11103
3248 11102
3249 11101
3250 11100
3251 11099
3252 11098
3253 11142
3254 11141
3255 11140
3256 11139
3257 11138
3258 11137
3259 11136
3260 11135
3261 11134
3262 11133
3263 11132
3264 11131
3265 11130
3266 7186
3267 7185
3268 7184
3269 7183
3270 7182
3271 7181
3272 7180
3275 7193
3276 7192
3277 7191
3278 7190
3279 7189
3280 7188
3281 7187
3282 11129
3283 11128
3284 11127
3285 11126
3286 11125
3287 11124
3288 11123
3289 11122
3290 11121
3291 11120
3292 11119
3293 11118
3294 11117
3295 11116
3296 11115
3297 11114
3298 11113
3299 11112
3300 11111
3301 11110
3302 11109
3303 11108
3304 11067
3305 11066
3306 11065
3307 11064
3308 11063
3309 11062
3310 11061
3311 11060
3312 11059
3313 11058
3314 11057
3315 11056
3316 11055
3317 11054
3318 11053
3319 11052
3320 11051
3321 11050
3322 11049
3323 7569
3324 7568
3325 7567
3326 7566
3327 7565
3328 7564
3329 7563
3330 7562
3331 7561
3332 7560
3333 7559
3334 7558
3335 7557
3336 7556
3337 7555
3338 7554
3339 7553
3340 7552
3341 7551
3342 7550
3343 7549
3344 7548
3345 7547
3346 7546
3347 7545
3348 7544
3349 7543
3350 7542
3351 7541
3352 7540
3353 7539
3354 7538
3355 7537
3356 7536
3357 11498
3358 11497
3359 11496
3360 11495
3361 11494
3362 11493
3363 11492
3364 11491
3365 11490
3366 11489
3367 11488
3368 11487
3369 11486
3370 11485
3371 11484
3372 11483
3373 11482
3374 11481
3375 11480
3376 11479
3377 11478
3378 11477
3379 11476
3380 11475
3381 11474
3382 11473
3383 11472
3384 11471
3385 11470
3386 11469
3387 11468
3388 11467
3389 11466
3390 11465
3391 11464
3392 11463
3393 11462
3394 11461
3395 11460
3396 11459
3397 7132
3398 7131
3399 7130
3400 7129
3401 7128
3402 7127
3403 7126
3404 7125
3405 7124
3406 7123
3407 12152
3408 12151
3409 12150
3410 12149
3411 12148
3412 12147
3413 12146
3414 12145
3415 12144
3416 12143
3417 12142
3418 12141
3419 12140
3420 12139
3421 12138
3422 12137
3423 12136
3424 12135
3425 12134
3426 12133
3427 12132
3428 12131
3429 12130
3430 12129
3431 11873
3432 11872
3433 11871
3434 11870
3435 11869
3436 11868
3437 11867
3438 11866
3439 7319
3440 7318
3441 7317
3442 7316
3443 7315
3444 7314
3445 7313
3446 7312
3447 7311
3448 7310
3449 7309
3450 7308
3451 7307
3452 7306
3453 7305
3454 7304
3455 7303
3456 7302
3457 7301
3458 7300
3459 7299
3460 7298
3461 7297
3462 10720
3463 10719
3464 10718
3465 10717
3466 10716
3467 10715
3468 10714
3469 10713
3470 9093
3471 9092
3472 9091
3473 9090
3474 9089
3475 9088
3476 9087
3477 9086
3478 9085
3479 9084
3480 9083
3481 9082
3482 9081
3483 9080
3484 9079
3485 9078
3486 9077
3487 9076
3488 9075
3489 9074
3490 9073
3491 9072
3492 9071
3493 9070
3494 9069
3495 9068
3496 10444
3497 10443
3498 10442
3499 10441
3500 10440
3501 10439
3502 10438
3503 10437
3504 10436
3505 10435
3506 10434
3507 10433
3508 10432
3509 10431
3510 10430
3511 10429
3512 10389
3513 10388
3514 10387
3515 10386
3516 10385
3517 10384
3518 10383
3519 10382
3520 10381
3521 10380
3522 10379
3523 10378
3524 10377
3525 10376
3526 10375
3527 10374
3528 10373
3529 10372
3530 10371
3531 10370
3532 10369
3533 10368
3534 10367
3535 10366
3536 10365
3537 10364
3538 9639
3539 9638
3540 9637
3541 9636
3542 9635
3543 9634
3544 9633
3545 9632
3546 9631
3547 9630
3548 9629
3549 9628
3550 9627
3551 9626
3552 9625
3553 9624
3554 6842
3555 6841
3556 6840
3557 6839
3558 6838
3559 6837
3560 6836
3561 6835
3562 6834
3563 6833
3564 6832
3565 6831
3566 6830
3567 6829
3568 6828
3569 6827
3570 7464
3571 7463
3572 7462
3573 7461
3574 7460
3575 7459
3576 7458
3577 7457
3578 7456
3579 7455
3580 7454
3581 7453
3582 7452
3583 7451
3584 7450
3585 7449
3586 7448
3587 7447
3590 7239
3591 7238
3592 7237
3593 7236
3594 7235
3595 7234
3596 7233
3597 7232
3598 7099
3599 7098
3600 7097
3601 7096
3602 7095
3603 7094
3604 7093
3605 7092
3606 7091
3607 7090
3608 7089
3609 7088
3610 7087
3611 7086
3612 7085
3613 7084
3614 7083
3615 7082
3616 7081
3617 7080
3618 7079
3619 7078
3620 7077
3621 7076
3622 7075
3623 7074
3624 7073
3625 7072
3626 7071
3627 7070
3628 7069
3629 7068
3630 7067
3631 7066
3632 7065
3633 7064
3634 7063
3635 7062
3636 7061
3637 7060
3638 7059
3639 7058
3640 7057
3641 7056
3642 7055
3643 7054
3644 7053
3645 10281
3646 10280
3647 10279
3648 10278
3649 10277
3650 10276
3651 10275
3652 10274
3653 10273
3654 10272
3655 10271
3656 10270
3657 10269
3658 10268
3659 10267
3660 10266
3661 9581
3662 9580
3663 9579
3664 9578
3665 9577
3666 9576
3667 9575
3668 9532
3669 9531
3670 9530
3671 9529
3672 9528
3673 9527
3674 9526
3675 9525
3676 9524
3677 9523
3678 9522
3679 9521
3680 9520
3681 9519
3682 9518
3683 9517
3684 9516
3685 9515
3686 9514
3687 9250
3688 9249
3689 9248
3690 9247
3691 9246
3692 9245
3693 9244
3694 9243
3695 9242
3696 9241
3697 9240
3698 9239
3699 9238
3700 9237
3701 9236
3702 9235
3703 9234
3704 9233
3705 9232
3706 9231
3707 9230
3708 9229
3709 9228
3710 9227
3711 9226
3712 9225
3713 9224
3714 9223
3715 9222
3716 9221
3717 9220
3718 9219
3719 9218
3720 9217
3721 10610
3722 10609
3723 10608
3724 10607
3725 10606
3726 10605
3727 10604
3728 10603
3729 10728
3730 10727
3731 10726
3732 10725
3733 10724
3734 10723
3735 10722
3736 10721
3737 7296
3738 7295
3739 7294
3740 7293
3741 7292
3742 7291
3743 7290
3744 7289
3745 7288
3746 7287
3747 7286
3748 7285
3749 7284
3750 12085
3751 12084
3752 12083
3753 12082
3754 12081
3755 12080
3756 12079
3757 12078
3758 12077
3759 12076
3760 12075
3761 12074
3762 12073
3763 12072
3764 3765
3766 12069
3767 12068
3768 12067
3769 12066
3770 12065
3771 12064
3772 12063
3773 12062
3774 11796
3775 11795
3776 11794
3777 11793
3778 11792
3779 11791
3780 11790
3781 11789
3782 11788
3783 11787
3784 11786
3785 11785
3786 11784
3787 11783
3788 11782
3789 11781
3790 11780
3791 11779
3792 11778
3793 11569
3794 11568
3795 11567
3796 11566
3797 11565
3798 11564
3799 11563
3800 11562
3801 11561
3802 11560
3803 11559
3804 11558
3805 11557
3806 11556
3807 11555
3808 11554
3809 11553
3810 11552
3811 3812
3813 11549
3814 11548
3815 11547
3816 11546
3817 11545
3818 11544
3819 11543
3820 11542
3821 11541
3822 11540
3823 11539
3824 11538
3825 11537
3826 11536
3827 11535
3828 11534
3829 11533
3830 11532
3831 11531
3832 11530
3833 11529
3834 11528
3835 11527
3836 11526
3837 11525
3838 11524
3839 11523
3840 11522
3841 11521
3842 11520
3843 11519
3844 11518
3845 11517
3846 11516
3847 11515
3848 11514
3849 11513
3850 11512
3851 11511
3852 11510
3853 11509
3854 11508
3855 11507
3856 11506
3857 11505
3858 11504
3859 11503
3860 11502
3861 11501
3862 11500
3863 11499
3864 7535
3865 7534
3866 7533
3867 7532
3868 7531
3869 7530
3870 7529
3871 7528
3872 7527
3873 7526
3874 7525
3875 7524
3876 7523
3877 7522
3878 7521
3879 7520
3880 7519
3881 7518
3882 7517
3883 7516
3884 7515
3885 7514
3886 7513
3887 7512
3888 7511
3889 7585
3890 7584
3891 7583
3892 7582
3893 7581
3894 7580
3895 7579
3896 7578
3897 7577
3898 7576
3899 7575
3900 7574
3901 7573
3902 7572
3903 7571
3904 7570
3905 11048
3906 11047
3907 11046
3908 11045
3909 11044
3910 11043
3911 11042
3912 11041
3913 11040
3914 11039
3915 11038
3916 11037
3917 11036
3918 11035
3919 11034
3920 11221
3921 11220
3922 11219
3923 11218
3924 11217
3925 11216
3926 11215
3927 11214
3928 11213
3929 11212
3930 11211
3931 11210
3932 11209
3933 11208
3934 11207
3935 11206
3936 11205
3937 11204
3938 11203
3939 11202
3940 11201
3941 11200
3942 7283
3943 7282
3944 7281
3945 7280
3946 7279
3947 7278
3948 7277
3949 7276
3950 7275
3951 7274
3952 7273
3953 7272
3954 7271
3955 7270
3956 7269
3957 7268
3958 7267
3961 7664
3962 7663
3963 7662
3964 7661
3965 7660
3966 7659
3967 7658
3968 7657
3969 7656
3970 7655
3971 11250
3972 11249
3973 11248
3974 11247
3975 11246
3976 11245
3977 11244
3978 11243
3979 11242
3980 11241
3981 11240
3982 11239
3983 11238
3984 11237
3985 11236
3986 11235
3987 11234
3988 11233
3989 11232
3990 11231
3991 11230
3992 11229
3993 11228
3994 11227
3995 11226
3996 11225
3997 11224
3998 11223
3999 11222
4000 11033
4001 11032
4002 11031
4003 11030
4004 11029
4005 11028
4006 11027
4007 11026
4008 11025
4009 11024
4010 11023
4011 11022
4012 11021
4013 11020
4014 11019
4015 11018
4016 11017
4017 11016
4018 11015
4019 12731
4020 12730
4021 12729
4022 12728
4023 12727
4024 12726
4025 12725
4026 12724
4027 12723
4028 12722
4029 12721
4030 12720
4031 12719
4032 12718
4033 12717
4034 12716
4035 12715
4036 12714
4037 12713
4038 12712
4039 12711
4040 12710
4041 12709
4042 12708
4043 8066
4044 8065
4045 8064
4046 8063
4047 8062
4048 8061
4049 8060
4050 8059
4051 8058
4052 8057
4053 8056
4054 8055
4055 8054
4056 8053
4057 8052
4058 8051
4059 8050
4060 8049
4061 8048
4062 8047
4063 8046
4064 8045
4065 8044
4066 8043
4067 8042
4068 8041
4069 8040
4070 8039
4071 8038
4072 8037
4073 8036
4074 8035
4075 8034
4076 12365
4077 12364
4078 12363
4079 12362
4080 12361
4081 12360
4082 12359
4083 12358
4084 12357
4085 12356
4086 12355
4087 12354
4088 12353
4089 12352
4090 12351
4091 12350
4092 12349
4093 12348
4094 12347
4095 12346
4096 11599
4097 11598
4098 11597
4099 11596
4100 11595
4101 11594
4102 11593
4103 11592
4104 11591
4105 11590
4106 11589
4107 11588
4108 11587
4109 11586
4110 11585
4111 11584
4112 11583
4113 11582
4114 11581
4115 11580
4116 11579
4117 11578
4118 11577
4119 11576
4120 11575
4121 11574
4122 11573
4123 11572
4124 11571
4125 11570
4126 11777
4127 11776
4128 11775
4129 11774
4130 11773
4131 11772
4132 11771
4133 11770
4134 12119
4135 12118
4136 12117
4137 12116
4138 12115
4139 12114
4140 12113
4141 12112
4142 12111
4143 12110
4144 12109
4145 12108
4146 12107
4147 12106
4148 12105
4149 12104
4150 12103
4151 12102
4152 12101
4153 12100
4154 12099
4155 12098
4156 12097
4157 12096
4158 12095
4159 12094
4160 12093
4161 12092
4162 12091
4163 12090
4164 12089
4165 12088
4166 12087
4167 12086
4168 7446
4169 7445
4170 7444
4171 7443
4172 7442
4173 7441
4174 7440
4175 7439
4176 7438
4177 7437
4178 7436
4179 7435
4180 7434
4181 10736
4182 10735
4183 10734
4184 10733
4185 10732
4186 10731
4187 10730
4188 10729
4189 10602
4190 10601
4191 10600
4192 10599
4193 10598
4194 10597
4195 10596
4196 10595
4197 10594
4198 10593
4199 10592
4200 10591
4201 10590
4202 9279
4203 9278
4204 9277
4205 9276
4206 9275
4207 9274
4208 9273
4209 9272
4210 9271
4211 9270
4212 9269
4213 9268
4214 9267
4215 9266
4216 9265
4217 9264
4218 9263
4219 9262
4220 9261
4221 9260
4222 9259
4223 9258
4224 9257
4225 9256
4226 9255
4227 9254
4228 9253
4229 9252
4230 9251
4231 9513
4232 9512
4233 9511
4234 9510
4235 9509
4236 9508
4237 9507
4238 9506
4239 9505
4240 9504
4241 9503
4242 9502
4243 9501
4244 9500
4245 9499
4246 9498
4247 9497
4248 9496
4249 10305
4250 10304
4251 10303
4252 10302
4253 10301
4254 10300
4255 10299
4256 10298
4257 10297
4258 10296
4259 10295
4260 10294
4261 10293
4262 10292
4263 10291
4264 10290
4265 10289
4266 10288
4267 10287
4268 10286
4269 10285
4270 10284
4271 10283
4272 10282
4273 7052
4274 7051
4275 7050
4276 7049
4277 7048
4278 7047
4279 7046
4280 7045
4281 7044
4282 7043
4283 7042
4284 7041
4285 7040
4286 7039
4287 7038
4288 7037
4289 7036
4290 7035
4291 7034
4292 7033
4293 7032
4294 7031
4295 7030
4296 7029
4297 7028
4298 7027
4299 7026
4300 7025
4301 7024
4302 7023
4303 7022
4304 7021
4305 7020
4306 7019
4307 9991
4308 9990
4309 9989
4310 9988
4311 9987
4312 9986
4313 9985
4314 9984
4315 9983
4316 9982
4317 9981
4318 9980
4319 9979
4320 9978
4321 9977
4322 9976
4323 9975
4324 9974
4325 9973
4326 9972
4327 9971
4330 7482
4331 7481
4332 7480
4333 7479
4334 7478
4335 7477
4336 7476
4337 7475
4338 7474
4339 7473
4340 7472
4341 7471
4342 7470
4343 7469
4344 7468
4345 7467
4346 7466
4347 7465
4348 6826
4349 6825
4350 6824
4351 6823
4352 6822
4353 6821
4354 6820
4355 6819
4356 6818
4357 6817
4358 6816
4359 6815
4360 6814
4361 6813
4362 6812
4363 6811
4364 9655
4365 9654
4366 9653
4367 9652
4368 9651
4369 9650
4370 9649
4371 9648
4372 9647
4373 9646
4374 9645
4375 9644
4376 9643
4377 9642
4378 9641
4379 9640
4380 10363
4381 10362
4382 10361
4383 10360
4384 10359
4385 10358
4386 10357
4387 10316
4388 10315
4389 10314
4390 10313
4391 10312
4392 10311
4393 10310
4394 10309
4395 10308
4396 10307
4397 10306
4398 9495
4399 9494
4400 9493
4401 9492
4402 9491
4403 9490
4404 9489
4405 9488
4406 10459
4407 10458
4408 10457
4409 10456
4410 10455
4411 10454
4412 10453
4413 10452
4414 10451
4415 10450
4416 10449
4417 10448
4418 10447
4419 10446
4420 10445
4421 9067
4422 9066
4423 9065
4424 9064
4425 9063
4426 9062
4427 9061
4428 9060
4429 9059
4430 9058
4431 9057
4432 9056
4433 9055
4434 9054
4435 9053
4436 9052
4437 9051
4438 9050
4439 9049
4440 9048
4441 9047
4442 9046
4443 9045
4444 9044
4445 9043
4446 9042
4447 9041
4448 9040
4449 9039
4450 9038
4451 9037
4452 9036
4453 9035
4454 9034
4455 9033
4456 9032
4457 9031
4458 9030
4459 11898
4460 11897
4461 11896
4462 11895
4463 11894
4464 11893
4465 11892
4466 11891
4467 11890
4468 11889
4469 11888
4470 11887
4471 11886
4472 11885
4473 11884
4474 11883
4475 11882
4476 11881
4477 11880
4478 11879
4479 11878
4480 11877
4481 11876
4482 11875
4483 11874
4484 12128
4485 12127
4486 12126
4487 12125
4488 12124
4489 12123
4490 12122
4491 12121
4492 12120
4493 11769
4494 11768
4495 11767
4496 11766
4497 11765
4498 11764
4499 11763
4500 11762
4501 11761
4502 12816
4503 12815
4504 12814
4505 12813
4506 12812
4507 12811
4508 12810
4509 12809
4510 12808
4511 12807
4512 12806
4513 12805
4514 12804
4515 12803
4516 12802
4517 12801
4518 12800
4519 12799
4520 12798
4521 12797
4522 12796
4523 12795
4524 12794
4525 12793
4526 12792
4527 12791
4528 12790
4529 12789
4530 12788
4531 12787
4532 12786
4533 12785
4534 12784
4535 12783
4536 12782
4537 12781
4538 12780
4539 12779
4540 12778
4541 12777
4542 12776
4543 12775
4544 12774
4545 12773
4546 12772
4547 12771
4548 12770
4549 12769
4550 12768
4551 12767
4552 12766
4553 12765
4554 12764
4555 12763
4556 12762
4557 12761
4558 12760
4559 12759
4560 12758
4561 12757
4562 12756
4563 12755
4564 12754
4565 12753
4566 12752
4567 12751
4568 12750
4569 12749
4570 12748
4571 12747
4572 12746
4573 12745
4574 12744
4575 12743
4576 12742
4577 12741
4578 12740
4579 12739
4580 12738
4581 12737
4582 12736
4583 12735
4584 12734
4585 12733
4586 12732
4587 11014
4588 11013
4589 11012
4590 11011
4591 11010
4592 11009
4593 11008
4594 11007
4595 11006
4596 11005
4597 11004
4598 11003
4599 11002
4600 11001
4601 11000
4602 10999
4603 10998
4604 7702
4605 7701
4606 7700
4607 7699
4608 7698
4609 7697
4610 7696
4611 7695
4612 7694
4613 7693
4614 7692
4615 7691
4616 7690
4617 7689
4618 7688
4619 7687
4620 7686
4621 7685
4622 7684
4623 7683
4624 7682
4625 7681
4626 7680
4627 7679
4628 7678
4629 7677
4630 7676
4631 7675
4632 7674
4633 7673
4634 7672
4635 7671
4636 7670
4637 7669
4640 8464
4641 8463
4642 8462
4643 8461
4644 8460
4645 8459
4646 8458
4647 8457
4648 8456
4649 7728
4650 7727
4651 7726
4652 7725
4653 7724
4654 7723
4655 7722
4656 7721
4657 7720
4658 7719
4659 7718
4660 7717
4661 7716
4662 7715
4663 7714
4664 7713
4665 7712
4666 7711
4667 7710
4668 7709
4669 7708
4670 7707
4671 7706
4672 7705
4673 7704
4674 7703
4675 10997
4676 10996
4677 10995
4678 10994
4679 10993
4680 10992
4681 10991
4682 10990
4683 10989
4684 10988
4685 10987
4686 10986
4687 10985
4688 10984
4689 10983
4690 10982
4691 10981
4692 10980
4693 10979
4694 10978
4695 10977
4696 10976
4697 10975
4698 10974
4699 10973
4700 10972
4701 10971
4702 10970
4703 10969
4704 10968
4705 10967
4706 10966
4707 10965
4708 10964
4709 10963
4710 10962
4711 10961
4712 10960
4713 10959
4714 10958
4715 10957
4716 10956
4717 10955
4718 10954
4719 10953
4720 10952
4721 10951
4722 10950
4723 10949
4724 10948
4725 8404
4726 8403
4727 8402
4728 8401
4729 8400
4730 8399
4731 8398
4732 8397
4733 8396
4734 8395
4735 8394
4736 8393
4737 8392
4738 8391
4739 8390
4740 8389
4741 8388
4742 8387
4743 8386
4744 8385
4745 8384
4746 8383
4747 8382
4748 8381
4749 8380
4750 8379
4751 8378
4752 8377
4753 8293
4754 8292
4755 8291
4756 8290
4757 8289
4758 8288
4759 8287
4760 8286
4761 8285
4762 8284
4763 8283
4764 8282
4765 12824
4766 12823
4767 12822
4768 12821
4769 12820
4770 12819
4771 12818
4772 12817
4773 11760
4774 11759
4775 11758
4776 11757
4777 11756
4778 11755
4779 11754
4780 11753
4781 11752
4782 11751
4783 11750
4784 11749
4785 11748
4786 11747
4787 11746
4788 11745
4789 11744
4790 11743
4791 11742
4792 11741
4793 11740
4794 11739
4795 11738
4796 11737
4797 11736
4798 11915
4799 11914
4800 11913
4801 11912
4802 11911
4803 11910
4804 11909
4805 11908
4806 11907
4807 11906
4808 11905
4809 11904
4810 11903
4811 11902
4812 11901
4813 11900
4814 11899
4815 9029
4816 9028
4817 9027
4818 9026
4819 9025
4820 9024
4821 9023
4822 9022
4823 9021
4824 9020
4825 9019
4826 9018
4827 9017
4828 9016
4829 9015
4830 10496
4831 10495
4832 10494
4833 10493
4834 10492
4835 10491
4836 10490
4837 10489
4838 10488
4839 10487
4840 10486
4841 10485
4842 10484
4843 10483
4844 10482
4845 10481
4846 10480
4847 10479
4848 10478
4849 10477
4850 10476
4851 10475
4852 10474
4853 10473
4854 10472
4855 10471
4856 10470
4857 10469
4858 10468
4859 10467
4860 10466
4861 10465
4862 10464
4863 10463
4864 10462
4865 10461
4866 10460
4867 9487
4868 9486
4869 9485
4870 9484
4871 9483
4872 9482
4873 10329
4874 10328
4875 10327
4876 10326
4877 10325
4878 10324
4879 10323
4880 10322
4881 10321
4882 10320
4883 10319
4884 10318
4885 10317
4886 10356
4887 10355
4888 10354
4889 10353
4890 10352
4891 10351
4892 10350
4893 9671
4894 9670
4895 9669
4896 9668
4897 9667
4898 9666
4899 9665
4900 9664
4901 9663
4902 9662
4903 9661
4904 9660
4905 9659
4906 9658
4907 9657
4908 9656
4909 6810
4910 6809
4911 6808
4912 6807
4913 6806
4914 6805
4915 6804
4916 6803
4917 6802
4918 6801
4919 6800
4920 6799
4921 6798
4922 6797
4923 6796
4924 6795
4925 6794
4926 6793
4927 6792
4928 6791
4929 6790
4930 6789
4931 6788
4932 6787
4933 6786
4934 6785
4935 6784
4936 6783
4937 6782
4938 6781
4939 6780
4940 6779
4941 6778
4942 6777
4945 9936
4946 9935
4947 9934
4948 9933
4949 9932
4950 9931
4951 9930
4952 9929
4953 9928
4954 9927
4955 9926
4956 9925
4957 9924
4958 9831
4959 9830
4960 9829
4961 9828
4962 9827
4963 9826
4964 9825
4965 9824
4966 9823
4967 9822
4968 9821
4969 9820
4970 9819
4971 9818
4972 9817
4973 9816
4974 9815
4975 9814
4976 9813
4977 9812
4978 9811
4979 9810
4980 9809
4981 9808
4982 9807
4983 9806
4984 9805
4985 9804
4986 9803
4987 9802
4988 9801
4989 9800
4990 9799
4991 9798
4992 9797
4993 9796
4994 9795
4995 9794
4996 9793
4997 9792
4998 9791
4999 9790
5000 9789
5001 9788
5002 9787
5003 9786
5004 9785
5005 10176
5006 10175
5007 10174
5008 10173
5009 10172
5010 10171
5011 10170
5012 10169
5013 10168
5014 10167
5015 10166
5016 10165
5017 10164
5018 10163
5019 10162
5020 10161
5021 8757
5022 8756
5023 8755
5024 8754
5025 8753
5026 8752
5027 8751
5028 8750
5029 8749
5030 8748
5031 8747
5032 8746
5033 8745
5034 8744
5035 8743
5036 8742
5037 8741
5038 8740
5039 8739
5040 8738
5041 8737
5042 8736
5043 8735
5044 8734
5045 8733
5046 8732
5047 8731
5048 8730
5049 8729
5050 8728
5051 8727
5052 8726
5053 8725
5054 8724
5055 8723
5056 8722
5057 8721
5058 8720
5059 8719
5060 8718
5061 8717
5062 8716
5063 8715
5064 8714
5065 8713
5066 8712
5067 8711
5068 8710
5069 8709
5070 8708
5071 8707
5072 8706
5073 8705
5074 8704
5075 8703
5076 10567
5077 10566
5078 10565
5079 10564
5080 10563
5081 10562
5082 10561
5083 10560
5084 10776
5085 10775
5086 10774
5087 10773
5088 10772
5089 10771
5090 10770
5091 10769
5092 10768
5093 10767
5094 10766
5095 10765
5096 10764
5097 12009
5098 12008
5099 12007
5100 12006
5101 12005
5102 12004
5103 12003
5104 12002
5105 12001
5106 12000
5107 11999
5108 11998
5109 11997
5110 11996
5111 11995
5112 11994
5113 11993
5114 11992
5115 11991
5116 11714
5117 11713
5118 11712
5119 11711
5120 11710
5121 11709
5122 11708
5123 11707
5124 11706
5125 11705
5126 11704
5127 11703
5128 11702
5129 11701
5130 11700
5131 11699
5132 11698
5133 11697
5134 11696
5135 11695
5136 11694
5137 11693
5138 11692
5139 13013
5140 13012
5141 13011
5142 13010
5143 13009
5144 13008
5145 13007
5146 13006
5147 13005
5148 8321
5149 8320
5150 8319
5151 8318
5152 8317
5153 8316
5154 8315
5155 8314
5156 8313
5157 8312
5158 8311
5159 8310
5160 8309
5161 8308
5162 8307
5163 8306
5164 8305
5165 8304
5166 8303
5167 8302
5168 8301
5169 8300
5170 8299
5171 8298
5172 8297
5173 8296
5174 8295
5175 8294
5176 8376
5177 8375
5178 8374
5179 8373
5180 8372
5181 8371
5182 8370
5183 8369
5184 8368
5185 8367
5186 8366
5187 8365
5188 8364
5189 8363
5190 12400
5191 12399
5192 12398
5193 12397
5194 12396
5195 12395
5196 12394
5197 12393
5198 12392
5199 12391
5200 12390
5201 12389
5202 8015
5203 8014
5204 8013
5205 8012
5206 8011
5207 8010
5208 8009
5209 8008
5210 8007
5211 8006
5212 8005
5213 8004
5214 8003
5215 8002
5216 8001
5217 8000
5218 7999
5219 7998
5220 7997
5221 8145
5222 8144
5223 8143
5224 8142
5225 8141
5226 8140
5227 8139
5228 8138
5229 8137
5230 8136
5231 8135
5232 8134
5233 8133
5234 8132
5235 8131
5236 8130
5237 7643
5238 7642
5239 7641
5240 7640
5241 7639
5242 7638
5243 7637
5244 7636
5245 7635
5246 7634
5247 7633
5248 7632
5249 7631
5250 7630
5251 7629
5252 7628
5253 7627
5254 7626
5255 8217
5256 8216
5257 8215
5258 8214
5259 8213
5260 8212
5261 8211
5262 8210
5263 8209
5264 8208
5265 8207
5266 8206
5267 8205
5268 8204
5269 8203
5270 8202
5271 8201
5272 8200
5273 8199
5274 7756
5275 7755
5276 7754
5277 7753
5278 7752
5279 7751
5280 7750
5281 7749
5282 7748
5283 7747
5284 7746
5285 7745
5286 7744
5287 7743
5288 7742
5289 7741
5290 7740
5291 7739
5292 7738
5293 7737
5294 7736
5295 7735
5296 7734
5297 7733
5298 7732
5299 7731
5300 7730
5301 7729
5302 8455
5303 8454
5304 8453
5305 8452
5306 8451
5307 8450
5308 8449
5309 8448
5310 8447
5311 8446
5314 8911
5315 8910
5316 8909
5317 8908
5318 8907
5319 8906
5320 8905
5321 8904
5322 8903
5323 8902
5324 8901
5325 8900
5326 8899
5327 13253
5328 13252
5329 13251
5330 13250
5331 13249
5332 13248
5333 13247
5334 13246
5335 13245
5336 13244
5337 13243
5338 13242
5339 13241
5340 13240
5341 13239
5342 13238
5343 7765
5344 7764
5345 7763
5346 7762
5347 7761
5348 7760
5349 7759
5350 7758
5351 7757
5352 8198
5353 8197
5354 8196
5355 8195
5356 8194
5357 8193
5358 8192
5359 8191
5360 8190
5361 8189
5362 8188
5363 8187
5364 8186
5365 8185
5366 8184
5367 8183
5368 8182
5369 8181
5370 8180
5371 8179
5372 8178
5373 8177
5374 8176
5375 8175
5376 8174
5377 8173
5378 8172
5379 8171
5380 8170
5381 8169
5382 8168
5383 8167
5384 8166
5385 8165
5386 8164
5387 8163
5388 8162
5389 8161
5390 8160
5391 8159
5392 8158
5393 8157
5394 8156
5395 8155
5396 8154
5397 8153
5398 8152
5399 8151
5400 8150
5401 8149
5402 8148
5403 8147
5404 8146
5405 7996
5406 7995
5407 7994
5408 7993
5409 7992
5410 7991
5411 7990
5412 7989
5413 7988
5414 7987
5415 7986
5416 12420
5417 12419
5418 12418
5419 12417
5420 12416
5421 12415
5422 12414
5423 12413
5424 12412
5425 12411
5426 12410
5427 12409
5428 12408
5429 12407
5430 12406
5431 12405
5432 12404
5433 12403
5434 12402
5435 12401
5436 8362
5437 8361
5438 8360
5439 8359
5440 8358
5441 8357
5442 8356
5443 8355
5444 8354
5445 8353
5446 8352
5447 8351
5448 8350
5449 8349
5450 8348
5451 8347
5452 8346
5453 8345
5454 8344
5455 8343
5456 8342
5457 8341
5458 8340
5459 8339
5460 8338
5461 8337
5462 8336
5463 8335
5464 8334
5465 8333
5466 8332
5467 8331
5468 8330
5469 8329
5470 8328
5471 8327
5472 8326
5473 8325
5474 8324
5475 8323
5476 8322
5477 13004
5478 13003
5479 13002
5480 13001
5481 13000
5482 12999
5483 12998
5484 12997
5485 12996
5486 12995
5487 12994
5488 12993
5489 12992
5490 12991
5491 12990
5492 12989
5493 12988
5494 12987
5495 11727
5496 11726
5497 11725
5498 11724
5499 11723
5500 11722
5501 11721
5502 11720
5503 11719
5504 11718
5505 11717
5506 11716
5507 11715
5508 11990
5509 11989
5510 11988
5511 11987
5512 11986
5513 11985
5514 11984
5515 11983
5516 11982
5517 11981
5518 11980
5519 11979
5520 11978
5521 11977
5522 11976
5523 11975
5524 8857
5525 8856
5526 8855
5527 8854
5528 8853
5529 8852
5530 8851
5531 8850
5532 10784
5533 10783
5534 10782
5535 10781
5536 10780
5537 10779
5538 10778
5539 10777
5540 10559
5541 10558
5542 10557
5543 10556
5544 10555
5545 10554
5546 10553
5547 10552
5548 10551
5549 10550
5550 10549
5551 10548
5552 10547
5553 10546
5554 10545
5555 10544
5556 10543
5557 10542
5558 10541
5559 10540
5560 10539
5561 10538
5562 10537
5563 10536
5564 10535
5565 10534
5566 8794
5567 8793
5568 8792
5569 8791
5570 8790
5571 8789
5572 8788
5573 8787
5574 8786
5575 8785
5576 8784
5577 8783
5578 8782
5579 8781
5580 8780
5581 8779
5582 8778
5583 8777
5584 8776
5585 8775
5586 8774
5587 8773
5588 8772
5589 8771
5590 8770
5591 8769
5592 8768
5593 8767
5594 8766
5595 8765
5596 8764
5597 8763
5598 8762
5599 8761
5600 8760
5601 8759
5602 8758
5603 10160
5604 10159
5605 10158
5606 10157
5607 10156
5608 10155
5609 10154
5610 10153
5611 10152
5612 10151
5613 10150
5614 10149
5615 10148
5616 10147
5617 10146
5618 10145
5619 10144
5620 10143
5621 10142
5622 10141
5623 10140
5624 10139
5625 10138
5626 10137
5627 10136
5628 10135
5629 10134
5630 10133
5631 10132
5632 10131
5633 10130
5634 10129
5635 10128
5636 10127
5637 10126
5638 10125
5639 10124
5640 10123
5641 10122
5642 10121
5643 10120
5644 10119
5645 10118
5646 10117
5647 10116
5648 10115
5649 10114
5650 9847
5651 9846
5652 9845
5653 9844
5654 9843
5655 9842
5656 9841
5657 9840
5658 9839
5659 9838
5660 9837
5661 9836
5662 9835
5663 9834
5664 9833
5665 9832
5666 9923
5667 9922
5668 9921
5669 9920
5670 9919
5671 9918
5672 9917
5673 9916
5674 9915
5675 9914
5676 9913
5677 9912
5678 9911
5681 6772
5682 6771
5683 6770
5684 6769
5685 6768
5686 6767
5687 6766
5688 6765
5689 6764
5690 6763
5691 6762
5692 6761
5693 6760
5694 8636
5695 8635
5696 8634
5697 8633
5698 8632
5699 8631
5700 8630
5701 8629
5702 8628
5703 8627
5704 8626
5705 8625
5706 8624
5707 8623
5708 8622
5709 8621
5710 8620
5711 8619
5712 8618
5713 8617
5714 8616
5715 9687
5716 9686
5717 9685
5718 9684
5719 9683
5720 9682
5721 9681
5722 9680
5723 9679
5724 9678
5725 9677
5726 9676
5727 9675
5728 9674
5729 9673
5730 9672
5731 10349
5732 10348
5733 10347
5734 10346
5735 10345
5736 10344
5737 10343
5738 10342
5739 10341
5740 10340
5741 10339
5742 10338
5743 10337
5744 10336
5745 10335
5746 10334
5747 10333
5748 10332
5749 10331
5750 10330
5751 9481
5752 9480
5753 9479
5754 9478
5755 9477
5756 9476
5757 9475
5758 9474
5759 9473
5760 9472
5761 9471
5762 9470
5763 9469
5764 9468
5765 9467
5766 9466
5767 9465
5768 9464
5769 9463
5770 9462
5771 9461
5772 9460
5773 9459
5774 9458
5775 9457
5776 9456
5777 9455
5778 10512
5779 10511
5780 10510
5781 10509
5782 10508
5783 10507
5784 10506
5785 10505
5786 10504
5787 10503
5788 10502
5789 10501
5790 10500
5791 10499
5792 10498
5793 10497
5794 9014
5795 9013
5796 9012
5797 9011
5798 9010
5799 9009
5800 9008
5801 9007
5802 9006
5803 9005
5804 9004
5805 9003
5806 9002
5807 9001
5808 9000
5809 8999
5810 11930
5811 11929
5812 11928
5813 11927
5814 11926
5815 11925
5816 11924
5817 11923
5818 11922
5819 11921
5820 11920
5821 11919
5822 11918
5823 11917
5824 11916
5825 11735
5826 11734
5827 11733
5828 11732
5829 11731
5830 11730
5831 11729
5832 11728
5833 12986
5834 12985
5835 12984
5836 12983
5837 12982
5838 12981
5839 12980
5840 12979
5841 12840
5842 12839
5843 12838
5844 12837
5845 12836
5846 12835
5847 12834
5848 12833
5849 12832
5850 12831
5851 12830
5852 12829
5853 12828
5854 12827
5855 12826
5856 12825
5857 8445
5858 8444
5859 8443
5860 8442
5861 8441
5862 8440
5863 8439
5864 8438
5865 8437
5866 8436
5867 8435
5868 8434
5869 8433
5870 8432
5871 8431
5872 8430
5873 8429
5874 8428
5875 8427
5876 8426
5877 8425
5878 8424
5879 8423
5880 8422
5881 8421
5882 8420
5883 8419
5884 8418
5885 8417
5886 8416
5887 8415
5888 8414
5889 8413
5890 8412
5891 8411
5892 8410
5893 8409
5894 8408
5895 8407
5896 8406
5897 8405
5898 10947
5899 10946
5900 10945
5901 10944
5902 10943
5903 10942
5904 10941
5905 10940
5906 10939
5907 10938
5908 10937
5909 10936
5910 10935
5911 10934
5912 10933
5913 10932
5914 10931
5915 10930
5916 10929
5917 10928
5918 10927
5919 10926
5920 10925
5921 10924
5922 10923
5923 10922
5924 10921
5925 10920
5926 10919
5927 10918
5928 10917
5929 10916
5930 10915
5931 10914
5932 10913
5933 10912
5934 10911
5935 10910
5936 10909
5937 10908
5938 10907
5939 10906
5940 10905
5941 10904
5942 10903
5943 10902
5944 10901
5945 10900
5946 10899
5947 10898
5948 13275
5949 13274
5950 13273
5951 13272
5952 13271
5953 13270
5954 13269
5955 13268
5956 13267
5957 13266
5958 13265
5959 13264
5960 13263
5961 13262
5962 13261
5963 13260
5964 13259
5965 13258
5966 13257
5967 13256
5968 13255
5969 13254
5970 8898
5971 8897
5972 8896
5973 8895
5974 8894
5975 8893
5976 8892
5977 8891
5978 8890
5979 8889
5980 8888
5983 8978
5984 8977
5985 8976
5986 8975
5987 8974
5988 8973
5989 8972
5990 8971
5991 8970
5992 8969
5993 8968
5994 8967
5995 8966
5996 8965
5997 8964
5998 8963
5999 8962
6000 8961
6001 8960
6002 8959
6003 8958
6004 13287
6005 13286
6006 13285
6007 13284
6008 13283
6009 13282
6010 13281
6011 13280
6012 13279
6013 13278
6014 13277
6015 13276
6016 13196
6017 13195
6018 13194
6019 13193
6020 13192
6021 13191
6022 13190
6023 13189
6024 13188
6025 13187
6026 13186
6027 13185
6028 13184
6029 13183
6030 13182
6031 13181
6032 13180
6033 13179
6034 13178
6035 13177
6036 13176
6037 13175
6038 13174
6039 13173
6040 13172
6041 13171
6042 13170
6043 13169
6044 13168
6045 13167
6046 13166
6047 13165
6048 13164
6049 13163
6050 13162
6051 13161
6052 13160
6053 13159
6054 13158
6055 13157
6056 13156
6057 13155
6058 13154
6059 13153
6060 13152
6061 13151
6062 13150
6063 13149
6064 13148
6065 13147
6066 13146
6067 13145
6068 13144
6069 13143
6070 13142
6071 13141
6072 13140
6073 13139
6074 13138
6075 13137
6076 13136
6077 13135
6078 13134
6079 13133
6080 10885
6081 10884
6082 10883
6083 10882
6084 10881
6085 10880
6086 10879
6087 10878
6088 10877
6089 12872
6090 12871
6091 12870
6092 12869
6093 12868
6094 12867
6095 12866
6096 12865
6097 12864
6098 12863
6099 12862
6100 12861
6101 12860
6102 12859
6103 12858
6104 12857
6105 12856
6106 12855
6107 12854
6108 12853
6109 12852
6110 12851
6111 12850
6112 12849
6113 12848
6114 12847
6115 12846
6116 12845
6117 12844
6118 12843
6119 12842
6120 12841
6121 12978
6122 12977
6123 12976
6124 12975
6125 12974
6126 12973
6127 12972
6128 12971
6129 12970
6130 12969
6131 12968
6132 12967
6133 11949
6134 11948
6135 11947
6136 11946
6137 11945
6138 11944
6139 11943
6140 11942
6141 11941
6142 11940
6143 11939
6144 11938
6145 11937
6146 11936
6147 11935
6148 11934
6149 11933
6150 11932
6151 11931
6152 10876
6153 10875
6154 10874
6155 10873
6156 10872
6157 10871
6158 10870
6159 10869
6160 10868
6161 10867
6162 10866
6163 10865
6164 10864
6165 10863
6166 10862
6167 10861
6168 10860
6169 10859
6170 10858
6171 10857
6172 10856
6173 10855
6174 10854
6175 10520
6176 10519
6177 10518
6178 10517
6179 10516
6180 10515
6181 10514
6182 10513
6183 9454
6184 9453
6185 9452
6186 9451
6187 9450
6188 9449
6189 9448
6190 9447
6191 9446
6192 9445
6193 9444
6194 9443
6195 9442
6196 9441
6197 9440
6198 9439
6199 9438
6200 9437
6201 9436
6202 9435
6203 9434
6204 9433
6205 9432
6206 9431
6207 9430
6208 9429
6209 9428
6210 9427
6211 9426
6212 9425
6213 9424
6214 9423
6215 9422
6216 9421
6217 9716
6218 9715
6219 9714
6220 9713
6221 9712
6222 9711
6223 9710
6224 9709
6225 9708
6226 9707
6227 9706
6228 9705
6229 9704
6230 9703
6231 9702
6232 9701
6233 9700
6234 9699
6235 9698
6236 9697
6237 9696
6238 9695
6239 9694
6240 9693
6241 9692
6242 9691
6243 9690
6244 9689
6245 9688
6246 8615
6247 8614
6248 8613
6249 8612
6250 8611
6251 8610
6252 8609
6253 8608
6254 8607
6255 8606
6256 8605
6257 8604
6258 8603
6259 8602
6260 8601
6261 8600
6262 8599
6263 8598
6264 8597
6265 8596
6266 8595
6267 6759
6268 6758
6269 6757
6270 6756
6271 6755
6272 6754
6273 6753
6274 6752
6275 6751
6276 6750
6277 6749
6278 6748
6279 6747
6282 9876
6283 9875
6284 9874
6285 9873
6286 9872
6287 9871
6288 9870
6289 9869
6290 9868
6291 9867
6292 9866
6293 9865
6294 9864
6295 9863
6296 9862
6297 9861
6298 9860
6299 9859
6300 9858
6301 9857
6302 9856
6303 9855
6304 9854
6305 9853
6306 9852
6307 9851
6308 9850
6309 9849
6310 9848
6311 10113
6312 10112
6313 10111
6314 10110
6315 10109
6316 10108
6317 10107
6318 10106
6319 10105
6320 10104
6321 10103
6322 10102
6323 10101
6324 10100
6325 10099
6326 10098
6327 10097
6328 10096
6329 10095
6330 10094
6331 10093
6332 10092
6333 10091
6334 10090
6335 10089
6336 10088
6337 10087
6338 10086
6339 10085
6340 10084
6341 9731
6342 9730
6343 9729
6344 9728
6345 9727
6346 9726
6347 9725
6348 9724
6349 9723
6350 9722
6351 9721
6352 9720
6353 9719
6354 9718
6355 9717
6356 9420
6357 9419
6358 9418
6359 9417
6360 9416
6361 9415
6362 9414
6363 9413
6364 9412
6365 9411
6366 9410
6367 9409
6368 9408
6369 9407
6370 8819
6371 8818
6372 8817
6373 8816
6374 8815
6375 8814
6376 8813
6377 8812
6378 8811
6379 8810
6380 8809
6381 8808
6382 8807
6383 8806
6384 8805
6385 8804
6386 8803
6387 8802
6388 8801
6389 8800
6390 8799
6391 8798
6392 8797
6393 8796
6394 8795
6395 10533
6396 10532
6397 10531
6398 10530
6399 10529
6400 10528
6401 10527
6402 10526
6403 10525
6404 10524
6405 10523
6406 10522
6407 10521
6408 10853
6409 10852
6410 10851
6411 10850
6412 10849
6413 10848
6414 10847
6415 10846
6416 10845
6417 10844
6418 10843
6419 10842
6420 10841
6421 10840
6422 10839
6423 10838
6424 8869
6425 8868
6426 8867
6427 8866
6428 8865
6429 8864
6430 8863
6431 8862
6432 8861
6433 8860
6434 8859
6435 8858
6436 11974
6437 11973
6438 11972
6439 11971
6440 11970
6441 11969
6442 11968
6443 11967
6444 11966
6445 11965
6446 11964
6447 11963
6448 11962
6449 11961
6450 11960
6451 11959
6452 11958
6453 11957
6454 11956
6455 11955
6456 11954
6457 11953
6458 11952
6459 11951
6460 11950
6461 12966
6462 12965
6463 12964
6464 12963
6465 12962
6466 12961
6467 12960
6468 12959
6469 12958
6470 12957
6471 12956
6472 12955
6473 12954
6474 12953
6475 12952
6476 12909
6477 12908
6478 12907
6479 12906
6480 12905
6481 12904
6482 12903
6483 12902
6484 12901
6485 12900
6486 12899
6487 12898
6488 12897
6489 12896
6490 12895
6491 12894
6492 12893
6493 12892
6494 12891
6495 12890
6496 12889
6497 12888
6498 12887
6499 12886
6500 12885
6501 12884
6502 12883
6503 12882
6504 12881
6505 12880
6506 12879
6507 12878
6508 12877
6509 12876
6510 12875
6511 12874
6512 12873
6513 10897
6514 10896
6515 10895
6516 10894
6517 10893
6518 10892
6519 10891
6520 10890
6521 10889
6522 10888
6523 10887
6524 10886
6525 13132
6526 13131
6527 13130
6528 13129
6529 13128
6530 13127
6531 13126
6532 13125
6533 13124
6534 13123
6535 13122
6536 13121
6537 13120
6538 13119
6539 7912
6540 7911
6541 7910
6542 7909
6543 7908
6544 7907
6545 7906
6546 7905
6547 7904
6548 7903
6549 7902
6550 7901
6551 7900
6552 7899
6553 7898
6554 7897
6555 7896
6556 7895
6557 7894
6558 7893
6559 7892
6560 7891
6561 7890
6562 7889
6563 7888
6564 7887
6565 7886
6566 7885
6567 7884
6568 7883
6569 7882
6570 7881
6571 7880
6572 7879
6573 7878
6574 7877
6575 7876
6576 7875
6577 7874
6578 7873
6579 7872
6580 7871
6581 7870
6582 7869
6583 7868
6584 7867
6585 7866
6586 7865
6587 7864
6588 7863
6589 7862
6590 7861
6591 7860
6592 7859
6593 7858
6594 7857
6595 7856
6596 7855
6597 7854
6598 7853
6599 7852
6600 7851
6601 7850
6602 13303
6603 13302
6604 13301
6605 13300
6606 13299
6607 13298
6608 13297
6609 13296
6610 13295
6611 13294
6612 13293
6613 13292
6614 13291
6615 13290
6616 13289
6617 13288
6618 8957
6619 8956
6620 8955
6621 8954
6622 8953
6623 8952
6624 8951
6625 8950
6626 8949
6627 8948
6628 8947
6629 8946
6630 8945
6631 8944
6632 8943
6633 8942
6634 8989
6635 8988
6636 8987
6637 8986
6638 8985
6639 8984
6640 8983
