1 10253
2 10252
3 10251
4 10250
5 10249
6 10248
7 8
9 10245
10 10244
11 10243
12 10242
13 10241
14 10240
15 10239
16 10238
17 10237
18 10236
19 20
21 10233
22 10232
23 10231
24 10230
25 10229
26 10228
27 10952
28 10951
29 10950
30 31
32 10947
33 10946
34 10851
35 10850
36 10849
37 10848
38 10847
39 10846
40 10845
41 42
43 10842
44 10841
45 10830
46 10829
47 10828
48 10827
49 10826
50 10825
51 10824
52 10823
53 10822
54 10821
55 56
57 9916
58 9915
59 9914
60 9913
61 9912
62 9911
63 64
65 9908
66 9907
67 9906
68 9905
69 9904
70 71
72 9562
73 9561
74 9560
75 9559
76 77
78 9556
79 9555
80 9554
81 9593
82 9592
83 84
85 9589
86 9588
87 9587
88 9586
89 9585
90 91
92 10818
93 10817
94 10816
95 10815
96 97
98 10812
99 10811
100 10810
101 10809
102 10808
103 10807
104 10806
105 106
107 10761
108 10760
109 10759
110 10758
111 10757
112 113
114 10754
115 10753
116 10752
117 10751
118 13249
119 120
121 13246
122 13245
123 13244
124 13243
125 13242
126 13241
127 128
129 13238
130 13237
131 13236
132 9156
133 9155
134 135
136 9152
137 9151
138 9150
139 9149
140 9148
141 142
143 9145
144 13013
145 13012
146 13011
147 13010
148 13009
149 150
151 13006
152 13005
153 13004
154 13003
155 13002
156 13001
157 13000
158 12999
159 12998
160 12997
161 12996
162 163
164 12313
165 12312
166 12311
167 12310
168 12309
169 170
171 12663
172 12662
173 12661
174 12660
175 12659
176 12658
177 178
179 12655
180 12654
181 12653
182 12652
183 12651
184 12650
185 186
187 12733
188 12732
189 12731
190 12730
191 12729
192 12728
193 194
195 12277
196 12276
197 12275
198 12274
199 12273
200 12272
201 202
203 12269
204 12268
205 12003
206 12002
207 12001
208 12000
209 11999
210 11998
211 11997
212 11996
213 11995
214 215
216 11992
217 11991
218 11990
219 11989
220 11988
221 11987
222 223
224 11984
225 11983
226 11982
227 11981
228 11980
229 230
231 11977
232 11976
233 11975
234 11974
235 11973
236 11972
237 238
239 11766
240 11765
241 11764
242 11763
243 11762
244 10741
245 246
247 10738
248 10737
249 10736
250 10735
251 10734
252 10733
253 254
255 11722
256 11721
257 11720
258 11719
259 11718
260 11717
261 11716
262 11715
263 11714
264 265
266 11711
267 11710
268 11709
269 11708
270 11707
271 272
273 11704
274 11703
275 11702
276 11701
277 11700
278 11699
279 280
281 9132
282 9131
283 9130
284 9129
285 9128
286 287
288 9125
289 9113
290 9112
291 9111
292 9110
293 294
295 9107
296 9106
297 9105
298 9104
299 9103
300 301
302 11399
303 11398
304 11397
305 11396
306 11395
307 308
309 10719
310 10718
311 10717
312 10716
313 10715
314 10714
315 10713
316 10712
317 318
319 10700
320 10699
321 10698
322 10697
323 10696
324 325
326 10693
327 10692
328 10670
329 10669
330 331
332 10666
333 10665
334 10664
335 10663
336 337
338 10660
339 10659
340 10658
341 10657
342 343
344 10476
345 10475
346 10474
347 10473
348 349
350 10470
351 10469
352 10468
353 11238
354 355
356 11235
357 11234
358 11233
359 11232
360 11231
361 362
363 8780
364 8779
365 8778
366 8777
367 8776
368 8775
369 8774
370 8773
371 8772
372 8771
373 374
375 10465
376 10464
377 10463
378 10462
379 10461
380 10460
381 382
383 10457
384 10456
385 10455
386 10454
387 10453
388 10452
389 10451
390 391
392 7252
393 7251
394 7250
395 7249
396 7248
397 7247
398 7246
399 400
401 7243
402 7242
403 7241
404 7240
405 10965
406 10964
407 10963
408 10962
409 410
411 10959
412 10958
413 10957
414 10956
415 10955
416 10954
417 10953
420 10978
421 10977
422 10976
423 10975
424 10974
425 10973
426 10972
427 428
429 10969
430 10968
431 10967
432 10966
433 7239
434 7238
435 7237
436 7236
437 438
439 7233
440 7232
441 7231
442 7230
443 7229
444 7228
445 7227
446 447
448 7224
449 10395
450 10394
451 10393
452 10392
453 10391
454 10390
455 456
457 10387
458 10386
459 10385
460 10384
461 10383
462 10382
463 464
465 8790
466 8789
467 8788
468 8787
469 8786
470 8785
471 8784
472 8783
473 8782
474 8781
475 476
477 11226
478 11225
479 11224
480 11223
481 482
483 11220
484 11219
485 11218
486 11217
487 11216
488 489
490 10484
491 10483
492 10482
493 10481
494 495
496 10656
497 10655
498 10654
499 10653
500 501
502 10650
503 10649
504 9079
505 506
507 9076
508 9075
509 9074
510 9073
511 512
513 9070
514 9069
515 9068
516 9067
517 518
519 9064
520 9063
521 9062
522 8488
523 8487
524 8486
525 8485
526 8484
527 8483
528 8482
529 530
531 11408
532 11407
533 11406
534 11405
535 536
537 11402
538 9124
539 9123
540 9122
541 9121
542 543
544 9118
545 9117
546 9116
547 9115
548 9114
549 550
551 9142
552 9141
553 9140
554 9139
555 556
557 9136
558 9135
559 11698
560 11697
561 11696
562 563
564 11693
565 11692
566 11691
567 11639
568 11638
569 570
571 11635
572 11634
573 11633
574 11632
575 11631
576 11630
577 11629
578 11628
579 11627
580 11626
581 11625
582 583
584 11622
585 11621
586 11620
587 11619
588 11781
589 590
591 11778
592 11777
593 11776
594 11775
595 11774
596 11773
597 598
599 11770
600 11769
601 11971
602 11970
603 11969
604 605
606 11966
607 11965
608 11964
609 11963
610 11962
611 612
613 12180
614 12179
615 12178
616 12177
617 12176
618 619
620 12173
621 12172
622 12171
623 12170
624 12169
625 626
627 12010
628 12009
629 12008
630 12007
631 12006
632 12005
633 12004
634 12267
635 12266
636 637
638 12263
639 12262
640 12261
641 12748
642 12747
643 644
645 12744
646 12743
647 12742
648 12741
649 12740
650 651
652 12737
653 12736
654 12649
655 12648
656 12647
657 658
659 12644
660 12643
661 12642
662 12330
663 12329
664 665
666 12326
667 12325
668 12324
669 12323
670 12322
671 672
673 12319
674 12318
675 12317
676 12316
677 12995
678 679
680 12992
681 12991
682 12990
683 12989
684 12988
685 12987
686 12986
687 12985
688 13021
689 690
691 13018
692 13017
693 13016
694 13015
695 13014
696 697
698 9166
699 9165
700 9164
701 9163
702 703
704 9160
705 9159
706 9158
707 9157
708 13235
709 710
711 13232
712 13231
713 13230
714 13229
715 13228
716 717
718 13225
719 13224
720 13223
721 13222
722 13221
723 724
725 13218
726 13217
727 13216
728 13215
729 730
731 9222
732 9221
733 9220
734 9219
735 9218
736 10785
737 10784
738 10783
739 10782
740 10781
741 742
743 10778
744 10777
745 10776
746 10775
747 10774
748 749
750 9584
751 9583
752 9582
753 9581
754 755
756 9578
757 9577
758 9576
759 9575
760 761
762 9572
763 9571
764 9570
765 9569
766 767
768 9566
769 9565
770 9903
771 9902
772 9901
773 774
775 9898
776 9897
777 9896
778 9895
779 780
781 9892
782 9891
783 9890
784 9889
785 9888
786 9887
787 788
789 9264
790 9263
791 9262
792 9261
793 9260
794 9259
795 9258
796 9257
797 9256
798 799
800 10875
801 10874
802 10873
803 10872
804 10871
805 10870
806 10869
807 808
809 10866
810 10865
811 10864
812 10863
813 10862
814 10227
815 10226
816 10225
817 818
819 10222
820 10221
821 10220
822 10219
823 10218
824 10217
825 10216
826 10215
827 8530
828 829
830 8527
831 8526
832 8525
833 8524
834 8523
835 8522
836 8521
837 8520
838 839
840 8517
843 8543
844 8542
845 8541
846 8540
847 848
849 8537
850 8536
851 8535
852 8534
853 8533
854 8532
855 8531
856 10214
857 858
859 10211
860 10210
861 10209
862 10208
863 10207
864 10918
865 10917
866 10916
867 868
869 10913
870 10912
871 10911
872 10910
873 10909
874 10908
875 10907
876 10906
877 878
879 10903
880 10902
881 10901
882 10900
883 10899
884 10898
885 886
887 9233
888 9232
889 9231
890 9230
891 9229
892 9228
893 9227
894 9226
895 9225
896 9886
897 9885
898 9884
899 900
901 9881
902 9880
903 9879
904 9878
905 906
907 9804
908 9803
909 9802
910 9801
911 912
913 9798
914 9797
915 9796
916 9795
917 918
919 9792
920 9791
921 9790
922 7974
923 924
925 7971
926 7970
927 7969
928 7968
929 930
931 7965
932 9668
933 9667
934 9666
935 936
937 9663
938 9662
939 9661
940 9660
941 942
943 9657
944 9656
945 9655
946 9177
947 9176
948 9175
949 9174
950 951
952 9171
953 9170
954 9169
955 13214
956 13213
957 958
959 13210
960 13209
961 13208
962 12402
963 964
965 12399
966 12398
967 12397
968 12396
969 970
971 12393
972 12392
973 12391
974 12390
975 12389
976 977
978 12386
979 12385
980 12384
981 13037
982 983
984 13034
985 13033
986 13032
987 13031
988 989
990 13028
991 13027
992 13026
993 13025
994 13024
995 996
997 12984
998 12983
999 12982
1000 12981
1001 12980
1002 12979
1003 12978
1004 1005
1006 7806
1007 7805
1008 7804
1009 7803
1010 1011
1012 7800
1013 7799
1014 7798
1015 7797
1016 1017
1018 7786
1019 7785
1020 7784
1021 7783
1022 7782
1023 1024
1025 12786
1026 12785
1027 12784
1028 12783
1029 1030
1031 12780
1032 12779
1033 12778
1034 12777
1035 12776
1036 1037
1038 12773
1039 12772
1040 12771
1041 12770
1042 1043
1044 12026
1045 12025
1046 12024
1047 12023
1048 12022
1049 1050
1051 12019
1052 12018
1053 12017
1054 12016
1055 12015
1056 12014
1057 12013
1058 1059
1060 12166
1061 12165
1062 12164
1063 12163
1064 1065
1066 12160
1067 11937
1068 11936
1069 11935
1070 11934
1071 1072
1073 11931
1074 11930
1075 11929
1076 11928
1077 1078
1079 11925
1080 11924
1081 11923
1082 11922
1083 11921
1084 1085
1086 11918
1087 11917
1088 11811
1089 11810
1090 1091
1092 11807
1093 11806
1094 11805
1095 11599
1096 11598
1097 1098
1099 11595
1100 11594
1101 11593
1102 11592
1103 1104
1105 11589
1106 11588
1107 11587
1108 11586
1109 8013
1110 8012
1111 8011
1112 8010
1113 1114
1115 8007
1116 8006
1117 8005
1118 8004
1119 8003
1120 1121
1122 8000
1123 7999
1124 7998
1125 7997
1126 1127
1128 7994
1129 7993
1130 11313
1131 11312
1132 1133
1134 11309
1135 11308
1136 11307
1137 11306
1138 11427
1139 1140
1141 11424
1142 11423
1143 11422
1144 11421
1145 1146
1147 11418
1148 11417
1149 11416
1150 11415
1151 1152
1153 11412
1154 11411
1155 11410
1156 11409
1157 8479
1158 1159
1160 8476
1161 8475
1162 8474
1163 8473
1164 8472
1165 1166
1167 9061
1168 9060
1169 9059
1170 9058
1171 1172
1173 9055
1174 9054
1175 9053
1176 1177
1178 9050
1179 9049
1180 9048
1181 9047
1182 1183
1184 10499
1185 10498
1186 10497
1187 10496
1188 1189
1190 10493
1191 10492
1192 10491
1193 10490
1194 1195
1196 10487
1197 10486
1198 10485
1199 11213
1200 1201
1202 11210
1203 11209
1204 11208
1205 11207
1206 1207
1208 11204
1209 11203
1210 11202
1211 11201
1212 1213
1214 8558
1215 8557
1216 8556
1217 8555
1218 8554
1219 8553
1220 8552
1221 8551
1222 8550
1223 8549
1224 1225
1226 8546
1227 8545
1228 8544
1229 10406
1230 10405
1231 10404
1232 1233
1234 10401
1235 10400
1236 10399
1237 10398
1238 10397
1239 10396
1240 1241
1242 7221
1243 7220
1244 7219
1245 7218
1246 7217
1247 7216
1248 7215
1249 7214
1250 1251
1252 7211
1253 7210
1254 7209
1255 7208
1256 7109
1257 7108
1258 7107
1259 7106
1260 1261
1262 7103
1263 7102
1264 7101
1265 7100
1266 7099
1267 7098
1268 7097
1271 7172
1272 7171
1273 7170
1274 7169
1275 7168
1276 7167
1277 7116
1278 7115
1279 1280
1281 7112
1282 7111
1283 7110
1284 7207
1285 7206
1286 7205
1287 7204
1288 1289
1290 7201
1291 7200
1292 7199
1293 7198
1294 7757
1295 7756
1296 7755
1297 7754
1298 1299
1300 7751
1301 7750
1302 7749
1303 7748
1304 7747
1305 7746
1306 1307
1308 7777
1309 7776
1310 7775
1311 7774
1312 7773
1313 7772
1314 1315
1316 7769
1317 7768
1318 8566
1319 8565
1320 8564
1321 8563
1322 8562
1323 8561
1324 8560
1325 8559
1326 1327
1328 11196
1329 11195
1330 11194
1331 11193
1332 1333
1334 11190
1335 11189
1336 11188
1337 11187
1338 1339
1340 11184
1341 11183
1342 10517
1343 10516
1344 1345
1346 10513
1347 10512
1348 10511
1349 1350
1351 10508
1352 10507
1353 10506
1354 10505
1355 1356
1357 10502
1358 9046
1359 9045
1360 9044
1361 1362
1363 9041
1364 9040
1365 9039
1366 1367
1368 8921
1369 8920
1370 8919
1371 8918
1372 1373
1374 8915
1375 8914
1376 8913
1377 8912
1378 8911
1379 8910
1380 1381
1382 8907
1383 8906
1384 8959
1385 8958
1386 1387
1388 8955
1389 8954
1390 8953
1391 8952
1392 1393
1394 8949
1395 8948
1396 8947
1397 11326
1398 1399
1400 11323
1401 11322
1402 11321
1403 11320
1404 1405
1406 11317
1407 11316
1408 11315
1409 11314
1410 1411
1412 7990
1413 7989
1414 7988
1415 7987
1416 1417
1418 8027
1419 8026
1420 8025
1421 8024
1422 1423
1424 8021
1425 8020
1426 8019
1427 8018
1428 1429
1430 8015
1431 8014
1432 11585
1433 11584
1434 11583
1435 1436
1437 11580
1438 11579
1439 11578
1440 11577
1441 1442
1443 11821
1444 11820
1445 11819
1446 11818
1447 1448
1449 11815
1450 11814
1451 11813
1452 11812
1453 1454
1455 11914
1456 11913
1457 11912
1458 11911
1459 1460
1461 11908
1462 11907
1463 11906
1464 11905
1465 1466
1467 11902
1468 8178
1469 8177
1470 8176
1471 1472
1473 8173
1474 8172
1475 8171
1476 8170
1477 1478
1479 8167
1480 8166
1481 12138
1482 12137
1483 1484
1485 12134
1486 12133
1487 12132
1488 12131
1489 12130
1490 12129
1491 1492
1493 12126
1494 12125
1495 12124
1496 12123
1497 1498
1499 12120
1500 12119
1501 12118
1502 12117
1503 1504
1505 12114
1506 12113
1507 12112
1508 12111
1509 1510
1511 12793
1512 12792
1513 12791
1514 12790
1515 1516
1517 12787
1518 7796
1519 7795
1520 7794
1521 1522
1523 7791
1524 7790
1525 7789
1526 7817
1527 1528
1529 7814
1530 7813
1531 7812
1532 7811
1533 1534
1535 7808
1536 7807
1537 12975
1538 12974
1539 1540
1541 12971
1542 12970
1543 12969
1544 7877
1545 7876
1546 1547
1548 7873
1549 7872
1550 7871
1551 7870
1552 1553
1554 7867
1555 7866
1556 7865
1557 7864
1558 1559
1560 7861
1561 7860
1562 7859
1563 7858
1564 1565
1566 7855
1567 7854
1568 7853
1569 7852
1570 1571
1572 12411
1573 12410
1574 12409
1575 12408
1576 1577
1578 12405
1579 12404
1580 12403
1581 13207
1582 1583
1584 13204
1585 13203
1586 13202
1587 13201
1588 1589
1590 13198
1591 13197
1592 13196
1593 1594
1595 13193
1596 13192
1597 7955
1598 7954
1599 7953
1600 7952
1601 1602
1603 7949
1604 9676
1605 9675
1606 1607
1608 9672
1609 9671
1610 9670
1611 9669
1612 1613
1614 7982
1615 7981
1616 7980
1617 7979
1618 1619
1620 7976
1621 7975
1622 9789
1623 1624
1625 9786
1626 9785
1627 9784
1628 9783
1629 1630
1631 9780
1632 9779
1633 9778
1634 10010
1635 1636
1637 10007
1638 10006
1639 10005
1640 1641
1642 10002
1643 10001
1644 10000
1645 9999
1646 9998
1647 1648
1649 10039
1650 10038
1651 10037
1652 10036
1653 10035
1654 10034
1655 10033
1656 9361
1657 1658
1659 9358
1660 9357
1661 9356
1662 9355
1663 9354
1664 9353
1665 1666
1667 9350
1668 9349
1669 9348
1670 9347
1671 9346
1672 9345
1673 9344
1674 1675
1676 9341
1677 9340
1678 9339
1679 9338
1680 9337
1681 9336
1682 9335
1683 1684
1685 9332
1686 9331
1687 9330
1688 9329
1689 9328
1690 9327
1691 9277
1692 1693
1694 9274
1695 9273
1696 9272
1697 9271
1698 9270
1699 9269
1700 9268
1701 9267
1704 7713
1705 7712
1706 7711
1707 1708
1709 7708
1710 7707
1711 7706
1712 7705
1713 7704
1714 7703
1715 7702
1716 1717
1718 7699
1719 7698
1720 7697
1721 7696
1722 7695
1723 7607
1724 1725
1726 7604
1727 7603
1728 7602
1729 7601
1730 7600
1731 7599
1732 7598
1733 1734
1735 7595
1736 7594
1737 7593
1738 9374
1739 9373
1740 9372
1741 1742
1743 9369
1744 9368
1745 9367
1746 9366
1747 9365
1748 1749
1750 9362
1751 10032
1752 10031
1753 10030
1754 10029
1755 10028
1756 1757
1758 10025
1759 10024
1760 10023
1761 10022
1762 1763
1764 10019
1765 10018
1766 10017
1767 10016
1768 1769
1770 10013
1771 10012
1772 10011
1773 1774
1775 9775
1776 9774
1777 9773
1778 9772
1779 1780
1781 9769
1782 9768
1783 9767
1784 1785
1786 9694
1787 9693
1788 9692
1789 9691
1790 1791
1792 9688
1793 9687
1794 9686
1795 1796
1797 9683
1798 9682
1799 9681
1800 1801
1802 9678
1803 9677
1804 7948
1805 7947
1806 1807
1808 7944
1809 7943
1810 7942
1811 7941
1812 6896
1813 6895
1814 6894
1815 1816
1817 6891
1818 6890
1819 6889
1820 6888
1821 1822
1823 12424
1824 12423
1825 12422
1826 12421
1827 1828
1829 12418
1830 12417
1831 12416
1832 1833
1834 12413
1835 12412
1836 7849
1837 7848
1838 1839
1840 7845
1841 7844
1842 7843
1843 7842
1844 1845
1846 7839
1847 7838
1848 7837
1849 1850
1851 7834
1852 7833
1853 7832
1854 7831
1855 1856
1857 7828
1858 7827
1859 7826
1860 12947
1861 1862
1863 12944
1864 12943
1865 12942
1866 12941
1867 12940
1868 12939
1869 12938
1870 12937
1871 1872
1873 12934
1874 6837
1875 6836
1876 6835
1877 1878
1879 6832
1880 6831
1881 6830
1882 1883
1884 12806
1885 12805
1886 12804
1887 12803
1888 1889
1890 12800
1891 12799
1892 12798
1893 1894
1895 12795
1896 12794
1897 12108
1898 12107
1899 1900
1901 12104
1902 12103
1903 12102
1904 1905
1906 6814
1907 6813
1908 6812
1909 6811
1910 1911
1912 6808
1913 6807
1914 6806
1915 8300
1916 1917
1918 8297
1919 8296
1920 8295
1921 8294
1922 1923
1924 8195
1925 8194
1926 8193
1927 1928
1929 8190
1930 8189
1931 8188
1932 8187
1933 1934
1935 8184
1936 8183
1937 8182
1938 8181
1939 1940
1941 11901
1942 11900
1943 11899
1944 1945
1946 11896
1947 6776
1948 6775
1949 6774
1950 1951
1952 6771
1953 6770
1954 6769
1955 1956
1957 6766
1958 6755
1959 6754
1960 6753
1961 1962
1963 6750
1964 6749
1965 6748
1966 1967
1968 6734
1969 6733
1970 6732
1971 6731
1972 1973
1974 6728
1975 6727
1976 6726
1977 6725
1978 8077
1979 8076
1980 8075
1981 8074
1982 1983
1984 8071
1985 8070
1986 8069
1987 1988
1989 8066
1990 8065
1991 8064
1992 8063
1993 1994
1995 8060
1996 8059
1997 7500
1998 7499
1999 2000
2001 7496
2002 7495
2003 7494
2004 2005
2006 7491
2007 7490
2008 7489
2009 8975
2010 2011
2012 8972
2013 8971
2014 8970
2015 8969
2016 2017
2018 8966
2019 8965
2020 8964
2021 2022
2023 8961
2024 8960
2025 8905
2026 8904
2027 2028
2029 8901
2030 8900
2031 8899
2032 8898
2033 8897
2034 9014
2035 9013
2036 2037
2038 9010
2039 9009
2040 9008
2041 6714
2042 2043
2044 6711
2045 6710
2046 6709
2047 2048
2049 6706
2050 6705
2051 10533
2052 10532
2053 2054
2055 10529
2056 10528
2057 10527
2058 2059
2060 10524
2061 10523
2062 10522
2063 10521
2064 2065
2066 10518
2067 11182
2068 11181
2069 2070
2071 11178
2072 11177
2073 11176
2074 11175
2075 2076
2077 11172
2078 11171
2079 11170
2080 11169
2081 2082
2083 6673
2084 6672
2085 6671
2086 6670
2087 6669
2088 6668
2089 6667
2090 6666
2091 6665
2092 6664
2093 2094
2095 6650
2096 6649
2097 6648
2098 6647
2099 6646
2100 2101
2102 6643
2103 6642
2104 8663
2105 8662
2106 8661
2107 8660
2108 8659
2109 2110
2111 7439
2112 7438
2113 7437
2114 7436
2115 7435
2116 7434
2117 7433
2118 2119
2120 7430
2121 7429
2122 7428
2123 7427
2124 7426
2125 7123
2126 7122
2127 7121
2128 2129
2130 7118
2131 7117
2132 7166
2133 7165
2134 7164
2135 7163
2136 7162
2137 7161
2140 7136
2141 7135
2142 7134
2143 7133
2144 7132
2145 7131
2146 7130
2147 7129
2148 2149
2150 7126
2151 7125
2152 7124
2153 7425
2154 7424
2155 7423
2156 7422
2157 7421
2158 2159
2160 7418
2161 7417
2162 7416
2163 8674
2164 8673
2165 8672
2166 8671
2167 2168
2169 8668
2170 8667
2171 8666
2172 8665
2173 8664
2174 6663
2175 6662
2176 2177
2178 6659
2179 6658
2180 6657
2181 6656
2182 6655
2183 2184
2185 6684
2186 6683
2187 6682
2188 6681
2189 6680
2190 6679
2191 6678
2192 6677
2193 6676
2194 2195
2196 11166
2197 11165
2198 11164
2199 11163
2200 2201
2202 11160
2203 6704
2204 6703
2205 6702
2206 2207
2208 6699
2209 6698
2210 6697
2211 6696
2212 2213
2214 10546
2215 10545
2216 10544
2217 2218
2219 10541
2220 10540
2221 10539
2222 10538
2223 2224
2225 10535
2226 10534
2227 6724
2228 2229
2230 6721
2231 6720
2232 6719
2233 6718
2234 2235
2236 6715
2237 9007
2238 9006
2239 2240
2241 9003
2242 9002
2243 9001
2244 9000
2245 8999
2246 8998
2247 8997
2248 8996
2249 2250
2251 8993
2252 8992
2253 8991
2254 2255
2256 8988
2257 8987
2258 8986
2259 8985
2260 2261
2262 8982
2263 8981
2264 8980
2265 2266
2267 8977
2268 8976
2269 7488
2270 7487
2271 2272
2273 7484
2274 7483
2275 7482
2276 2277
2278 7479
2279 7478
2280 7477
2281 2282
2283 7474
2284 7473
2285 7472
2286 7471
2287 2288
2289 8089
2290 8088
2291 8087
2292 2293
2294 8084
2295 8083
2296 8082
2297 2298
2299 8079
2300 8078
2301 6745
2302 6744
2303 6743
2304 6742
2305 2306
2307 6739
2308 6738
2309 6737
2310 2311
2312 6765
2313 6764
2314 6763
2315 2316
2317 6760
2318 6759
2319 6758
2320 2321
2322 6787
2323 6786
2324 6785
2325 6784
2326 2327
2328 6781
2329 6780
2330 6779
2331 2332
2333 11895
2334 11894
2335 11893
2336 2337
2338 11890
2339 11889
2340 6805
2341 2342
2343 6802
2344 6801
2345 6800
2346 6799
2347 2348
2349 6796
2350 8314
2351 8313
2352 2353
2354 8310
2355 8309
2356 8308
2357 8307
2358 8306
2359 8305
2360 8304
2361 2362
2363 8301
2364 6827
2365 6826
2366 2367
2368 6823
2369 6822
2370 6821
2371 2372
2373 6818
2374 6817
2375 12101
2376 12100
2377 2378
2379 12097
2380 12096
2381 12095
2382 2383
2384 12092
2385 12817
2386 12816
2387 2388
2389 12813
2390 12812
2391 12811
2392 2393
2394 12808
2395 12807
2396 6847
2397 6846
2398 2399
2400 6843
2401 6842
2402 6841
2403 2404
2405 6838
2406 12933
2407 12932
2408 2409
2410 12929
2411 12928
2412 12927
2413 6867
2414 6866
2415 6865
2416 6864
2417 2418
2419 6861
2420 6860
2421 6859
2422 2423
2424 6887
2425 6886
2426 6885
2427 6884
2428 2429
2430 6881
2431 6880
2432 6879
2433 2434
2435 12450
2436 12449
2437 12448
2438 12447
2439 2440
2441 12444
2442 12443
2443 12442
2444 2445
2446 12439
2447 12438
2448 12437
2449 2450
2451 12434
2452 12433
2453 12432
2454 12431
2455 2456
2457 12428
2458 12427
2459 6906
2460 2461
2462 6903
2463 6902
2464 6901
2465 2466
2467 6898
2468 6897
2469 7940
2470 7939
2471 7938
2472 7937
2473 2474
2475 7934
2476 6926
2477 6925
2478 2479
2480 6922
2481 6921
2482 6920
2483 2484
2485 6917
2486 6916
2487 6946
2488 2489
2490 6943
2491 6942
2492 6941
2493 6940
2494 2495
2496 6937
2497 6936
2498 9419
2499 2500
2501 9416
2502 9415
2503 9414
2504 2505
2506 9411
2507 9410
2508 9409
2509 2510
2511 9406
2512 9405
2513 9404
2514 2515
2516 9401
2517 9400
2518 9399
2519 9398
2520 2521
2522 9395
2523 9394
2524 9393
2525 9392
2526 9391
2527 9390
2528 9389
2529 9388
2530 9387
2531 2532
2533 9384
2534 9383
2535 9382
2536 9381
2537 2538
2539 9378
2540 9377
2541 9376
2542 9375
2543 7592
2544 7591
2545 2546
2547 7588
2548 7587
2549 7586
2550 7585
2551 7584
2552 7583
2553 2554
2555 7580
2556 7579
2557 7578
2558 7577
2559 7576
2560 7575
2561 2562
2563 7572
2564 7571
2565 7570
2566 7569
2567 7568
2568 7567
2569 2570
2571 7564
2572 7563
2573 7562
2574 7561
2575 7560
2576 7559
2579 7389
2580 7388
2581 7387
2582 7386
2583 7385
2584 7384
2585 2586
2587 7381
2588 7380
2589 7379
2590 7664
2591 7663
2592 7662
2593 7661
2594 7660
2595 7659
2596 7658
2597 7657
2598 7656
2599 7655
2600 7654
2601 7653
2602 7652
2603 7651
2604 7650
2605 7649
2606 7648
2607 7647
2608 7646
2609 7645
2610 7644
2611 7643
2612 7019
2613 7018
2614 7017
2615 7016
2616 7015
2617 7014
2618 7013
2619 7012
2620 7011
2621 7010
2622 7009
2623 6998
2624 6997
2625 6996
2626 6995
2627 6994
2628 6993
2629 6992
2630 6991
2631 6990
2632 6989
2633 6988
2634 9434
2635 9433
2636 9432
2637 9431
2638 9430
2639 9429
2640 9428
2641 2642
2643 9425
2644 9424
2645 9423
2646 9422
2647 9421
2648 9420
2649 6935
2650 6934
2651 6933
2652 6932
2653 6931
2654 6930
2655 6929
2656 6928
2657 6927
2658 6915
2659 6914
2660 6913
2661 6912
2662 6911
2663 6910
2664 6909
2665 6908
2666 6907
2667 7933
2668 7932
2669 7931
2670 7930
2671 7929
2672 7928
2673 7927
2674 7926
2675 6977
2676 6976
2677 6975
2678 6974
2679 6973
2680 6972
2681 6971
2682 6970
2683 6969
2684 6968
2685 6967
2686 12542
2687 12541
2688 12540
2689 12539
2690 12538
2691 2692
2693 12459
2694 12458
2695 12457
2696 12456
2697 12455
2698 12454
2699 12453
2700 12452
2701 12451
2702 6876
2703 6875
2704 6874
2705 6873
2706 6872
2707 6871
2708 6870
2709 6869
2710 6868
2711 6856
2712 6855
2713 6854
2714 6853
2715 6852
2716 6851
2717 6850
2718 6849
2719 6848
2720 2721
2722 12924
2723 12923
2724 12922
2725 12921
2726 12920
2727 12919
2728 12918
2729 12917
2730 12916
2731 12915
2732 12914
2733 12913
2734 12912
2735 12911
2736 12910
2737 12824
2738 12823
2739 12822
2740 12821
2741 12820
2742 12819
2743 12818
2744 2745
2746 12089
2747 12088
2748 12087
2749 12086
2750 12085
2751 12084
2752 12083
2753 12082
2754 12081
2755 12080
2756 12079
2757 12078
2758 12077
2759 12076
2760 12075
2761 8328
2762 8327
2763 8326
2764 8325
2765 8324
2766 8323
2767 8322
2768 8321
2769 2770
2771 8318
2772 8317
2773 8316
2774 8315
2775 6795
2776 6794
2777 6793
2778 6792
2779 6791
2780 6790
2781 6789
2782 6788
2783 11888
2784 11887
2785 11886
2786 11885
2787 11884
2788 11883
2789 11882
2790 11881
2791 11880
2792 2793
2794 11877
2795 11876
2796 11875
2797 11874
2798 11873
2799 11872
2800 11871
2801 6957
2802 6956
2803 6955
2804 6954
2805 6953
2806 6952
2807 6951
2808 6950
2809 6949
2810 6948
2811 6947
2812 8106
2813 8105
2814 8104
2815 8103
2816 8102
2817 8101
2818 8100
2819 8099
2820 8098
2821 8097
2822 8096
2823 8095
2824 8094
2825 8093
2826 8092
2827 7470
2828 7469
2829 2830
2831 7466
2832 7465
2833 7464
2834 7463
2835 7462
2836 7461
2837 7460
2838 7459
2839 7458
2840 7457
2841 7530
2842 7529
2843 7528
2844 7527
2845 7526
2846 7525
2847 7524
2848 7523
2849 7522
2850 7521
2851 7520
2852 7519
2853 8869
2854 8868
2855 8867
2856 8866
2857 8865
2858 8864
2859 8863
2860 8862
2861 8861
2862 8860
2863 8859
2864 8858
2865 8857
2866 8856
2867 8855
2868 8854
2869 8853
2870 8852
2871 8851
2872 8850
2873 8849
2874 8848
2875 10560
2876 10559
2877 10558
2878 10557
2879 10556
2880 10555
2881 10554
2882 10553
2883 10552
2884 10551
2885 10550
2886 10549
2887 10548
2888 10547
2889 6693
2890 6692
2891 6691
2892 6690
2893 6689
2894 6688
2895 6687
2896 6686
2897 6685
2898 11159
2899 11158
2900 11157
2901 11156
2902 11155
2903 11154
2904 11153
2905 11152
2906 11151
2907 11150
2908 11149
2909 11148
2910 11147
2911 11146
2912 11145
2913 11144
2914 11143
2915 8642
2916 8641
2917 8640
2918 8639
2919 8638
2920 8637
2921 8636
2922 8635
2923 8634
2924 8633
2925 8682
2926 8681
2927 8680
2928 8679
2929 8678
2930 8677
2931 8676
2932 8675
2933 7415
2934 7414
2935 7413
2936 7412
2937 7411
2938 7410
2939 7409
2940 7408
2941 7407
2942 7406
2943 7405
2944 7404
2945 7403
2946 7148
2947 7147
2948 7146
2949 7145
2950 7144
2951 7143
2952 7142
2953 7141
2956 7337
2957 7336
2958 7335
2959 7334
2960 7333
2961 7332
2962 7331
2963 7330
2964 7329
2965 7328
2966 7327
2967 7326
2968 7325
2969 8695
2970 8694
2971 8693
2972 8692
2973 8691
2974 8690
2975 8689
2976 8688
2977 8687
2978 8686
2979 8685
2980 8684
2981 8683
2982 8632
2983 8631
2984 8630
2985 8629
2986 8628
2987 8627
2988 8626
2989 8625
2990 8624
2991 8623
2992 8622
2993 8621
2994 8620
2995 8619
2996 8618
2997 8617
2998 8616
2999 8615
3000 8614
3001 7357
3002 7356
3003 7355
3004 7354
3005 7353
3006 7352
3007 7351
3008 7350
3009 7349
3010 7348
3011 10573
3012 10572
3013 10571
3014 10570
3015 10569
3016 10568
3017 10567
3018 10566
3019 10565
3020 10564
3021 10563
3022 10562
3023 10561
3024 8847
3025 8846
3026 8845
3027 8844
3028 8843
3029 8842
3030 8841
3031 8840
3032 8880
3033 8879
3034 8878
3035 8877
3036 8876
3037 8875
3038 8874
3039 8873
3040 8872
3041 8871
3042 8870
3043 7518
3044 7517
3045 7516
3046 7515
3047 7514
3048 7513
3049 7512
3050 7511
3051 7510
3052 7509
3053 8130
3054 8129
3055 8128
3056 8127
3057 8126
3058 8125
3059 8124
3060 8123
3061 8122
3062 8121
3063 8120
3064 8119
3065 8118
3066 8117
3067 8116
3068 8115
3069 8114
3070 8113
3071 8112
3072 8111
3073 8110
3074 8109
3075 8108
3076 8107
3077 6966
3078 6965
3079 6964
3080 6963
3081 6962
3082 6961
3083 6960
3084 6959
3085 6958
3086 11870
3087 11869
3088 11868
3089 11867
3090 11866
3091 11865
3092 11864
3093 11863
3094 11862
3095 11861
3096 8351
3097 8350
3098 8349
3099 8348
3100 8347
3101 8346
3102 8345
3103 8344
3104 8343
3105 8342
3106 8341
3107 8340
3108 8339
3109 8338
3110 8337
3111 8336
3112 8335
3113 8334
3114 8333
3115 8332
3116 8331
3117 8330
3118 8329
3119 12074
3120 12073
3121 12072
3122 12071
3123 12070
3124 12069
3125 12068
3126 12067
3127 12836
3128 12835
3129 12834
3130 12833
3131 12832
3132 12831
3133 12830
3134 12829
3135 12828
3136 12827
3137 12826
3138 12825
3139 12909
3140 12908
3141 12907
3142 12906
3143 12905
3144 12904
3145 12903
3146 12902
3147 12901
3148 7378
3149 7377
3150 7376
3151 7375
3152 7374
3153 7373
3154 7372
3155 7371
3156 7370
3157 7369
3158 7368
3159 12564
3160 12563
3161 12562
3162 12561
3163 12560
3164 12559
3165 12558
3166 12557
3167 12556
3168 12555
3169 12554
3170 12553
3171 12552
3172 12551
3173 12550
3174 12549
3175 12548
3176 12547
3177 12546
3178 12545
3179 12544
3180 12543
3181 6987
3182 6986
3183 6985
3184 6984
3185 6983
3186 6982
3187 6981
3188 6980
3189 6979
3190 6978
3191 7925
3192 7924
3193 7923
3194 7922
3195 7921
3196 7920
3197 7919
3198 7918
3199 7917
3200 7916
3201 7915
3202 9456
3203 9455
3204 9454
3205 9453
3206 9452
3207 9451
3208 9450
3209 9449
3210 9448
3211 9447
3212 9446
3213 9445
3214 9444
3215 9443
3216 9442
3217 9441
3218 9440
3219 9439
3220 9438
3221 9437
3222 9436
3223 9435
3224 7008
3225 7007
3226 7006
3227 7005
3228 7004
3229 7003
3230 7002
3231 7001
3232 7000
3233 6999
3234 7029
3235 7028
3236 7027
3237 7026
3238 7025
3239 7024
3240 7023
3241 7022
3242 7021
3243 7020
3244 7642
3245 7641
3246 7640
3247 7639
3248 7638
3249 7637
3250 7636
3251 7635
3252 7634
3253 7675
3254 7674
3255 7673
3256 7672
3257 7671
3258 7670
3259 7669
3260 7668
3261 7667
3262 7666
3263 7665
3264 7402
3265 7401
3266 7400
3267 7399
3268 7398
3269 7397
3270 7396
3271 7395
3272 7394
3275 7734
3276 7733
3277 7732
3278 7731
3279 7730
3280 7729
3281 7728
3282 7727
3283 7686
3284 7685
3285 7684
3286 7683
3287 7682
3288 7681
3289 7680
3290 7679
3291 7678
3292 7677
3293 7676
3294 7633
3295 7632
3296 7631
3297 7630
3298 7629
3299 7628
3300 7627
3301 7626
3302 7625
3303 7624
3304 10080
3305 10079
3306 10078
3307 10077
3308 10076
3309 10075
3310 10074
3311 10073
3312 10072
3313 10071
3314 10070
3315 10069
3316 10068
3317 10067
3318 10066
3319 10065
3320 10064
3321 10063
3322 10062
3323 9748
3324 9747
3325 9746
3326 9745
3327 9744
3328 9743
3329 9742
3330 9741
3331 9740
3332 9468
3333 9467
3334 9466
3335 9465
3336 9464
3337 9463
3338 9462
3339 9461
3340 9460
3341 9459
3342 9458
3343 9457
3344 7914
3345 7913
3346 7912
3347 7911
3348 7910
3349 7909
3350 7908
3351 7907
3352 7906
3353 7905
3354 7904
3355 7903
3356 7902
3357 12519
3358 12518
3359 12517
3360 12516
3361 12515
3362 12514
3363 12513
3364 12512
3365 12511
3366 12510
3367 12509
3368 12508
3369 12507
3370 12506
3371 12505
3372 12504
3373 12503
3374 12502
3375 12501
3376 12500
3377 12499
3378 12498
3379 12572
3380 12571
3381 12570
3382 12569
3383 12568
3384 12567
3385 12566
3386 12565
3387 7367
3388 7366
3389 7365
3390 7364
3391 7363
3392 7362
3393 7361
3394 7360
3395 7359
3396 7358
3397 12900
3398 12899
3399 12898
3400 12897
3401 12896
3402 12895
3403 12894
3404 12893
3405 12892
3406 12891
3407 12890
3408 12889
3409 12845
3410 12844
3411 12843
3412 12842
3413 12841
3414 12840
3415 12839
3416 12838
3417 12837
3418 12066
3419 12065
3420 12064
3421 12063
3422 12062
3423 12061
3424 12060
3425 12059
3426 12058
3427 12057
3428 12056
3429 12055
3430 12054
3431 12053
3432 12052
3433 8217
3434 8216
3435 8215
3436 8214
3437 8213
3438 8212
3439 8211
3440 8210
3441 8359
3442 8358
3443 8357
3444 8356
3445 8355
3446 8354
3447 8353
3448 8352
3449 11860
3450 11859
3451 11858
3452 11857
3453 11856
3454 11855
3455 11854
3456 11853
3457 11852
3458 11851
3459 11850
3460 11849
3461 11848
3462 11558
3463 11557
3464 11556
3465 11555
3466 11554
3467 11553
3468 11552
3469 11551
3470 11550
3471 11549
3472 11548
3473 11547
3474 11546
3475 8146
3476 8145
3477 8144
3478 8143
3479 8142
3480 8141
3481 8140
3482 8139
3483 8138
3484 8137
3485 8136
3486 8135
3487 8134
3488 8133
3489 8132
3490 8131
3491 7558
3492 7557
3493 7556
3494 7555
3495 7554
3496 7553
3497 7552
3498 7551
3499 7550
3500 7549
3501 7548
3502 7547
3503 7546
3504 8888
3505 8887
3506 8886
3507 8885
3508 8884
3509 8883
3510 8882
3511 8881
3512 8839
3513 8838
3514 8837
3515 8836
3516 8835
3517 8834
3518 8833
3519 10587
3520 10586
3521 10585
3522 10584
3523 10583
3524 10582
3525 10581
3526 10580
3527 10579
3528 10578
3529 10577
3530 10576
3531 10575
3532 10574
3533 7347
3534 7346
3535 7345
3536 7344
3537 7343
3538 7342
3539 7341
3540 7340
3541 7339
3542 7338
3543 8613
3544 8612
3545 8611
3546 8610
3547 8609
3548 8608
3549 8607
3550 8606
3551 8605
3552 8604
3553 8603
3554 8602
3555 8601
3556 8600
3557 8599
3558 8598
3559 8711
3560 8710
3561 8709
3562 8708
3563 8707
3564 8706
3565 8705
3566 8704
3567 8703
3568 8702
3569 8701
3570 8700
3571 8699
3572 8698
3573 8697
3574 8696
3575 7324
3576 7323
3577 7322
3578 7321
3579 7320
3580 7319
3581 7318
3582 7317
3583 7316
3584 7315
3585 7314
3586 7313
3587 7312
3590 7156
3591 7155
3592 7154
3593 7153
3594 7152
3595 7151
3596 7150
3597 7149
3598 7456
3599 7455
3600 7454
3601 7453
3602 7452
3603 7451
3604 7450
3605 7449
3606 7448
3607 7447
3608 7446
3609 7445
3610 7444
3611 7443
3612 7442
3613 7441
3614 7440
3615 8656
3616 8655
3617 8654
3618 8653
3619 8652
3620 8651
3621 8650
3622 8649
3623 8648
3624 8647
3625 8646
3626 8645
3627 8644
3628 8643
3629 11142
3630 11141
3631 11140
3632 11139
3633 11138
3634 11137
3635 11136
3636 11135
3637 11134
3638 11133
3639 11132
3640 11131
3641 11130
3642 11129
3643 11128
3644 11127
3645 11126
3646 11125
3647 11124
3648 11123
3649 11122
3650 11121
3651 11120
3652 11119
3653 11118
3654 11117
3655 11116
3656 11115
3657 11114
3658 11113
3659 11112
3660 11111
3661 11110
3662 11109
3663 11108
3664 11107
3665 11106
3666 9028
3667 9027
3668 9026
3669 9025
3670 9024
3671 9023
3672 9022
3673 9021
3674 9020
3675 9019
3676 9018
3677 9017
3678 9016
3679 9015
3680 8896
3681 8895
3682 8894
3683 8893
3684 8892
3685 8891
3686 8890
3687 8889
3688 7545
3689 7544
3690 7543
3691 7542
3692 7541
3693 7540
3694 7539
3695 7538
3696 7537
3697 7536
3698 7535
3699 7534
3700 7533
3701 7532
3702 7531
3703 7508
3704 7507
3705 7506
3706 7505
3707 7504
3708 7503
3709 7502
3710 7501
3711 8058
3712 8057
3713 8056
3714 8055
3715 8054
3716 8053
3717 8052
3718 8051
3719 8050
3720 8049
3721 8048
3722 8047
3723 8046
3724 8045
3725 8044
3726 8043
3727 8042
3728 8041
3729 11566
3730 11565
3731 11564
3732 11563
3733 11562
3734 11561
3735 11560
3736 11559
3737 11847
3738 11846
3739 11845
3740 11844
3741 11843
3742 11842
3743 11841
3744 11840
3745 11839
3746 11838
3747 11837
3748 11836
3749 11835
3750 8371
3751 8370
3752 8369
3753 8368
3754 8367
3755 8366
3756 8365
3757 8364
3758 8363
3759 8362
3760 8361
3761 8360
3762 8209
3763 8208
3764 3765
3766 8205
3767 8204
3768 8203
3769 8202
3770 8201
3771 8200
3772 8199
3773 8198
3774 8293
3775 8292
3776 8291
3777 8290
3778 8289
3779 8288
3780 8287
3781 8286
3782 8285
3783 8284
3784 8283
3785 8282
3786 8281
3787 8280
3788 8279
3789 8278
3790 8277
3791 8276
3792 8275
3793 12853
3794 12852
3795 12851
3796 12850
3797 12849
3798 12848
3799 12847
3800 12846
3801 12888
3802 12887
3803 12886
3804 12885
3805 12884
3806 12883
3807 12882
3808 12881
3809 12880
3810 12879
3811 3812
3813 12876
3814 12875
3815 12959
3816 12958
3817 12957
3818 12956
3819 12955
3820 12954
3821 12953
3822 12952
3823 12951
3824 12950
3825 12949
3826 12948
3827 7825
3828 7824
3829 7823
3830 7822
3831 7821
3832 7820
3833 7819
3834 7818
3835 12472
3836 12471
3837 12470
3838 12469
3839 12468
3840 12467
3841 12466
3842 12465
3843 12464
3844 12463
3845 12462
3846 12461
3847 12460
3848 12535
3849 12534
3850 12533
3851 12532
3852 12531
3853 12530
3854 12529
3855 12528
3856 12527
3857 12526
3858 12525
3859 12524
3860 12523
3861 12522
3862 12521
3863 12520
3864 7901
3865 7900
3866 7899
3867 7898
3868 7897
3869 7896
3870 7895
3871 7894
3872 7893
3873 7892
3874 7891
3875 7890
3876 7889
3877 9706
3878 9705
3879 9704
3880 9703
3881 9702
3882 9701
3883 9700
3884 9699
3885 9698
3886 9697
3887 9696
3888 9695
3889 9764
3890 9763
3891 9762
3892 9761
3893 9760
3894 9759
3895 9758
3896 9757
3897 9756
3898 9755
3899 9754
3900 9753
3901 9752
3902 9751
3903 9750
3904 9749
3905 10061
3906 10060
3907 10059
3908 10058
3909 10057
3910 10056
3911 10055
3912 10054
3913 10053
3914 10052
3915 10051
3916 10050
3917 10049
3918 10048
3919 10087
3920 10086
3921 10085
3922 10084
3923 10083
3924 10082
3925 10081
3926 7623
3927 7622
3928 7621
3929 7620
3930 7619
3931 7618
3932 7617
3933 7616
3934 7615
3935 7614
3936 7613
3937 7612
3938 7611
3939 7610
3940 7609
3941 7608
3942 7694
3943 7693
3944 7692
3945 7691
3946 7690
3947 7689
3948 7688
3949 7687
3950 7726
3951 7725
3952 7724
3953 7723
3954 7722
3955 7721
3956 7720
3957 7719
3958 7718
3961 9287
3962 9286
3963 9285
3964 9284
3965 9283
3966 9282
3967 9281
3968 9280
3969 9279
3970 9278
3971 9326
3972 9325
3973 9324
3974 9323
3975 9322
3976 9321
3977 9320
3978 9319
3979 9318
3980 9317
3981 9316
3982 9315
3983 9314
3984 9313
3985 10103
3986 10102
3987 10101
3988 10100
3989 10099
3990 10098
3991 10097
3992 10096
3993 10095
3994 10094
3995 10093
3996 10092
3997 10091
3998 10090
3999 10089
4000 10088
4001 10047
4002 10046
4003 10045
4004 10044
4005 10043
4006 10042
4007 10041
4008 10040
4009 9995
4010 9994
4011 9993
4012 9992
4013 9991
4014 9990
4015 9989
4016 9988
4017 9987
4018 9731
4019 9730
4020 9729
4021 9728
4022 9727
4023 9726
4024 9725
4025 9724
4026 9723
4027 9722
4028 9721
4029 9720
4030 9719
4031 9718
4032 9717
4033 9716
4034 9715
4035 9714
4036 9713
4037 9712
4038 9711
4039 9710
4040 9709
4041 9708
4042 9707
4043 7964
4044 7963
4045 7962
4046 7961
4047 7960
4048 7959
4049 7958
4050 7957
4051 7956
4052 13191
4053 13190
4054 13189
4055 13188
4056 13187
4057 13186
4058 13185
4059 13184
4060 13183
4061 13182
4062 13181
4063 13180
4064 13179
4065 13178
4066 13177
4067 13176
4068 13175
4069 13174
4070 12487
4071 12486
4072 12485
4073 12484
4074 12483
4075 12482
4076 12481
4077 12480
4078 12479
4079 12478
4080 12477
4081 12476
4082 12475
4083 12474
4084 12473
4085 7888
4086 7887
4087 7886
4088 7885
4089 7884
4090 7883
4091 7882
4092 7881
4093 7880
4094 7879
4095 7878
4096 12968
4097 12967
4098 12966
4099 12965
4100 12964
4101 12963
4102 12962
4103 12961
4104 12960
4105 12874
4106 12873
4107 12872
4108 12871
4109 12870
4110 12869
4111 12868
4112 12867
4113 12866
4114 12865
4115 12864
4116 12863
4117 12862
4118 12861
4119 12860
4120 12859
4121 12858
4122 12857
4123 12856
4124 12855
4125 12854
4126 8274
4127 8273
4128 8272
4129 8271
4130 8270
4131 8269
4132 8268
4133 8267
4134 12040
4135 12039
4136 12038
4137 12037
4138 12036
4139 12035
4140 12034
4141 12146
4142 12145
4143 12144
4144 12143
4145 12142
4146 12141
4147 12140
4148 12139
4149 8232
4150 8231
4151 8230
4152 8229
4153 8228
4154 8227
4155 8226
4156 8383
4157 8382
4158 8381
4159 8380
4160 8379
4161 8378
4162 8377
4163 8376
4164 8375
4165 8374
4166 8373
4167 8372
4168 11834
4169 11833
4170 11832
4171 11831
4172 11830
4173 11829
4174 11828
4175 11827
4176 11826
4177 11825
4178 11824
4179 11823
4180 11822
4181 11574
4182 11573
4183 11572
4184 11571
4185 11570
4186 11569
4187 11568
4188 11567
4189 8040
4190 8039
4191 8038
4192 8037
4193 8036
4194 8035
4195 8034
4196 8033
4197 8032
4198 8031
4199 8030
4200 8029
4201 8028
4202 8165
4203 8164
4204 8163
4205 8162
4206 8161
4207 8160
4208 8159
4209 11336
4210 11335
4211 11334
4212 11333
4213 11332
4214 11331
4215 11330
4216 11329
4217 11328
4218 11327
4219 8946
4220 8945
4221 8944
4222 8943
4223 8942
4224 8941
4225 8940
4226 8939
4227 8938
4228 8937
4229 8936
4230 8935
4231 8934
4232 8933
4233 8932
4234 8931
4235 8930
4236 8929
4237 8928
4238 8927
4239 8926
4240 8925
4241 8924
4242 8923
4243 8922
4244 9036
4245 9035
4246 9034
4247 9033
4248 9032
4249 9031
4250 9030
4251 9029
4252 11105
4253 11104
4254 11103
4255 11102
4256 11101
4257 11100
4258 11099
4259 11098
4260 11097
4261 11096
4262 11095
4263 11094
4264 11093
4265 11092
4266 11091
4267 11090
4268 11089
4269 11088
4270 11087
4271 11086
4272 11085
4273 11084
4274 8578
4275 8577
4276 8576
4277 8575
4278 8574
4279 8573
4280 8572
4281 8571
4282 8570
4283 8569
4284 8568
4285 8567
4286 7767
4287 7766
4288 7765
4289 7764
4290 7763
4291 7762
4292 7761
4293 7760
4294 7759
4295 7758
4296 7745
4297 7744
4298 7743
4299 7742
4300 7741
4301 7740
4302 7739
4303 7738
4304 7737
4305 7736
4306 7735
4307 7197
4308 7196
4309 7195
4310 7194
4311 7193
4312 7192
4313 7191
4314 7190
4315 7189
4316 7188
4317 7187
4318 7186
4319 7185
4320 7184
4321 7183
4322 7182
4323 7181
4324 7180
4325 7179
4326 7178
4327 7177
4330 7307
4331 7306
4332 7305
4333 7304
4334 7303
4335 7302
4336 7301
4337 7300
4338 7299
4339 7298
4340 7297
4341 7296
4342 7295
4343 7294
4344 7293
4345 8248
4346 8247
4347 8246
4348 8245
4349 8244
4350 8243
4351 8242
4352 8241
4353 8717
4354 8716
4355 8715
4356 8714
4357 8713
4358 8712
4359 8597
4360 8596
4361 8595
4362 8594
4363 8593
4364 8592
4365 8591
4366 8590
4367 8589
4368 8588
4369 8587
4370 8586
4371 8585
4372 8584
4373 8583
4374 8582
4375 8581
4376 8580
4377 8579
4378 11083
4379 11082
4380 11081
4381 11080
4382 11079
4383 11078
4384 11077
4385 10601
4386 10600
4387 10599
4388 10598
4389 10597
4390 10596
4391 10595
4392 10594
4393 10593
4394 10592
4395 10591
4396 10590
4397 10589
4398 10588
4399 8832
4400 8831
4401 8830
4402 8829
4403 8828
4404 8827
4405 8826
4406 8266
4407 8265
4408 8264
4409 8263
4410 8262
4411 8261
4412 8260
4413 8259
4414 8258
4415 11351
4416 11350
4417 11349
4418 11348
4419 11347
4420 11346
4421 11345
4422 11344
4423 11343
4424 11342
4425 11341
4426 11340
4427 11339
4428 11338
4429 11337
4430 8158
4431 8157
4432 8156
4433 8155
4434 8154
4435 8153
4436 8152
4437 8151
4438 8150
4439 8149
4440 8148
4441 8147
4442 11545
4443 11544
4444 11543
4445 11542
4446 11541
4447 11540
4448 11539
4449 11538
4450 11537
4451 11536
4452 11535
4453 11534
4454 11533
4455 11532
4456 11531
4457 11530
4458 11529
4459 8398
4460 8397
4461 8396
4462 8395
4463 8394
4464 8393
4465 8392
4466 8391
4467 8390
4468 8389
4469 8388
4470 8387
4471 8386
4472 8385
4473 8384
4474 8225
4475 8224
4476 8223
4477 8222
4478 8221
4479 8220
4480 8219
4481 8218
4482 12051
4483 12050
4484 12049
4485 12048
4486 12047
4487 12046
4488 12045
4489 12044
4490 12043
4491 12042
4492 12041
4493 8449
4494 8448
4495 8447
4496 8446
4497 8445
4498 8444
4499 8443
4500 8442
4501 8441
4502 8469
4503 8468
4504 8467
4505 8466
4506 8465
4507 8464
4508 8463
4509 8462
4510 8461
4511 8460
4512 12595
4513 12594
4514 12593
4515 12592
4516 12591
4517 12590
4518 12589
4519 12588
4520 12587
4521 12586
4522 12585
4523 12584
4524 12583
4525 12582
4526 12581
4527 12580
4528 12579
4529 12578
4530 12577
4531 12576
4532 12575
4533 12574
4534 12573
4535 12497
4536 12496
4537 12495
4538 12494
4539 12493
4540 12492
4541 12491
4542 12490
4543 12489
4544 12488
4545 13173
4546 13172
4547 13171
4548 13170
4549 13169
4550 13168
4551 13167
4552 13166
4553 13165
4554 9494
4555 9493
4556 9492
4557 9491
4558 9490
4559 9489
4560 9488
4561 9487
4562 9486
4563 9485
4564 9484
4565 9483
4566 9482
4567 9481
4568 9480
4569 9479
4570 9478
4571 9477
4572 9476
4573 9475
4574 9474
4575 9473
4576 9472
4577 9471
4578 9470
4579 9469
4580 9739
4581 9738
4582 9737
4583 9736
4584 9735
4585 9734
4586 9733
4587 9732
4588 9986
4589 9985
4590 9984
4591 9983
4592 9982
4593 9981
4594 9980
4595 9979
4596 9978
4597 9977
4598 9976
4599 9975
4600 9974
4601 9973
4602 9972
4603 9971
4604 10116
4605 10115
4606 10114
4607 10113
4608 10112
4609 10111
4610 10110
4611 10109
4612 10108
4613 10107
4614 10106
4615 10105
4616 10104
4617 9312
4618 9311
4619 9310
4620 9309
4621 9308
4622 9307
4623 9306
4624 9305
4625 9304
4626 9303
4627 9302
4628 9301
4629 9300
4630 9299
4631 9298
4632 9297
4633 9296
4634 9295
4635 9294
4636 9293
4637 9292
4640 8766
4641 8765
4642 8764
4643 8763
4644 8762
4645 8761
4646 8760
4647 8759
4648 8758
4649 10197
4650 10196
4651 10195
4652 10194
4653 10193
4654 10192
4655 10191
4656 10190
4657 10189
4658 10188
4659 10187
4660 10186
4661 10130
4662 10129
4663 10128
4664 10127
4665 10126
4666 10125
4667 10124
4668 10123
4669 10122
4670 10121
4671 10120
4672 10119
4673 10118
4674 10117
4675 9970
4676 9969
4677 9968
4678 9967
4679 9966
4680 9965
4681 9964
4682 9963
4683 9962
4684 9961
4685 9960
4686 9959
4687 9958
4688 9957
4689 9956
4690 9955
4691 9954
4692 9953
4693 9826
4694 9825
4695 9824
4696 9823
4697 9822
4698 9821
4699 9820
4700 9819
4701 9635
4702 9634
4703 9633
4704 9632
4705 9631
4706 9630
4707 9629
4708 9628
4709 9627
4710 9626
4711 9625
4712 9624
4713 9623
4714 9502
4715 9501
4716 9500
4717 9499
4718 9498
4719 9497
4720 9496
4721 9495
4722 13164
4723 13163
4724 13162
4725 13161
4726 13160
4727 13159
4728 13158
4729 13157
4730 13156
4731 13155
4732 13154
4733 13153
4734 13152
4735 13151
4736 13150
4737 13149
4738 13148
4739 13147
4740 13146
4741 13145
4742 13144
4743 13143
4744 13142
4745 13141
4746 13060
4747 13059
4748 13058
4749 13057
4750 13056
4751 13055
4752 13054
4753 12605
4754 12604
4755 12603
4756 12602
4757 12601
4758 12600
4759 12599
4760 12598
4761 12597
4762 12596
4763 8459
4764 8458
4765 8457
4766 8456
4767 8455
4768 8454
4769 8453
4770 8452
4771 8451
4772 8450
4773 8440
4774 8439
4775 8438
4776 8437
4777 8436
4778 8435
4779 8434
4780 8433
4781 8432
4782 8431
4783 8430
4784 8429
4785 8428
4786 8427
4787 8426
4788 8425
4789 8424
4790 8423
4791 8422
4792 8421
4793 8420
4794 8419
4795 8418
4796 8417
4797 8416
4798 8415
4799 8414
4800 8413
4801 8412
4802 8411
4803 8410
4804 8409
4805 8408
4806 8407
4807 8406
4808 8405
4809 8404
4810 8403
4811 8402
4812 8401
4813 8400
4814 8399
4815 11528
4816 11527
4817 11526
4818 11525
4819 11524
4820 11523
4821 11522
4822 11521
4823 11520
4824 11519
4825 11518
4826 11517
4827 11516
4828 11515
4829 11514
4830 11671
4831 11670
4832 11669
4833 11668
4834 11667
4835 11666
4836 11665
4837 11664
4838 11292
4839 11291
4840 11290
4841 11289
4842 11288
4843 11287
4844 11286
4845 11285
4846 11284
4847 11283
4848 11282
4849 11281
4850 11280
4851 11358
4852 11357
4853 11356
4854 11355
4855 11354
4856 11353
4857 11352
4858 8257
4859 8256
4860 8255
4861 8254
4862 8253
4863 8252
4864 8251
4865 8250
4866 8249
4867 8825
4868 8824
4869 8823
4870 8822
4871 8821
4872 8820
4873 8819
4874 8818
4875 8817
4876 8816
4877 8815
4878 8814
4879 10610
4880 10609
4881 10608
4882 10607
4883 10606
4884 10605
4885 10604
4886 10603
4887 10602
4888 11076
4889 11075
4890 11074
4891 11073
4892 11072
4893 11071
4894 11070
4895 11069
4896 11068
4897 11067
4898 11066
4899 11065
4900 11064
4901 8736
4902 8735
4903 8734
4904 8733
4905 8732
4906 8731
4907 8730
4908 8729
4909 8728
4910 8727
4911 8726
4912 8725
4913 8724
4914 8723
4915 8722
4916 8721
4917 8720
4918 8719
4919 8718
4920 8240
4921 8239
4922 8238
4923 8237
4924 8236
4925 8235
4926 8234
4927 8233
4928 7292
4929 7291
4930 7290
4931 7289
4932 7288
4933 7287
4934 7286
4935 10261
4936 10260
4937 10259
4938 10258
4939 10257
4940 10256
4941 10255
4942 10254
4945 7092
4946 7091
4947 7090
4948 7089
4949 7088
4950 7087
4951 7086
4952 7085
4953 7084
4954 7083
4955 7082
4956 7081
4957 7080
4958 7079
4959 7078
4960 7077
4961 7076
4962 7075
4963 7074
4964 7073
4965 7072
4966 7071
4967 7070
4968 7069
4969 10418
4970 10417
4971 10416
4972 10415
4973 10414
4974 10413
4975 10412
4976 10411
4977 10410
4978 10409
4979 10408
4980 10407
4981 8747
4982 8746
4983 8745
4984 8744
4985 8743
4986 8742
4987 8741
4988 8740
4989 8739
4990 8738
4991 8737
4992 11063
4993 11062
4994 11061
4995 11060
4996 11059
4997 11058
4998 11057
4999 11056
5000 10629
5001 10628
5002 10627
5003 10626
5004 10625
5005 10624
5006 10623
5007 10622
5008 10621
5009 10620
5010 10619
5011 10618
5012 10617
5013 10616
5014 10615
5015 10614
5016 10613
5017 10612
5018 10611
5019 8813
5020 8812
5021 8811
5022 8810
5023 8809
5024 8808
5025 8807
5026 8806
5027 8805
5028 8804
5029 8803
5030 8802
5031 8801
5032 8800
5033 8799
5034 8798
5035 8797
5036 8796
5037 8795
5038 8794
5039 8793
5040 8792
5041 8791
5042 11443
5043 11442
5044 11441
5045 11440
5046 11439
5047 11438
5048 11437
5049 11436
5050 11435
5051 11434
5052 11433
5053 11432
5054 11431
5055 11430
5056 11429
5057 11428
5058 11305
5059 11304
5060 11303
5061 11302
5062 11301
5063 11300
5064 11299
5065 11298
5066 11297
5067 11296
5068 11295
5069 11294
5070 11293
5071 11663
5072 11662
5073 11661
5074 11660
5075 11659
5076 11658
5077 11657
5078 11656
5079 11655
5080 11654
5081 11653
5082 11652
5083 11651
5084 11610
5085 11609
5086 11608
5087 11607
5088 11606
5089 11605
5090 11604
5091 11603
5092 11602
5093 11601
5094 11600
5095 11804
5096 11803
5097 11802
5098 11801
5099 11800
5100 11799
5101 11798
5102 11797
5103 11796
5104 11795
5105 11951
5106 11950
5107 11949
5108 11948
5109 11947
5110 11946
5111 11945
5112 11944
5113 11943
5114 11942
5115 11941
5116 11940
5117 11939
5118 11938
5119 12159
5120 12158
5121 12157
5122 12156
5123 12155
5124 12154
5125 12153
5126 12152
5127 12151
5128 12150
5129 12149
5130 12148
5131 12147
5132 12033
5133 12032
5134 12031
5135 12030
5136 12029
5137 12028
5138 12027
5139 12767
5140 12766
5141 12765
5142 12764
5143 12763
5144 12762
5145 12761
5146 12760
5147 12759
5148 12633
5149 12632
5150 12631
5151 12630
5152 12629
5153 12628
5154 12627
5155 12626
5156 12625
5157 12624
5158 12623
5159 12622
5160 12621
5161 12620
5162 12619
5163 12618
5164 12617
5165 12616
5166 12615
5167 12614
5168 12613
5169 12612
5170 12611
5171 12610
5172 12609
5173 12608
5174 12607
5175 12606
5176 13053
5177 13052
5178 13051
5179 13050
5180 13049
5181 13048
5182 13047
5183 13046
5184 13045
5185 13044
5186 13043
5187 13042
5188 13041
5189 13040
5190 13039
5191 13038
5192 12383
5193 12382
5194 12381
5195 12380
5196 12379
5197 12378
5198 12377
5199 12376
5200 12375
5201 9198
5202 9197
5203 9196
5204 9195
5205 9194
5206 9193
5207 9192
5208 9191
5209 9190
5210 9189
5211 9188
5212 9187
5213 9186
5214 9185
5215 9184
5216 9183
5217 9182
5218 9181
5219 9180
5220 9179
5221 9178
5222 9654
5223 9653
5224 9652
5225 9651
5226 9650
5227 9649
5228 9648
5229 9647
5230 9646
5231 9645
5232 9644
5233 9643
5234 9642
5235 9641
5236 9640
5237 9639
5238 9638
5239 9637
5240 9636
5241 9818
5242 9817
5243 9816
5244 9815
5245 9814
5246 9813
5247 9812
5248 9811
5249 9810
5250 9809
5251 9808
5252 9807
5253 9806
5254 9805
5255 9875
5256 9874
5257 9873
5258 9872
5259 9871
5260 9870
5261 9869
5262 9868
5263 9867
5264 9245
5265 9244
5266 9243
5267 9242
5268 9241
5269 9240
5270 9239
5271 9238
5272 9237
5273 9236
5274 10897
5275 10896
5276 10895
5277 10894
5278 10893
5279 10892
5280 10891
5281 10890
5282 10889
5283 10888
5284 10927
5285 10926
5286 10925
5287 10924
5288 10923
5289 10922
5290 10921
5291 10920
5292 10919
5293 10206
5294 10205
5295 10204
5296 10203
5297 10202
5298 10201
5299 10200
5300 10199
5301 10198
5302 8757
5303 8756
5304 8755
5305 8754
5306 8753
5307 8752
5308 8751
5309 8750
5310 8749
5311 8748
5314 8512
5315 8511
5316 8510
5317 8509
5318 8508
5319 8507
5320 8506
5321 8505
5322 8504
5323 8503
5324 8502
5325 8501
5326 8500
5327 10176
5328 10175
5329 10174
5330 10173
5331 10172
5332 10171
5333 10170
5334 10935
5335 10934
5336 10933
5337 10932
5338 10931
5339 10930
5340 10929
5341 10928
5342 10887
5343 10886
5344 10885
5345 10884
5346 10883
5347 10882
5348 10881
5349 10880
5350 10879
5351 10878
5352 9255
5353 9254
5354 9253
5355 9252
5356 9251
5357 9250
5358 9249
5359 9248
5360 9247
5361 9246
5362 9866
5363 9865
5364 9864
5365 9863
5366 9862
5367 9861
5368 9860
5369 9859
5370 9858
5371 9857
5372 9856
5373 9855
5374 9854
5375 9853
5376 9852
5377 9851
5378 9850
5379 9849
5380 9848
5381 9847
5382 9846
5383 9845
5384 9844
5385 9843
5386 9842
5387 9841
5388 9840
5389 9839
5390 9613
5391 9612
5392 9611
5393 9610
5394 9609
5395 9608
5396 9607
5397 9606
5398 10793
5399 10792
5400 10791
5401 10790
5402 10789
5403 10788
5404 10787
5405 10786
5406 9217
5407 9216
5408 9215
5409 9214
5410 9213
5411 9212
5412 9211
5413 9210
5414 9209
5415 9208
5416 9207
5417 9206
5418 9205
5419 9204
5420 9203
5421 9202
5422 9201
5423 9200
5424 9199
5425 12374
5426 12373
5427 12372
5428 12371
5429 12370
5430 12369
5431 12368
5432 12367
5433 12366
5434 12365
5435 12364
5436 12363
5437 12362
5438 12361
5439 12360
5440 12359
5441 12358
5442 12357
5443 12356
5444 12355
5445 12354
5446 12353
5447 12352
5448 12351
5449 12350
5450 12349
5451 12348
5452 12347
5453 12346
5454 12345
5455 12344
5456 12343
5457 12342
5458 12341
5459 12340
5460 12339
5461 12338
5462 12337
5463 12336
5464 12335
5465 12334
5466 12333
5467 12332
5468 12331
5469 12641
5470 12640
5471 12639
5472 12638
5473 12637
5474 12636
5475 12635
5476 12634
5477 12758
5478 12757
5479 12756
5480 12755
5481 12754
5482 12753
5483 12752
5484 12751
5485 12750
5486 12749
5487 12260
5488 12259
5489 12258
5490 12257
5491 12256
5492 12255
5493 12254
5494 12253
5495 12196
5496 12195
5497 12194
5498 12193
5499 12192
5500 12191
5501 12190
5502 12189
5503 12188
5504 12187
5505 12186
5506 12185
5507 12184
5508 12183
5509 12182
5510 12181
5511 11959
5512 11958
5513 11957
5514 11956
5515 11955
5516 11954
5517 11953
5518 11952
5519 11794
5520 11793
5521 11792
5522 11791
5523 11790
5524 11789
5525 11788
5526 11787
5527 11786
5528 11785
5529 11784
5530 11783
5531 11782
5532 11618
5533 11617
5534 11616
5535 11615
5536 11614
5537 11613
5538 11612
5539 11611
5540 11650
5541 11649
5542 11648
5543 11647
5544 11646
5545 11645
5546 11644
5547 11643
5548 11642
5549 11641
5550 11640
5551 11690
5552 11689
5553 11688
5554 11687
5555 11686
5556 11685
5557 11684
5558 11270
5559 11269
5560 11268
5561 11267
5562 11266
5563 11265
5564 11264
5565 11263
5566 11459
5567 11458
5568 11457
5569 11456
5570 11455
5571 11454
5572 11453
5573 11452
5574 11451
5575 11450
5576 11449
5577 11448
5578 11447
5579 11446
5580 11445
5581 11444
5582 9102
5583 9101
5584 9100
5585 9099
5586 9098
5587 9097
5588 9096
5589 9095
5590 9094
5591 9093
5592 9092
5593 9091
5594 9090
5595 9089
5596 9088
5597 9087
5598 9086
5599 9085
5600 9084
5601 9083
5602 9082
5603 9081
5604 9080
5605 10648
5606 10647
5607 10646
5608 10645
5609 10644
5610 10643
5611 10642
5612 10641
5613 10640
5614 10639
5615 10638
5616 10637
5617 10636
5618 10635
5619 10634
5620 10633
5621 10632
5622 10631
5623 10630
5624 11055
5625 11054
5626 11053
5627 11052
5628 11051
5629 11050
5630 11049
5631 11048
5632 11047
5633 11046
5634 11045
5635 11044
5636 11043
5637 11042
5638 11041
5639 11040
5640 10433
5641 10432
5642 10431
5643 10430
5644 10429
5645 10428
5646 10427
5647 10426
5648 10425
5649 10424
5650 10423
5651 10422
5652 10421
5653 10420
5654 10419
5655 7068
5656 7067
5657 7066
5658 7065
5659 7064
5660 7063
5661 7062
5662 7277
5663 7276
5664 7275
5665 7274
5666 7273
5667 7272
5668 7271
5669 7270
5670 7269
5671 10990
5672 10989
5673 10988
5674 10987
5675 10986
5676 10985
5677 10984
5678 10983
5681 10269
5682 10268
5683 10267
5684 10266
5685 10265
5686 10264
5687 10263
5688 10262
5689 7285
5690 7284
5691 7283
5692 7282
5693 7281
5694 7280
5695 7279
5696 7278
5697 7061
5698 7060
5699 7059
5700 7058
5701 7057
5702 7056
5703 7055
5704 7054
5705 10293
5706 10292
5707 10291
5708 10290
5709 10289
5710 10288
5711 10287
5712 10286
5713 10285
5714 10284
5715 11023
5716 11022
5717 11021
5718 11020
5719 11019
5720 11018
5721 11017
5722 11016
5723 11015
5724 11014
5725 11013
5726 11012
5727 11011
5728 11010
5729 11009
5730 11008
5731 11007
5732 11006
5733 11005
5734 11004
5735 11003
5736 10315
5737 10314
5738 10313
5739 10312
5740 10311
5741 10310
5742 10309
5743 10308
5744 10307
5745 10306
5746 10305
5747 10335
5748 10334
5749 10333
5750 10332
5751 10331
5752 10330
5753 10329
5754 10328
5755 10327
5756 10326
5757 11374
5758 11373
5759 11372
5760 11371
5761 11370
5762 11369
5763 11368
5764 11367
5765 11366
5766 11365
5767 11364
5768 11363
5769 11362
5770 11361
5771 11360
5772 11359
5773 11279
5774 11278
5775 11277
5776 11276
5777 11275
5778 11274
5779 11273
5780 11272
5781 11271
5782 11683
5783 11682
5784 11681
5785 11680
5786 11679
5787 11678
5788 11677
5789 11676
5790 11675
5791 11674
5792 11673
5793 11672
5794 11513
5795 11512
5796 11511
5797 11510
5798 11509
5799 11508
5800 11507
5801 11506
5802 11505
5803 11504
5804 11503
5805 11502
5806 11501
5807 11500
5808 11499
5809 11498
5810 10357
5811 10356
5812 10355
5813 10354
5814 10353
5815 10352
5816 10351
5817 10350
5818 10349
5819 10348
5820 10347
5821 12208
5822 12207
5823 12206
5824 12205
5825 12204
5826 12203
5827 12202
5828 12201
5829 12200
5830 12199
5831 12198
5832 12197
5833 12252
5834 12251
5835 12250
5836 12249
5837 12248
5838 12247
5839 12246
5840 12245
5841 12709
5842 12708
5843 12707
5844 12706
5845 12705
5846 12704
5847 12703
5848 12702
5849 12701
5850 12700
5851 12699
5852 12698
5853 12697
5854 12696
5855 12695
5856 12694
5857 12693
5858 12692
5859 12691
5860 12690
5861 12689
5862 12688
5863 12687
5864 13073
5865 13072
5866 13071
5867 13070
5868 13069
5869 13068
5870 13067
5871 13066
5872 13065
5873 13064
5874 13063
5875 13062
5876 13061
5877 13140
5878 13139
5879 13138
5880 13137
5881 13136
5882 13135
5883 13134
5884 13133
5885 13132
5886 13131
5887 13130
5888 13129
5889 13128
5890 13127
5891 13126
5892 13125
5893 13124
5894 13123
5895 9516
5896 9515
5897 9514
5898 9513
5899 9512
5900 9511
5901 9510
5902 9509
5903 9508
5904 9507
5905 9506
5906 9505
5907 9504
5908 9503
5909 9622
5910 9621
5911 9620
5912 9619
5913 9618
5914 9617
5915 9616
5916 9615
5917 9614
5918 9838
5919 9837
5920 9836
5921 9835
5922 9834
5923 9833
5924 9832
5925 9831
5926 9830
5927 9829
5928 9828
5929 9827
5930 9952
5931 9951
5932 9950
5933 9949
5934 9948
5935 9947
5936 9946
5937 9945
5938 10379
5939 10378
5940 10377
5941 10376
5942 10375
5943 10374
5944 10373
5945 10372
5946 10371
5947 10370
5948 10369
5949 10142
5950 10141
5951 10140
5952 10139
5953 10138
5954 10137
5955 10136
5956 10135
5957 10134
5958 10133
5959 10132
5960 10131
5961 10185
5962 10184
5963 10183
5964 10182
5965 10181
5966 10180
5967 10179
5968 10178
5969 10177
5970 8499
5971 8498
5972 8497
5973 8496
5974 8495
5975 8494
5976 8493
5977 8492
5978 8491
5979 8490
5980 8489
5983 13299
5984 13298
5985 13297
5986 13296
5987 13295
5988 13294
5989 13293
5990 13292
5991 13291
5992 13290
5993 13289
5994 13288
5995 10162
5996 10161
5997 10160
5998 10159
5999 10158
6000 10157
6001 10156
6002 10155
6003 10154
6004 10153
6005 10152
6006 10151
6007 10150
6008 10149
6009 10148
6010 10147
6011 10146
6012 10145
6013 10144
6014 10143
6015 10368
6016 10367
6017 10366
6018 10365
6019 10364
6020 10363
6021 10362
6022 10361
6023 10360
6024 10359
6025 10358
6026 9944
6027 9943
6028 9942
6029 9941
6030 9940
6031 9939
6032 9938
6033 9937
6034 9936
6035 9935
6036 9934
6037 9933
6038 9546
6039 9545
6040 9544
6041 9543
6042 9542
6043 9541
6044 9540
6045 9539
6046 9538
6047 9537
6048 9536
6049 9535
6050 9534
6051 9533
6052 9532
6053 9531
6054 9530
6055 9529
6056 9528
6057 9527
6058 9526
6059 9525
6060 9524
6061 9523
6062 9522
6063 9521
6064 9520
6065 9519
6066 9518
6067 9517
6068 13275
6069 13274
6070 13273
6071 13272
6072 13271
6073 13270
6074 13269
6075 13268
6076 13267
6077 13266
6078 13265
6079 13264
6080 13110
6081 13109
6082 13108
6083 13107
6084 13106
6085 13105
6086 13104
6087 13103
6088 13102
6089 13083
6090 13082
6091 13081
6092 13080
6093 13079
6094 13078
6095 13077
6096 13076
6097 13075
6098 13074
6099 12686
6100 12685
6101 12684
6102 12683
6103 12682
6104 12681
6105 12680
6106 12679
6107 12678
6108 12677
6109 12676
6110 12675
6111 12674
6112 12718
6113 12717
6114 12716
6115 12715
6116 12714
6117 12713
6118 12712
6119 12711
6120 12710
6121 12306
6122 12305
6123 12304
6124 12303
6125 12302
6126 12301
6127 12300
6128 12299
6129 12298
6130 12297
6131 12296
6132 12295
6133 12216
6134 12215
6135 12214
6136 12213
6137 12212
6138 12211
6139 12210
6140 12209
6141 10346
6142 10345
6143 10344
6144 10343
6145 10342
6146 10341
6147 10340
6148 10339
6149 10338
6150 10337
6151 10336
6152 11761
6153 11760
6154 11759
6155 11758
6156 11757
6157 11756
6158 11755
6159 11754
6160 11753
6161 11752
6162 11751
6163 11750
6164 11749
6165 11748
6166 11747
6167 11746
6168 11745
6169 11744
6170 11743
6171 11742
6172 11741
6173 11740
6174 11739
6175 11484
6176 11483
6177 11482
6178 11481
6179 11480
6180 11479
6181 11478
6182 11477
6183 11476
6184 11475
6185 11474
6186 11473
6187 11472
6188 11471
6189 11470
6190 11469
6191 11468
6192 11386
6193 11385
6194 11384
6195 11383
6196 11382
6197 11381
6198 11380
6199 11379
6200 11378
6201 11377
6202 11376
6203 11375
6204 10325
6205 10324
6206 10323
6207 10322
6208 10321
6209 10320
6210 10319
6211 10318
6212 10317
6213 10316
6214 10304
6215 10303
6216 10302
6217 10301
6218 10300
6219 10299
6220 10298
6221 10297
6222 10296
6223 10295
6224 10294
6225 11262
6226 11261
6227 11260
6228 11259
6229 11258
6230 11257
6231 11256
6232 11255
6233 11254
6234 11253
6235 11252
6236 11251
6237 11250
6238 11031
6239 11030
6240 11029
6241 11028
6242 11027
6243 11026
6244 11025
6245 11024
6246 10283
6247 10282
6248 10281
6249 10280
6250 10279
6251 10278
6252 10277
6253 10276
6254 10275
6255 10274
6256 7053
6257 7052
6258 7051
6259 7050
6260 7049
6261 7048
6262 7047
6263 7046
6264 7045
6265 7044
6266 7043
6267 7042
6268 7041
6269 7040
6270 7039
6271 7038
6272 7037
6273 7036
6274 7035
6275 7034
6276 7033
6277 7032
6278 7031
6279 7030
6282 10998
6283 10997
6284 10996
6285 10995
6286 10994
6287 10993
6288 10992
6289 10991
6290 7268
6291 7267
6292 7266
6293 7265
6294 7264
6295 7263
6296 7262
6297 7261
6298 7260
6299 7259
6300 7258
6301 7257
6302 7256
6303 7255
6304 7254
6305 7253
6306 10448
6307 10447
6308 10446
6309 10445
6310 10444
6311 10443
6312 10442
6313 10441
6314 10440
6315 10439
6316 10438
6317 10437
6318 10436
6319 10435
6320 10434
6321 11039
6322 11038
6323 11037
6324 11036
6325 11035
6326 11034
6327 11033
6328 11032
6329 11249
6330 11248
6331 11247
6332 11246
6333 11245
6334 11244
6335 11243
6336 11242
6337 11241
6338 11240
6339 11239
6340 10691
6341 10690
6342 10689
6343 10688
6344 10687
6345 10686
6346 10685
6347 10684
6348 10683
6349 10682
6350 10681
6351 10680
6352 10679
6353 10678
6354 10677
6355 10676
6356 10675
6357 10674
6358 10673
6359 10672
6360 10671
6361 10711
6362 10710
6363 10709
6364 10708
6365 10707
6366 10706
6367 10705
6368 10704
6369 10703
6370 10730
6371 10729
6372 10728
6373 10727
6374 10726
6375 10725
6376 10724
6377 10723
6378 10722
6379 11394
6380 11393
6381 11392
6382 11391
6383 11390
6384 11389
6385 11388
6386 11387
6387 11467
6388 11466
6389 11465
6390 11464
6391 11463
6392 11462
6393 11461
6394 11460
6395 11497
6396 11496
6397 11495
6398 11494
6399 11493
6400 11492
6401 11491
6402 11490
6403 11489
6404 11488
6405 11487
6406 11486
6407 11485
6408 11738
6409 11737
6410 11736
6411 11735
6412 11734
6413 11733
6414 11732
6415 11731
6416 11730
6417 11729
6418 11728
6419 11727
6420 11726
6421 11725
6422 11724
6423 11723
6424 10750
6425 10749
6426 10748
6427 10747
6428 10746
6429 10745
6430 10744
6431 10743
6432 10742
6433 12244
6434 12243
6435 12242
6436 12241
6437 12240
6438 12239
6439 12238
6440 12237
6441 12236
6442 12235
6443 12234
6444 12233
6445 12232
6446 12231
6447 12230
6448 12229
6449 12228
6450 12227
6451 12226
6452 12225
6453 12224
6454 12223
6455 12222
6456 12221
6457 12220
6458 12219
6459 12218
6460 12217
6461 12294
6462 12293
6463 12292
6464 12291
6465 12290
6466 12289
6467 12288
6468 12287
6469 12286
6470 12285
6471 12284
6472 12283
6473 12282
6474 12281
6475 12280
6476 12727
6477 12726
6478 12725
6479 12724
6480 12723
6481 12722
6482 12721
6483 12720
6484 12719
6485 12673
6486 12672
6487 12671
6488 12670
6489 12669
6490 12668
6491 12667
6492 12666
6493 12665
6494 12664
6495 13101
6496 13100
6497 13099
6498 13098
6499 13097
6500 13096
6501 13095
6502 13094
6503 13093
6504 13092
6505 13091
6506 13090
6507 13089
6508 13088
6509 13087
6510 13086
6511 13085
6512 13084
6513 13122
6514 13121
6515 13120
6516 13119
6517 13118
6518 13117
6519 13116
6520 13115
6521 13114
6522 13113
6523 13112
6524 13111
6525 13263
6526 13262
6527 13261
6528 13260
6529 13259
6530 13258
6531 13257
6532 13256
6533 13255
6534 13254
6535 13253
6536 13252
6537 13251
6538 13250
6539 10771
6540 10770
6541 10769
6542 10768
6543 10767
6544 10766
6545 10765
6546 10764
6547 10763
6548 10762
6549 10803
6550 10802
6551 10801
6552 10800
6553 10799
6554 10798
6555 10797
6556 10796
6557 10795
6558 10794
6559 9605
6560 9604
6561 9603
6562 9602
6563 9601
6564 9600
6565 9599
6566 9598
6567 9597
6568 9596
6569 9595
6570 9594
6571 9553
6572 9552
6573 9551
6574 9550
6575 9549
6576 9548
6577 9547
6578 9932
6579 9931
6580 9930
6581 9929
6582 9928
6583 9927
6584 9926
6585 9925
6586 9924
6587 9923
6588 9922
6589 9921
6590 9920
6591 9919
6592 10840
6593 10839
6594 10838
6595 10837
6596 10836
6597 10835
6598 10834
6599 10833
6600 10832
6601 10831
6602 10861
6603 10860
6604 10859
6605 10858
6606 10857
6607 10856
6608 10855
6609 10854
6610 10853
6611 10852
6612 10945
6613 10944
6614 10943
6615 10942
6616 10941
6617 10940
6618 10939
6619 10938
6620 10937
6621 10936
6622 10169
6623 10168
6624 10167
6625 10166
6626 10165
6627 10164
6628 10163
6629 13287
6630 13286
6631 13285
6632 13284
6633 13283
6634 13282
6635 13281
6636 13280
6637 13279
6638 13278
6639 13277
6640 13276
