1 9376
2 9375
3 9374
4 9373
5 9372
6 9371
7 8
9 9001
10 9000
11 8999
12 8998
13 8997
14 8996
15 8995
16 8994
17 8993
18 8992
19 20
21 8989
22 8988
23 8987
24 8986
25 8985
26 8984
27 8983
28 8982
29 8981
30 31
32 8978
33 8977
34 8976
35 8975
36 8974
37 8973
38 8972
39 8971
40 8970
41 42
43 8967
44 8966
45 9895
46 9894
47 9893
48 9892
49 9891
50 9890
51 9889
52 9888
53 9887
54 9886
55 56
57 9873
58 9872
59 9871
60 9870
61 9869
62 9868
63 64
65 9865
66 9864
67 9820
68 9819
69 9818
70 71
72 9815
73 9814
74 9813
75 9812
76 77
78 9809
79 9808
80 9807
81 9806
82 9805
83 84
85 9802
86 9801
87 9800
88 9799
89 9798
90 91
92 9561
93 9560
94 9559
95 9558
96 97
98 9555
99 9554
100 9553
101 9552
102 9551
103 9550
104 9549
105 106
107 9546
108 9545
109 9544
110 9543
111 9542
112 113
114 9539
115 9538
116 9537
117 9536
118 8378
119 120
121 8375
122 8374
123 8373
124 8372
125 8371
126 8370
127 128
129 8367
130 8366
131 8365
132 8364
133 12616
134 135
136 12613
137 12612
138 12611
139 12610
140 12609
141 142
143 12606
144 13210
145 13209
146 13208
147 13207
148 13206
149 150
151 13203
152 13202
153 13201
154 13200
155 13199
156 13198
157 13197
158 13196
159 13195
160 13194
161 13193
162 163
164 13190
165 13189
166 13188
167 13187
168 13186
169 170
171 13183
172 13182
173 13181
174 13180
175 13179
176 13178
177 178
179 13175
180 13174
181 13173
182 13172
183 13171
184 13170
185 186
187 12701
188 12700
189 12699
190 12698
191 12697
192 12696
193 194
195 12733
196 12732
197 12731
198 12730
199 12729
200 12728
201 202
203 12725
204 12724
205 9328
206 9327
207 9326
208 9325
209 9324
210 9323
211 9322
212 9321
213 9320
214 215
216 9317
217 9316
218 9315
219 9314
220 9313
221 9312
222 223
224 9309
225 9308
226 9307
227 9189
228 9188
229 230
231 9185
232 9184
233 9183
234 9182
235 9181
236 9180
237 238
239 9533
240 9532
241 9531
242 9530
243 9529
244 9528
245 246
247 9525
248 9524
249 9523
250 9522
251 9521
252 9520
253 254
255 12492
256 12491
257 12490
258 12489
259 12488
260 12487
261 12486
262 12485
263 12484
264 265
266 12481
267 12480
268 12479
269 12478
270 12477
271 272
273 12474
274 12473
275 12472
276 12471
277 12470
278 12469
279 280
281 10250
282 10249
283 10248
284 10247
285 10246
286 287
288 10285
289 10284
290 10283
291 10282
292 10281
293 294
295 10278
296 10277
297 10276
298 10275
299 10274
300 301
302 9167
303 9166
304 9165
305 9164
306 9163
307 308
309 9160
310 9148
311 9147
312 9146
313 9145
314 9144
315 9143
316 9142
317 318
319 9139
320 9138
321 10557
322 10556
323 10555
324 325
326 10552
327 10551
328 10550
329 9475
330 331
332 9472
333 9471
334 9470
335 9469
336 337
338 9466
339 9465
340 12092
341 12091
342 343
344 12088
345 12087
346 12086
347 12085
348 349
350 12082
351 12081
352 12080
353 12079
354 355
356 12076
357 12075
358 12074
359 12073
360 12072
361 362
363 12180
364 12179
365 12178
366 12177
367 12176
368 12175
369 12174
370 12173
371 12172
372 12171
373 374
375 12168
376 12167
377 12278
378 12277
379 12276
380 12275
381 382
383 12272
384 12271
385 12270
386 12269
387 12268
388 12267
389 12266
390 391
392 12263
393 12262
394 12261
395 12260
396 12259
397 12258
398 12257
399 400
401 12254
402 12253
403 12252
404 12251
405 9918
406 9917
407 9916
408 9915
409 410
411 9912
412 9911
413 9910
414 9909
415 9908
416 9907
417 9906
420 9931
421 9930
422 9929
423 9928
424 9927
425 9926
426 9925
427 428
429 9922
430 9921
431 9920
432 9919
433 12250
434 12249
435 12248
436 12247
437 438
439 12244
440 12243
441 12242
442 12241
443 12240
444 12239
445 12238
446 447
448 12235
449 11719
450 11718
451 11717
452 11716
453 11715
454 11714
455 456
457 11711
458 11710
459 11709
460 11708
461 11707
462 11706
463 464
465 11703
466 11702
467 11701
468 12187
469 12186
470 12185
471 12184
472 12183
473 12182
474 12181
475 476
477 12067
478 12066
479 12065
480 12064
481 482
483 12061
484 12060
485 12059
486 12058
487 12057
488 489
490 12054
491 10583
492 10582
493 10581
494 495
496 10578
497 10577
498 10576
499 10575
500 501
502 10572
503 10571
504 10570
505 506
507 10567
508 10566
509 10565
510 10564
511 512
513 10561
514 10560
515 10559
516 10558
517 518
519 9157
520 9156
521 9155
522 9154
523 9153
524 9152
525 9151
526 9150
527 9149
528 9179
529 530
531 9176
532 9175
533 9174
534 9173
535 536
537 9170
538 10273
539 10272
540 10271
541 10270
542 543
544 10267
545 10266
546 10265
547 10264
548 10263
549 550
551 10260
552 10259
553 10258
554 10257
555 556
557 10254
558 10253
559 12468
560 12467
561 12466
562 563
564 12463
565 12462
566 12461
567 11323
568 11322
569 570
571 11319
572 11318
573 11317
574 11316
575 11315
576 11314
577 11313
578 11312
579 11311
580 11310
581 11309
582 583
584 11306
585 11305
586 11304
587 11303
588 9497
589 590
591 9494
592 9493
593 9492
594 9491
595 9490
596 9489
597 598
599 9486
600 9485
601 9199
602 9198
603 9197
604 605
606 9194
607 9193
608 9192
609 9191
610 9190
611 612
613 9304
614 9303
615 9302
616 9301
617 9300
618 619
620 9297
621 9296
622 9295
623 9294
624 9293
625 626
627 9335
628 9334
629 9333
630 9332
631 9331
632 9330
633 9329
634 12723
635 12722
636 637
638 12719
639 12718
640 12717
641 12716
642 12715
643 644
645 12712
646 12711
647 12710
648 12709
649 12708
650 651
652 12705
653 12704
654 13169
655 13168
656 13167
657 658
659 13164
660 13163
661 13162
662 12661
663 12660
664 665
666 12657
667 12656
668 12655
669 12654
670 12653
671 672
673 12650
674 12649
675 12648
676 12647
677 12646
678 679
680 12643
681 12642
682 12641
683 12640
684 12639
685 12638
686 12637
687 12636
688 12635
689 690
691 12632
692 12631
693 12630
694 12629
695 12628
696 697
698 12625
699 12624
700 12623
701 12622
702 703
704 12619
705 12618
706 12617
707 8363
708 8362
709 710
711 8359
712 8358
713 8357
714 8356
715 8355
716 717
718 8352
719 8351
720 8350
721 8349
722 8348
723 724
725 9588
726 9587
727 9586
728 9585
729 730
731 9582
732 9581
733 9580
734 9579
735 9578
736 9577
737 9576
738 9575
739 9574
740 9573
741 742
743 9570
744 9569
745 9568
746 9567
747 9566
748 749
750 9797
751 9796
752 9795
753 9794
754 755
756 9791
757 9790
758 9789
759 9788
760 761
762 9785
763 9784
764 9783
765 9782
766 767
768 9779
769 9778
770 9777
771 9776
772 9775
773 774
775 9772
776 9771
777 7789
778 7788
779 780
781 7785
782 7784
783 7783
784 7782
785 7781
786 7780
787 788
789 7777
790 7776
791 7775
792 7774
793 7773
794 7772
795 7771
796 7770
797 7769
798 799
800 7766
801 7765
802 7764
803 7763
804 7762
805 7761
806 7760
807 808
809 9028
810 9027
811 9026
812 9025
813 9024
814 9023
815 9022
816 9021
817 818
819 9018
820 9017
821 9016
822 9015
823 9014
824 9013
825 9012
826 9011
827 9010
828 829
830 9007
831 9006
832 9005
833 9004
834 9370
835 9369
836 9368
837 9367
838 839
840 9364
843 9114
844 9113
845 9112
846 9111
847 848
849 9108
850 9107
851 9106
852 9105
853 9104
854 9103
855 9102
856 9101
857 858
859 9098
860 9097
861 9096
862 9095
863 9094
864 9093
865 9092
866 9091
867 868
869 9088
870 9087
871 9086
872 9085
873 7737
874 7736
875 7735
876 7734
877 878
879 7731
880 7730
881 7729
882 7728
883 7727
884 7726
885 886
887 7723
888 7722
889 7721
890 7844
891 7843
892 7842
893 7841
894 7840
895 7839
896 7838
897 7837
898 7836
899 900
901 7833
902 7832
903 7831
904 7830
905 906
907 9704
908 9703
909 9702
910 9701
911 912
913 9698
914 9697
915 9696
916 9695
917 918
919 9692
920 9691
921 9649
922 9648
923 924
925 9645
926 9644
927 9643
928 9642
929 930
931 9639
932 9638
933 9637
934 9636
935 936
937 9633
938 9632
939 9631
940 9630
941 942
943 9627
944 9626
945 9625
946 9624
947 9623
948 9622
949 9621
950 951
952 9618
953 9617
954 9616
955 9615
956 9614
957 958
959 8326
960 8325
961 8324
962 8323
963 964
965 8320
966 8319
967 8318
968 8317
969 970
971 8314
972 8313
973 8458
974 8457
975 8456
976 977
978 8453
979 8452
980 8451
981 7424
982 983
984 7421
985 7420
986 7419
987 7418
988 989
990 7415
991 7414
992 7413
993 7412
994 7411
995 996
997 7408
998 7407
999 7406
1000 7405
1001 7404
1002 7403
1003 7402
1004 1005
1006 12835
1007 12834
1008 12833
1009 12832
1010 1011
1012 12829
1013 12828
1014 12827
1015 12826
1016 1017
1018 12823
1019 12822
1020 12821
1021 12820
1022 12819
1023 1024
1025 12816
1026 12815
1027 12814
1028 12813
1029 1030
1031 12810
1032 12809
1033 12808
1034 12807
1035 12806
1036 1037
1038 12803
1039 12802
1040 12801
1041 12800
1042 1043
1044 9215
1045 9214
1046 9213
1047 9212
1048 9211
1049 1050
1051 9208
1052 9207
1053 9206
1054 9205
1055 9204
1056 9203
1057 9202
1058 1059
1060 9290
1061 9289
1062 9288
1063 9287
1064 1065
1066 9284
1067 9283
1068 9282
1069 9281
1070 9280
1071 1072
1073 9277
1074 9276
1075 9275
1076 9274
1077 1078
1079 9271
1080 9270
1081 9269
1082 9268
1083 9267
1084 1085
1086 9264
1087 9263
1088 9262
1089 9261
1090 1091
1092 9258
1093 11281
1094 11280
1095 11279
1096 11278
1097 1098
1099 11275
1100 11274
1101 11273
1102 11272
1103 1104
1105 11269
1106 11268
1107 11267
1108 11266
1109 11350
1110 11349
1111 11348
1112 11347
1113 1114
1115 11344
1116 11343
1117 11385
1118 11384
1119 11383
1120 1121
1122 11380
1123 11379
1124 11378
1125 11377
1126 1127
1128 11374
1129 11373
1130 11411
1131 11410
1132 1133
1134 11407
1135 11406
1136 11405
1137 11404
1138 10482
1139 1140
1141 10479
1142 10478
1143 10477
1144 10476
1145 1146
1147 10473
1148 10472
1149 10471
1150 10470
1151 1152
1153 10467
1154 10466
1155 10465
1156 10464
1157 10463
1158 1159
1160 10460
1161 10459
1162 10458
1163 10618
1164 10617
1165 1166
1167 10614
1168 10613
1169 10612
1170 10611
1171 1172
1173 10608
1174 10607
1175 10606
1176 1177
1178 10603
1179 10602
1180 10601
1181 10600
1182 1183
1184 10597
1185 10596
1186 10595
1187 10594
1188 1189
1190 10591
1191 10590
1192 10589
1193 10588
1194 1195
1196 10585
1197 10584
1198 12053
1199 12052
1200 1201
1202 12049
1203 12048
1204 12047
1205 12046
1206 1207
1208 12043
1209 12042
1210 12041
1211 12040
1212 1213
1214 12194
1215 12193
1216 12192
1217 12191
1218 12190
1219 12189
1220 12188
1221 11700
1222 11699
1223 11698
1224 1225
1226 11695
1227 11694
1228 11693
1229 11692
1230 11691
1231 11690
1232 1233
1234 11725
1235 11724
1236 11723
1237 11722
1238 11721
1239 11720
1240 1241
1242 12232
1243 12231
1244 12230
1245 12229
1246 12228
1247 9987
1248 9986
1249 9985
1250 1251
1252 9982
1253 9981
1254 9980
1255 9979
1256 9978
1257 9977
1258 9976
1259 9975
1260 1261
1262 9972
1263 9971
1264 9970
1265 9969
1266 9968
1267 9967
1268 9966
1271 10134
1272 10133
1273 10132
1274 10131
1275 10130
1276 10129
1277 10128
1278 10127
1279 1280
1281 9999
1282 9998
1283 9997
1284 9996
1285 9995
1286 9994
1287 9993
1288 1289
1290 9990
1291 9989
1292 9988
1293 12227
1294 12226
1295 12225
1296 12224
1297 12223
1298 1299
1300 12220
1301 12219
1302 12218
1303 12217
1304 12216
1305 12215
1306 1307
1308 12212
1309 12211
1310 12210
1311 12209
1312 12208
1313 12207
1314 1315
1316 12204
1317 12203
1318 12202
1319 12201
1320 12200
1321 12199
1322 12198
1323 12197
1324 12196
1325 12195
1326 1327
1328 12035
1329 12034
1330 12033
1331 12032
1332 1333
1334 12029
1335 12028
1336 12027
1337 12026
1338 1339
1340 12023
1341 12022
1342 12021
1343 12020
1344 1345
1346 12017
1347 12016
1348 12015
1349 1350
1351 12012
1352 12011
1353 12010
1354 12009
1355 1356
1357 12006
1358 12005
1359 12004
1360 12003
1361 1362
1363 12000
1364 11999
1365 11998
1366 1367
1368 10627
1369 10626
1370 10625
1371 10624
1372 1373
1374 10621
1375 10620
1376 10619
1377 10457
1378 10456
1379 10455
1380 1381
1382 10452
1383 10451
1384 10665
1385 10664
1386 1387
1388 10661
1389 10660
1390 10659
1391 10658
1392 1393
1394 10655
1395 10654
1396 10653
1397 11424
1398 1399
1400 11421
1401 11420
1402 11419
1403 11418
1404 1405
1406 11415
1407 11414
1408 11413
1409 11412
1410 1411
1412 11370
1413 11369
1414 11368
1415 11367
1416 1417
1418 11364
1419 11363
1420 11362
1421 11361
1422 1423
1424 11358
1425 11357
1426 11356
1427 11355
1428 1429
1430 11352
1431 11351
1432 11265
1433 11264
1434 11263
1435 1436
1437 11260
1438 11259
1439 11258
1440 11257
1441 1442
1443 11254
1444 11253
1445 11252
1446 11251
1447 1448
1449 11248
1450 11247
1451 11246
1452 11245
1453 1454
1455 11242
1456 11241
1457 11240
1458 11239
1459 1460
1461 11236
1462 11235
1463 11234
1464 11233
1465 1466
1467 11230
1468 7138
1469 7137
1470 7136
1471 1472
1473 7133
1474 7132
1475 7131
1476 7130
1477 1478
1479 7127
1480 7126
1481 12894
1482 12893
1483 1484
1485 12890
1486 12889
1487 12888
1488 12887
1489 12886
1490 12885
1491 1492
1493 12882
1494 12881
1495 12880
1496 12879
1497 1498
1499 12876
1500 12875
1501 12874
1502 12873
1503 1504
1505 12870
1506 12869
1507 12868
1508 12867
1509 1510
1511 12864
1512 12863
1513 12862
1514 12861
1515 1516
1517 12858
1518 12857
1519 12856
1520 12855
1521 1522
1523 12852
1524 12851
1525 12850
1526 12849
1527 1528
1529 12846
1530 12845
1531 12844
1532 12843
1533 1534
1535 12840
1536 12839
1537 12838
1538 7401
1539 1540
1541 7398
1542 7397
1543 7396
1544 7395
1545 7394
1546 1547
1548 7391
1549 7390
1550 7389
1551 7388
1552 1553
1554 7385
1555 7384
1556 7383
1557 7382
1558 1559
1560 7379
1561 7378
1562 8466
1563 8465
1564 1565
1566 8462
1567 8461
1568 8460
1569 8459
1570 1571
1572 8310
1573 8309
1574 8308
1575 8307
1576 1577
1578 8304
1579 8303
1580 8302
1581 8301
1582 1583
1584 8298
1585 8297
1586 8296
1587 8295
1588 1589
1590 8292
1591 8291
1592 8290
1593 1594
1595 8287
1596 8286
1597 8285
1598 8284
1599 8283
1600 8282
1601 1602
1603 8279
1604 8278
1605 8277
1606 1607
1608 8620
1609 8619
1610 8618
1611 8617
1612 1613
1614 9658
1615 9657
1616 9656
1617 9655
1618 1619
1620 9652
1621 9651
1622 9650
1623 1624
1625 9688
1626 9687
1627 9686
1628 9685
1629 1630
1631 9682
1632 9681
1633 9680
1634 8032
1635 1636
1637 8029
1638 8028
1639 8027
1640 1641
1642 8024
1643 8023
1644 8022
1645 8021
1646 8020
1647 1648
1649 7850
1650 7849
1651 7848
1652 7847
1653 7846
1654 7845
1655 7720
1656 7719
1657 1658
1659 7716
1660 7715
1661 7714
1662 7713
1663 7712
1664 7711
1665 1666
1667 7516
1668 7515
1669 7514
1670 7513
1671 7512
1672 7511
1673 7510
1674 1675
1676 7507
1677 7506
1678 7505
1679 7504
1680 7503
1681 7502
1682 7501
1683 1684
1685 7498
1686 7497
1687 7496
1688 7495
1689 7494
1690 7493
1691 7443
1692 1693
1694 7440
1695 7439
1696 7438
1697 7437
1698 7436
1699 7435
1700 7434
1701 7433
1704 7042
1705 7041
1706 7040
1707 1708
1709 7037
1710 7036
1711 7035
1712 7034
1713 7033
1714 7032
1715 7031
1716 1717
1718 7028
1719 7027
1720 7026
1721 7025
1722 7024
1723 7533
1724 1725
1726 7530
1727 7529
1728 7528
1729 7527
1730 7526
1731 7525
1732 7524
1733 1734
1735 7521
1736 7520
1737 7519
1738 7518
1739 7517
1740 7708
1741 1742
1743 7705
1744 7704
1745 7703
1746 7702
1747 7701
1748 1749
1750 8055
1751 8054
1752 8053
1753 8052
1754 8051
1755 8050
1756 1757
1758 8047
1759 8046
1760 8045
1761 8044
1762 1763
1764 8041
1765 8040
1766 8039
1767 8038
1768 1769
1770 8035
1771 8034
1772 8033
1773 1774
1775 9677
1776 9676
1777 9675
1778 9674
1779 1780
1781 9671
1782 9670
1783 9669
1784 1785
1786 9666
1787 9665
1788 9664
1789 9663
1790 1791
1792 9660
1793 9659
1794 8614
1795 1796
1797 8611
1798 8610
1799 8609
1800 1801
1802 8606
1803 8605
1804 8604
1805 8603
1806 1807
1808 8600
1809 8599
1810 8598
1811 8597
1812 8596
1813 8595
1814 8594
1815 1816
1817 8591
1818 8590
1819 8589
1820 8588
1821 1822
1823 8489
1824 8488
1825 8487
1826 8486
1827 1828
1829 8483
1830 8482
1831 8481
1832 1833
1834 8478
1835 8477
1836 8476
1837 8475
1838 1839
1840 8472
1841 8471
1842 8470
1843 8469
1844 1845
1846 7377
1847 7376
1848 7375
1849 1850
1851 7372
1852 7371
1853 7370
1854 7369
1855 1856
1857 7366
1858 7365
1859 7364
1860 7363
1861 1862
1863 7360
1864 7359
1865 7358
1866 7357
1867 7356
1868 7355
1869 7354
1870 7353
1871 1872
1873 7350
1874 7349
1875 7348
1876 7347
1877 1878
1879 7344
1880 7343
1881 7342
1882 1883
1884 7339
1885 6838
1886 6837
1887 6836
1888 1889
1890 6833
1891 6832
1892 6831
1893 1894
1895 6818
1896 6817
1897 6816
1898 6815
1899 1900
1901 6812
1902 6811
1903 6810
1904 1905
1906 6796
1907 6795
1908 6794
1909 6793
1910 1911
1912 6790
1913 6789
1914 6788
1915 7164
1916 1917
1918 7161
1919 7160
1920 7159
1921 7158
1922 1923
1924 7080
1925 7079
1926 7078
1927 1928
1929 7075
1930 7074
1931 7073
1932 7072
1933 1934
1935 7069
1936 7068
1937 7067
1938 7066
1939 1940
1941 11229
1942 11228
1943 11227
1944 1945
1946 11224
1947 11223
1948 11222
1949 11221
1950 1951
1952 11218
1953 11217
1954 11216
1955 1956
1957 11213
1958 11212
1959 11211
1960 11210
1961 1962
1963 11207
1964 11206
1965 11205
1966 1967
1968 11202
1969 11201
1970 11200
1971 11199
1972 1973
1974 11196
1975 11195
1976 11194
1977 11193
1978 6776
1979 6775
1980 6774
1981 6773
1982 1983
1984 6770
1985 6769
1986 6768
1987 1988
1989 6754
1990 6753
1991 6752
1992 6751
1993 1994
1995 6748
1996 6747
1997 6746
1998 6745
1999 2000
2001 10689
2002 10688
2003 10687
2004 2005
2006 10684
2007 10683
2008 10682
2009 10681
2010 2011
2012 10678
2013 10677
2014 10676
2015 10675
2016 2017
2018 10672
2019 10671
2020 10670
2021 2022
2023 10667
2024 10666
2025 10450
2026 10449
2027 2028
2029 10446
2030 10445
2031 10444
2032 10443
2033 10442
2034 10441
2035 10440
2036 2037
2038 10437
2039 10436
2040 10435
2041 6734
2042 2043
2044 6731
2045 6730
2046 6729
2047 2048
2049 6726
2050 6725
2051 6713
2052 6712
2053 2054
2055 6709
2056 6708
2057 6707
2058 2059
2060 6704
2061 6703
2062 6692
2063 6691
2064 2065
2066 6688
2067 6687
2068 6686
2069 2070
2071 6683
2072 6672
2073 6671
2074 6670
2075 2076
2077 6667
2078 6666
2079 6665
2080 6664
2081 2082
2083 11850
2084 11849
2085 11848
2086 11847
2087 11846
2088 11845
2089 11844
2090 11843
2091 11842
2092 11841
2093 2094
2095 11838
2096 11837
2097 11836
2098 11835
2099 11834
2100 2101
2102 11831
2103 11830
2104 6651
2105 6650
2106 6649
2107 6648
2108 6647
2109 2110
2111 6644
2112 6643
2113 6642
2114 10070
2115 10069
2116 10068
2117 10067
2118 2119
2120 10064
2121 10063
2122 10009
2123 10008
2124 10007
2125 10006
2126 10005
2127 10004
2128 2129
2130 10126
2131 10125
2132 10124
2133 10123
2134 10122
2135 10121
2136 10120
2137 10119
2140 10094
2141 10093
2142 10092
2143 10091
2144 10090
2145 10089
2146 10088
2147 10087
2148 2149
2150 10084
2151 10083
2152 10082
2153 10081
2154 10080
2155 10079
2156 10078
2157 10077
2158 2159
2160 10074
2161 10073
2162 10072
2163 10071
2164 6661
2165 6660
2166 6659
2167 2168
2169 6656
2170 6655
2171 6654
2172 6653
2173 6652
2174 11829
2175 11828
2176 2177
2178 11825
2179 11824
2180 11823
2181 11822
2182 11821
2183 2184
2185 11818
2186 11817
2187 11859
2188 11858
2189 11857
2190 11856
2191 11855
2192 11854
2193 11853
2194 2195
2196 6682
2197 6681
2198 6680
2199 6679
2200 2201
2202 6676
2203 6675
2204 6674
2205 6673
2206 2207
2208 6700
2209 6699
2210 6698
2211 6697
2212 2213
2214 6694
2215 6693
2216 6724
2217 2218
2219 6721
2220 6720
2221 6719
2222 6718
2223 2224
2225 6715
2226 6714
2227 6744
2228 2229
2230 6741
2231 6740
2232 6739
2233 6738
2234 2235
2236 6735
2237 10434
2238 10433
2239 2240
2241 10430
2242 10429
2243 10428
2244 10427
2245 10426
2246 10425
2247 10424
2248 10423
2249 2250
2251 10420
2252 10419
2253 10418
2254 2255
2256 10415
2257 10414
2258 10413
2259 10412
2260 2261
2262 10409
2263 10408
2264 10407
2265 2266
2267 10703
2268 10702
2269 10701
2270 10700
2271 2272
2273 10697
2274 10696
2275 10695
2276 2277
2278 10692
2279 6765
2280 6764
2281 2282
2283 6761
2284 6760
2285 6759
2286 6758
2287 2288
2289 6755
2290 6787
2291 6786
2292 2293
2294 6783
2295 6782
2296 6781
2297 2298
2299 6778
2300 6777
2301 11192
2302 11191
2303 11190
2304 11189
2305 2306
2307 11186
2308 11185
2309 11184
2310 2311
2312 11181
2313 11180
2314 11179
2315 2316
2317 11176
2318 11175
2319 11174
2320 2321
2322 11171
2323 11170
2324 11169
2325 11168
2326 2327
2328 11165
2329 11164
2330 11163
2331 2332
2333 11160
2334 11159
2335 11158
2336 2337
2338 11155
2339 11154
2340 11153
2341 2342
2343 11150
2344 11149
2345 11148
2346 11147
2347 2348
2349 11144
2350 7178
2351 7177
2352 2353
2354 7174
2355 7173
2356 7172
2357 7171
2358 7170
2359 7169
2360 7168
2361 2362
2363 7165
2364 6809
2365 6808
2366 2367
2368 6805
2369 6804
2370 6803
2371 2372
2373 6800
2374 6799
2375 6828
2376 6827
2377 2378
2379 6824
2380 6823
2381 6822
2382 2383
2384 6819
2385 6848
2386 6847
2387 2388
2389 6844
2390 6843
2391 6842
2392 2393
2394 6839
2395 7338
2396 7337
2397 7336
2398 2399
2400 7333
2401 7332
2402 7331
2403 2404
2405 7328
2406 7327
2407 7326
2408 2409
2410 7323
2411 7322
2412 7321
2413 7320
2414 7319
2415 7318
2416 7317
2417 2418
2419 7314
2420 7313
2421 7312
2422 2423
2424 6868
2425 6867
2426 6866
2427 6865
2428 2429
2430 6862
2431 6861
2432 6860
2433 2434
2435 8515
2436 8514
2437 8513
2438 8512
2439 2440
2441 8509
2442 8508
2443 8507
2444 2445
2446 8504
2447 8503
2448 8502
2449 2450
2451 8499
2452 8498
2453 8497
2454 8496
2455 2456
2457 8493
2458 8492
2459 8587
2460 2461
2462 8584
2463 8583
2464 8582
2465 2466
2467 8579
2468 8578
2469 8577
2470 8576
2471 8575
2472 8574
2473 2474
2475 8571
2476 8570
2477 8569
2478 2479
2480 8566
2481 8565
2482 8564
2483 2484
2485 8561
2486 8560
2487 6888
2488 2489
2490 6885
2491 6884
2492 6883
2493 6882
2494 2495
2496 6879
2497 6878
2498 8092
2499 2500
2501 8089
2502 8088
2503 8087
2504 2505
2506 8084
2507 8083
2508 8082
2509 2510
2511 8079
2512 8078
2513 8077
2514 2515
2516 8074
2517 8073
2518 8072
2519 8071
2520 2521
2522 8068
2523 8067
2524 8066
2525 8065
2526 8064
2527 8063
2528 8062
2529 8061
2530 8060
2531 2532
2533 7700
2534 7699
2535 7698
2536 7697
2537 2538
2539 7694
2540 7693
2541 7692
2542 7691
2543 7690
2544 7689
2545 2546
2547 7686
2548 7685
2549 7684
2550 7683
2551 7682
2552 7681
2553 2554
2555 7678
2556 7677
2557 7676
2558 7675
2559 7674
2560 7673
2561 2562
2563 7670
2564 7669
2565 7668
2566 7667
2567 7666
2568 7665
2569 2570
2571 7001
2572 7000
2573 6999
2574 6998
2575 6997
2576 6996
2579 7007
2580 7006
2581 7005
2582 7004
2583 7003
2584 7002
2585 2586
2587 7660
2588 7659
2589 7658
2590 7657
2591 7656
2592 7655
2593 7654
2594 7653
2595 7652
2596 7651
2597 7650
2598 7649
2599 7648
2600 7647
2601 7646
2602 7598
2603 7597
2604 7596
2605 7595
2606 7594
2607 7593
2608 7592
2609 7591
2610 7590
2611 7589
2612 7588
2613 7587
2614 7586
2615 7585
2616 7584
2617 7583
2618 7582
2619 7581
2620 7580
2621 7579
2622 7578
2623 6899
2624 6898
2625 6897
2626 6896
2627 6895
2628 6894
2629 6893
2630 6892
2631 6891
2632 6890
2633 6889
2634 8107
2635 8106
2636 8105
2637 8104
2638 8103
2639 8102
2640 8101
2641 2642
2643 8098
2644 8097
2645 8096
2646 8095
2647 8094
2648 8093
2649 6877
2650 6876
2651 6875
2652 6874
2653 6873
2654 6872
2655 6871
2656 6870
2657 6869
2658 8559
2659 8558
2660 8557
2661 8556
2662 8555
2663 8554
2664 8553
2665 8552
2666 8551
2667 8550
2668 8549
2669 8548
2670 8547
2671 8546
2672 8545
2673 8544
2674 8543
2675 8542
2676 8541
2677 8540
2678 8539
2679 8538
2680 8537
2681 8536
2682 8535
2683 8534
2684 8533
2685 8532
2686 8531
2687 8530
2688 8529
2689 8528
2690 8527
2691 2692
2693 8524
2694 8523
2695 8522
2696 8521
2697 8520
2698 8519
2699 8518
2700 8517
2701 8516
2702 6857
2703 6856
2704 6855
2705 6854
2706 6853
2707 6852
2708 6851
2709 6850
2710 6849
2711 7309
2712 7308
2713 7307
2714 7306
2715 7305
2716 7304
2717 7303
2718 7302
2719 7301
2720 2721
2722 7298
2723 7297
2724 13014
2725 13013
2726 13012
2727 13011
2728 13010
2729 13009
2730 13008
2731 13007
2732 13006
2733 13005
2734 13004
2735 13003
2736 13002
2737 13001
2738 13000
2739 12999
2740 12998
2741 12997
2742 12996
2743 12995
2744 2745
2746 12992
2747 12991
2748 12990
2749 7204
2750 7203
2751 7202
2752 7201
2753 7200
2754 7199
2755 7198
2756 7197
2757 7196
2758 7195
2759 7194
2760 7193
2761 7192
2762 7191
2763 7190
2764 7189
2765 7188
2766 7187
2767 7186
2768 7185
2769 2770
2771 7182
2772 7181
2773 7180
2774 7179
2775 11143
2776 11142
2777 11141
2778 11140
2779 11139
2780 11138
2781 11137
2782 11136
2783 11135
2784 11134
2785 11133
2786 11132
2787 11131
2788 11130
2789 11129
2790 11128
2791 11127
2792 2793
2794 11124
2795 11123
2796 11122
2797 11121
2798 11120
2799 11119
2800 11118
2801 10946
2802 10945
2803 10944
2804 10943
2805 10942
2806 10941
2807 10940
2808 10939
2809 10938
2810 10937
2811 10936
2812 10935
2813 10934
2814 10933
2815 10932
2816 10931
2817 10930
2818 10929
2819 10928
2820 10927
2821 10926
2822 10925
2823 10725
2824 10724
2825 10723
2826 10722
2827 10721
2828 10720
2829 2830
2831 10717
2832 10716
2833 10715
2834 10714
2835 10713
2836 10712
2837 10711
2838 10710
2839 10709
2840 10708
2841 10707
2842 10706
2843 10705
2844 10704
2845 10404
2846 10403
2847 10402
2848 10401
2849 10400
2850 10399
2851 10398
2852 10397
2853 10396
2854 11467
2855 11466
2856 11465
2857 11464
2858 11463
2859 11462
2860 11461
2861 11460
2862 11971
2863 11970
2864 11969
2865 11968
2866 11967
2867 11966
2868 11965
2869 11964
2870 11963
2871 11962
2872 11961
2873 11960
2874 11959
2875 11572
2876 11571
2877 11570
2878 11569
2879 11568
2880 11567
2881 11566
2882 11565
2883 11564
2884 11563
2885 11562
2886 11561
2887 11560
2888 11559
2889 11558
2890 11557
2891 11556
2892 11555
2893 11554
2894 11553
2895 11552
2896 11551
2897 11550
2898 11549
2899 11548
2900 11547
2901 11546
2902 11545
2903 11544
2904 11867
2905 11866
2906 11865
2907 11864
2908 11863
2909 11862
2910 11861
2911 11860
2912 11816
2913 11815
2914 11814
2915 11813
2916 11812
2917 11811
2918 11810
2919 11809
2920 11808
2921 11807
2922 11806
2923 11805
2924 11804
2925 11803
2926 11802
2927 10035
2928 10034
2929 10033
2930 10032
2931 10031
2932 10030
2933 10029
2934 10028
2935 10027
2936 10026
2937 10025
2938 10024
2939 10023
2940 10022
2941 10021
2942 10020
2943 10019
2944 10018
2945 10017
2946 10106
2947 10105
2948 10104
2949 10103
2950 10102
2951 10101
2952 10100
2953 10099
2956 6995
2957 6994
2958 6993
2959 6992
2960 6991
2961 6990
2962 6989
2963 6988
2964 6987
2965 6986
2966 6985
2967 6984
2968 6983
2969 10046
2970 10045
2971 10044
2972 10043
2973 10042
2974 10041
2975 10040
2976 10039
2977 10038
2978 10037
2979 10036
2980 11801
2981 11800
2982 11799
2983 11798
2984 11797
2985 11796
2986 11795
2987 11794
2988 11793
2989 11792
2990 11606
2991 11605
2992 11604
2993 11603
2994 11602
2995 11601
2996 11600
2997 11599
2998 11598
2999 11597
3000 11596
3001 11595
3002 11594
3003 11593
3004 11592
3005 11591
3006 11590
3007 11589
3008 11588
3009 11587
3010 11586
3011 11585
3012 11584
3013 11583
3014 11582
3015 11581
3016 11580
3017 11579
3018 11578
3019 11577
3020 11576
3021 11575
3022 11574
3023 11573
3024 11958
3025 11957
3026 11956
3027 11955
3028 11954
3029 11953
3030 11952
3031 11951
3032 11477
3033 11476
3034 11475
3035 11474
3036 11473
3037 11472
3038 11471
3039 11470
3040 11469
3041 11468
3042 10395
3043 10394
3044 10393
3045 10392
3046 10391
3047 10390
3048 10389
3049 10388
3050 10387
3051 10386
3052 10385
3053 10739
3054 10738
3055 10737
3056 10736
3057 10735
3058 10734
3059 10733
3060 10732
3061 10731
3062 10730
3063 10729
3064 10728
3065 10727
3066 10726
3067 10924
3068 10923
3069 10922
3070 10921
3071 10920
3072 10919
3073 10918
3074 10958
3075 10957
3076 10956
3077 10955
3078 10954
3079 10953
3080 10952
3081 10951
3082 10950
3083 10949
3084 10948
3085 10947
3086 11117
3087 11116
3088 11115
3089 11114
3090 11113
3091 11112
3092 11111
3093 11110
3094 11109
3095 11108
3096 11107
3097 11106
3098 11105
3099 11104
3100 11103
3101 11102
3102 11101
3103 11100
3104 11099
3105 11098
3106 11097
3107 11096
3108 11095
3109 11094
3110 11093
3111 11092
3112 11091
3113 11090
3114 11089
3115 11088
3116 11087
3117 7217
3118 7216
3119 7215
3120 7214
3121 7213
3122 7212
3123 7211
3124 7210
3125 7209
3126 7208
3127 7207
3128 7206
3129 7205
3130 12989
3131 12988
3132 12987
3133 12986
3134 12985
3135 12984
3136 12983
3137 12982
3138 12981
3139 12980
3140 12979
3141 12978
3142 12977
3143 12976
3144 12975
3145 12974
3146 12973
3147 12972
3148 8183
3149 8182
3150 8181
3151 8180
3152 8179
3153 8178
3154 8177
3155 8176
3156 8175
3157 8174
3158 8173
3159 8172
3160 8171
3161 8170
3162 8169
3163 8168
3164 8167
3165 8166
3166 8165
3167 8164
3168 8163
3169 8162
3170 8161
3171 8160
3172 8159
3173 8158
3174 8157
3175 8156
3176 8155
3177 8154
3178 8153
3179 8152
3180 8151
3181 8150
3182 8149
3183 8148
3184 8147
3185 8146
3186 8145
3187 8144
3188 8143
3189 8142
3190 8141
3191 8140
3192 8139
3193 8138
3194 8137
3195 8136
3196 8135
3197 8134
3198 8133
3199 8132
3200 8131
3201 8130
3202 8129
3203 8128
3204 8127
3205 8126
3206 8125
3207 8124
3208 8123
3209 8122
3210 8121
3211 8120
3212 8119
3213 8118
3214 8117
3215 8116
3216 8115
3217 8114
3218 8113
3219 8112
3220 8111
3221 8110
3222 8109
3223 8108
3224 6909
3225 6908
3226 6907
3227 6906
3228 6905
3229 6904
3230 6903
3231 6902
3232 6901
3233 6900
3234 7577
3235 7576
3236 7575
3237 7574
3238 7573
3239 7572
3240 7571
3241 7570
3242 7569
3243 7608
3244 7607
3245 7606
3246 7605
3247 7604
3248 7603
3249 7602
3250 7601
3251 7600
3252 7599
3253 7645
3254 7644
3255 7643
3256 7642
3257 7641
3258 7640
3259 7639
3260 7638
3261 7637
3262 7636
3263 7635
3264 7634
3265 7633
3266 7632
3267 7017
3268 7016
3269 7015
3270 7014
3271 7013
3272 7012
3275 7023
3276 7022
3277 7021
3278 7020
3279 7019
3280 7018
3281 7631
3282 7630
3283 7629
3284 7628
3285 7627
3286 7626
3287 7625
3288 7624
3289 7623
3290 7622
3291 7621
3292 7620
3293 7619
3294 7618
3295 7617
3296 7616
3297 7615
3298 7614
3299 7613
3300 7612
3301 7611
3302 7610
3303 7609
3304 7568
3305 7567
3306 7566
3307 7565
3308 7564
3309 7563
3310 7562
3311 7561
3312 7560
3313 8699
3314 8698
3315 8697
3316 8696
3317 8695
3318 8694
3319 8693
3320 8692
3321 8691
3322 8690
3323 8689
3324 8688
3325 8687
3326 8686
3327 8685
3328 8684
3329 8683
3330 8682
3331 8681
3332 8680
3333 8679
3334 8678
3335 8677
3336 8676
3337 8675
3338 8674
3339 8673
3340 8672
3341 8671
3342 8670
3343 8669
3344 8668
3345 8667
3346 8666
3347 8665
3348 8664
3349 8663
3350 8662
3351 8661
3352 8660
3353 8659
3354 8658
3355 8657
3356 8656
3357 8223
3358 8222
3359 8221
3360 8220
3361 8219
3362 8218
3363 8217
3364 8216
3365 8215
3366 8214
3367 8213
3368 8212
3369 8211
3370 8210
3371 8209
3372 8208
3373 8207
3374 8206
3375 8205
3376 8204
3377 8203
3378 8202
3379 8201
3380 8200
3381 8199
3382 8198
3383 8197
3384 8196
3385 8195
3386 8194
3387 8193
3388 8192
3389 8191
3390 8190
3391 8189
3392 8188
3393 8187
3394 8186
3395 8185
3396 8184
3397 12971
3398 12970
3399 12969
3400 12968
3401 12967
3402 12966
3403 12965
3404 12964
3405 12963
3406 12962
3407 12961
3408 12960
3409 12959
3410 7235
3411 7234
3412 7233
3413 7232
3414 7231
3415 7230
3416 7229
3417 7228
3418 7227
3419 7226
3420 7225
3421 7224
3422 7223
3423 7222
3424 7221
3425 7220
3426 7219
3427 7218
3428 11086
3429 11085
3430 11084
3431 11083
3432 11082
3433 11081
3434 11080
3435 11079
3436 11078
3437 11077
3438 11076
3439 11075
3440 11074
3441 11073
3442 11072
3443 11071
3444 11026
3445 11025
3446 11024
3447 11023
3448 11022
3449 11021
3450 11020
3451 11019
3452 11018
3453 11017
3454 11016
3455 11015
3456 11014
3457 11013
3458 11012
3459 11011
3460 11010
3461 11009
3462 10966
3463 10965
3464 10964
3465 10963
3466 10962
3467 10961
3468 10960
3469 10959
3470 10917
3471 10916
3472 10915
3473 10914
3474 10913
3475 10912
3476 10911
3477 10910
3478 10909
3479 10908
3480 10907
3481 10749
3482 10748
3483 10747
3484 10746
3485 10745
3486 10744
3487 10743
3488 10742
3489 10741
3490 10740
3491 10384
3492 10383
3493 10382
3494 10381
3495 10380
3496 10379
3497 10378
3498 10377
3499 10376
3500 10375
3501 10374
3502 10373
3503 10372
3504 10371
3505 11484
3506 11483
3507 11482
3508 11481
3509 11480
3510 11479
3511 11478
3512 11950
3513 11949
3514 11948
3515 11947
3516 11946
3517 11945
3518 11944
3519 11943
3520 11942
3521 11941
3522 11940
3523 11939
3524 11938
3525 11937
3526 11936
3527 11935
3528 11934
3529 11933
3530 11932
3531 11931
3532 11930
3533 11929
3534 11928
3535 11927
3536 11926
3537 11925
3538 11622
3539 11621
3540 11620
3541 11619
3542 11618
3543 11617
3544 11616
3545 11615
3546 11614
3547 11613
3548 11612
3549 11611
3550 11610
3551 11609
3552 11608
3553 11607
3554 11791
3555 11790
3556 11789
3557 11788
3558 11787
3559 11786
3560 11785
3561 11784
3562 11783
3563 11782
3564 11781
3565 11780
3566 11779
3567 10054
3568 10053
3569 10052
3570 10051
3571 10050
3572 10049
3573 10048
3574 10047
3575 6982
3576 6981
3577 6980
3578 6979
3579 6978
3580 6977
3581 6976
3582 6975
3583 6974
3584 6973
3585 6972
3586 6971
3587 6970
3590 10114
3591 10113
3592 10112
3593 10111
3594 10110
3595 10109
3596 10108
3597 10107
3598 10016
3599 10015
3600 10014
3601 10013
3602 10012
3603 10011
3604 10010
3605 10062
3606 10061
3607 10060
3608 10059
3609 10058
3610 10057
3611 10056
3612 10055
3613 11778
3614 11777
3615 11776
3616 11775
3617 11774
3618 11773
3619 11772
3620 11771
3621 11770
3622 11769
3623 11768
3624 11883
3625 11882
3626 11881
3627 11880
3628 11879
3629 11878
3630 11877
3631 11876
3632 11875
3633 11874
3634 11873
3635 11872
3636 11871
3637 11870
3638 11869
3639 11868
3640 11543
3641 11542
3642 11541
3643 11540
3644 11539
3645 11538
3646 11537
3647 11536
3648 11535
3649 11534
3650 11533
3651 11532
3652 11531
3653 11530
3654 11529
3655 11528
3656 11527
3657 11526
3658 11525
3659 11524
3660 11523
3661 11522
3662 11521
3663 11520
3664 11519
3665 11518
3666 11987
3667 11986
3668 11985
3669 11984
3670 11983
3671 11982
3672 11981
3673 11980
3674 11979
3675 11978
3676 11977
3677 11976
3678 11975
3679 11974
3680 11973
3681 11972
3682 11459
3683 11458
3684 11457
3685 11456
3686 11455
3687 11454
3688 11453
3689 11452
3690 11451
3691 11450
3692 11449
3693 11448
3694 11447
3695 11446
3696 11445
3697 11444
3698 11443
3699 11442
3700 11441
3701 11440
3702 11439
3703 11438
3704 11437
3705 11436
3706 11435
3707 11434
3708 10757
3709 10756
3710 10755
3711 10754
3712 10753
3713 10752
3714 10751
3715 10750
3716 10906
3717 10905
3718 10904
3719 10903
3720 10902
3721 10901
3722 10900
3723 10899
3724 10898
3725 10897
3726 10896
3727 10895
3728 10894
3729 10974
3730 10973
3731 10972
3732 10971
3733 10970
3734 10969
3735 10968
3736 10967
3737 11008
3738 11007
3739 11006
3740 11005
3741 11004
3742 11003
3743 11002
3744 11001
3745 11000
3746 10999
3747 10998
3748 10997
3749 10996
3750 7106
3751 7105
3752 7104
3753 7103
3754 7102
3755 7101
3756 7100
3757 7099
3758 7098
3759 7097
3760 7096
3761 7095
3762 7094
3763 7093
3764 3765
3766 7090
3767 7089
3768 7088
3769 7087
3770 7086
3771 7085
3772 7084
3773 7083
3774 7157
3775 7156
3776 7155
3777 7154
3778 7153
3779 7152
3780 7151
3781 7150
3782 7149
3783 7148
3784 7147
3785 7146
3786 7145
3787 7144
3788 7143
3789 7142
3790 7141
3791 7140
3792 7139
3793 13039
3794 13038
3795 13037
3796 13036
3797 13035
3798 13034
3799 13033
3800 13032
3801 13031
3802 13030
3803 13029
3804 13028
3805 13027
3806 13026
3807 13025
3808 13024
3809 13023
3810 13022
3811 3812
3813 13019
3814 13018
3815 13017
3816 13016
3817 13015
3818 7296
3819 7295
3820 7294
3821 7293
3822 7292
3823 7291
3824 7290
3825 7289
3826 7288
3827 7287
3828 7286
3829 7285
3830 7284
3831 7283
3832 7282
3833 7281
3834 7280
3835 7279
3836 7278
3837 7277
3838 7276
3839 7275
3840 7274
3841 7273
3842 7272
3843 7271
3844 7270
3845 8242
3846 8241
3847 8240
3848 8239
3849 8238
3850 8237
3851 8236
3852 8235
3853 8234
3854 8233
3855 8232
3856 8231
3857 8230
3858 8229
3859 8228
3860 8227
3861 8226
3862 8225
3863 8224
3864 8655
3865 8654
3866 8653
3867 8652
3868 8651
3869 8650
3870 8649
3871 8648
3872 8647
3873 8646
3874 8645
3875 8644
3876 8643
3877 8642
3878 8641
3879 8640
3880 8639
3881 8638
3882 8637
3883 8636
3884 8635
3885 8634
3886 8633
3887 8632
3888 8727
3889 8726
3890 8725
3891 8724
3892 8723
3893 8722
3894 8721
3895 8720
3896 8719
3897 8718
3898 8717
3899 8716
3900 8715
3901 8714
3902 8713
3903 8712
3904 8711
3905 8710
3906 8709
3907 8708
3908 8707
3909 8706
3910 8705
3911 8704
3912 8703
3913 8702
3914 8701
3915 8700
3916 7559
3917 7558
3918 7557
3919 7556
3920 7555
3921 7554
3922 7553
3923 7552
3924 7551
3925 7550
3926 7549
3927 7548
3928 7547
3929 7546
3930 7545
3931 7544
3932 7543
3933 7542
3934 7541
3935 7540
3936 7539
3937 7538
3938 7537
3939 7536
3940 7535
3941 7534
3942 7063
3943 7062
3944 7061
3945 7060
3946 7059
3947 7058
3948 7057
3949 7056
3950 7055
3951 7054
3952 7053
3953 7052
3954 7051
3955 7050
3956 7049
3957 7048
3958 7047
3961 7453
3962 7452
3963 7451
3964 7450
3965 7449
3966 7448
3967 7447
3968 7446
3969 7445
3970 7444
3971 7492
3972 7491
3973 7490
3974 7489
3975 7488
3976 7487
3977 7486
3978 7485
3979 7484
3980 7483
3981 7482
3982 7481
3983 7480
3984 7479
3985 7874
3986 7873
3987 7872
3988 7871
3989 7870
3990 7869
3991 7868
3992 7867
3993 7866
3994 7865
3995 7864
3996 7863
3997 7862
3998 7861
3999 7860
4000 7859
4001 7858
4002 7857
4003 7856
4004 7855
4005 7854
4006 7853
4007 7852
4008 7851
4009 8017
4010 8016
4011 8015
4012 8014
4013 8013
4014 8012
4015 8011
4016 8010
4017 8009
4018 8008
4019 8740
4020 8739
4021 8738
4022 8737
4023 8736
4024 8735
4025 8734
4026 8733
4027 8732
4028 8731
4029 8730
4030 8729
4031 8728
4032 8631
4033 8630
4034 8629
4035 8628
4036 8627
4037 8626
4038 8625
4039 8624
4040 8623
4041 8622
4042 8621
4043 8274
4044 8273
4045 8272
4046 8271
4047 8270
4048 8269
4049 8268
4050 8267
4051 8266
4052 8265
4053 8264
4054 8263
4055 8262
4056 8261
4057 8260
4058 8259
4059 8258
4060 8257
4061 8256
4062 8255
4063 8254
4064 8253
4065 8252
4066 8251
4067 8250
4068 8249
4069 8248
4070 8247
4071 8246
4072 8245
4073 8244
4074 8243
4075 7269
4076 7268
4077 7267
4078 7266
4079 7265
4080 7264
4081 7263
4082 7262
4083 7261
4084 7260
4085 7259
4086 7258
4087 7257
4088 7256
4089 13076
4090 13075
4091 13074
4092 13073
4093 13072
4094 13071
4095 13070
4096 13069
4097 13068
4098 13067
4099 13066
4100 13065
4101 13064
4102 13063
4103 13062
4104 13061
4105 13060
4106 13059
4107 13058
4108 13057
4109 13056
4110 13055
4111 13054
4112 13053
4113 13052
4114 13051
4115 13050
4116 13049
4117 13048
4118 13047
4119 13046
4120 13045
4121 13044
4122 13043
4123 13042
4124 13041
4125 13040
4126 7255
4127 7254
4128 7253
4129 7252
4130 7251
4131 7250
4132 7249
4133 7248
4134 12909
4135 12908
4136 12907
4137 12906
4138 12905
4139 12904
4140 12903
4141 12902
4142 12901
4143 12900
4144 12899
4145 12898
4146 12897
4147 12896
4148 12895
4149 7125
4150 7124
4151 7123
4152 7122
4153 7121
4154 7120
4155 7119
4156 7118
4157 7117
4158 7116
4159 7115
4160 7114
4161 7113
4162 7112
4163 7111
4164 7110
4165 7109
4166 7108
4167 7107
4168 10995
4169 10994
4170 10993
4171 10992
4172 10991
4173 10990
4174 10989
4175 10988
4176 10987
4177 10986
4178 10985
4179 10984
4180 10983
4181 10982
4182 10981
4183 10980
4184 10979
4185 10978
4186 10977
4187 10976
4188 10975
4189 10893
4190 10892
4191 10891
4192 10890
4193 10889
4194 10888
4195 10887
4196 10886
4197 10770
4198 10769
4199 10768
4200 10767
4201 10766
4202 10765
4203 10764
4204 10763
4205 10762
4206 10761
4207 10760
4208 10759
4209 10758
4210 11433
4211 11432
4212 11431
4213 11430
4214 11429
4215 11428
4216 11427
4217 11426
4218 11425
4219 10652
4220 10651
4221 10650
4222 10649
4223 10648
4224 10647
4225 10646
4226 10645
4227 10644
4228 10643
4229 10642
4230 10641
4231 10640
4232 10639
4233 10638
4234 10637
4235 10636
4236 10635
4237 10634
4238 10633
4239 10632
4240 10631
4241 10630
4242 10629
4243 10628
4244 11995
4245 11994
4246 11993
4247 11992
4248 11991
4249 11990
4250 11989
4251 11988
4252 11517
4253 11516
4254 11515
4255 11514
4256 11513
4257 11512
4258 11511
4259 11510
4260 11509
4261 11916
4262 11915
4263 11914
4264 11913
4265 11912
4266 11911
4267 11910
4268 11909
4269 11908
4270 11907
4271 11906
4272 11905
4273 11904
4274 11903
4275 11902
4276 11901
4277 11900
4278 11899
4279 11898
4280 11897
4281 11896
4282 11895
4283 11894
4284 11893
4285 11892
4286 11891
4287 11890
4288 11889
4289 11888
4290 11887
4291 11886
4292 11885
4293 11884
4294 11767
4295 11766
4296 11765
4297 11764
4298 11763
4299 11762
4300 11761
4301 10165
4302 10164
4303 10163
4304 10162
4305 10161
4306 10160
4307 10159
4308 10158
4309 10157
4310 10156
4311 10155
4312 10154
4313 10153
4314 10152
4315 10151
4316 10150
4317 10149
4318 10148
4319 10147
4320 10146
4321 10145
4322 10144
4323 10143
4324 10142
4325 10141
4326 10140
4327 10139
4330 6965
4331 6964
4332 6963
4333 6962
4334 6961
4335 6960
4336 6959
4337 6958
4338 6957
4339 6956
4340 6955
4341 6954
4342 6953
4343 10176
4344 10175
4345 10174
4346 10173
4347 10172
4348 10171
4349 10170
4350 10169
4351 10168
4352 10167
4353 10166
4354 11760
4355 11759
4356 11758
4357 11757
4358 11756
4359 11755
4360 11754
4361 11753
4362 11752
4363 11751
4364 11638
4365 11637
4366 11636
4367 11635
4368 11634
4369 11633
4370 11632
4371 11631
4372 11630
4373 11629
4374 11628
4375 11627
4376 11626
4377 11625
4378 11624
4379 11623
4380 11924
4381 11923
4382 11922
4383 11921
4384 11920
4385 11919
4386 11918
4387 11917
4388 11508
4389 11507
4390 11506
4391 11505
4392 11504
4393 11503
4394 11502
4395 11501
4396 11500
4397 11499
4398 11498
4399 11497
4400 11496
4401 11495
4402 11494
4403 11493
4404 11492
4405 11491
4406 11490
4407 11489
4408 11488
4409 11487
4410 11486
4411 11485
4412 10370
4413 10369
4414 10368
4415 10367
4416 10366
4417 10365
4418 10364
4419 10363
4420 10362
4421 10361
4422 10360
4423 10359
4424 10358
4425 10357
4426 10356
4427 10783
4428 10782
4429 10781
4430 10780
4431 10779
4432 10778
4433 10777
4434 10776
4435 10775
4436 10774
4437 10773
4438 10772
4439 10771
4440 10885
4441 10884
4442 10883
4443 10882
4444 10881
4445 10880
4446 10879
4447 10878
4448 10877
4449 10876
4450 10875
4451 10874
4452 10873
4453 10872
4454 10871
4455 10870
4456 10869
4457 10868
4458 10867
4459 11039
4460 11038
4461 11037
4462 11036
4463 11035
4464 11034
4465 11033
4466 11032
4467 11031
4468 11030
4469 11029
4470 11028
4471 11027
4472 11070
4473 11069
4474 11068
4475 11067
4476 11066
4477 11065
4478 11064
4479 11063
4480 11062
4481 12921
4482 12920
4483 12919
4484 12918
4485 12917
4486 12916
4487 12915
4488 12914
4489 12913
4490 12912
4491 12911
4492 12910
4493 7247
4494 7246
4495 7245
4496 7244
4497 7243
4498 7242
4499 7241
4500 7240
4501 7239
4502 7238
4503 7237
4504 7236
4505 12958
4506 12957
4507 12956
4508 12955
4509 12954
4510 12953
4511 12952
4512 13115
4513 13114
4514 13113
4515 13112
4516 13111
4517 13110
4518 13109
4519 13108
4520 13107
4521 13106
4522 13105
4523 13104
4524 13103
4525 13102
4526 13101
4527 13100
4528 13099
4529 13098
4530 13097
4531 13096
4532 13095
4533 8794
4534 8793
4535 8792
4536 8791
4537 8790
4538 8789
4539 8788
4540 8787
4541 8786
4542 8785
4543 8784
4544 8783
4545 8782
4546 8781
4547 8780
4548 8779
4549 8778
4550 8777
4551 8776
4552 8775
4553 8774
4554 8773
4555 8772
4556 8771
4557 8770
4558 8769
4559 8768
4560 8767
4561 8766
4562 8765
4563 8764
4564 8763
4565 8762
4566 8761
4567 8760
4568 8759
4569 8758
4570 8757
4571 8756
4572 8755
4573 8754
4574 8753
4575 8752
4576 8751
4577 8750
4578 8749
4579 8748
4580 8747
4581 8746
4582 8745
4583 8744
4584 8743
4585 8742
4586 8741
4587 8007
4588 8006
4589 8005
4590 8004
4591 8003
4592 8002
4593 8001
4594 8000
4595 7999
4596 7998
4597 7997
4598 7996
4599 7995
4600 7994
4601 7993
4602 7992
4603 7991
4604 7887
4605 7886
4606 7885
4607 7884
4608 7883
4609 7882
4610 7881
4611 7880
4612 7879
4613 7878
4614 7877
4615 7876
4616 7875
4617 7478
4618 7477
4619 7476
4620 7475
4621 7474
4622 7473
4623 7472
4624 7471
4625 7470
4626 7469
4627 7468
4628 7467
4629 7466
4630 7465
4631 7464
4632 7463
4633 7462
4634 7461
4635 7460
4636 7459
4637 7458
4640 9133
4641 9132
4642 9131
4643 9130
4644 9129
4645 9128
4646 9127
4647 9126
4648 9125
4649 9067
4650 9066
4651 9065
4652 9064
4653 9063
4654 9062
4655 9061
4656 9060
4657 9059
4658 9058
4659 9057
4660 9056
4661 9055
4662 7900
4663 7899
4664 7898
4665 7897
4666 7896
4667 7895
4668 7894
4669 7893
4670 7892
4671 7891
4672 7890
4673 7889
4674 7888
4675 7990
4676 7989
4677 7988
4678 7987
4679 7986
4680 7985
4681 7984
4682 7983
4683 7982
4684 7981
4685 7980
4686 7979
4687 7978
4688 7977
4689 7976
4690 7975
4691 7974
4692 7973
4693 7972
4694 7971
4695 7970
4696 7969
4697 7968
4698 7967
4699 7966
4700 7965
4701 7964
4702 7963
4703 7962
4704 7961
4705 7960
4706 7959
4707 7958
4708 7957
4709 7956
4710 7955
4711 7954
4712 7953
4713 7952
4714 8823
4715 8822
4716 8821
4717 8820
4718 8819
4719 8818
4720 8817
4721 8816
4722 8815
4723 8814
4724 8813
4725 8812
4726 8811
4727 8810
4728 8809
4729 8808
4730 8807
4731 8806
4732 8805
4733 8804
4734 8803
4735 8802
4736 8801
4737 8800
4738 8799
4739 8798
4740 8797
4741 8796
4742 8795
4743 13094
4744 13093
4745 13092
4746 13091
4747 13090
4748 13089
4749 13088
4750 13087
4751 13086
4752 13085
4753 13125
4754 13124
4755 13123
4756 13122
4757 13121
4758 13120
4759 13119
4760 13118
4761 13117
4762 13116
4763 12951
4764 12950
4765 12949
4766 12948
4767 12947
4768 12946
4769 12945
4770 12944
4771 12943
4772 12942
4773 12941
4774 12940
4775 12939
4776 12938
4777 12937
4778 12936
4779 12935
4780 12934
4781 12933
4782 12932
4783 12931
4784 12930
4785 12929
4786 12928
4787 12927
4788 12926
4789 12925
4790 12924
4791 12923
4792 12922
4793 11061
4794 11060
4795 11059
4796 11058
4797 11057
4798 11056
4799 11055
4800 11054
4801 11053
4802 11052
4803 11051
4804 11050
4805 11049
4806 11048
4807 11047
4808 11046
4809 11045
4810 11044
4811 11043
4812 11042
4813 11041
4814 11040
4815 10866
4816 10865
4817 10864
4818 10863
4819 10862
4820 10861
4821 10860
4822 10859
4823 10858
4824 10857
4825 10856
4826 10855
4827 10854
4828 10853
4829 10852
4830 10799
4831 10798
4832 10797
4833 10796
4834 10795
4835 10794
4836 10793
4837 10792
4838 10791
4839 10790
4840 10789
4841 10788
4842 10787
4843 10786
4844 10785
4845 10784
4846 10355
4847 10354
4848 10353
4849 10352
4850 10351
4851 10350
4852 10349
4853 10348
4854 10347
4855 10346
4856 10345
4857 10344
4858 10343
4859 10342
4860 10341
4861 10340
4862 10339
4863 10338
4864 10337
4865 10336
4866 10335
4867 10334
4868 10333
4869 10332
4870 10331
4871 10330
4872 12362
4873 12361
4874 12360
4875 12359
4876 12358
4877 12357
4878 12356
4879 12355
4880 12354
4881 12353
4882 12352
4883 12351
4884 12350
4885 12349
4886 12348
4887 12347
4888 11659
4889 11658
4890 11657
4891 11656
4892 11655
4893 11654
4894 11653
4895 11652
4896 11651
4897 11650
4898 11649
4899 11648
4900 11647
4901 11646
4902 11645
4903 11644
4904 11643
4905 11642
4906 11641
4907 11640
4908 11639
4909 11750
4910 11749
4911 11748
4912 11747
4913 11746
4914 11745
4915 11744
4916 11743
4917 11742
4918 11741
4919 11740
4920 11739
4921 11738
4922 10184
4923 10183
4924 10182
4925 10181
4926 10180
4927 10179
4928 10178
4929 10177
4930 6952
4931 6951
4932 6950
4933 6949
4934 6948
4935 6947
4936 6946
4937 6945
4938 6944
4939 6943
4940 6942
4941 6941
4942 6940
4945 9961
4946 9960
4947 9959
4948 9958
4949 9957
4950 9956
4951 9955
4952 9954
4953 9953
4954 9952
4955 9951
4956 9950
4957 9949
4958 10194
4959 10193
4960 10192
4961 10191
4962 10190
4963 10189
4964 10188
4965 10187
4966 10186
4967 10185
4968 11737
4969 11736
4970 11735
4971 11734
4972 11733
4973 11732
4974 11731
4975 11730
4976 11729
4977 11728
4978 11689
4979 11688
4980 11687
4981 11686
4982 11685
4983 11684
4984 11683
4985 11682
4986 11681
4987 11680
4988 11679
4989 11678
4990 11677
4991 11676
4992 11675
4993 11674
4994 11673
4995 11672
4996 11671
4997 11670
4998 11669
4999 11668
5000 11667
5001 11666
5002 11665
5003 11664
5004 11663
5005 11662
5006 11661
5007 11660
5008 12346
5009 12345
5010 12344
5011 12343
5012 12342
5013 12341
5014 12340
5015 12339
5016 12338
5017 12337
5018 12336
5019 12335
5020 12334
5021 10519
5022 10518
5023 10517
5024 10516
5025 10515
5026 10514
5027 10513
5028 10512
5029 10511
5030 10510
5031 10509
5032 10508
5033 10507
5034 10506
5035 10505
5036 10504
5037 10503
5038 10502
5039 10501
5040 10500
5041 10499
5042 10498
5043 10497
5044 10496
5045 10495
5046 10494
5047 10493
5048 10492
5049 10491
5050 10490
5051 10489
5052 10488
5053 10487
5054 10486
5055 10485
5056 10484
5057 10483
5058 11403
5059 11402
5060 11401
5061 11400
5062 11399
5063 11398
5064 11397
5065 11396
5066 11395
5067 11394
5068 11393
5069 11392
5070 11391
5071 11390
5072 11389
5073 11388
5074 11387
5075 11386
5076 11342
5077 11341
5078 11340
5079 11339
5080 11338
5081 11337
5082 11336
5083 11335
5084 11294
5085 11293
5086 11292
5087 11291
5088 11290
5089 11289
5090 11288
5091 11287
5092 11286
5093 11285
5094 11284
5095 11283
5096 11282
5097 9257
5098 9256
5099 9255
5100 9254
5101 9253
5102 9252
5103 9251
5104 9250
5105 9249
5106 9248
5107 9247
5108 9246
5109 9245
5110 9244
5111 9243
5112 9242
5113 9241
5114 9240
5115 9239
5116 9238
5117 9237
5118 9236
5119 9235
5120 9234
5121 9233
5122 9232
5123 9231
5124 9230
5125 9229
5126 9228
5127 9227
5128 9226
5129 9225
5130 9224
5131 9223
5132 9222
5133 9221
5134 9220
5135 9219
5136 9218
5137 9217
5138 9216
5139 12797
5140 12796
5141 12795
5142 12794
5143 12793
5144 12792
5145 12791
5146 12790
5147 12789
5148 13153
5149 13152
5150 13151
5151 13150
5152 13149
5153 13148
5154 13147
5155 13146
5156 13145
5157 13144
5158 13143
5159 13142
5160 13141
5161 13140
5162 13139
5163 13138
5164 13137
5165 13136
5166 13135
5167 13134
5168 13133
5169 13132
5170 13131
5171 13130
5172 13129
5173 13128
5174 13127
5175 13126
5176 13084
5177 13083
5178 13082
5179 13081
5180 13080
5181 13079
5182 13078
5183 13077
5184 7432
5185 7431
5186 7430
5187 7429
5188 7428
5189 7427
5190 7426
5191 7425
5192 8450
5193 8449
5194 8448
5195 8447
5196 8446
5197 8445
5198 8444
5199 8443
5200 8442
5201 8336
5202 8335
5203 8334
5204 8333
5205 8332
5206 8331
5207 8330
5208 8329
5209 8328
5210 8327
5211 9611
5212 9610
5213 9609
5214 9608
5215 9607
5216 9606
5217 9605
5218 9604
5219 9603
5220 9602
5221 9601
5222 9737
5223 9736
5224 9735
5225 9734
5226 9733
5227 9732
5228 9731
5229 9730
5230 9729
5231 9728
5232 9727
5233 9726
5234 9725
5235 9724
5236 9723
5237 9722
5238 9721
5239 9720
5240 9719
5241 9718
5242 9717
5243 9716
5244 9715
5245 9714
5246 9713
5247 9712
5248 9711
5249 9710
5250 9709
5251 9708
5252 9707
5253 9706
5254 9705
5255 7827
5256 7826
5257 7825
5258 7824
5259 7823
5260 7822
5261 7821
5262 7820
5263 7819
5264 7818
5265 7817
5266 7816
5267 7815
5268 7814
5269 7813
5270 7812
5271 7811
5272 7810
5273 7809
5274 7748
5275 7747
5276 7746
5277 7745
5278 7744
5279 7743
5280 7742
5281 7741
5282 7740
5283 7739
5284 7738
5285 9084
5286 9083
5287 9082
5288 9081
5289 9080
5290 9079
5291 9078
5292 9077
5293 9076
5294 9075
5295 9074
5296 9073
5297 9072
5298 9071
5299 9070
5300 9069
5301 9068
5302 9124
5303 9123
5304 9122
5305 9121
5306 9120
5307 9119
5308 9118
5309 9117
5310 9116
5311 9115
5314 9359
5315 9358
5316 9357
5317 9356
5318 9355
5319 9354
5320 9353
5321 9352
5322 9351
5323 9350
5324 9349
5325 9348
5326 9347
5327 9044
5328 9043
5329 9042
5330 9041
5331 9040
5332 9039
5333 9038
5334 9037
5335 9036
5336 9035
5337 9034
5338 9033
5339 9032
5340 9031
5341 9030
5342 9029
5343 7757
5344 7756
5345 7755
5346 7754
5347 7753
5348 7752
5349 7751
5350 7750
5351 7749
5352 7808
5353 7807
5354 7806
5355 7805
5356 7804
5357 7803
5358 7802
5359 7801
5360 7800
5361 7799
5362 7798
5363 7797
5364 7796
5365 7795
5366 7794
5367 7793
5368 7792
5369 7791
5370 7790
5371 9770
5372 9769
5373 9768
5374 9767
5375 9766
5376 9765
5377 9764
5378 9763
5379 9762
5380 9761
5381 9760
5382 9759
5383 9758
5384 9757
5385 9756
5386 9755
5387 9754
5388 9753
5389 9752
5390 9751
5391 9750
5392 9749
5393 9748
5394 9747
5395 9746
5396 9745
5397 9744
5398 9743
5399 9742
5400 9741
5401 9740
5402 9739
5403 9738
5404 9600
5405 9599
5406 9598
5407 9597
5408 9596
5409 9595
5410 9594
5411 9593
5412 9592
5413 9591
5414 9590
5415 9589
5416 8345
5417 8344
5418 8343
5419 8342
5420 8341
5421 8340
5422 8339
5423 8338
5424 8337
5425 8441
5426 8440
5427 8439
5428 8438
5429 8437
5430 8436
5431 8435
5432 8434
5433 8433
5434 8432
5435 8431
5436 8430
5437 8429
5438 8428
5439 8427
5440 8426
5441 8425
5442 8424
5443 13244
5444 13243
5445 13242
5446 13241
5447 13240
5448 13239
5449 13238
5450 13237
5451 13236
5452 13235
5453 13234
5454 13233
5455 13232
5456 13231
5457 13230
5458 13229
5459 12671
5460 12670
5461 12669
5462 12668
5463 12667
5464 12666
5465 12665
5466 12664
5467 12663
5468 12662
5469 13161
5470 13160
5471 13159
5472 13158
5473 13157
5474 13156
5475 13155
5476 13154
5477 12788
5478 12787
5479 12786
5480 12785
5481 12784
5482 12783
5483 12782
5484 12781
5485 12780
5486 12779
5487 12778
5488 12777
5489 12776
5490 12775
5491 12774
5492 12773
5493 12772
5494 12771
5495 12560
5496 12559
5497 12558
5498 12557
5499 12556
5500 12555
5501 12554
5502 12553
5503 12552
5504 12551
5505 12550
5506 12549
5507 12548
5508 12547
5509 12546
5510 12545
5511 12544
5512 12543
5513 12542
5514 12541
5515 12540
5516 12539
5517 12538
5518 12537
5519 12536
5520 12535
5521 12534
5522 12533
5523 12532
5524 9505
5525 9504
5526 9503
5527 9502
5528 9501
5529 9500
5530 9499
5531 9498
5532 11302
5533 11301
5534 11300
5535 11299
5536 11298
5537 11297
5538 11296
5539 11295
5540 11334
5541 11333
5542 11332
5543 11331
5544 11330
5545 11329
5546 11328
5547 11327
5548 11326
5549 11325
5550 11324
5551 12460
5552 12459
5553 12458
5554 12457
5555 12456
5556 12455
5557 12454
5558 12453
5559 12452
5560 12451
5561 12450
5562 12449
5563 12448
5564 12447
5565 12446
5566 12445
5567 12444
5568 12443
5569 12442
5570 12441
5571 12440
5572 12439
5573 12438
5574 12437
5575 12436
5576 12435
5577 12434
5578 12433
5579 12432
5580 12431
5581 12430
5582 12429
5583 12428
5584 12427
5585 12426
5586 12425
5587 10535
5588 10534
5589 10533
5590 10532
5591 10531
5592 10530
5593 10529
5594 10528
5595 10527
5596 10526
5597 10525
5598 10524
5599 10523
5600 10522
5601 10521
5602 10520
5603 12333
5604 12332
5605 12331
5606 12330
5607 12329
5608 12328
5609 12327
5610 12326
5611 12325
5612 12324
5613 12323
5614 12322
5615 12321
5616 12320
5617 12319
5618 12318
5619 12317
5620 12316
5621 12315
5622 12314
5623 12313
5624 12312
5625 12311
5626 12310
5627 12309
5628 12308
5629 12307
5630 12306
5631 12305
5632 12304
5633 12303
5634 12302
5635 12301
5636 12300
5637 12299
5638 12298
5639 12297
5640 12296
5641 12295
5642 12294
5643 12293
5644 12292
5645 12291
5646 12290
5647 12289
5648 12288
5649 12287
5650 10210
5651 10209
5652 10208
5653 10207
5654 10206
5655 10205
5656 10204
5657 10203
5658 10202
5659 10201
5660 10200
5661 10199
5662 10198
5663 10197
5664 10196
5665 10195
5666 9948
5667 9947
5668 9946
5669 9945
5670 9944
5671 9943
5672 9942
5673 9941
5674 9940
5675 9939
5676 9938
5677 9937
5678 9936
5681 6935
5682 6934
5683 6933
5684 6932
5685 6931
5686 6930
5687 6929
5688 6928
5689 6927
5690 6926
5691 6925
5692 6924
5693 6923
5694 9398
5695 9397
5696 9396
5697 9395
5698 9394
5699 9393
5700 9392
5701 9391
5702 9390
5703 9389
5704 9388
5705 9418
5706 9417
5707 9416
5708 9415
5709 9414
5710 9413
5711 9412
5712 9411
5713 9410
5714 9409
5715 12148
5716 12147
5717 12146
5718 12145
5719 12144
5720 12143
5721 12142
5722 12141
5723 12140
5724 12139
5725 12138
5726 12137
5727 12136
5728 12135
5729 12134
5730 12133
5731 12132
5732 12131
5733 12130
5734 12129
5735 12128
5736 12378
5737 12377
5738 12376
5739 12375
5740 12374
5741 12373
5742 12372
5743 12371
5744 12370
5745 12369
5746 12368
5747 12367
5748 12366
5749 12365
5750 12364
5751 12363
5752 10329
5753 10328
5754 10327
5755 10326
5756 10325
5757 10324
5758 10323
5759 10322
5760 10321
5761 10320
5762 10319
5763 10318
5764 10317
5765 10316
5766 10315
5767 10314
5768 10313
5769 10312
5770 10311
5771 10310
5772 10309
5773 10308
5774 10307
5775 10306
5776 10305
5777 10304
5778 10815
5779 10814
5780 10813
5781 10812
5782 10811
5783 10810
5784 10809
5785 10808
5786 10807
5787 10806
5788 10805
5789 10804
5790 10803
5791 10802
5792 10801
5793 10800
5794 10851
5795 10850
5796 10849
5797 10848
5798 10847
5799 10846
5800 10845
5801 10844
5802 10843
5803 10842
5804 10841
5805 10840
5806 10839
5807 10838
5808 10837
5809 10836
5810 9440
5811 9439
5812 9438
5813 9437
5814 9436
5815 9435
5816 9434
5817 9433
5818 9432
5819 9431
5820 9430
5821 12572
5822 12571
5823 12570
5824 12569
5825 12568
5826 12567
5827 12566
5828 12565
5829 12564
5830 12563
5831 12562
5832 12561
5833 12770
5834 12769
5835 12768
5836 12767
5837 12766
5838 12765
5839 12764
5840 12763
5841 9464
5842 9463
5843 9462
5844 9461
5845 9460
5846 9459
5847 9458
5848 9457
5849 9456
5850 9455
5851 9454
5852 9453
5853 13267
5854 13266
5855 13265
5856 13264
5857 13263
5858 13262
5859 13261
5860 13260
5861 13259
5862 13258
5863 13257
5864 13256
5865 13255
5866 13254
5867 13253
5868 13252
5869 13251
5870 13250
5871 13249
5872 13248
5873 13247
5874 13246
5875 13245
5876 8423
5877 8422
5878 8421
5879 8420
5880 8419
5881 8418
5882 8417
5883 8416
5884 8415
5885 8414
5886 8413
5887 8412
5888 8411
5889 8410
5890 8409
5891 8408
5892 8407
5893 8406
5894 8405
5895 8837
5896 8836
5897 8835
5898 8834
5899 8833
5900 8832
5901 8831
5902 8830
5903 8829
5904 8828
5905 8827
5906 8826
5907 8825
5908 8824
5909 7951
5910 7950
5911 7949
5912 7948
5913 7947
5914 7946
5915 7945
5916 7944
5917 7943
5918 7942
5919 7941
5920 7940
5921 7939
5922 7938
5923 7937
5924 7936
5925 7935
5926 7934
5927 7933
5928 7932
5929 7931
5930 7930
5931 7929
5932 7928
5933 7927
5934 7926
5935 7925
5936 7924
5937 7923
5938 7922
5939 7921
5940 7920
5941 7919
5942 7918
5943 7917
5944 7916
5945 7915
5946 7914
5947 7913
5948 7912
5949 7911
5950 7910
5951 7909
5952 7908
5953 7907
5954 7906
5955 7905
5956 7904
5957 7903
5958 7902
5959 7901
5960 9054
5961 9053
5962 9052
5963 9051
5964 9050
5965 9049
5966 9048
5967 9047
5968 9046
5969 9045
5970 9346
5971 9345
5972 9344
5973 9343
5974 9342
5975 9341
5976 9340
5977 9339
5978 9338
5979 9337
5980 9336
5983 8922
5984 8921
5985 8920
5986 8919
5987 8918
5988 8917
5989 8916
5990 8915
5991 8914
5992 8913
5993 8912
5994 8911
5995 8910
5996 8909
5997 8908
5998 8907
5999 8906
6000 8905
6001 8904
6002 8903
6003 8902
6004 8901
6005 8900
6006 8899
6007 8898
6008 8897
6009 8896
6010 8895
6011 8894
6012 8893
6013 8892
6014 8891
6015 8890
6016 8889
6017 8888
6018 8887
6019 8886
6020 8885
6021 8884
6022 8883
6023 8882
6024 8881
6025 8880
6026 8879
6027 8878
6028 8877
6029 8876
6030 8875
6031 8874
6032 8873
6033 8872
6034 8871
6035 8870
6036 8869
6037 8868
6038 8867
6039 8866
6040 8865
6041 8864
6042 8863
6043 8862
6044 8861
6045 8860
6046 8859
6047 8858
6048 8857
6049 8856
6050 8855
6051 8854
6052 8853
6053 8852
6054 8851
6055 8850
6056 8849
6057 8848
6058 8847
6059 8846
6060 8845
6061 8844
6062 8843
6063 8842
6064 8841
6065 8840
6066 8839
6067 8838
6068 8404
6069 8403
6070 8402
6071 8401
6072 8400
6073 8399
6074 8398
6075 8397
6076 8396
6077 8395
6078 8394
6079 8393
6080 13296
6081 13295
6082 13294
6083 13293
6084 13292
6085 13291
6086 13290
6087 13289
6088 13288
6089 13287
6090 13286
6091 13285
6092 13284
6093 13283
6094 13282
6095 13281
6096 13280
6097 13279
6098 13278
6099 13277
6100 13276
6101 13275
6102 13274
6103 13273
6104 13272
6105 13271
6106 13270
6107 13269
6108 13268
6109 9452
6110 9451
6111 9450
6112 9449
6113 9448
6114 9447
6115 9446
6116 9445
6117 9444
6118 9443
6119 9442
6120 9441
6121 12762
6122 12761
6123 12760
6124 12759
6125 12758
6126 12757
6127 12756
6128 12755
6129 12754
6130 12753
6131 12752
6132 12751
6133 12580
6134 12579
6135 12578
6136 12577
6137 12576
6138 12575
6139 12574
6140 12573
6141 9429
6142 9428
6143 9427
6144 9426
6145 9425
6146 9424
6147 9423
6148 9422
6149 9421
6150 9420
6151 9419
6152 12531
6153 12530
6154 12529
6155 12528
6156 12527
6157 12526
6158 12525
6159 12524
6160 12523
6161 12522
6162 12521
6163 12520
6164 12519
6165 12518
6166 12517
6167 12516
6168 12515
6169 12514
6170 12513
6171 12512
6172 12511
6173 12510
6174 12509
6175 10823
6176 10822
6177 10821
6178 10820
6179 10819
6180 10818
6181 10817
6182 10816
6183 10303
6184 10302
6185 10301
6186 10300
6187 10299
6188 10298
6189 10297
6190 10296
6191 10295
6192 12411
6193 12410
6194 12409
6195 12408
6196 12407
6197 12406
6198 12405
6199 12404
6200 12403
6201 12402
6202 12401
6203 12400
6204 12399
6205 12398
6206 12397
6207 12396
6208 12395
6209 12394
6210 12393
6211 12392
6212 12391
6213 12390
6214 12389
6215 12388
6216 12387
6217 12386
6218 12385
6219 12384
6220 12383
6221 12382
6222 12381
6223 12380
6224 12379
6225 12127
6226 12126
6227 12125
6228 12124
6229 12123
6230 12122
6231 12121
6232 12120
6233 12119
6234 12118
6235 12117
6236 12116
6237 12115
6238 12156
6239 12155
6240 12154
6241 12153
6242 12152
6243 12151
6244 12150
6245 12149
6246 9408
6247 9407
6248 9406
6249 9405
6250 9404
6251 9403
6252 9402
6253 9401
6254 9400
6255 9399
6256 9387
6257 9386
6258 9385
6259 9384
6260 9383
6261 9382
6262 9381
6263 9380
6264 9379
6265 9378
6266 9377
6267 6922
6268 6921
6269 6920
6270 6919
6271 6918
6272 6917
6273 6916
6274 6915
6275 6914
6276 6913
6277 6912
6278 6911
6279 6910
6282 10239
6283 10238
6284 10237
6285 10236
6286 10235
6287 10234
6288 10233
6289 10232
6290 10231
6291 10230
6292 10229
6293 10228
6294 10227
6295 10226
6296 10225
6297 10224
6298 10223
6299 10222
6300 10221
6301 10220
6302 10219
6303 10218
6304 10217
6305 10216
6306 10215
6307 10214
6308 10213
6309 10212
6310 10211
6311 12286
6312 12285
6313 12284
6314 12283
6315 12282
6316 12281
6317 12280
6318 12279
6319 12166
6320 12165
6321 12164
6322 12163
6323 12162
6324 12161
6325 12160
6326 12159
6327 12158
6328 12157
6329 12114
6330 12113
6331 12112
6332 12111
6333 12110
6334 12109
6335 12108
6336 12107
6337 12106
6338 12105
6339 12104
6340 12103
6341 12102
6342 12101
6343 12100
6344 12099
6345 12098
6346 12097
6347 12096
6348 12095
6349 12094
6350 12093
6351 9484
6352 9483
6353 9482
6354 9481
6355 9480
6356 9479
6357 9478
6358 9477
6359 9476
6360 10549
6361 10548
6362 10547
6363 10546
6364 10545
6365 10544
6366 10543
6367 10542
6368 10541
6369 10540
6370 10539
6371 10538
6372 10537
6373 10536
6374 12424
6375 12423
6376 12422
6377 12421
6378 12420
6379 12419
6380 12418
6381 12417
6382 12416
6383 12415
6384 12414
6385 12413
6386 12412
6387 10294
6388 10293
6389 10292
6390 10291
6391 10290
6392 10289
6393 10288
6394 10287
6395 10286
6396 10835
6397 10834
6398 10833
6399 10832
6400 10831
6401 10830
6402 10829
6403 10828
6404 10827
6405 10826
6406 10825
6407 10824
6408 12508
6409 12507
6410 12506
6411 12505
6412 12504
6413 12503
6414 12502
6415 12501
6416 12500
6417 12499
6418 12498
6419 12497
6420 12496
6421 12495
6422 12494
6423 12493
6424 9517
6425 9516
6426 9515
6427 9514
6428 9513
6429 9512
6430 9511
6431 9510
6432 9509
6433 9508
6434 9507
6435 9506
6436 12605
6437 12604
6438 12603
6439 12602
6440 12601
6441 12600
6442 12599
6443 12598
6444 12597
6445 12596
6446 12595
6447 12594
6448 12593
6449 12592
6450 12591
6451 12590
6452 12589
6453 12588
6454 12587
6455 12586
6456 12585
6457 12584
6458 12583
6459 12582
6460 12581
6461 12750
6462 12749
6463 12748
6464 12747
6465 12746
6466 12745
6467 12744
6468 12743
6469 12742
6470 12741
6471 12740
6472 12739
6473 12738
6474 12737
6475 12736
6476 12695
6477 12694
6478 12693
6479 12692
6480 12691
6481 12690
6482 12689
6483 12688
6484 12687
6485 12686
6486 12685
6487 12684
6488 12683
6489 12682
6490 12681
6491 12680
6492 12679
6493 12678
6494 12677
6495 12676
6496 12675
6497 12674
6498 12673
6499 12672
6500 13228
6501 13227
6502 13226
6503 13225
6504 13224
6505 13223
6506 13222
6507 13221
6508 13220
6509 13219
6510 13218
6511 13217
6512 13216
6513 13215
6514 13214
6515 13213
6516 13212
6517 13211
6518 13303
6519 13302
6520 13301
6521 13300
6522 13299
6523 13298
6524 13297
6525 8392
6526 8391
6527 8390
6528 8389
6529 8388
6530 8387
6531 8386
6532 8385
6533 8384
6534 8383
6535 8382
6536 8381
6537 8380
6538 8379
6539 9863
6540 9862
6541 9861
6542 9860
6543 9859
6544 9858
6545 9857
6546 9856
6547 9855
6548 9854
6549 9853
6550 9852
6551 9851
6552 9850
6553 9849
6554 9848
6555 9847
6556 9846
6557 9845
6558 9844
6559 9843
6560 9842
6561 9841
6562 9840
6563 9839
6564 9838
6565 9837
6566 9836
6567 9835
6568 9834
6569 9833
6570 9832
6571 9831
6572 9830
6573 9829
6574 9828
6575 9827
6576 9826
6577 9825
6578 9824
6579 9823
6580 9822
6581 9821
6582 9885
6583 9884
6584 9883
6585 9882
6586 9881
6587 9880
6588 9879
6589 9878
6590 9877
6591 9876
6592 9905
6593 9904
6594 9903
6595 9902
6596 9901
6597 9900
6598 9899
6599 9898
6600 9897
6601 9896
6602 8965
6603 8964
6604 8963
6605 8962
6606 8961
6607 8960
6608 8959
6609 8958
6610 8957
6611 8956
6612 8955
6613 8954
6614 8953
6615 8952
6616 8951
6617 8950
6618 8949
6619 8948
6620 8947
6621 8946
6622 8945
6623 8944
6624 8943
6625 8942
6626 8941
6627 8940
6628 8939
6629 8938
6630 8937
6631 8936
6632 8935
6633 8934
6634 8933
6635 8932
6636 8931
6637 8930
6638 8929
6639 8928
6640 8927
