1 9246
2 9245
3 9244
4 9243
5 9242
6 9241
7 8
9 9238
10 9237
11 9236
12 9235
13 9234
14 9233
15 9232
16 9231
17 9230
18 9229
19 20
21 9226
22 9225
23 9224
24 9223
25 9222
26 9221
27 9142
28 9141
29 9140
30 31
32 9137
33 9136
34 9876
35 9875
36 9874
37 9873
38 9872
39 9871
40 9870
41 42
43 9867
44 9866
45 9855
46 9854
47 9853
48 9852
49 9851
50 9850
51 9849
52 9848
53 9847
54 9846
55 56
57 13226
58 13225
59 13224
60 13223
61 13222
62 13221
63 64
65 13218
66 13217
67 13216
68 13215
69 13214
70 71
72 9843
73 9842
74 9841
75 9840
76 77
78 9837
79 9836
80 9835
81 9834
82 9833
83 84
85 9830
86 9829
87 9828
88 9827
89 9826
90 91
92 9823
93 9822
94 9821
95 9820
96 97
98 9817
99 9816
100 9815
101 9814
102 9813
103 9812
104 9811
105 106
107 9744
108 9743
109 9742
110 9741
111 9740
112 113
114 9737
115 9736
116 9735
117 9734
118 12592
119 120
121 12589
122 12588
123 12587
124 12586
125 12585
126 12584
127 128
129 12581
130 12580
131 12579
132 8792
133 8791
134 135
136 8788
137 8787
138 8786
139 8785
140 8784
141 142
143 8781
144 11636
145 11635
146 11634
147 11633
148 11632
149 150
151 11629
152 11628
153 11627
154 11626
155 11625
156 11624
157 11623
158 11622
159 11621
160 11620
161 11619
162 163
164 11616
165 11615
166 11614
167 11613
168 11612
169 170
171 12390
172 12389
173 12388
174 12387
175 12386
176 12385
177 178
179 12382
180 12381
181 12380
182 12379
183 12378
184 12377
185 186
187 11743
188 11742
189 11741
190 11740
191 11739
192 11738
193 194
195 11580
196 11579
197 11578
198 11577
199 11576
200 11575
201 202
203 11572
204 11571
205 11419
206 11418
207 11417
208 11416
209 11415
210 11414
211 11413
212 11412
213 11411
214 215
216 11408
217 11407
218 11406
219 11405
220 11404
221 11403
222 223
224 11400
225 11399
226 11398
227 11397
228 11396
229 230
231 11393
232 11392
233 11391
234 11390
235 11389
236 11388
237 238
239 11160
240 11159
241 11158
242 11157
243 11156
244 9724
245 246
247 9721
248 9720
249 9719
250 9718
251 9717
252 9716
253 254
255 11116
256 11115
257 11114
258 11113
259 11112
260 11111
261 11110
262 11109
263 11108
264 265
266 11105
267 11104
268 11103
269 11102
270 11101
271 272
273 11098
274 11097
275 11096
276 11095
277 11094
278 11093
279 280
281 8768
282 8767
283 8766
284 8765
285 8764
286 287
288 8761
289 8749
290 8748
291 8747
292 8746
293 294
295 8743
296 8742
297 8741
298 8740
299 8739
300 301
302 9711
303 9710
304 9709
305 9708
306 9707
307 308
309 9704
310 9703
311 9702
312 9701
313 9700
314 9699
315 9698
316 9697
317 318
319 9583
320 9582
321 9581
322 9580
323 9579
324 325
326 9576
327 9575
328 9553
329 9552
330 331
332 9549
333 9548
334 9547
335 9546
336 337
338 9543
339 9542
340 9541
341 9540
342 343
344 9359
345 9358
346 9357
347 9356
348 349
350 9353
351 9352
352 9351
353 10695
354 355
356 10692
357 10691
358 10690
359 10689
360 10688
361 362
363 8416
364 8415
365 8414
366 8413
367 8412
368 8411
369 8410
370 8409
371 8408
372 8407
373 374
375 10005
376 10004
377 10003
378 10002
379 10001
380 10000
381 382
383 9997
384 9996
385 9995
386 9994
387 9993
388 9992
389 9991
390 391
392 10180
393 10179
394 10178
395 10177
396 10176
397 10175
398 10174
399 400
401 10171
402 10170
403 10169
404 10168
405 9899
406 9898
407 9897
408 9896
409 410
411 9893
412 9892
413 9891
414 9890
415 9889
416 9888
417 9887
420 9912
421 9911
422 9910
423 9909
424 9908
425 9907
426 9906
427 428
429 9903
430 9902
431 9901
432 9900
433 10167
434 10166
435 10165
436 10164
437 438
439 10161
440 10160
441 10159
442 10158
443 10157
444 10156
445 10155
446 447
448 10152
449 10023
450 10022
451 10021
452 10020
453 10019
454 10018
455 456
457 10015
458 10014
459 10013
460 10012
461 10011
462 10010
463 464
465 8426
466 8425
467 8424
468 8423
469 8422
470 8421
471 8420
472 8419
473 8418
474 8417
475 476
477 10683
478 10682
479 10681
480 10680
481 482
483 10677
484 10676
485 10675
486 10674
487 10673
488 489
490 9367
491 9366
492 9365
493 9364
494 495
496 9539
497 9538
498 9537
499 9536
500 501
502 9533
503 9532
504 8715
505 506
507 8712
508 8711
509 8710
510 8709
511 512
513 8706
514 8705
515 8704
516 8703
517 518
519 8700
520 8699
521 8698
522 9610
523 9609
524 9608
525 9607
526 9606
527 9605
528 9604
529 530
531 9601
532 9600
533 9599
534 9598
535 536
537 9595
538 8760
539 8759
540 8758
541 8757
542 543
544 8754
545 8753
546 8752
547 8751
548 8750
549 550
551 8778
552 8777
553 8776
554 8775
555 556
557 8772
558 8771
559 11092
560 11091
561 11090
562 563
564 11087
565 11086
566 11085
567 11033
568 11032
569 570
571 11029
572 11028
573 11027
574 11026
575 11025
576 11024
577 11023
578 11022
579 11021
580 11020
581 11019
582 583
584 11016
585 11015
586 11014
587 11013
588 11175
589 590
591 11172
592 11171
593 11170
594 11169
595 11168
596 11167
597 598
599 11164
600 11163
601 11387
602 11386
603 11385
604 605
606 11382
607 11381
608 11380
609 11379
610 11378
611 612
613 11483
614 11482
615 11481
616 11480
617 11479
618 619
620 11476
621 11475
622 11474
623 11473
624 11472
625 626
627 11426
628 11425
629 11424
630 11423
631 11422
632 11421
633 11420
634 11570
635 11569
636 637
638 11566
639 11565
640 11564
641 11758
642 11757
643 644
645 11754
646 11753
647 11752
648 11751
649 11750
650 651
652 11747
653 11746
654 12376
655 12375
656 12374
657 658
659 12371
660 12370
661 12369
662 12027
663 12026
664 665
666 12023
667 12022
668 12021
669 12020
670 12019
671 672
673 12016
674 12015
675 12014
676 12013
677 12012
678 679
680 12009
681 12008
682 12007
683 12006
684 12005
685 12004
686 12003
687 12002
688 11644
689 690
691 11641
692 11640
693 11639
694 11638
695 11637
696 697
698 8802
699 8801
700 8800
701 8799
702 703
704 8796
705 8795
706 8794
707 8793
708 12578
709 710
711 12575
712 12574
713 12573
714 12572
715 12571
716 717
718 12568
719 12567
720 12566
721 12565
722 12564
723 724
725 12561
726 12560
727 12559
728 12558
729 730
731 12555
732 12554
733 12553
734 12552
735 12551
736 9788
737 9787
738 9786
739 9785
740 9784
741 742
743 9781
744 9780
745 9779
746 9778
747 9777
748 749
750 9774
751 9773
752 9772
753 9771
754 755
756 9768
757 9767
758 9766
759 9765
760 761
762 9762
763 9761
764 9760
765 9759
766 767
768 9756
769 9755
770 13213
771 13212
772 13211
773 774
775 13208
776 13207
777 13206
778 13205
779 780
781 13202
782 13201
783 13200
784 13199
785 13198
786 13197
787 788
789 8844
790 8843
791 8842
792 8841
793 8840
794 8839
795 8838
796 8837
797 8836
798 799
800 9156
801 9155
802 9154
803 9153
804 9152
805 9151
806 9150
807 808
809 9147
810 9146
811 9145
812 9144
813 9143
814 9220
815 9219
816 9218
817 818
819 9215
820 9214
821 9213
822 9212
823 9211
824 9210
825 9209
826 9208
827 8370
828 829
830 8367
831 8366
832 8365
833 8364
834 8363
835 8362
836 8361
837 8360
838 839
840 8357
843 8383
844 8382
845 8381
846 8380
847 848
849 8377
850 8376
851 8375
852 8374
853 8373
854 8372
855 8371
856 9207
857 858
859 9204
860 9203
861 9202
862 9201
863 9200
864 9199
865 9198
866 9197
867 868
869 9194
870 9193
871 9192
872 9191
873 9190
874 9189
875 9188
876 9187
877 878
879 9184
880 9183
881 9182
882 9181
883 9180
884 9179
885 886
887 8813
888 8812
889 8811
890 8810
891 8809
892 8808
893 8807
894 8806
895 8805
896 13196
897 13195
898 13194
899 900
901 13191
902 13190
903 13189
904 13188
905 906
907 13114
908 13113
909 13112
910 13111
911 912
913 13108
914 13107
915 13106
916 13105
917 918
919 13102
920 13101
921 13100
922 13099
923 924
925 13096
926 13095
927 13094
928 13093
929 930
931 13090
932 12733
933 12732
934 12731
935 936
937 12728
938 12727
939 12726
940 12725
941 942
943 12722
944 12721
945 12720
946 12719
947 12718
948 12717
949 12716
950 951
952 12713
953 12712
954 12711
955 12710
956 12709
957 958
959 12706
960 12705
961 12704
962 12099
963 964
965 12096
966 12095
967 12094
968 12093
969 970
971 12090
972 12089
973 12088
974 12087
975 12086
976 977
978 12083
979 12082
980 12081
981 11660
982 983
984 11657
985 11656
986 11655
987 11654
988 989
990 11651
991 11650
992 11649
993 11648
994 11647
995 996
997 12001
998 12000
999 11999
1000 11998
1001 11997
1002 11996
1003 11995
1004 1005
1006 7624
1007 7623
1008 7622
1009 7621
1010 1011
1012 7618
1013 7617
1014 7616
1015 7615
1016 1017
1018 7601
1019 7600
1020 7599
1021 7598
1022 7597
1023 1024
1025 7594
1026 7593
1027 7584
1028 7583
1029 1030
1031 7580
1032 7579
1033 7578
1034 7577
1035 11786
1036 1037
1038 11783
1039 11782
1040 11781
1041 11780
1042 1043
1044 11442
1045 11441
1046 11440
1047 11439
1048 11438
1049 1050
1051 11435
1052 11434
1053 11433
1054 11432
1055 11431
1056 11430
1057 11429
1058 1059
1060 11469
1061 11468
1062 11467
1063 11466
1064 1065
1066 11463
1067 11353
1068 11352
1069 11351
1070 11350
1071 1072
1073 11347
1074 11346
1075 11345
1076 11344
1077 1078
1079 11341
1080 11340
1081 11339
1082 11338
1083 11337
1084 1085
1086 11334
1087 11333
1088 11205
1089 11204
1090 1091
1092 11201
1093 11200
1094 11199
1095 10993
1096 10992
1097 1098
1099 10989
1100 10988
1101 10987
1102 10986
1103 1104
1105 10983
1106 10982
1107 10981
1108 10980
1109 7832
1110 7831
1111 7830
1112 7829
1113 1114
1115 7826
1116 7825
1117 7824
1118 7823
1119 7822
1120 1121
1122 7819
1123 7818
1124 7817
1125 7816
1126 1127
1128 7813
1129 7812
1130 10770
1131 10769
1132 1133
1134 10766
1135 10765
1136 10764
1137 10763
1138 9639
1139 1140
1141 9636
1142 9635
1143 9634
1144 9633
1145 1146
1147 9630
1148 9629
1149 9628
1150 9627
1151 1152
1153 9624
1154 9623
1155 9622
1156 9621
1157 9620
1158 1159
1160 9617
1161 9616
1162 9615
1163 9614
1164 9613
1165 1166
1167 8697
1168 8696
1169 8695
1170 8694
1171 1172
1173 8691
1174 8690
1175 8689
1176 1177
1178 8686
1179 8685
1180 8684
1181 8683
1182 1183
1184 9382
1185 9381
1186 9380
1187 9379
1188 1189
1190 9376
1191 9375
1192 9374
1193 9373
1194 1195
1196 9370
1197 9369
1198 9368
1199 10670
1200 1201
1202 10667
1203 10666
1204 10665
1205 10664
1206 1207
1208 10661
1209 10660
1210 10659
1211 10658
1212 1213
1214 10450
1215 10449
1216 10448
1217 10447
1218 10446
1219 10445
1220 10444
1221 10443
1222 10442
1223 10441
1224 1225
1226 10438
1227 10437
1228 10436
1229 10034
1230 10033
1231 10032
1232 1233
1234 10029
1235 10028
1236 10027
1237 10026
1238 10025
1239 10024
1240 1241
1242 10149
1243 10148
1244 10147
1245 10146
1246 10145
1247 10144
1248 10143
1249 10142
1250 1251
1252 10139
1253 10138
1254 10137
1255 10136
1256 10087
1257 10086
1258 10085
1259 10084
1260 1261
1262 10081
1263 10080
1264 10079
1265 10078
1266 10077
1267 10076
1268 10075
1271 10100
1272 10099
1273 10098
1274 10097
1275 10096
1276 10095
1277 10094
1278 10093
1279 1280
1281 10090
1282 10089
1283 10088
1284 10135
1285 10134
1286 10133
1287 10132
1288 1289
1290 10129
1291 10128
1292 10127
1293 10126
1294 10482
1295 10481
1296 10480
1297 10479
1298 1299
1300 10476
1301 10475
1302 10474
1303 10473
1304 10472
1305 10471
1306 1307
1308 10468
1309 10467
1310 10466
1311 10465
1312 10464
1313 10463
1314 1315
1316 10460
1317 10459
1318 10458
1319 10457
1320 10456
1321 10455
1322 10454
1323 10453
1324 10452
1325 10451
1326 1327
1328 10653
1329 10652
1330 10651
1331 10650
1332 1333
1334 10647
1335 10646
1336 10645
1337 10644
1338 1339
1340 10641
1341 10640
1342 9400
1343 9399
1344 1345
1346 9396
1347 9395
1348 9394
1349 1350
1351 9391
1352 9390
1353 9389
1354 9388
1355 1356
1357 9385
1358 8682
1359 8681
1360 8680
1361 1362
1363 8677
1364 8676
1365 8675
1366 1367
1368 8557
1369 8556
1370 8555
1371 8554
1372 1373
1374 8551
1375 8550
1376 8549
1377 8548
1378 8547
1379 8546
1380 1381
1382 8543
1383 8542
1384 8595
1385 8594
1386 1387
1388 8591
1389 8590
1390 8589
1391 8588
1392 1393
1394 8585
1395 8584
1396 8583
1397 10783
1398 1399
1400 10780
1401 10779
1402 10778
1403 10777
1404 1405
1406 10774
1407 10773
1408 10772
1409 10771
1410 1411
1412 7809
1413 7808
1414 7807
1415 7806
1416 1417
1418 7846
1419 7845
1420 7844
1421 7843
1422 1423
1424 7840
1425 7839
1426 7838
1427 7837
1428 1429
1430 7834
1431 7833
1432 10979
1433 10978
1434 10977
1435 1436
1437 10974
1438 10973
1439 10972
1440 10971
1441 1442
1443 11215
1444 11214
1445 11213
1446 11212
1447 1448
1449 11209
1450 11208
1451 11207
1452 11206
1453 1454
1455 11330
1456 11329
1457 11328
1458 11327
1459 1460
1461 11324
1462 11323
1463 11322
1464 11321
1465 1466
1467 11318
1468 7997
1469 7996
1470 7995
1471 1472
1473 7992
1474 7991
1475 7990
1476 7989
1477 1478
1479 7986
1480 7985
1481 11812
1482 11811
1483 1484
1485 11808
1486 11807
1487 11806
1488 11805
1489 11804
1490 11803
1491 1492
1493 11800
1494 11799
1495 11798
1496 11797
1497 1498
1499 11794
1500 11793
1501 11792
1502 11791
1503 1504
1505 11788
1506 11787
1507 7592
1508 7591
1509 1510
1511 7588
1512 7587
1513 7586
1514 7585
1515 1516
1517 7612
1518 7611
1519 7610
1520 7609
1521 1522
1523 7606
1524 7605
1525 7604
1526 7635
1527 1528
1529 7632
1530 7631
1531 7630
1532 7629
1533 1534
1535 7626
1536 7625
1537 11992
1538 11991
1539 1540
1541 11988
1542 11987
1543 11986
1544 7696
1545 7695
1546 1547
1548 7692
1549 7691
1550 7690
1551 7689
1552 1553
1554 7686
1555 7685
1556 7684
1557 7683
1558 1559
1560 7680
1561 7679
1562 7678
1563 7677
1564 1565
1566 7674
1567 7673
1568 7672
1569 7671
1570 1571
1572 12108
1573 12107
1574 12106
1575 12105
1576 1577
1578 12102
1579 12101
1580 12100
1581 12703
1582 1583
1584 12700
1585 12699
1586 12698
1587 12697
1588 1589
1590 12694
1591 12693
1592 12692
1593 1594
1595 12689
1596 12688
1597 7794
1598 7793
1599 7792
1600 7791
1601 1602
1603 7788
1604 12741
1605 12740
1606 1607
1608 12737
1609 12736
1610 12735
1611 12734
1612 1613
1614 13087
1615 13086
1616 13085
1617 13084
1618 1619
1620 13081
1621 13080
1622 13079
1623 1624
1625 13076
1626 13075
1627 13074
1628 13073
1629 1630
1631 13070
1632 13069
1633 13068
1634 12987
1635 1636
1637 12984
1638 12983
1639 12982
1640 1641
1642 12979
1643 12978
1644 12977
1645 12976
1646 12975
1647 1648
1649 13016
1650 13015
1651 13014
1652 13013
1653 13012
1654 13011
1655 13010
1656 7421
1657 1658
1659 7418
1660 7417
1661 7416
1662 7415
1663 7414
1664 7413
1665 1666
1667 7410
1668 7409
1669 7408
1670 7407
1671 7406
1672 7405
1673 7404
1674 1675
1676 7401
1677 7400
1678 7399
1679 7398
1680 7397
1681 7396
1682 7395
1683 1684
1685 7392
1686 7391
1687 7390
1688 7389
1689 7388
1690 7387
1691 7337
1692 1693
1694 7334
1695 7333
1696 7332
1697 7331
1698 7330
1699 7329
1700 7328
1701 7327
1704 7555
1705 7554
1706 7553
1707 1708
1709 7550
1710 7549
1711 7548
1712 7547
1713 7546
1714 7545
1715 7544
1716 1717
1718 7541
1719 7540
1720 7539
1721 7538
1722 7537
1723 7449
1724 1725
1726 7446
1727 7445
1728 7444
1729 7443
1730 7442
1731 7441
1732 7440
1733 1734
1735 7437
1736 7436
1737 7435
1738 7434
1739 7433
1740 7432
1741 1742
1743 7429
1744 7428
1745 7427
1746 7426
1747 7425
1748 1749
1750 7422
1751 13009
1752 13008
1753 13007
1754 13006
1755 13005
1756 1757
1758 13002
1759 13001
1760 13000
1761 12999
1762 1763
1764 12996
1765 12995
1766 12994
1767 12993
1768 1769
1770 12990
1771 12989
1772 12988
1773 1774
1775 13065
1776 13064
1777 13063
1778 13062
1779 1780
1781 13059
1782 13058
1783 13057
1784 1785
1786 12759
1787 12758
1788 12757
1789 12756
1790 1791
1792 12753
1793 12752
1794 12751
1795 1796
1797 12748
1798 12747
1799 12746
1800 1801
1802 12743
1803 12742
1804 7787
1805 7786
1806 1807
1808 7783
1809 7782
1810 7781
1811 7780
1812 7779
1813 7778
1814 7777
1815 1816
1817 7774
1818 7773
1819 7772
1820 7771
1821 1822
1823 12121
1824 12120
1825 12119
1826 12118
1827 1828
1829 12115
1830 12114
1831 12113
1832 1833
1834 12110
1835 12109
1836 7668
1837 7667
1838 1839
1840 7664
1841 7663
1842 7662
1843 7661
1844 1845
1846 7658
1847 7657
1848 7656
1849 1850
1851 7653
1852 7652
1853 7651
1854 7650
1855 1856
1857 7647
1858 7646
1859 7645
1860 11964
1861 1862
1863 11961
1864 11960
1865 11959
1866 11958
1867 11957
1868 11956
1869 11955
1870 11954
1871 1872
1873 11951
1874 6795
1875 6794
1876 6793
1877 1878
1879 6790
1880 6789
1881 6788
1882 1883
1884 11908
1885 11907
1886 11906
1887 11905
1888 1889
1890 11902
1891 11901
1892 11900
1893 1894
1895 11897
1896 11896
1897 11895
1898 11894
1899 1900
1901 11891
1902 11890
1903 11889
1904 1905
1906 6772
1907 6771
1908 6770
1909 6769
1910 1911
1912 6766
1913 6765
1914 6764
1915 8159
1916 1917
1918 8156
1919 8155
1920 8154
1921 8153
1922 1923
1924 8014
1925 8013
1926 8012
1927 1928
1929 8009
1930 8008
1931 8007
1932 8006
1933 1934
1935 8003
1936 8002
1937 8001
1938 8000
1939 1940
1941 11317
1942 11316
1943 11315
1944 1945
1946 11312
1947 11311
1948 11310
1949 11309
1950 1951
1952 11306
1953 11305
1954 11304
1955 1956
1957 11301
1958 6735
1959 6734
1960 6733
1961 1962
1963 6730
1964 6729
1965 6728
1966 1967
1968 6714
1969 6713
1970 6712
1971 6711
1972 1973
1974 6708
1975 6707
1976 6706
1977 6705
1978 7896
1979 7895
1980 7894
1981 7893
1982 1983
1984 7890
1985 7889
1986 7888
1987 1988
1989 7885
1990 7884
1991 7883
1992 7882
1993 1994
1995 7879
1996 7878
1997 7218
1998 7217
1999 2000
2001 7214
2002 7213
2003 7212
2004 2005
2006 7209
2007 7208
2008 7207
2009 8611
2010 2011
2012 8608
2013 8607
2014 8606
2015 8605
2016 2017
2018 8602
2019 8601
2020 8600
2021 2022
2023 8597
2024 8596
2025 8541
2026 8540
2027 2028
2029 8537
2030 8536
2031 8535
2032 8534
2033 8533
2034 8650
2035 8649
2036 2037
2038 8646
2039 8645
2040 8644
2041 6694
2042 2043
2044 6691
2045 6690
2046 6689
2047 2048
2049 6686
2050 6685
2051 9416
2052 9415
2053 2054
2055 9412
2056 9411
2057 9410
2058 2059
2060 9407
2061 9406
2062 9405
2063 9404
2064 2065
2066 9401
2067 10639
2068 10638
2069 2070
2071 10635
2072 10634
2073 10633
2074 10632
2075 2076
2077 10629
2078 10628
2079 10627
2080 10626
2081 2082
2083 6673
2084 6672
2085 6671
2086 6670
2087 6669
2088 6668
2089 6667
2090 6666
2091 6665
2092 6664
2093 2094
2095 6650
2096 6649
2097 6648
2098 6647
2099 6646
2100 2101
2102 6643
2103 6642
2104 10351
2105 10350
2106 10349
2107 10348
2108 10347
2109 2110
2111 7157
2112 7156
2113 7155
2114 7154
2115 7153
2116 7152
2117 7151
2118 2119
2120 7148
2121 7147
2122 7146
2123 7145
2124 7144
2125 7239
2126 7238
2127 7237
2128 2129
2130 7234
2131 7233
2132 7232
2133 7231
2134 7230
2135 7229
2136 7228
2137 7227
2140 7252
2141 7251
2142 7250
2143 7249
2144 7248
2145 7247
2146 7246
2147 7245
2148 2149
2150 7242
2151 7241
2152 7240
2153 7143
2154 7142
2155 7141
2156 7140
2157 7139
2158 2159
2160 7136
2161 7135
2162 7134
2163 10362
2164 10361
2165 10360
2166 10359
2167 2168
2169 10356
2170 10355
2171 10354
2172 10353
2173 10352
2174 6663
2175 6662
2176 2177
2178 6659
2179 6658
2180 6657
2181 6656
2182 6655
2183 2184
2185 6684
2186 6683
2187 6682
2188 6681
2189 6680
2190 6679
2191 6678
2192 6677
2193 6676
2194 2195
2196 10623
2197 10622
2198 10621
2199 10620
2200 2201
2202 10617
2203 10616
2204 10615
2205 10614
2206 2207
2208 10611
2209 10610
2210 10609
2211 10608
2212 2213
2214 9429
2215 9428
2216 9427
2217 2218
2219 9424
2220 9423
2221 9422
2222 9421
2223 2224
2225 9418
2226 9417
2227 6704
2228 2229
2230 6701
2231 6700
2232 6699
2233 6698
2234 2235
2236 6695
2237 8643
2238 8642
2239 2240
2241 8639
2242 8638
2243 8637
2244 8636
2245 8635
2246 8634
2247 8633
2248 8632
2249 2250
2251 8629
2252 8628
2253 8627
2254 2255
2256 8624
2257 8623
2258 8622
2259 8621
2260 2261
2262 8618
2263 8617
2264 8616
2265 2266
2267 8613
2268 8612
2269 7206
2270 7205
2271 2272
2273 7202
2274 7201
2275 7200
2276 2277
2278 7197
2279 7196
2280 7195
2281 2282
2283 7192
2284 7191
2285 7190
2286 7189
2287 2288
2289 7908
2290 7907
2291 7906
2292 2293
2294 7903
2295 7902
2296 7901
2297 2298
2299 7898
2300 7897
2301 6725
2302 6724
2303 6723
2304 6722
2305 2306
2307 6719
2308 6718
2309 6717
2310 2311
2312 6745
2313 6744
2314 6743
2315 2316
2317 6740
2318 6739
2319 6738
2320 2321
2322 11300
2323 11299
2324 11298
2325 11297
2326 2327
2328 11294
2329 11293
2330 11292
2331 2332
2333 11289
2334 11288
2335 11287
2336 2337
2338 11284
2339 11283
2340 6763
2341 2342
2343 6760
2344 6759
2345 6758
2346 6757
2347 2348
2349 6754
2350 8173
2351 8172
2352 2353
2354 8169
2355 8168
2356 8167
2357 8166
2358 8165
2359 8164
2360 8163
2361 2362
2363 8160
2364 6785
2365 6784
2366 2367
2368 6781
2369 6780
2370 6779
2371 2372
2373 6776
2374 6775
2375 11888
2376 11887
2377 2378
2379 11884
2380 11883
2381 11882
2382 2383
2384 11879
2385 11919
2386 11918
2387 2388
2389 11915
2390 11914
2391 11913
2392 2393
2394 11910
2395 11909
2396 6805
2397 6804
2398 2399
2400 6801
2401 6800
2402 6799
2403 2404
2405 6796
2406 11950
2407 11949
2408 2409
2410 11946
2411 11945
2412 11944
2413 6825
2414 6824
2415 6823
2416 6822
2417 2418
2419 6819
2420 6818
2421 6817
2422 2423
2424 6845
2425 6844
2426 6843
2427 6842
2428 2429
2430 6839
2431 6838
2432 6837
2433 2434
2435 12147
2436 12146
2437 12145
2438 12144
2439 2440
2441 12141
2442 12140
2443 12139
2444 2445
2446 12136
2447 12135
2448 12134
2449 2450
2451 12131
2452 12130
2453 12129
2454 12128
2455 2456
2457 12125
2458 12124
2459 7770
2460 2461
2462 7767
2463 7766
2464 7765
2465 2466
2467 7762
2468 7761
2469 7760
2470 7759
2471 7758
2472 7757
2473 2474
2475 7754
2476 6865
2477 6864
2478 2479
2480 6861
2481 6860
2482 6859
2483 2484
2485 6856
2486 6855
2487 6885
2488 2489
2490 6882
2491 6881
2492 6880
2493 6879
2494 2495
2496 6876
2497 6875
2498 8925
2499 2500
2501 8922
2502 8921
2503 8920
2504 2505
2506 8917
2507 8916
2508 8915
2509 2510
2511 8912
2512 8911
2513 8910
2514 2515
2516 8907
2517 8906
2518 8905
2519 8904
2520 2521
2522 8901
2523 8900
2524 8899
2525 8898
2526 8897
2527 8896
2528 8895
2529 8894
2530 8893
2531 2532
2533 8890
2534 8889
2535 8888
2536 8887
2537 2538
2539 8884
2540 8883
2541 8882
2542 8881
2543 8880
2544 8879
2545 2546
2547 8876
2548 8875
2549 8874
2550 8873
2551 8872
2552 8871
2553 2554
2555 8868
2556 8867
2557 8866
2558 8865
2559 8864
2560 8863
2561 2562
2563 8860
2564 8859
2565 8858
2566 8857
2567 8856
2568 8855
2569 2570
2571 8852
2572 8851
2573 8850
2574 8849
2575 8848
2576 8847
2579 7107
2580 7106
2581 7105
2582 7104
2583 7103
2584 7102
2585 2586
2587 7099
2588 7098
2589 7097
2590 7506
2591 7505
2592 7504
2593 7503
2594 7502
2595 7501
2596 7500
2597 7499
2598 7498
2599 7497
2600 7496
2601 7495
2602 7494
2603 7493
2604 7492
2605 7491
2606 7490
2607 7489
2608 7488
2609 7487
2610 7486
2611 7485
2612 6958
2613 6957
2614 6956
2615 6955
2616 6954
2617 6953
2618 6952
2619 6951
2620 6950
2621 6949
2622 6948
2623 6937
2624 6936
2625 6935
2626 6934
2627 6933
2628 6932
2629 6931
2630 6930
2631 6929
2632 6928
2633 6927
2634 8940
2635 8939
2636 8938
2637 8937
2638 8936
2639 8935
2640 8934
2641 2642
2643 8931
2644 8930
2645 8929
2646 8928
2647 8927
2648 8926
2649 6874
2650 6873
2651 6872
2652 6871
2653 6870
2654 6869
2655 6868
2656 6867
2657 6866
2658 6854
2659 6853
2660 6852
2661 6851
2662 6850
2663 6849
2664 6848
2665 6847
2666 6846
2667 7753
2668 7752
2669 7751
2670 7750
2671 7749
2672 7748
2673 7747
2674 7746
2675 6916
2676 6915
2677 6914
2678 6913
2679 6912
2680 6911
2681 6910
2682 6909
2683 6908
2684 6907
2685 6906
2686 12163
2687 12162
2688 12161
2689 12160
2690 12159
2691 2692
2693 12156
2694 12155
2695 12154
2696 12153
2697 12152
2698 12151
2699 12150
2700 12149
2701 12148
2702 6834
2703 6833
2704 6832
2705 6831
2706 6830
2707 6829
2708 6828
2709 6827
2710 6826
2711 6814
2712 6813
2713 6812
2714 6811
2715 6810
2716 6809
2717 6808
2718 6807
2719 6806
2720 2721
2722 11941
2723 11940
2724 11939
2725 11938
2726 11937
2727 11936
2728 11935
2729 11934
2730 11933
2731 11932
2732 11931
2733 11930
2734 11929
2735 11928
2736 11927
2737 11926
2738 11925
2739 11924
2740 11923
2741 11922
2742 11921
2743 11920
2744 2745
2746 11876
2747 11875
2748 11874
2749 11873
2750 11872
2751 11871
2752 11870
2753 11869
2754 11868
2755 11867
2756 11866
2757 11865
2758 11864
2759 11863
2760 11862
2761 8187
2762 8186
2763 8185
2764 8184
2765 8183
2766 8182
2767 8181
2768 8180
2769 2770
2771 8177
2772 8176
2773 8175
2774 8174
2775 6753
2776 6752
2777 6751
2778 6750
2779 6749
2780 6748
2781 6747
2782 6746
2783 11282
2784 11281
2785 11280
2786 11279
2787 11278
2788 11277
2789 11276
2790 11275
2791 11274
2792 2793
2794 11271
2795 11270
2796 11269
2797 11268
2798 11267
2799 11266
2800 11265
2801 6896
2802 6895
2803 6894
2804 6893
2805 6892
2806 6891
2807 6890
2808 6889
2809 6888
2810 6887
2811 6886
2812 7925
2813 7924
2814 7923
2815 7922
2816 7921
2817 7920
2818 7919
2819 7918
2820 7917
2821 7916
2822 7915
2823 7914
2824 7913
2825 7912
2826 7911
2827 7188
2828 7187
2829 2830
2831 7184
2832 7183
2833 7182
2834 7181
2835 7180
2836 7179
2837 7178
2838 7177
2839 7176
2840 7175
2841 7298
2842 7297
2843 7296
2844 7295
2845 7294
2846 7293
2847 7292
2848 7291
2849 7290
2850 7289
2851 7288
2852 7287
2853 8505
2854 8504
2855 8503
2856 8502
2857 8501
2858 8500
2859 8499
2860 8498
2861 8497
2862 8496
2863 8495
2864 8494
2865 8493
2866 8492
2867 8491
2868 8490
2869 8489
2870 8488
2871 8487
2872 8486
2873 8485
2874 8484
2875 9443
2876 9442
2877 9441
2878 9440
2879 9439
2880 9438
2881 9437
2882 9436
2883 9435
2884 9434
2885 9433
2886 9432
2887 9431
2888 9430
2889 10605
2890 10604
2891 10603
2892 10602
2893 10601
2894 10600
2895 10599
2896 10598
2897 10597
2898 10596
2899 10595
2900 10594
2901 10593
2902 10592
2903 10591
2904 10590
2905 10589
2906 10588
2907 10587
2908 10586
2909 10585
2910 10584
2911 10583
2912 10582
2913 10581
2914 10580
2915 10579
2916 10578
2917 10577
2918 10576
2919 10575
2920 10574
2921 10573
2922 10572
2923 10571
2924 10570
2925 10370
2926 10369
2927 10368
2928 10367
2929 10366
2930 10365
2931 10364
2932 10363
2933 7133
2934 7132
2935 7131
2936 7130
2937 7129
2938 7128
2939 7127
2940 7126
2941 7125
2942 7124
2943 7123
2944 7122
2945 7121
2946 7264
2947 7263
2948 7262
2949 7261
2950 7260
2951 7259
2952 7258
2953 7257
2956 7076
2957 7075
2958 7074
2959 7073
2960 7072
2961 7071
2962 7070
2963 7069
2964 7068
2965 7067
2966 7066
2967 7065
2968 7064
2969 10383
2970 10382
2971 10381
2972 10380
2973 10379
2974 10378
2975 10377
2976 10376
2977 10375
2978 10374
2979 10373
2980 10372
2981 10371
2982 10569
2983 10568
2984 10567
2985 10566
2986 10565
2987 10564
2988 10563
2989 10562
2990 10561
2991 10560
2992 10559
2993 10558
2994 10557
2995 10556
2996 10555
2997 10554
2998 10553
2999 10552
3000 10551
3001 7096
3002 7095
3003 7094
3004 7093
3005 7092
3006 7091
3007 7090
3008 7089
3009 7088
3010 7087
3011 9456
3012 9455
3013 9454
3014 9453
3015 9452
3016 9451
3017 9450
3018 9449
3019 9448
3020 9447
3021 9446
3022 9445
3023 9444
3024 8483
3025 8482
3026 8481
3027 8480
3028 8479
3029 8478
3030 8477
3031 8476
3032 8516
3033 8515
3034 8514
3035 8513
3036 8512
3037 8511
3038 8510
3039 8509
3040 8508
3041 8507
3042 8506
3043 7286
3044 7285
3045 7284
3046 7283
3047 7282
3048 7281
3049 7280
3050 7279
3051 7278
3052 7277
3053 7949
3054 7948
3055 7947
3056 7946
3057 7945
3058 7944
3059 7943
3060 7942
3061 7941
3062 7940
3063 7939
3064 7938
3065 7937
3066 7936
3067 7935
3068 7934
3069 7933
3070 7932
3071 7931
3072 7930
3073 7929
3074 7928
3075 7927
3076 7926
3077 6905
3078 6904
3079 6903
3080 6902
3081 6901
3082 6900
3083 6899
3084 6898
3085 6897
3086 11264
3087 11263
3088 11262
3089 11261
3090 11260
3091 11259
3092 11258
3093 11257
3094 11256
3095 11255
3096 8210
3097 8209
3098 8208
3099 8207
3100 8206
3101 8205
3102 8204
3103 8203
3104 8202
3105 8201
3106 8200
3107 8199
3108 8198
3109 8197
3110 8196
3111 8195
3112 8194
3113 8193
3114 8192
3115 8191
3116 8190
3117 8189
3118 8188
3119 11861
3120 11860
3121 11859
3122 11858
3123 11857
3124 11856
3125 11855
3126 11854
3127 12217
3128 12216
3129 12215
3130 12214
3131 12213
3132 12212
3133 12211
3134 12210
3135 12209
3136 12208
3137 12207
3138 12206
3139 12205
3140 12204
3141 12203
3142 12202
3143 12201
3144 12200
3145 12199
3146 12198
3147 12197
3148 12196
3149 12195
3150 12194
3151 12193
3152 12192
3153 12191
3154 12190
3155 12189
3156 12188
3157 12187
3158 12186
3159 12185
3160 12184
3161 12183
3162 12182
3163 12181
3164 12180
3165 12179
3166 12178
3167 12177
3168 12176
3169 12175
3170 12174
3171 12173
3172 12172
3173 12171
3174 12170
3175 12169
3176 12168
3177 12167
3178 12166
3179 12165
3180 12164
3181 6926
3182 6925
3183 6924
3184 6923
3185 6922
3186 6921
3187 6920
3188 6919
3189 6918
3190 6917
3191 7745
3192 7744
3193 7743
3194 7742
3195 7741
3196 7740
3197 7739
3198 7738
3199 7737
3200 7736
3201 7735
3202 8962
3203 8961
3204 8960
3205 8959
3206 8958
3207 8957
3208 8956
3209 8955
3210 8954
3211 8953
3212 8952
3213 8951
3214 8950
3215 8949
3216 8948
3217 8947
3218 8946
3219 8945
3220 8944
3221 8943
3222 8942
3223 8941
3224 6947
3225 6946
3226 6945
3227 6944
3228 6943
3229 6942
3230 6941
3231 6940
3232 6939
3233 6938
3234 6968
3235 6967
3236 6966
3237 6965
3238 6964
3239 6963
3240 6962
3241 6961
3242 6960
3243 6959
3244 7484
3245 7483
3246 7482
3247 7481
3248 7480
3249 7479
3250 7478
3251 7477
3252 7476
3253 7517
3254 7516
3255 7515
3256 7514
3257 7513
3258 7512
3259 7511
3260 7510
3261 7509
3262 7508
3263 7507
3264 7120
3265 7119
3266 7118
3267 7117
3268 7116
3269 7115
3270 7114
3271 7113
3272 7112
3275 7576
3276 7575
3277 7574
3278 7573
3279 7572
3280 7571
3281 7570
3282 7569
3283 7528
3284 7527
3285 7526
3286 7525
3287 7524
3288 7523
3289 7522
3290 7521
3291 7520
3292 7519
3293 7518
3294 7475
3295 7474
3296 7473
3297 7472
3298 7471
3299 7470
3300 7469
3301 7468
3302 7467
3303 7466
3304 9002
3305 9001
3306 9000
3307 8999
3308 8998
3309 8997
3310 8996
3311 8995
3312 8994
3313 8993
3314 8992
3315 8991
3316 8990
3317 8989
3318 8988
3319 8987
3320 8986
3321 8985
3322 8984
3323 8983
3324 8982
3325 8981
3326 8980
3327 8979
3328 8978
3329 8977
3330 8976
3331 8975
3332 8974
3333 8973
3334 8972
3335 8971
3336 8970
3337 8969
3338 8968
3339 8967
3340 8966
3341 8965
3342 8964
3343 8963
3344 7734
3345 7733
3346 7732
3347 7731
3348 7730
3349 7729
3350 7728
3351 7727
3352 7726
3353 7725
3354 7724
3355 7723
3356 7722
3357 8073
3358 8072
3359 8071
3360 8070
3361 8069
3362 8068
3363 8067
3364 8066
3365 8065
3366 8064
3367 8063
3368 8062
3369 8061
3370 8060
3371 8059
3372 8058
3373 8057
3374 8056
3375 8055
3376 8054
3377 8053
3378 8052
3379 12299
3380 12298
3381 12297
3382 12296
3383 12295
3384 12294
3385 12293
3386 12292
3387 12291
3388 12290
3389 12289
3390 12288
3391 12287
3392 12286
3393 12285
3394 12284
3395 12283
3396 12282
3397 12281
3398 12280
3399 12279
3400 12278
3401 12277
3402 12276
3403 12275
3404 12274
3405 12273
3406 12272
3407 12271
3408 12270
3409 12226
3410 12225
3411 12224
3412 12223
3413 12222
3414 12221
3415 12220
3416 12219
3417 12218
3418 11853
3419 11852
3420 11851
3421 11850
3422 11849
3423 11848
3424 11847
3425 11846
3426 11845
3427 11844
3428 11843
3429 11842
3430 11841
3431 11840
3432 11839
3433 8036
3434 8035
3435 8034
3436 8033
3437 8032
3438 8031
3439 8030
3440 8029
3441 8218
3442 8217
3443 8216
3444 8215
3445 8214
3446 8213
3447 8212
3448 8211
3449 11254
3450 11253
3451 11252
3452 11251
3453 11250
3454 11249
3455 11248
3456 11247
3457 11246
3458 11245
3459 11244
3460 11243
3461 11242
3462 10952
3463 10951
3464 10950
3465 10949
3466 10948
3467 10947
3468 10946
3469 10945
3470 10944
3471 10943
3472 10942
3473 10941
3474 10940
3475 7965
3476 7964
3477 7963
3478 7962
3479 7961
3480 7960
3481 7959
3482 7958
3483 7957
3484 7956
3485 7955
3486 7954
3487 7953
3488 7952
3489 7951
3490 7950
3491 7326
3492 7325
3493 7324
3494 7323
3495 7322
3496 7321
3497 7320
3498 7319
3499 7318
3500 7317
3501 7316
3502 7315
3503 7314
3504 8524
3505 8523
3506 8522
3507 8521
3508 8520
3509 8519
3510 8518
3511 8517
3512 8475
3513 8474
3514 8473
3515 8472
3516 8471
3517 8470
3518 8469
3519 9470
3520 9469
3521 9468
3522 9467
3523 9466
3524 9465
3525 9464
3526 9463
3527 9462
3528 9461
3529 9460
3530 9459
3531 9458
3532 9457
3533 7086
3534 7085
3535 7084
3536 7083
3537 7082
3538 7081
3539 7080
3540 7079
3541 7078
3542 7077
3543 10550
3544 10549
3545 10548
3546 10547
3547 10546
3548 10545
3549 10544
3550 10543
3551 10542
3552 10541
3553 10540
3554 10539
3555 10538
3556 10537
3557 10536
3558 10535
3559 10399
3560 10398
3561 10397
3562 10396
3563 10395
3564 10394
3565 10393
3566 10392
3567 10391
3568 10390
3569 10389
3570 10388
3571 10387
3572 10386
3573 10385
3574 10384
3575 7063
3576 7062
3577 7061
3578 7060
3579 7059
3580 7058
3581 7057
3582 7056
3583 7055
3584 7054
3585 7053
3586 7052
3587 7051
3590 7272
3591 7271
3592 7270
3593 7269
3594 7268
3595 7267
3596 7266
3597 7265
3598 7174
3599 7173
3600 7172
3601 7171
3602 7170
3603 7169
3604 7168
3605 7167
3606 7166
3607 7165
3608 7164
3609 7163
3610 7162
3611 7161
3612 7160
3613 7159
3614 7158
3615 10344
3616 10343
3617 10342
3618 10341
3619 10340
3620 10339
3621 10338
3622 10337
3623 10336
3624 10335
3625 10334
3626 10333
3627 10332
3628 10331
3629 10330
3630 10329
3631 10328
3632 10327
3633 10326
3634 10325
3635 10324
3636 10323
3637 10322
3638 10321
3639 10320
3640 10319
3641 10318
3642 10317
3643 10316
3644 10315
3645 10314
3646 10313
3647 10312
3648 10311
3649 10310
3650 10309
3651 10308
3652 10307
3653 10306
3654 10305
3655 10304
3656 10303
3657 10302
3658 10301
3659 10300
3660 10299
3661 10298
3662 10297
3663 10296
3664 10295
3665 10294
3666 8664
3667 8663
3668 8662
3669 8661
3670 8660
3671 8659
3672 8658
3673 8657
3674 8656
3675 8655
3676 8654
3677 8653
3678 8652
3679 8651
3680 8532
3681 8531
3682 8530
3683 8529
3684 8528
3685 8527
3686 8526
3687 8525
3688 7313
3689 7312
3690 7311
3691 7310
3692 7309
3693 7308
3694 7307
3695 7306
3696 7305
3697 7304
3698 7303
3699 7302
3700 7301
3701 7300
3702 7299
3703 7226
3704 7225
3705 7224
3706 7223
3707 7222
3708 7221
3709 7220
3710 7219
3711 7877
3712 7876
3713 7875
3714 7874
3715 7873
3716 7872
3717 7871
3718 7870
3719 7869
3720 7868
3721 7867
3722 7866
3723 7865
3724 7864
3725 7863
3726 7862
3727 7861
3728 7860
3729 10960
3730 10959
3731 10958
3732 10957
3733 10956
3734 10955
3735 10954
3736 10953
3737 11241
3738 11240
3739 11239
3740 11238
3741 11237
3742 11236
3743 11235
3744 11234
3745 11233
3746 11232
3747 11231
3748 11230
3749 11229
3750 8230
3751 8229
3752 8228
3753 8227
3754 8226
3755 8225
3756 8224
3757 8223
3758 8222
3759 8221
3760 8220
3761 8219
3762 8028
3763 8027
3764 3765
3766 8024
3767 8023
3768 8022
3769 8021
3770 8020
3771 8019
3772 8018
3773 8017
3774 8152
3775 8151
3776 8150
3777 8149
3778 8148
3779 8147
3780 8146
3781 8145
3782 8144
3783 8143
3784 8142
3785 8141
3786 8140
3787 8139
3788 8138
3789 8137
3790 8136
3791 8135
3792 8134
3793 12234
3794 12233
3795 12232
3796 12231
3797 12230
3798 12229
3799 12228
3800 12227
3801 12269
3802 12268
3803 12267
3804 12266
3805 12265
3806 12264
3807 12263
3808 12262
3809 12261
3810 12260
3811 3812
3813 12257
3814 12256
3815 11976
3816 11975
3817 11974
3818 11973
3819 11972
3820 11971
3821 11970
3822 11969
3823 11968
3824 11967
3825 11966
3826 11965
3827 7644
3828 7643
3829 7642
3830 7641
3831 7640
3832 7639
3833 7638
3834 7637
3835 7636
3836 8101
3837 8100
3838 8099
3839 8098
3840 8097
3841 8096
3842 8095
3843 8094
3844 8093
3845 8092
3846 8091
3847 8090
3848 8089
3849 8088
3850 8087
3851 8086
3852 8085
3853 8084
3854 8083
3855 8082
3856 8081
3857 8080
3858 8079
3859 8078
3860 8077
3861 8076
3862 8075
3863 8074
3864 7721
3865 7720
3866 7719
3867 7718
3868 7717
3869 7716
3870 7715
3871 7714
3872 7713
3873 7712
3874 7711
3875 7710
3876 7709
3877 12771
3878 12770
3879 12769
3880 12768
3881 12767
3882 12766
3883 12765
3884 12764
3885 12763
3886 12762
3887 12761
3888 12760
3889 13054
3890 13053
3891 13052
3892 13051
3893 13050
3894 13049
3895 13048
3896 13047
3897 13046
3898 13045
3899 13044
3900 13043
3901 13042
3902 13041
3903 13040
3904 13039
3905 13038
3906 13037
3907 13036
3908 13035
3909 13034
3910 13033
3911 13032
3912 13031
3913 13030
3914 13029
3915 13028
3916 13027
3917 13026
3918 13025
3919 9009
3920 9008
3921 9007
3922 9006
3923 9005
3924 9004
3925 9003
3926 7465
3927 7464
3928 7463
3929 7462
3930 7461
3931 7460
3932 7459
3933 7458
3934 7457
3935 7456
3936 7455
3937 7454
3938 7453
3939 7452
3940 7451
3941 7450
3942 7536
3943 7535
3944 7534
3945 7533
3946 7532
3947 7531
3948 7530
3949 7529
3950 7568
3951 7567
3952 7566
3953 7565
3954 7564
3955 7563
3956 7562
3957 7561
3958 7560
3961 7347
3962 7346
3963 7345
3964 7344
3965 7343
3966 7342
3967 7341
3968 7340
3969 7339
3970 7338
3971 7386
3972 7385
3973 7384
3974 7383
3975 7382
3976 7381
3977 7380
3978 7379
3979 7378
3980 7377
3981 7376
3982 7375
3983 7374
3984 7373
3985 9025
3986 9024
3987 9023
3988 9022
3989 9021
3990 9020
3991 9019
3992 9018
3993 9017
3994 9016
3995 9015
3996 9014
3997 9013
3998 9012
3999 9011
4000 9010
4001 13024
4002 13023
4003 13022
4004 13021
4005 13020
4006 13019
4007 13018
4008 13017
4009 12972
4010 12971
4011 12970
4012 12969
4013 12968
4014 12967
4015 12966
4016 12965
4017 12964
4018 12796
4019 12795
4020 12794
4021 12793
4022 12792
4023 12791
4024 12790
4025 12789
4026 12788
4027 12787
4028 12786
4029 12785
4030 12784
4031 12783
4032 12782
4033 12781
4034 12780
4035 12779
4036 12778
4037 12777
4038 12776
4039 12775
4040 12774
4041 12773
4042 12772
4043 7803
4044 7802
4045 7801
4046 7800
4047 7799
4048 7798
4049 7797
4050 7796
4051 7795
4052 12687
4053 12686
4054 12685
4055 12684
4056 12683
4057 12682
4058 12681
4059 12680
4060 12679
4061 12678
4062 12677
4063 12676
4064 12675
4065 12674
4066 12673
4067 12672
4068 12671
4069 12670
4070 8115
4071 8114
4072 8113
4073 8112
4074 8111
4075 8110
4076 8109
4077 8108
4078 8107
4079 8106
4080 8105
4081 8104
4082 8103
4083 8102
4084 7708
4085 7707
4086 7706
4087 7705
4088 7704
4089 7703
4090 7702
4091 7701
4092 7700
4093 7699
4094 7698
4095 7697
4096 11985
4097 11984
4098 11983
4099 11982
4100 11981
4101 11980
4102 11979
4103 11978
4104 11977
4105 12255
4106 12254
4107 12253
4108 12252
4109 12251
4110 12250
4111 12249
4112 12248
4113 12247
4114 12246
4115 12245
4116 12244
4117 12243
4118 12242
4119 12241
4120 12240
4121 12239
4122 12238
4123 12237
4124 12236
4125 12235
4126 8133
4127 8132
4128 8131
4129 8130
4130 8129
4131 8128
4132 8127
4133 8126
4134 11827
4135 11826
4136 11825
4137 11824
4138 11823
4139 11822
4140 11821
4141 11820
4142 11819
4143 11818
4144 11817
4145 11816
4146 11815
4147 11814
4148 11813
4149 8051
4150 8050
4151 8049
4152 8048
4153 8047
4154 8046
4155 8045
4156 8242
4157 8241
4158 8240
4159 8239
4160 8238
4161 8237
4162 8236
4163 8235
4164 8234
4165 8233
4166 8232
4167 8231
4168 11228
4169 11227
4170 11226
4171 11225
4172 11224
4173 11223
4174 11222
4175 11221
4176 11220
4177 11219
4178 11218
4179 11217
4180 11216
4181 10968
4182 10967
4183 10966
4184 10965
4185 10964
4186 10963
4187 10962
4188 10961
4189 7859
4190 7858
4191 7857
4192 7856
4193 7855
4194 7854
4195 7853
4196 7852
4197 7851
4198 7850
4199 7849
4200 7848
4201 7847
4202 7984
4203 7983
4204 7982
4205 7981
4206 7980
4207 7979
4208 7978
4209 10793
4210 10792
4211 10791
4212 10790
4213 10789
4214 10788
4215 10787
4216 10786
4217 10785
4218 10784
4219 8582
4220 8581
4221 8580
4222 8579
4223 8578
4224 8577
4225 8576
4226 8575
4227 8574
4228 8573
4229 8572
4230 8571
4231 8570
4232 8569
4233 8568
4234 8567
4235 8566
4236 8565
4237 8564
4238 8563
4239 8562
4240 8561
4241 8560
4242 8559
4243 8558
4244 8672
4245 8671
4246 8670
4247 8669
4248 8668
4249 8667
4250 8666
4251 8665
4252 10293
4253 10292
4254 10291
4255 10290
4256 10289
4257 10288
4258 10287
4259 10286
4260 10285
4261 10284
4262 10283
4263 10282
4264 10281
4265 10280
4266 10279
4267 10278
4268 10277
4269 10276
4270 10275
4271 10274
4272 10273
4273 10272
4274 10515
4275 10514
4276 10513
4277 10512
4278 10511
4279 10510
4280 10509
4281 10508
4282 10507
4283 10506
4284 10505
4285 10504
4286 10503
4287 10502
4288 10501
4289 10500
4290 10499
4291 10498
4292 10497
4293 10496
4294 10495
4295 10494
4296 10493
4297 10492
4298 10491
4299 10490
4300 10489
4301 10488
4302 10487
4303 10486
4304 10485
4305 10484
4306 10483
4307 10125
4308 10124
4309 10123
4310 10122
4311 10121
4312 10120
4313 10119
4314 10118
4315 10117
4316 10116
4317 10115
4318 10114
4319 10113
4320 10112
4321 10111
4322 10110
4323 10109
4324 10108
4325 10107
4326 10106
4327 10105
4330 7046
4331 7045
4332 7044
4333 7043
4334 7042
4335 7041
4336 7040
4337 7039
4338 7038
4339 7037
4340 7036
4341 7035
4342 7034
4343 7033
4344 7032
4345 7031
4346 7030
4347 7029
4348 7028
4349 7027
4350 7026
4351 7025
4352 7024
4353 10405
4354 10404
4355 10403
4356 10402
4357 10401
4358 10400
4359 10534
4360 10533
4361 10532
4362 10531
4363 10530
4364 10529
4365 10528
4366 10527
4367 10526
4368 10525
4369 10524
4370 10523
4371 10522
4372 10521
4373 10520
4374 10519
4375 10518
4376 10517
4377 10516
4378 10271
4379 10270
4380 10269
4381 10268
4382 10267
4383 10266
4384 10265
4385 9484
4386 9483
4387 9482
4388 9481
4389 9480
4390 9479
4391 9478
4392 9477
4393 9476
4394 9475
4395 9474
4396 9473
4397 9472
4398 9471
4399 8468
4400 8467
4401 8466
4402 8465
4403 8464
4404 8463
4405 8462
4406 10817
4407 10816
4408 10815
4409 10814
4410 10813
4411 10812
4412 10811
4413 10810
4414 10809
4415 10808
4416 10807
4417 10806
4418 10805
4419 10804
4420 10803
4421 10802
4422 10801
4423 10800
4424 10799
4425 10798
4426 10797
4427 10796
4428 10795
4429 10794
4430 7977
4431 7976
4432 7975
4433 7974
4434 7973
4435 7972
4436 7971
4437 7970
4438 7969
4439 7968
4440 7967
4441 7966
4442 10939
4443 10938
4444 10937
4445 10936
4446 10935
4447 10934
4448 10933
4449 10932
4450 10931
4451 10930
4452 10929
4453 10928
4454 10927
4455 10926
4456 10925
4457 10924
4458 10923
4459 8257
4460 8256
4461 8255
4462 8254
4463 8253
4464 8252
4465 8251
4466 8250
4467 8249
4468 8248
4469 8247
4470 8246
4471 8245
4472 8244
4473 8243
4474 8044
4475 8043
4476 8042
4477 8041
4478 8040
4479 8039
4480 8038
4481 8037
4482 11838
4483 11837
4484 11836
4485 11835
4486 11834
4487 11833
4488 11832
4489 11831
4490 11830
4491 11829
4492 11828
4493 8308
4494 8307
4495 8306
4496 8305
4497 8304
4498 8303
4499 8302
4500 8301
4501 8300
4502 8328
4503 8327
4504 8326
4505 8325
4506 8324
4507 8323
4508 8322
4509 8321
4510 8320
4511 8319
4512 12322
4513 12321
4514 12320
4515 12319
4516 12318
4517 12317
4518 12316
4519 12315
4520 12314
4521 12313
4522 12312
4523 12311
4524 12310
4525 12309
4526 12308
4527 12307
4528 12306
4529 12305
4530 12304
4531 12303
4532 12302
4533 12301
4534 12300
4535 8125
4536 8124
4537 8123
4538 8122
4539 8121
4540 8120
4541 8119
4542 8118
4543 8117
4544 8116
4545 12669
4546 12668
4547 12667
4548 12666
4549 12665
4550 12664
4551 12663
4552 12662
4553 12661
4554 12830
4555 12829
4556 12828
4557 12827
4558 12826
4559 12825
4560 12824
4561 12823
4562 12822
4563 12821
4564 12820
4565 12819
4566 12818
4567 12817
4568 12816
4569 12815
4570 12814
4571 12813
4572 12812
4573 12811
4574 12810
4575 12809
4576 12808
4577 12807
4578 12806
4579 12805
4580 12804
4581 12803
4582 12802
4583 12801
4584 12800
4585 12799
4586 12798
4587 12797
4588 12963
4589 12962
4590 12961
4591 12960
4592 12959
4593 12958
4594 12957
4595 12956
4596 12955
4597 12954
4598 12953
4599 12952
4600 12951
4601 12950
4602 12949
4603 12948
4604 9038
4605 9037
4606 9036
4607 9035
4608 9034
4609 9033
4610 9032
4611 9031
4612 9030
4613 9029
4614 9028
4615 9027
4616 9026
4617 7372
4618 7371
4619 7370
4620 7369
4621 7368
4622 7367
4623 7366
4624 7365
4625 7364
4626 7363
4627 7362
4628 7361
4629 7360
4630 7359
4631 7358
4632 7357
4633 7356
4634 7355
4635 7354
4636 7353
4637 7352
4640 8402
4641 8401
4642 8400
4643 8399
4644 8398
4645 8397
4646 8396
4647 8395
4648 8394
4649 9064
4650 9063
4651 9062
4652 9061
4653 9060
4654 9059
4655 9058
4656 9057
4657 9056
4658 9055
4659 9054
4660 9053
4661 9052
4662 9051
4663 9050
4664 9049
4665 9048
4666 9047
4667 9046
4668 9045
4669 9044
4670 9043
4671 9042
4672 9041
4673 9040
4674 9039
4675 12947
4676 12946
4677 12945
4678 12944
4679 12943
4680 12942
4681 12941
4682 12940
4683 12939
4684 12938
4685 12937
4686 12936
4687 12935
4688 12934
4689 12933
4690 12932
4691 12931
4692 12930
4693 13136
4694 13135
4695 13134
4696 13133
4697 13132
4698 13131
4699 13130
4700 13129
4701 12491
4702 12490
4703 12489
4704 12488
4705 12487
4706 12486
4707 12485
4708 12484
4709 12483
4710 12482
4711 12481
4712 12480
4713 12479
4714 12838
4715 12837
4716 12836
4717 12835
4718 12834
4719 12833
4720 12832
4721 12831
4722 12660
4723 12659
4724 12658
4725 12657
4726 12656
4727 12655
4728 12654
4729 12653
4730 12652
4731 12651
4732 12650
4733 12649
4734 12648
4735 12647
4736 12646
4737 12645
4738 12644
4739 12643
4740 12642
4741 12641
4742 12640
4743 12639
4744 12638
4745 12637
4746 11683
4747 11682
4748 11681
4749 11680
4750 11679
4751 11678
4752 11677
4753 12332
4754 12331
4755 12330
4756 12329
4757 12328
4758 12327
4759 12326
4760 12325
4761 12324
4762 12323
4763 8318
4764 8317
4765 8316
4766 8315
4767 8314
4768 8313
4769 8312
4770 8311
4771 8310
4772 8309
4773 8299
4774 8298
4775 8297
4776 8296
4777 8295
4778 8294
4779 8293
4780 8292
4781 8291
4782 8290
4783 8289
4784 8288
4785 8287
4786 8286
4787 8285
4788 8284
4789 8283
4790 8282
4791 8281
4792 8280
4793 8279
4794 8278
4795 8277
4796 8276
4797 8275
4798 8274
4799 8273
4800 8272
4801 8271
4802 8270
4803 8269
4804 8268
4805 8267
4806 8266
4807 8265
4808 8264
4809 8263
4810 8262
4811 8261
4812 8260
4813 8259
4814 8258
4815 10922
4816 10921
4817 10920
4818 10919
4819 10918
4820 10917
4821 10916
4822 10915
4823 10914
4824 10913
4825 10912
4826 10911
4827 10910
4828 10909
4829 10908
4830 11065
4831 11064
4832 11063
4833 11062
4834 11061
4835 11060
4836 11059
4837 11058
4838 10749
4839 10748
4840 10747
4841 10746
4842 10745
4843 10744
4844 10743
4845 10742
4846 10741
4847 10740
4848 10739
4849 10738
4850 10737
4851 10833
4852 10832
4853 10831
4854 10830
4855 10829
4856 10828
4857 10827
4858 10826
4859 10825
4860 10824
4861 10823
4862 10822
4863 10821
4864 10820
4865 10819
4866 10818
4867 8461
4868 8460
4869 8459
4870 8458
4871 8457
4872 8456
4873 8455
4874 8454
4875 8453
4876 8452
4877 8451
4878 8450
4879 9493
4880 9492
4881 9491
4882 9490
4883 9489
4884 9488
4885 9487
4886 9486
4887 9485
4888 10264
4889 10263
4890 10262
4891 10261
4892 10260
4893 10259
4894 10258
4895 10257
4896 10256
4897 10255
4898 10254
4899 10253
4900 10252
4901 10424
4902 10423
4903 10422
4904 10421
4905 10420
4906 10419
4907 10418
4908 10417
4909 10416
4910 10415
4911 10414
4912 10413
4913 10412
4914 10411
4915 10410
4916 10409
4917 10408
4918 10407
4919 10406
4920 7023
4921 7022
4922 7021
4923 7020
4924 7019
4925 7018
4926 7017
4927 7016
4928 7015
4929 7014
4930 7013
4931 7012
4932 7011
4933 7010
4934 7009
4935 9254
4936 9253
4937 9252
4938 9251
4939 9250
4940 9249
4941 9248
4942 9247
4945 10070
4946 10069
4947 10068
4948 10067
4949 10066
4950 10065
4951 10064
4952 10063
4953 10062
4954 10061
4955 10060
4956 10059
4957 10058
4958 10057
4959 10056
4960 10055
4961 10054
4962 10053
4963 10052
4964 10051
4965 10050
4966 10049
4967 10048
4968 10047
4969 10046
4970 10045
4971 10044
4972 10043
4973 10042
4974 10041
4975 10040
4976 10039
4977 10038
4978 10037
4979 10036
4980 10035
4981 10435
4982 10434
4983 10433
4984 10432
4985 10431
4986 10430
4987 10429
4988 10428
4989 10427
4990 10426
4991 10425
4992 10251
4993 10250
4994 10249
4995 10248
4996 10247
4997 10246
4998 10245
4999 10244
5000 9512
5001 9511
5002 9510
5003 9509
5004 9508
5005 9507
5006 9506
5007 9505
5008 9504
5009 9503
5010 9502
5011 9501
5012 9500
5013 9499
5014 9498
5015 9497
5016 9496
5017 9495
5018 9494
5019 8449
5020 8448
5021 8447
5022 8446
5023 8445
5024 8444
5025 8443
5026 8442
5027 8441
5028 8440
5029 8439
5030 8438
5031 8437
5032 8436
5033 8435
5034 8434
5035 8433
5036 8432
5037 8431
5038 8430
5039 8429
5040 8428
5041 8427
5042 9655
5043 9654
5044 9653
5045 9652
5046 9651
5047 9650
5048 9649
5049 9648
5050 9647
5051 9646
5052 9645
5053 9644
5054 9643
5055 9642
5056 9641
5057 9640
5058 10762
5059 10761
5060 10760
5061 10759
5062 10758
5063 10757
5064 10756
5065 10755
5066 10754
5067 10753
5068 10752
5069 10751
5070 10750
5071 11057
5072 11056
5073 11055
5074 11054
5075 11053
5076 11052
5077 11051
5078 11050
5079 11049
5080 11048
5081 11047
5082 11046
5083 11045
5084 11004
5085 11003
5086 11002
5087 11001
5088 11000
5089 10999
5090 10998
5091 10997
5092 10996
5093 10995
5094 10994
5095 11198
5096 11197
5097 11196
5098 11195
5099 11194
5100 11193
5101 11192
5102 11191
5103 11190
5104 11189
5105 11367
5106 11366
5107 11365
5108 11364
5109 11363
5110 11362
5111 11361
5112 11360
5113 11359
5114 11358
5115 11357
5116 11356
5117 11355
5118 11354
5119 11462
5120 11461
5121 11460
5122 11459
5123 11458
5124 11457
5125 11456
5126 11455
5127 11454
5128 11453
5129 11452
5130 11451
5131 11450
5132 11449
5133 11448
5134 11447
5135 11446
5136 11445
5137 11444
5138 11443
5139 11777
5140 11776
5141 11775
5142 11774
5143 11773
5144 11772
5145 11771
5146 11770
5147 11769
5148 12360
5149 12359
5150 12358
5151 12357
5152 12356
5153 12355
5154 12354
5155 12353
5156 12352
5157 12351
5158 12350
5159 12349
5160 12348
5161 12347
5162 12346
5163 12345
5164 12344
5165 12343
5166 12342
5167 12341
5168 12340
5169 12339
5170 12338
5171 12337
5172 12336
5173 12335
5174 12334
5175 12333
5176 11676
5177 11675
5178 11674
5179 11673
5180 11672
5181 11671
5182 11670
5183 11669
5184 11668
5185 11667
5186 11666
5187 11665
5188 11664
5189 11663
5190 11662
5191 11661
5192 12080
5193 12079
5194 12078
5195 12077
5196 12076
5197 12075
5198 12074
5199 12073
5200 12072
5201 12531
5202 12530
5203 12529
5204 12528
5205 12527
5206 12526
5207 12525
5208 12524
5209 12523
5210 12522
5211 12521
5212 12520
5213 12519
5214 12518
5215 12517
5216 12516
5217 12515
5218 12514
5219 12513
5220 12512
5221 12511
5222 12510
5223 12509
5224 12508
5225 12507
5226 12506
5227 12505
5228 12504
5229 12503
5230 12502
5231 12501
5232 12500
5233 12499
5234 12498
5235 12497
5236 12496
5237 12495
5238 12494
5239 12493
5240 12492
5241 13128
5242 13127
5243 13126
5244 13125
5245 13124
5246 13123
5247 13122
5248 13121
5249 13120
5250 13119
5251 13118
5252 13117
5253 13116
5254 13115
5255 13185
5256 13184
5257 13183
5258 13182
5259 13181
5260 13180
5261 13179
5262 13178
5263 13177
5264 8825
5265 8824
5266 8823
5267 8822
5268 8821
5269 8820
5270 8819
5271 8818
5272 8817
5273 8816
5274 9178
5275 9177
5276 9176
5277 9175
5278 9174
5279 9173
5280 9172
5281 9171
5282 9170
5283 9169
5284 9082
5285 9081
5286 9080
5287 9079
5288 9078
5289 9077
5290 9076
5291 9075
5292 9074
5293 9073
5294 9072
5295 9071
5296 9070
5297 9069
5298 9068
5299 9067
5300 9066
5301 9065
5302 8393
5303 8392
5304 8391
5305 8390
5306 8389
5307 8388
5308 8387
5309 8386
5310 8385
5311 8384
5314 8352
5315 8351
5316 8350
5317 8349
5318 8348
5319 8347
5320 8346
5321 8345
5322 8344
5323 8343
5324 8342
5325 8341
5326 8340
5327 9097
5328 9096
5329 9095
5330 9094
5331 9093
5332 9092
5333 9091
5334 9090
5335 9089
5336 9088
5337 9087
5338 9086
5339 9085
5340 9084
5341 9083
5342 9168
5343 9167
5344 9166
5345 9165
5346 9164
5347 9163
5348 9162
5349 9161
5350 9160
5351 9159
5352 8835
5353 8834
5354 8833
5355 8832
5356 8831
5357 8830
5358 8829
5359 8828
5360 8827
5361 8826
5362 13176
5363 13175
5364 13174
5365 13173
5366 13172
5367 13171
5368 13170
5369 13169
5370 13168
5371 13167
5372 13166
5373 13165
5374 13164
5375 13163
5376 13162
5377 13161
5378 13160
5379 13159
5380 13158
5381 13157
5382 13156
5383 13155
5384 13154
5385 13153
5386 13152
5387 13151
5388 13150
5389 13149
5390 12469
5391 12468
5392 12467
5393 12466
5394 12465
5395 12464
5396 12463
5397 9797
5398 9796
5399 9795
5400 9794
5401 9793
5402 9792
5403 9791
5404 9790
5405 9789
5406 12550
5407 12549
5408 12548
5409 12547
5410 12546
5411 12545
5412 12544
5413 12543
5414 12542
5415 12541
5416 12540
5417 12539
5418 12538
5419 12537
5420 12536
5421 12535
5422 12534
5423 12533
5424 12532
5425 12071
5426 12070
5427 12069
5428 12068
5429 12067
5430 12066
5431 12065
5432 12064
5433 12063
5434 12062
5435 12061
5436 12060
5437 12059
5438 12058
5439 12057
5440 12056
5441 12055
5442 12054
5443 12053
5444 12052
5445 12051
5446 12050
5447 12049
5448 12048
5449 12047
5450 12046
5451 12045
5452 12044
5453 12043
5454 12042
5455 12041
5456 12040
5457 12039
5458 12038
5459 12037
5460 12036
5461 12035
5462 12034
5463 12033
5464 12032
5465 12031
5466 12030
5467 12029
5468 12028
5469 12368
5470 12367
5471 12366
5472 12365
5473 12364
5474 12363
5475 12362
5476 12361
5477 11768
5478 11767
5479 11766
5480 11765
5481 11764
5482 11763
5483 11762
5484 11761
5485 11760
5486 11759
5487 11563
5488 11562
5489 11561
5490 11560
5491 11559
5492 11558
5493 11557
5494 11556
5495 11499
5496 11498
5497 11497
5498 11496
5499 11495
5500 11494
5501 11493
5502 11492
5503 11491
5504 11490
5505 11489
5506 11488
5507 11487
5508 11486
5509 11485
5510 11484
5511 11375
5512 11374
5513 11373
5514 11372
5515 11371
5516 11370
5517 11369
5518 11368
5519 11188
5520 11187
5521 11186
5522 11185
5523 11184
5524 11183
5525 11182
5526 11181
5527 11180
5528 11179
5529 11178
5530 11177
5531 11176
5532 11012
5533 11011
5534 11010
5535 11009
5536 11008
5537 11007
5538 11006
5539 11005
5540 11044
5541 11043
5542 11042
5543 11041
5544 11040
5545 11039
5546 11038
5547 11037
5548 11036
5549 11035
5550 11034
5551 11084
5552 11083
5553 11082
5554 11081
5555 11080
5556 11079
5557 11078
5558 10727
5559 10726
5560 10725
5561 10724
5562 10723
5563 10722
5564 10721
5565 10720
5566 9671
5567 9670
5568 9669
5569 9668
5570 9667
5571 9666
5572 9665
5573 9664
5574 9663
5575 9662
5576 9661
5577 9660
5578 9659
5579 9658
5580 9657
5581 9656
5582 8738
5583 8737
5584 8736
5585 8735
5586 8734
5587 8733
5588 8732
5589 8731
5590 8730
5591 8729
5592 8728
5593 8727
5594 8726
5595 8725
5596 8724
5597 8723
5598 8722
5599 8721
5600 8720
5601 8719
5602 8718
5603 8717
5604 8716
5605 9531
5606 9530
5607 9529
5608 9528
5609 9527
5610 9526
5611 9525
5612 9524
5613 9523
5614 9522
5615 9521
5616 9520
5617 9519
5618 9518
5619 9517
5620 9516
5621 9515
5622 9514
5623 9513
5624 10243
5625 10242
5626 10241
5627 10240
5628 10239
5629 10238
5630 10237
5631 10236
5632 10235
5633 10234
5634 10233
5635 10232
5636 10231
5637 10230
5638 10229
5639 10228
5640 10227
5641 10226
5642 10225
5643 10224
5644 10223
5645 10222
5646 10221
5647 10220
5648 10219
5649 10218
5650 10217
5651 10216
5652 10215
5653 10214
5654 10213
5655 10212
5656 10211
5657 10210
5658 10209
5659 10208
5660 10207
5661 10206
5662 10205
5663 10204
5664 10203
5665 10202
5666 10201
5667 10200
5668 10199
5669 10198
5670 10197
5671 9924
5672 9923
5673 9922
5674 9921
5675 9920
5676 9919
5677 9918
5678 9917
5681 9262
5682 9261
5683 9260
5684 9259
5685 9258
5686 9257
5687 9256
5688 9255
5689 7008
5690 7007
5691 7006
5692 7005
5693 7004
5694 7003
5695 7002
5696 7001
5697 7000
5698 6999
5699 6998
5700 6997
5701 6996
5702 6995
5703 6994
5704 6993
5705 9286
5706 9285
5707 9284
5708 9283
5709 9282
5710 9281
5711 9280
5712 9279
5713 9278
5714 9277
5715 9957
5716 9956
5717 9955
5718 9954
5719 9953
5720 9952
5721 9951
5722 9950
5723 9949
5724 9948
5725 9947
5726 9946
5727 9945
5728 9944
5729 9943
5730 9942
5731 9941
5732 9940
5733 9939
5734 9938
5735 9937
5736 9308
5737 9307
5738 9306
5739 9305
5740 9304
5741 9303
5742 9302
5743 9301
5744 9300
5745 9299
5746 9298
5747 9328
5748 9327
5749 9326
5750 9325
5751 9324
5752 9323
5753 9322
5754 9321
5755 9320
5756 9319
5757 10849
5758 10848
5759 10847
5760 10846
5761 10845
5762 10844
5763 10843
5764 10842
5765 10841
5766 10840
5767 10839
5768 10838
5769 10837
5770 10836
5771 10835
5772 10834
5773 10736
5774 10735
5775 10734
5776 10733
5777 10732
5778 10731
5779 10730
5780 10729
5781 10728
5782 11077
5783 11076
5784 11075
5785 11074
5786 11073
5787 11072
5788 11071
5789 11070
5790 11069
5791 11068
5792 11067
5793 11066
5794 10907
5795 10906
5796 10905
5797 10904
5798 10903
5799 10902
5800 10901
5801 10900
5802 10899
5803 10898
5804 10897
5805 10896
5806 10895
5807 10894
5808 10893
5809 10892
5810 9350
5811 9349
5812 9348
5813 9347
5814 9346
5815 9345
5816 9344
5817 9343
5818 9342
5819 9341
5820 9340
5821 11511
5822 11510
5823 11509
5824 11508
5825 11507
5826 11506
5827 11505
5828 11504
5829 11503
5830 11502
5831 11501
5832 11500
5833 11555
5834 11554
5835 11553
5836 11552
5837 11551
5838 11550
5839 11549
5840 11548
5841 11719
5842 11718
5843 11717
5844 11716
5845 11715
5846 11714
5847 11713
5848 11712
5849 11711
5850 11710
5851 11709
5852 11708
5853 11707
5854 11706
5855 11705
5856 11704
5857 11703
5858 11702
5859 11701
5860 11700
5861 11699
5862 11698
5863 11697
5864 11696
5865 11695
5866 11694
5867 11693
5868 11692
5869 11691
5870 11690
5871 11689
5872 11688
5873 11687
5874 11686
5875 11685
5876 11684
5877 12636
5878 12635
5879 12634
5880 12633
5881 12632
5882 12631
5883 12630
5884 12629
5885 12628
5886 12627
5887 12626
5888 12625
5889 12624
5890 12623
5891 12622
5892 12621
5893 12620
5894 12619
5895 12852
5896 12851
5897 12850
5898 12849
5899 12848
5900 12847
5901 12846
5902 12845
5903 12844
5904 12843
5905 12842
5906 12841
5907 12840
5908 12839
5909 12478
5910 12477
5911 12476
5912 12475
5913 12474
5914 12473
5915 12472
5916 12471
5917 12470
5918 13148
5919 13147
5920 13146
5921 13145
5922 13144
5923 13143
5924 13142
5925 13141
5926 13140
5927 13139
5928 13138
5929 13137
5930 12929
5931 12928
5932 12927
5933 12926
5934 12925
5935 12924
5936 12923
5937 12922
5938 12921
5939 12920
5940 12919
5941 12918
5942 12917
5943 12916
5944 12915
5945 12914
5946 12913
5947 12912
5948 12911
5949 12910
5950 12909
5951 12908
5952 12907
5953 12906
5954 12905
5955 12904
5956 12903
5957 12902
5958 12901
5959 9108
5960 9107
5961 9106
5962 9105
5963 9104
5964 9103
5965 9102
5966 9101
5967 9100
5968 9099
5969 9098
5970 8339
5971 8338
5972 8337
5973 8336
5974 8335
5975 8334
5976 8333
5977 8332
5978 8331
5979 8330
5980 8329
5983 13299
5984 13298
5985 13297
5986 13296
5987 13295
5988 13294
5989 13293
5990 13292
5991 13291
5992 13290
5993 13289
5994 13288
5995 9118
5996 9117
5997 9116
5998 9115
5999 9114
6000 9113
6001 9112
6002 9111
6003 9110
6004 9109
6005 13275
6006 13274
6007 13273
6008 13272
6009 13271
6010 13270
6011 13269
6012 13268
6013 13267
6014 13266
6015 13265
6016 13264
6017 13263
6018 13262
6019 13261
6020 13260
6021 13259
6022 13258
6023 13257
6024 13256
6025 13255
6026 13254
6027 13253
6028 13252
6029 13251
6030 13250
6031 13249
6032 13248
6033 13247
6034 13246
6035 13245
6036 13244
6037 13243
6038 12882
6039 12881
6040 12880
6041 12879
6042 12878
6043 12877
6044 12876
6045 12875
6046 12874
6047 12873
6048 12872
6049 12871
6050 12870
6051 12869
6052 12868
6053 12867
6054 12866
6055 12865
6056 12864
6057 12863
6058 12862
6059 12861
6060 12860
6061 12859
6062 12858
6063 12857
6064 12856
6065 12855
6066 12854
6067 12853
6068 12618
6069 12617
6070 12616
6071 12615
6072 12614
6073 12613
6074 12612
6075 12611
6076 12610
6077 12609
6078 12608
6079 12607
6080 12450
6081 12449
6082 12448
6083 12447
6084 12446
6085 12445
6086 12444
6087 12443
6088 12442
6089 12423
6090 12422
6091 12421
6092 12420
6093 12419
6094 12418
6095 12417
6096 12416
6097 12415
6098 12414
6099 12413
6100 12412
6101 12411
6102 12410
6103 12409
6104 12408
6105 12407
6106 12406
6107 12405
6108 12404
6109 12403
6110 12402
6111 12401
6112 11728
6113 11727
6114 11726
6115 11725
6116 11724
6117 11723
6118 11722
6119 11721
6120 11720
6121 11609
6122 11608
6123 11607
6124 11606
6125 11605
6126 11604
6127 11603
6128 11602
6129 11601
6130 11600
6131 11599
6132 11598
6133 11519
6134 11518
6135 11517
6136 11516
6137 11515
6138 11514
6139 11513
6140 11512
6141 9339
6142 9338
6143 9337
6144 9336
6145 9335
6146 9334
6147 9333
6148 9332
6149 9331
6150 9330
6151 9329
6152 11155
6153 11154
6154 11153
6155 11152
6156 11151
6157 11150
6158 11149
6159 11148
6160 11147
6161 11146
6162 11145
6163 11144
6164 11143
6165 11142
6166 11141
6167 11140
6168 11139
6169 11138
6170 11137
6171 11136
6172 11135
6173 11134
6174 11133
6175 10878
6176 10877
6177 10876
6178 10875
6179 10874
6180 10873
6181 10872
6182 10871
6183 10870
6184 10869
6185 10868
6186 10867
6187 10866
6188 10865
6189 10864
6190 10863
6191 10862
6192 10861
6193 10860
6194 10859
6195 10858
6196 10857
6197 10856
6198 10855
6199 10854
6200 10853
6201 10852
6202 10851
6203 10850
6204 9318
6205 9317
6206 9316
6207 9315
6208 9314
6209 9313
6210 9312
6211 9311
6212 9310
6213 9309
6214 9297
6215 9296
6216 9295
6217 9294
6218 9293
6219 9292
6220 9291
6221 9290
6222 9289
6223 9288
6224 9287
6225 10719
6226 10718
6227 10717
6228 10716
6229 10715
6230 10714
6231 10713
6232 10712
6233 10711
6234 10710
6235 10709
6236 10708
6237 10707
6238 9965
6239 9964
6240 9963
6241 9962
6242 9961
6243 9960
6244 9959
6245 9958
6246 9276
6247 9275
6248 9274
6249 9273
6250 9272
6251 9271
6252 9270
6253 9269
6254 9268
6255 9267
6256 6992
6257 6991
6258 6990
6259 6989
6260 6988
6261 6987
6262 6986
6263 6985
6264 6984
6265 6983
6266 6982
6267 6981
6268 6980
6269 6979
6270 6978
6271 6977
6272 6976
6273 6975
6274 6974
6275 6973
6276 6972
6277 6971
6278 6970
6279 6969
6282 9932
6283 9931
6284 9930
6285 9929
6286 9928
6287 9927
6288 9926
6289 9925
6290 10196
6291 10195
6292 10194
6293 10193
6294 10192
6295 10191
6296 10190
6297 10189
6298 10188
6299 10187
6300 10186
6301 10185
6302 10184
6303 10183
6304 10182
6305 10181
6306 9988
6307 9987
6308 9986
6309 9985
6310 9984
6311 9983
6312 9982
6313 9981
6314 9980
6315 9979
6316 9978
6317 9977
6318 9976
6319 9975
6320 9974
6321 9973
6322 9972
6323 9971
6324 9970
6325 9969
6326 9968
6327 9967
6328 9966
6329 10706
6330 10705
6331 10704
6332 10703
6333 10702
6334 10701
6335 10700
6336 10699
6337 10698
6338 10697
6339 10696
6340 9574
6341 9573
6342 9572
6343 9571
6344 9570
6345 9569
6346 9568
6347 9567
6348 9566
6349 9565
6350 9564
6351 9563
6352 9562
6353 9561
6354 9560
6355 9559
6356 9558
6357 9557
6358 9556
6359 9555
6360 9554
6361 9594
6362 9593
6363 9592
6364 9591
6365 9590
6366 9589
6367 9588
6368 9587
6369 9586
6370 9696
6371 9695
6372 9694
6373 9693
6374 9692
6375 9691
6376 9690
6377 9689
6378 9688
6379 9687
6380 9686
6381 9685
6382 9684
6383 9683
6384 9682
6385 9681
6386 9680
6387 9679
6388 9678
6389 9677
6390 9676
6391 9675
6392 9674
6393 9673
6394 9672
6395 10891
6396 10890
6397 10889
6398 10888
6399 10887
6400 10886
6401 10885
6402 10884
6403 10883
6404 10882
6405 10881
6406 10880
6407 10879
6408 11132
6409 11131
6410 11130
6411 11129
6412 11128
6413 11127
6414 11126
6415 11125
6416 11124
6417 11123
6418 11122
6419 11121
6420 11120
6421 11119
6422 11118
6423 11117
6424 9733
6425 9732
6426 9731
6427 9730
6428 9729
6429 9728
6430 9727
6431 9726
6432 9725
6433 11547
6434 11546
6435 11545
6436 11544
6437 11543
6438 11542
6439 11541
6440 11540
6441 11539
6442 11538
6443 11537
6444 11536
6445 11535
6446 11534
6447 11533
6448 11532
6449 11531
6450 11530
6451 11529
6452 11528
6453 11527
6454 11526
6455 11525
6456 11524
6457 11523
6458 11522
6459 11521
6460 11520
6461 11597
6462 11596
6463 11595
6464 11594
6465 11593
6466 11592
6467 11591
6468 11590
6469 11589
6470 11588
6471 11587
6472 11586
6473 11585
6474 11584
6475 11583
6476 11737
6477 11736
6478 11735
6479 11734
6480 11733
6481 11732
6482 11731
6483 11730
6484 11729
6485 12400
6486 12399
6487 12398
6488 12397
6489 12396
6490 12395
6491 12394
6492 12393
6493 12392
6494 12391
6495 12441
6496 12440
6497 12439
6498 12438
6499 12437
6500 12436
6501 12435
6502 12434
6503 12433
6504 12432
6505 12431
6506 12430
6507 12429
6508 12428
6509 12427
6510 12426
6511 12425
6512 12424
6513 12462
6514 12461
6515 12460
6516 12459
6517 12458
6518 12457
6519 12456
6520 12455
6521 12454
6522 12453
6523 12452
6524 12451
6525 12606
6526 12605
6527 12604
6528 12603
6529 12602
6530 12601
6531 12600
6532 12599
6533 12598
6534 12597
6535 12596
6536 12595
6537 12594
6538 12593
6539 9754
6540 9753
6541 9752
6542 9751
6543 9750
6544 9749
6545 9748
6546 9747
6547 9746
6548 9745
6549 9808
6550 9807
6551 9806
6552 9805
6553 9804
6554 9803
6555 9802
6556 9801
6557 9800
6558 9799
6559 9798
6560 12900
6561 12899
6562 12898
6563 12897
6564 12896
6565 12895
6566 12894
6567 12893
6568 12892
6569 12891
6570 12890
6571 12889
6572 12888
6573 12887
6574 12886
6575 12885
6576 12884
6577 12883
6578 13242
6579 13241
6580 13240
6581 13239
6582 13238
6583 13237
6584 13236
6585 13235
6586 13234
6587 13233
6588 13232
6589 13231
6590 13230
6591 13229
6592 9865
6593 9864
6594 9863
6595 9862
6596 9861
6597 9860
6598 9859
6599 9858
6600 9857
6601 9856
6602 9886
6603 9885
6604 9884
6605 9883
6606 9882
6607 9881
6608 9880
6609 9879
6610 9878
6611 9877
6612 9135
6613 9134
6614 9133
6615 9132
6616 9131
6617 9130
6618 9129
6619 9128
6620 9127
6621 9126
6622 9125
6623 9124
6624 9123
6625 9122
6626 9121
6627 9120
6628 9119
6629 13287
6630 13286
6631 13285
6632 13284
6633 13283
6634 13282
6635 13281
6636 13280
6637 13279
6638 13278
6639 13277
6640 13276
