1 9631
2 9630
3 9629
4 9628
5 9627
6 12544
7 8
9 12541
10 12540
11 12539
12 12538
13 12537
14 12536
15 12535
16 12534
17 12533
18 12532
19 20
21 12529
22 12528
23 12527
24 12526
25 12525
26 12524
27 12523
28 12522
29 12521
30 31
32 12518
33 12517
34 9998
35 9997
36 9996
37 9995
38 9994
39 9993
40 9992
41 42
43 9989
44 9988
45 9977
46 9976
47 9975
48 9974
49 9973
50 9972
51 9971
52 9970
53 9969
54 9968
55 56
57 9955
58 9954
59 9953
60 9952
61 9951
62 9950
63 64
65 9947
66 9946
67 13190
68 13189
69 13188
70 71
72 13185
73 13184
74 13183
75 13182
76 77
78 13179
79 13178
80 13177
81 9429
82 9428
83 84
85 9425
86 9424
87 9423
88 9422
89 9421
90 91
92 9418
93 9417
94 9416
95 9415
96 97
98 9412
99 9411
100 9410
101 9409
102 9399
103 9398
104 9397
105 106
107 9394
108 9393
109 9392
110 9391
111 10271
112 113
114 10268
115 10267
116 10266
117 10265
118 12183
119 120
121 12180
122 12179
123 12178
124 12177
125 12176
126 12175
127 128
129 12172
130 12171
131 12170
132 12169
133 9379
134 135
136 9376
137 9375
138 9374
139 9373
140 9372
141 142
143 9369
144 12102
145 12101
146 12100
147 12099
148 12098
149 150
151 12095
152 12094
153 12093
154 12092
155 12091
156 12090
157 12089
158 12088
159 12087
160 12086
161 12085
162 163
164 12082
165 12081
166 12080
167 12079
168 12078
169 170
171 9926
172 9925
173 9924
174 9923
175 9922
176 9921
177 178
179 9918
180 9917
181 9916
182 9915
183 9914
184 9913
185 186
187 9817
188 9816
189 9815
190 9814
191 9813
192 9812
193 194
195 9851
196 9850
197 9849
198 9848
199 9847
200 9846
201 202
203 9843
204 9842
205 9841
206 9358
207 9357
208 9356
209 9355
210 9354
211 9353
212 9352
213 9351
214 215
216 11698
217 11697
218 11696
219 11695
220 11694
221 11693
222 223
224 11690
225 11689
226 11688
227 11687
228 11686
229 230
231 11683
232 11682
233 11681
234 11680
235 11679
236 11678
237 238
239 10889
240 10888
241 10887
242 10886
243 10885
244 9802
245 246
247 9799
248 9798
249 9797
250 9796
251 9795
252 9794
253 254
255 11416
256 11415
257 11414
258 11413
259 11412
260 11411
261 11410
262 11409
263 11408
264 265
266 11405
267 11404
268 11403
269 11402
270 11401
271 272
273 11398
274 11397
275 11396
276 11395
277 11394
278 11393
279 280
281 9336
282 9335
283 9334
284 9333
285 9332
286 287
288 9329
289 9317
290 9316
291 9315
292 9314
293 294
295 9311
296 9310
297 9309
298 9308
299 9307
300 301
302 11254
303 11253
304 11252
305 11251
306 11250
307 308
309 11247
310 11246
311 11245
312 11244
313 11243
314 11242
315 11241
316 7854
317 318
319 7851
320 7850
321 7849
322 7848
323 7847
324 325
326 7844
327 7843
328 7842
329 7841
330 331
332 7838
333 7837
334 7836
335 7835
336 337
338 7832
339 7831
340 7830
341 7829
342 343
344 10014
345 10013
346 10012
347 10011
348 349
350 10138
351 10137
352 10136
353 10135
354 355
356 10132
357 10131
358 10130
359 10129
360 10128
361 362
363 10125
364 10124
365 10123
366 10122
367 10121
368 10120
369 10119
370 10118
371 10117
372 10116
373 374
375 10113
376 10112
377 10111
378 10110
379 10109
380 10108
381 382
383 10105
384 8027
385 8026
386 8025
387 8024
388 8023
389 8022
390 391
392 8061
393 8060
394 8059
395 8058
396 8057
397 8056
398 8055
399 400
401 8052
402 8051
403 8050
404 8049
405 6949
406 6948
407 6947
408 6946
409 410
411 6943
412 6942
413 6941
414 6940
415 6939
416 6938
417 6937
420 6962
421 6961
422 6960
423 6959
424 6958
425 6957
426 6956
427 428
429 6953
430 6952
431 6951
432 6950
433 8048
434 8047
435 8046
436 8045
437 438
439 8042
440 8041
441 8040
442 8039
443 8038
444 8037
445 8036
446 447
448 8033
449 8032
450 8031
451 8030
452 8029
453 8028
454 10104
455 456
457 10101
458 10100
459 10099
460 10098
461 10097
462 10096
463 464
465 10093
466 10092
467 10091
468 10090
469 10089
470 10042
471 10041
472 10040
473 10039
474 10038
475 476
477 10035
478 10034
479 10033
480 10032
481 482
483 10029
484 10028
485 10027
486 10026
487 10025
488 489
490 10022
491 10021
492 10020
493 10019
494 495
496 7828
497 7827
498 7826
499 7825
500 501
502 7822
503 7925
504 7924
505 506
507 7921
508 7920
509 7919
510 7918
511 512
513 7915
514 7914
515 7913
516 7912
517 518
519 7909
520 7908
521 7907
522 11272
523 11271
524 11270
525 11269
526 11268
527 11267
528 11266
529 530
531 11263
532 11262
533 11261
534 11260
535 536
537 11257
538 9328
539 9327
540 9326
541 9325
542 543
544 9322
545 9321
546 9320
547 9319
548 9318
549 550
551 9346
552 9345
553 9344
554 9343
555 556
557 9340
558 9339
559 11392
560 11391
561 11390
562 563
564 11387
565 11386
566 11385
567 10967
568 10966
569 570
571 10963
572 10962
573 10961
574 10960
575 10959
576 10958
577 10957
578 10956
579 10955
580 10954
581 10953
582 583
584 10950
585 10949
586 10948
587 10947
588 10904
589 590
591 10901
592 10900
593 10899
594 10898
595 10897
596 10896
597 598
599 10893
600 10892
601 11677
602 11676
603 11675
604 605
606 11672
607 11671
608 11670
609 11669
610 11668
611 612
613 11665
614 11664
615 11706
616 11705
617 11704
618 619
620 11701
621 11700
622 11699
623 9368
624 9367
625 626
627 9364
628 9363
629 9362
630 9361
631 9360
632 9359
633 9840
634 9839
635 9838
636 637
638 9835
639 9834
640 9833
641 9832
642 9831
643 644
645 9828
646 9827
647 9826
648 9825
649 9824
650 651
652 9821
653 9820
654 9912
655 9911
656 9910
657 658
659 9907
660 9906
661 9905
662 10496
663 10495
664 665
666 10492
667 10491
668 10490
669 10489
670 10488
671 672
673 10485
674 10484
675 10483
676 10482
677 10481
678 679
680 10478
681 10477
682 10476
683 10475
684 10474
685 10473
686 10472
687 12111
688 12110
689 690
691 12107
692 12106
693 12105
694 12104
695 12103
696 697
698 9388
699 9387
700 9386
701 9385
702 703
704 9382
705 9381
706 9380
707 12168
708 12167
709 710
711 12164
712 12163
713 12162
714 10286
715 10285
716 717
718 10282
719 10281
720 10280
721 10279
722 10278
723 724
725 10275
726 10274
727 10273
728 10272
729 730
731 9406
732 9405
733 9404
734 9403
735 9402
736 9401
737 9400
738 9450
739 9449
740 9448
741 742
743 9445
744 9444
745 9443
746 9442
747 9441
748 749
750 9438
751 9437
752 9436
753 9435
754 755
756 9432
757 9431
758 9430
759 13176
760 761
762 13173
763 13172
764 13171
765 13170
766 767
768 13167
769 13166
770 13165
771 13164
772 13163
773 774
775 13160
776 13159
777 9477
778 9476
779 780
781 9473
782 9472
783 9471
784 9470
785 9469
786 9592
787 788
789 9589
790 9588
791 9587
792 9586
793 9585
794 9584
795 9583
796 9582
797 9581
798 799
800 9578
801 9577
802 9576
803 9575
804 9574
805 9573
806 9572
807 808
809 12570
810 12569
811 12568
812 12567
813 12566
814 12565
815 12564
816 12563
817 818
819 12560
820 12559
821 12558
822 12557
823 12556
824 12555
825 12554
826 12553
827 12552
828 829
830 12549
831 12548
832 12547
833 12546
834 12545
835 9626
836 9625
837 9624
838 839
840 9621
843 9027
844 9026
845 9025
846 9024
847 848
849 9021
850 9020
851 9019
852 9018
853 9017
854 9016
855 9015
856 9014
857 858
859 9011
860 9010
861 9009
862 9008
863 9007
864 9006
865 9005
866 9004
867 868
869 9001
870 9000
871 8999
872 8998
873 8997
874 8996
875 8995
876 8994
877 878
879 8991
880 8843
881 8842
882 8841
883 8840
884 8839
885 886
887 8836
888 8835
889 8834
890 9492
891 9491
892 9490
893 9489
894 9488
895 9487
896 9486
897 9468
898 9467
899 900
901 9464
902 9463
903 9462
904 9461
905 906
907 13091
908 13090
909 13089
910 13088
911 912
913 13085
914 13084
915 13083
916 13082
917 918
919 13079
920 13078
921 13077
922 13076
923 924
925 13073
926 13072
927 13071
928 13070
929 930
931 13067
932 13066
933 12972
934 12971
935 936
937 12968
938 12967
939 12966
940 12965
941 942
943 12962
944 12961
945 12960
946 12959
947 12958
948 12957
949 12956
950 951
952 12953
953 12952
954 8823
955 8822
956 8821
957 958
959 8818
960 8817
961 8816
962 8815
963 964
965 10331
966 10330
967 10329
968 10328
969 970
971 12138
972 12137
973 12136
974 12135
975 12134
976 977
978 12131
979 12130
980 12129
981 12128
982 983
984 12125
985 12124
986 12123
987 12122
988 989
990 12119
991 12118
992 12117
993 12116
994 12115
995 996
997 12112
998 10471
999 10470
1000 10469
1001 10468
1002 10467
1003 10466
1004 1005
1006 10463
1007 10462
1008 10461
1009 10460
1010 1011
1012 10457
1013 10456
1014 10455
1015 10545
1016 1017
1018 10542
1019 10541
1020 10540
1021 10539
1022 10538
1023 1024
1025 10535
1026 10534
1027 10533
1028 10532
1029 1030
1031 10529
1032 10590
1033 10589
1034 10588
1035 10587
1036 1037
1038 10584
1039 10583
1040 10582
1041 10581
1042 1043
1044 10578
1045 10577
1046 11839
1047 11838
1048 11837
1049 1050
1051 11834
1052 11833
1053 11832
1054 11831
1055 11722
1056 11721
1057 11720
1058 1059
1060 11717
1061 11716
1062 11715
1063 11714
1064 1065
1066 11711
1067 11710
1068 11709
1069 11708
1070 11707
1071 1072
1073 11661
1074 11660
1075 11659
1076 11658
1077 1078
1079 11655
1080 11654
1081 11653
1082 11652
1083 11651
1084 1085
1086 11648
1087 11647
1088 8805
1089 8804
1090 1091
1092 8801
1093 8800
1094 8799
1095 8798
1096 8797
1097 1098
1099 11004
1100 11003
1101 11002
1102 11001
1103 1104
1105 10998
1106 10997
1107 10996
1108 10995
1109 10994
1110 10993
1111 10992
1112 10991
1113 1114
1115 10988
1116 10987
1117 9265
1118 9264
1119 9263
1120 1121
1122 9260
1123 9259
1124 9258
1125 9257
1126 1127
1128 9254
1129 9253
1130 9156
1131 9155
1132 1133
1134 9152
1135 9151
1136 9150
1137 9149
1138 11301
1139 1140
1141 11298
1142 11297
1143 11296
1144 11295
1145 1146
1147 11292
1148 11291
1149 11290
1150 11289
1151 1152
1153 11286
1154 11285
1155 11284
1156 11283
1157 11282
1158 1159
1160 11279
1161 11278
1162 11277
1163 11276
1164 11275
1165 1166
1167 7906
1168 7905
1169 7904
1170 7903
1171 1172
1173 7900
1174 7899
1175 7898
1176 1177
1178 7895
1179 7932
1180 7931
1181 7930
1182 1183
1184 7927
1185 7926
1186 7821
1187 7820
1188 1189
1190 7817
1191 7816
1192 7815
1193 8737
1194 1195
1196 8734
1197 8733
1198 8732
1199 8731
1200 1201
1202 8728
1203 10058
1204 10057
1205 10056
1206 1207
1208 10053
1209 10052
1210 10051
1211 10050
1212 1213
1214 10047
1215 10046
1216 10045
1217 10044
1218 10043
1219 10088
1220 10087
1221 10086
1222 10085
1223 10084
1224 1225
1226 8136
1227 8135
1228 8134
1229 8133
1230 8132
1231 8131
1232 1233
1234 8128
1235 8127
1236 8126
1237 8125
1238 8124
1239 8123
1240 1241
1242 7204
1243 7203
1244 7202
1245 7201
1246 7200
1247 7199
1248 7198
1249 7197
1250 1251
1252 7194
1253 7193
1254 7192
1255 7191
1256 7246
1257 7245
1258 7244
1259 7243
1260 1261
1262 7240
1263 7239
1264 7238
1265 7237
1266 7236
1267 7235
1268 7234
1271 7259
1272 7258
1273 7257
1274 7256
1275 7255
1276 7254
1277 7253
1278 7252
1279 1280
1281 7249
1282 7248
1283 7247
1284 7190
1285 7189
1286 7188
1287 7187
1288 1289
1290 7184
1291 7183
1292 7182
1293 7181
1294 7180
1295 7179
1296 7178
1297 7177
1298 1299
1300 8150
1301 8149
1302 8148
1303 8147
1304 8146
1305 8145
1306 1307
1308 8142
1309 8141
1310 8140
1311 8139
1312 8138
1313 8137
1314 1315
1316 10079
1317 10078
1318 10077
1319 10076
1320 10075
1321 10074
1322 10073
1323 10072
1324 10071
1325 10070
1326 1327
1328 10067
1329 10066
1330 10065
1331 10064
1332 1333
1334 10061
1335 10060
1336 10059
1337 8747
1338 1339
1340 8744
1341 8743
1342 8742
1343 8741
1344 1345
1346 8738
1347 7814
1348 7813
1349 1350
1351 7810
1352 7809
1353 7808
1354 7807
1355 1356
1357 7804
1358 7803
1359 7802
1360 7801
1361 1362
1363 7798
1364 7797
1365 7796
1366 1367
1368 7793
1369 7792
1370 7791
1371 7790
1372 1373
1374 7787
1375 7786
1376 7785
1377 7784
1378 7783
1379 7782
1380 1381
1382 7779
1383 7778
1384 7696
1385 7695
1386 1387
1388 7692
1389 7691
1390 7690
1391 7689
1392 1393
1394 7686
1395 7685
1396 7684
1397 9169
1398 1399
1400 9166
1401 9165
1402 9164
1403 9163
1404 1405
1406 9160
1407 9159
1408 9158
1409 9157
1410 1411
1412 9250
1413 9249
1414 9248
1415 9247
1416 1417
1418 8783
1419 8782
1420 8781
1421 8780
1422 1423
1424 8777
1425 8776
1426 8775
1427 8774
1428 1429
1430 8771
1431 8770
1432 8769
1433 8768
1434 8767
1435 1436
1437 11013
1438 11012
1439 11011
1440 11010
1441 1442
1443 11007
1444 8814
1445 8813
1446 8812
1447 1448
1449 8809
1450 8808
1451 8807
1452 8806
1453 1454
1455 11644
1456 11643
1457 11642
1458 11641
1459 1460
1461 11638
1462 11637
1463 11636
1464 11635
1465 1466
1467 11632
1468 10759
1469 10758
1470 10757
1471 1472
1473 10754
1474 10753
1475 10752
1476 10751
1477 1478
1479 10748
1480 10747
1481 11854
1482 11853
1483 1484
1485 11850
1486 11849
1487 11848
1488 11847
1489 11846
1490 11845
1491 1492
1493 11842
1494 11841
1495 11840
1496 10576
1497 1498
1499 10573
1500 10572
1501 10571
1502 10570
1503 1504
1505 10567
1506 10566
1507 10565
1508 10564
1509 1510
1511 10561
1512 10560
1513 10559
1514 10558
1515 1516
1517 10555
1518 10554
1519 10553
1520 10552
1521 1522
1523 10549
1524 10548
1525 10547
1526 10546
1527 1528
1529 10452
1530 10451
1531 10450
1532 10449
1533 1534
1535 10446
1536 10445
1537 10444
1538 10443
1539 1540
1541 12293
1542 12292
1543 12291
1544 12290
1545 12289
1546 1547
1548 12286
1549 12285
1550 12284
1551 12283
1552 1553
1554 12280
1555 12279
1556 10357
1557 10356
1558 1559
1560 10353
1561 10352
1562 10351
1563 10350
1564 1565
1566 10347
1567 10346
1568 10345
1569 10344
1570 1571
1572 10341
1573 10340
1574 10339
1575 10338
1576 1577
1578 10335
1579 10334
1580 8833
1581 8832
1582 1583
1584 8829
1585 8828
1586 8827
1587 8826
1588 1589
1590 12951
1591 12950
1592 12949
1593 1594
1595 12946
1596 12945
1597 9123
1598 9122
1599 9121
1600 9120
1601 1602
1603 9117
1604 12979
1605 12978
1606 1607
1608 12975
1609 12974
1610 12973
1611 13065
1612 1613
1614 13062
1615 13061
1616 13060
1617 13059
1618 1619
1620 13005
1621 13004
1622 13003
1623 1624
1625 12693
1626 12692
1627 12691
1628 12690
1629 1630
1631 12687
1632 12686
1633 12685
1634 12684
1635 1636
1637 12681
1638 12680
1639 12679
1640 1641
1642 12676
1643 12675
1644 12674
1645 12673
1646 12672
1647 1648
1649 9498
1650 9497
1651 9496
1652 9495
1653 9494
1654 9493
1655 8853
1656 8852
1657 1658
1659 8849
1660 8848
1661 8847
1662 8846
1663 8845
1664 8844
1665 1666
1667 8988
1668 8987
1669 8986
1670 8985
1671 8984
1672 8983
1673 8982
1674 1675
1676 8979
1677 8978
1678 8977
1679 8976
1680 8975
1681 8974
1682 8973
1683 1684
1685 8970
1686 8969
1687 8968
1688 8967
1689 8966
1690 8965
1691 8864
1692 1693
1694 8861
1695 8860
1696 8859
1697 8858
1698 8857
1699 8856
1700 8855
1701 8854
1704 8706
1705 8705
1706 8704
1707 1708
1709 8701
1710 8700
1711 8699
1712 8698
1713 8697
1714 8696
1715 8695
1716 1717
1718 8692
1719 8691
1720 8690
1721 8689
1722 8688
1723 8600
1724 1725
1726 8597
1727 8596
1728 8595
1729 8594
1730 8593
1731 8592
1732 8591
1733 1734
1735 8588
1736 8587
1737 12739
1738 12738
1739 12737
1740 12736
1741 1742
1743 12733
1744 12732
1745 12731
1746 12730
1747 12729
1748 1749
1750 12726
1751 12725
1752 12724
1753 12723
1754 12722
1755 12721
1756 1757
1758 12718
1759 12717
1760 12716
1761 12715
1762 1763
1764 12712
1765 12711
1766 12710
1767 12709
1768 1769
1770 12706
1771 12705
1772 12704
1773 1774
1775 12701
1776 12700
1777 12699
1778 12698
1779 1780
1781 12695
1782 12694
1783 13000
1784 1785
1786 12997
1787 12996
1788 12995
1789 12994
1790 1791
1792 12991
1793 12990
1794 12989
1795 1796
1797 12986
1798 12985
1799 12984
1800 1801
1802 12981
1803 12980
1804 9116
1805 9115
1806 1807
1808 9112
1809 9111
1810 9110
1811 9109
1812 9108
1813 9107
1814 9106
1815 1816
1817 9103
1818 9102
1819 9101
1820 9100
1821 1822
1823 6856
1824 6855
1825 6854
1826 6853
1827 1828
1829 6850
1830 6849
1831 6848
1832 1833
1834 12326
1835 12325
1836 12324
1837 12323
1838 1839
1840 12320
1841 12319
1842 12318
1843 12317
1844 1845
1846 12314
1847 12313
1848 12312
1849 1850
1851 12309
1852 12308
1853 12307
1854 12306
1855 1856
1857 12303
1858 12302
1859 12301
1860 12300
1861 1862
1863 12297
1864 12296
1865 12295
1866 12294
1867 10440
1868 10439
1869 10438
1870 10437
1871 1872
1873 10434
1874 6797
1875 6796
1876 6795
1877 1878
1879 6792
1880 6791
1881 6790
1882 1883
1884 6776
1885 6775
1886 6774
1887 6773
1888 1889
1890 6770
1891 6769
1892 6768
1893 1894
1895 6755
1896 6754
1897 6753
1898 6752
1899 1900
1901 6749
1902 6748
1903 6747
1904 1905
1906 6733
1907 6732
1908 6731
1909 6730
1910 1911
1912 6727
1913 6726
1914 6725
1915 10676
1916 1917
1918 10673
1919 10672
1920 10671
1921 10670
1922 1923
1924 10776
1925 10775
1926 10774
1927 1928
1929 10771
1930 10770
1931 10769
1932 10768
1933 1934
1935 10765
1936 10764
1937 10763
1938 10762
1939 1940
1941 11631
1942 11630
1943 11629
1944 1945
1946 11626
1947 6714
1948 6713
1949 6712
1950 1951
1952 6709
1953 6708
1954 6707
1955 1956
1957 6693
1958 6692
1959 6691
1960 6690
1961 1962
1963 6687
1964 6686
1965 6685
1966 1967
1968 11021
1969 11020
1970 11019
1971 11018
1972 1973
1974 8766
1975 8765
1976 8764
1977 8763
1978 8762
1979 8761
1980 8760
1981 8759
1982 1983
1984 8756
1985 9223
1986 9222
1987 1988
1989 9219
1990 9218
1991 9217
1992 9216
1993 1994
1995 9213
1996 9212
1997 9211
1998 9210
1999 2000
2001 6670
2002 6669
2003 6668
2004 2005
2006 6665
2007 6664
2008 6663
2009 7712
2010 2011
2012 7709
2013 7708
2014 7707
2015 7706
2016 2017
2018 7703
2019 7702
2020 7701
2021 2022
2023 7698
2024 7697
2025 7777
2026 7776
2027 2028
2029 7773
2030 7772
2031 7771
2032 7770
2033 7769
2034 8482
2035 8481
2036 2037
2038 8478
2039 8477
2040 8476
2041 7522
2042 2043
2044 7519
2045 7518
2046 7517
2047 2048
2049 7514
2050 7513
2051 7512
2052 7511
2053 2054
2055 7508
2056 7507
2057 7506
2058 2059
2060 7503
2061 7502
2062 7461
2063 7460
2064 2065
2066 7457
2067 7456
2068 7455
2069 2070
2071 7452
2072 7369
2073 7368
2074 7367
2075 2076
2077 7364
2078 7363
2079 7362
2080 7361
2081 2082
2083 6651
2084 6650
2085 6649
2086 6648
2087 6647
2088 6646
2089 6645
2090 6644
2091 6643
2092 6642
2093 2094
2095 8164
2096 8163
2097 8162
2098 8161
2099 8160
2100 2101
2102 8157
2103 8156
2104 8155
2105 8154
2106 8153
2107 8152
2108 8151
2109 2110
2111 7172
2112 7171
2113 7170
2114 7169
2115 7168
2116 7167
2117 7166
2118 2119
2120 7163
2121 7162
2122 8251
2123 8250
2124 8249
2125 8248
2126 8247
2127 8246
2128 2129
2130 8243
2131 8242
2132 8241
2133 8240
2134 8239
2135 8238
2136 8237
2137 8236
2140 8211
2141 8210
2142 8209
2143 8208
2144 8207
2145 8206
2146 8205
2147 8204
2148 2149
2150 8201
2151 8200
2152 8199
2153 8198
2154 8197
2155 8196
2156 8195
2157 8194
2158 2159
2160 8191
2161 8190
2162 8189
2163 8188
2164 8187
2165 8186
2166 8185
2167 2168
2169 8182
2170 8181
2171 8180
2172 8179
2173 8178
2174 8177
2175 8176
2176 2177
2178 8173
2179 8172
2180 8171
2181 8170
2182 8169
2183 2184
2185 6662
2186 6661
2187 6660
2188 6659
2189 6658
2190 6657
2191 6656
2192 6655
2193 6654
2194 2195
2196 7358
2197 7357
2198 7356
2199 7355
2200 2201
2202 7352
2203 7474
2204 7473
2205 7472
2206 2207
2208 7469
2209 7468
2210 7467
2211 7466
2212 2213
2214 7463
2215 7462
2216 7501
2217 2218
2219 7498
2220 7497
2221 7496
2222 7495
2223 2224
2225 7534
2226 7533
2227 7532
2228 2229
2230 7529
2231 7528
2232 7527
2233 7526
2234 2235
2236 7523
2237 8475
2238 8474
2239 2240
2241 8471
2242 8470
2243 8469
2244 8468
2245 8467
2246 8466
2247 8465
2248 8464
2249 2250
2251 7730
2252 7729
2253 7728
2254 2255
2256 7725
2257 7724
2258 7723
2259 7722
2260 2261
2262 7719
2263 7718
2264 7717
2265 2266
2267 7714
2268 7713
2269 6682
2270 6681
2271 2272
2273 6678
2274 6677
2275 6676
2276 2277
2278 6673
2279 9209
2280 9208
2281 2282
2283 9205
2284 9204
2285 9203
2286 9202
2287 2288
2289 11044
2290 11043
2291 11042
2292 2293
2294 11039
2295 11038
2296 11037
2297 2298
2299 11034
2300 11033
2301 11032
2302 11031
2303 11030
2304 11029
2305 2306
2307 11026
2308 11025
2309 11024
2310 2311
2312 6704
2313 6703
2314 6702
2315 2316
2317 6699
2318 6698
2319 6697
2320 2321
2322 6694
2323 6724
2324 6723
2325 6722
2326 2327
2328 6719
2329 6718
2330 6717
2331 2332
2333 11625
2334 11624
2335 11623
2336 2337
2338 11620
2339 11619
2340 11618
2341 2342
2343 11615
2344 11614
2345 11613
2346 11612
2347 2348
2349 11609
2350 10690
2351 10689
2352 2353
2354 10686
2355 10685
2356 10684
2357 10683
2358 10682
2359 10681
2360 10680
2361 2362
2363 10677
2364 6746
2365 6745
2366 2367
2368 6742
2369 6741
2370 6740
2371 2372
2373 6737
2374 6736
2375 6765
2376 6764
2377 2378
2379 6761
2380 6760
2381 6759
2382 2383
2384 6756
2385 6787
2386 6786
2387 2388
2389 6783
2390 6782
2391 6781
2392 2393
2394 6778
2395 6777
2396 6807
2397 6806
2398 2399
2400 6803
2401 6802
2402 6801
2403 2404
2405 6798
2406 10433
2407 10432
2408 2409
2410 10429
2411 10428
2412 10427
2413 6827
2414 6826
2415 6825
2416 6824
2417 2418
2419 6821
2420 6820
2421 6819
2422 2423
2424 6847
2425 6846
2426 6845
2427 6844
2428 2429
2430 6841
2431 6840
2432 6839
2433 2434
2435 12341
2436 12340
2437 12339
2438 12338
2439 2440
2441 12335
2442 12334
2443 12333
2444 2445
2446 12330
2447 12329
2448 6869
2449 2450
2451 6866
2452 6865
2453 6864
2454 6863
2455 2456
2457 6860
2458 6859
2459 9099
2460 2461
2462 9096
2463 9095
2464 9094
2465 2466
2467 9091
2468 9090
2469 9089
2470 9088
2471 9087
2472 9086
2473 2474
2475 9083
2476 6889
2477 6888
2478 2479
2480 6885
2481 6884
2482 6883
2483 2484
2485 6880
2486 6879
2487 6909
2488 2489
2490 6906
2491 6905
2492 6904
2493 6903
2494 2495
2496 6900
2497 6899
2498 12785
2499 2500
2501 12782
2502 12781
2503 12780
2504 2505
2506 12777
2507 12776
2508 12775
2509 2510
2511 12772
2512 12771
2513 12770
2514 2515
2516 12767
2517 12766
2518 12765
2519 12764
2520 2521
2522 12761
2523 12760
2524 12759
2525 12758
2526 12757
2527 12756
2528 12755
2529 12754
2530 12753
2531 2532
2533 12750
2534 12749
2535 12748
2536 12747
2537 2538
2539 12744
2540 12743
2541 12742
2542 12741
2543 12740
2544 8586
2545 2546
2547 8583
2548 8582
2549 8581
2550 8580
2551 8579
2552 8578
2553 2554
2555 8575
2556 8574
2557 8573
2558 8572
2559 8571
2560 8570
2561 2562
2563 8567
2564 8566
2565 8565
2566 8564
2567 8563
2568 8562
2569 2570
2571 8559
2572 8558
2573 8557
2574 8556
2575 8555
2576 8554
2579 8437
2580 8436
2581 8435
2582 8434
2583 8433
2584 8432
2585 2586
2587 8429
2588 8428
2589 8427
2590 8659
2591 8658
2592 8657
2593 8656
2594 8655
2595 8654
2596 8653
2597 8652
2598 8651
2599 8650
2600 8649
2601 8648
2602 8647
2603 8646
2604 8645
2605 8644
2606 8643
2607 8642
2608 8641
2609 8640
2610 8639
2611 8638
2612 8313
2613 8312
2614 8311
2615 8310
2616 8309
2617 8308
2618 8307
2619 8306
2620 8305
2621 8304
2622 8303
2623 8292
2624 8291
2625 8290
2626 8289
2627 8288
2628 8287
2629 8286
2630 8285
2631 8284
2632 8283
2633 8282
2634 12800
2635 12799
2636 12798
2637 12797
2638 12796
2639 12795
2640 12794
2641 2642
2643 12791
2644 12790
2645 12789
2646 12788
2647 12787
2648 12786
2649 6898
2650 6897
2651 6896
2652 6895
2653 6894
2654 6893
2655 6892
2656 6891
2657 6890
2658 6878
2659 6877
2660 6876
2661 6875
2662 6874
2663 6873
2664 6872
2665 6871
2666 6870
2667 9082
2668 9081
2669 9080
2670 9079
2671 9078
2672 9077
2673 9076
2674 9075
2675 9074
2676 9073
2677 9072
2678 9071
2679 9070
2680 9069
2681 9068
2682 9067
2683 9066
2684 9065
2685 9064
2686 12357
2687 12356
2688 12355
2689 12354
2690 12353
2691 2692
2693 12350
2694 12349
2695 12348
2696 12347
2697 12346
2698 12345
2699 12344
2700 12343
2701 12342
2702 6836
2703 6835
2704 6834
2705 6833
2706 6832
2707 6831
2708 6830
2709 6829
2710 6828
2711 6816
2712 6815
2713 6814
2714 6813
2715 6812
2716 6811
2717 6810
2718 6809
2719 6808
2720 2721
2722 10424
2723 10423
2724 10422
2725 10421
2726 10420
2727 10419
2728 10418
2729 10417
2730 10416
2731 10415
2732 10414
2733 10413
2734 10412
2735 10411
2736 11924
2737 11923
2738 11922
2739 11921
2740 11920
2741 11919
2742 11918
2743 11917
2744 2745
2746 11914
2747 11913
2748 11912
2749 11911
2750 11910
2751 11909
2752 11908
2753 11907
2754 11906
2755 11905
2756 11904
2757 11903
2758 11902
2759 11901
2760 11900
2761 10704
2762 10703
2763 10702
2764 10701
2765 10700
2766 10699
2767 10698
2768 10697
2769 2770
2771 10694
2772 10693
2773 10692
2774 10691
2775 11608
2776 11607
2777 11606
2778 11605
2779 11604
2780 11603
2781 11602
2782 11601
2783 11600
2784 11599
2785 11598
2786 11597
2787 11596
2788 11595
2789 11594
2790 11593
2791 11592
2792 2793
2794 11589
2795 11588
2796 11587
2797 11586
2798 11585
2799 11584
2800 11583
2801 11582
2802 11581
2803 11580
2804 11579
2805 11578
2806 11577
2807 11576
2808 11575
2809 11574
2810 11573
2811 11572
2812 11061
2813 11060
2814 11059
2815 11058
2816 11057
2817 11056
2818 11055
2819 11054
2820 11053
2821 11052
2822 11051
2823 11050
2824 11049
2825 11048
2826 11047
2827 9201
2828 9200
2829 2830
2831 9197
2832 9196
2833 9195
2834 9194
2835 9193
2836 9192
2837 9191
2838 9190
2839 9189
2840 9188
2841 9187
2842 9186
2843 8507
2844 8506
2845 8505
2846 8504
2847 8503
2848 8502
2849 8501
2850 8500
2851 7740
2852 7739
2853 7738
2854 7737
2855 7736
2856 7735
2857 7734
2858 7733
2859 8463
2860 8462
2861 8461
2862 8460
2863 8459
2864 8458
2865 8457
2866 8456
2867 8455
2868 8454
2869 8453
2870 8452
2871 8451
2872 7542
2873 7541
2874 7540
2875 7539
2876 7538
2877 7537
2878 7536
2879 7535
2880 7492
2881 7491
2882 7490
2883 7489
2884 7488
2885 7487
2886 7486
2887 7485
2888 7484
2889 7483
2890 7482
2891 7481
2892 7480
2893 7479
2894 7478
2895 7477
2896 7476
2897 7475
2898 7351
2899 7350
2900 7349
2901 7348
2902 7347
2903 7346
2904 7345
2905 7344
2906 7343
2907 7342
2908 7341
2909 7340
2910 7339
2911 7338
2912 7337
2913 7336
2914 7335
2915 7334
2916 7333
2917 7332
2918 7331
2919 7330
2920 7329
2921 7328
2922 7327
2923 7326
2924 7325
2925 7147
2926 7146
2927 7145
2928 7144
2929 7143
2930 7142
2931 7141
2932 7140
2933 7139
2934 7138
2935 7137
2936 7136
2937 7135
2938 8266
2939 8265
2940 8264
2941 8263
2942 8262
2943 8261
2944 8260
2945 8259
2946 8223
2947 8222
2948 8221
2949 8220
2950 8219
2951 8218
2952 8217
2953 8216
2956 8281
2957 8280
2958 8279
2959 8278
2960 8277
2961 8276
2962 8275
2963 8274
2964 8273
2965 8272
2966 8271
2967 8270
2968 8269
2969 8268
2970 8267
2971 7134
2972 7133
2973 7132
2974 7131
2975 7130
2976 7129
2977 7128
2978 7127
2979 7126
2980 7125
2981 7124
2982 7123
2983 7122
2984 7121
2985 7120
2986 7119
2987 7118
2988 7117
2989 7116
2990 7115
2991 7114
2992 7113
2993 7112
2994 7111
2995 7110
2996 7109
2997 7108
2998 7107
2999 7106
3000 7105
3001 8343
3002 8342
3003 8341
3004 8340
3005 8339
3006 8338
3007 8337
3008 8336
3009 8335
3010 8334
3011 7583
3012 7582
3013 7581
3014 7580
3015 7579
3016 7578
3017 7577
3018 7576
3019 7575
3020 7574
3021 7573
3022 7572
3023 7571
3024 7570
3025 7569
3026 7568
3027 7567
3028 7566
3029 7565
3030 7564
3031 7563
3032 7752
3033 7751
3034 7750
3035 7749
3036 7748
3037 7747
3038 7746
3039 7745
3040 7744
3041 7743
3042 7742
3043 7741
3044 8499
3045 8498
3046 8497
3047 8496
3048 8495
3049 8494
3050 8493
3051 8492
3052 8491
3053 11085
3054 11084
3055 11083
3056 11082
3057 11081
3058 11080
3059 11079
3060 11078
3061 11077
3062 11076
3063 11075
3064 11074
3065 11073
3066 11072
3067 11071
3068 11070
3069 11069
3070 11068
3071 11067
3072 11066
3073 11065
3074 11064
3075 11063
3076 11062
3077 11571
3078 11570
3079 11569
3080 11568
3081 11567
3082 11566
3083 11565
3084 11564
3085 11563
3086 11562
3087 11561
3088 11560
3089 11559
3090 11558
3091 11557
3092 11556
3093 11555
3094 11554
3095 11553
3096 8363
3097 8362
3098 8361
3099 8360
3100 8359
3101 8358
3102 8357
3103 8356
3104 8355
3105 8354
3106 10717
3107 10716
3108 10715
3109 10714
3110 10713
3111 10712
3112 10711
3113 10710
3114 10709
3115 10708
3116 10707
3117 10706
3118 10705
3119 11899
3120 11898
3121 11897
3122 11896
3123 11895
3124 11894
3125 11893
3126 11892
3127 8385
3128 8384
3129 8383
3130 8382
3131 8381
3132 8380
3133 8379
3134 8378
3135 8377
3136 8376
3137 8375
3138 8405
3139 8404
3140 8403
3141 8402
3142 8401
3143 8400
3144 8399
3145 8398
3146 8397
3147 8396
3148 8426
3149 8425
3150 8424
3151 8423
3152 8422
3153 8421
3154 8420
3155 8419
3156 8418
3157 8417
3158 8416
3159 12379
3160 12378
3161 12377
3162 12376
3163 12375
3164 12374
3165 12373
3166 12372
3167 12371
3168 12370
3169 12369
3170 12368
3171 12367
3172 12366
3173 12365
3174 12364
3175 12363
3176 12362
3177 12361
3178 12360
3179 12359
3180 12358
3181 9063
3182 9062
3183 9061
3184 9060
3185 9059
3186 9058
3187 9057
3188 9056
3189 9055
3190 9054
3191 9053
3192 9052
3193 9051
3194 9050
3195 9049
3196 9048
3197 9047
3198 9046
3199 9045
3200 9044
3201 9043
3202 12822
3203 12821
3204 12820
3205 12819
3206 12818
3207 12817
3208 12816
3209 12815
3210 12814
3211 12813
3212 12812
3213 12811
3214 12810
3215 12809
3216 12808
3217 12807
3218 12806
3219 12805
3220 12804
3221 12803
3222 12802
3223 12801
3224 8302
3225 8301
3226 8300
3227 8299
3228 8298
3229 8297
3230 8296
3231 8295
3232 8294
3233 8293
3234 8323
3235 8322
3236 8321
3237 8320
3238 8319
3239 8318
3240 8317
3241 8316
3242 8315
3243 8314
3244 8637
3245 8636
3246 8635
3247 8634
3248 8633
3249 8632
3250 8631
3251 8630
3252 8629
3253 8628
3254 8669
3255 8668
3256 8667
3257 8666
3258 8665
3259 8664
3260 8663
3261 8662
3262 8661
3263 8660
3264 8450
3265 8449
3266 8448
3267 8447
3268 8446
3269 8445
3270 8444
3271 8443
3272 8442
3275 8727
3276 8726
3277 8725
3278 8724
3279 8723
3280 8722
3281 8721
3282 8720
3283 8679
3284 8678
3285 8677
3286 8676
3287 8675
3288 8674
3289 8673
3290 8672
3291 8671
3292 8670
3293 8627
3294 8626
3295 8625
3296 8624
3297 8623
3298 8622
3299 8621
3300 8620
3301 8619
3302 8618
3303 8617
3304 12862
3305 12861
3306 12860
3307 12859
3308 12858
3309 12857
3310 12856
3311 12855
3312 12854
3313 12853
3314 12852
3315 12851
3316 12850
3317 12849
3318 12848
3319 12847
3320 12846
3321 12845
3322 12844
3323 12843
3324 12842
3325 12841
3326 12840
3327 12839
3328 12838
3329 12837
3330 12836
3331 12835
3332 12834
3333 12833
3334 12832
3335 12831
3336 12830
3337 12829
3338 12828
3339 12827
3340 12826
3341 12825
3342 12824
3343 12823
3344 9042
3345 9041
3346 9040
3347 9039
3348 9038
3349 9037
3350 9036
3351 9035
3352 9034
3353 9033
3354 9032
3355 9031
3356 9030
3357 9029
3358 9028
3359 12407
3360 12406
3361 12405
3362 12404
3363 12403
3364 12402
3365 12401
3366 12400
3367 12399
3368 12398
3369 12397
3370 12396
3371 12395
3372 12394
3373 12393
3374 12392
3375 12391
3376 12390
3377 12389
3378 12388
3379 12387
3380 12386
3381 12385
3382 12384
3383 12383
3384 12382
3385 12381
3386 12380
3387 8415
3388 8414
3389 8413
3390 8412
3391 8411
3392 8410
3393 8409
3394 8408
3395 8407
3396 8406
3397 8395
3398 8394
3399 8393
3400 8392
3401 8391
3402 8390
3403 8389
3404 8388
3405 8387
3406 8386
3407 8374
3408 8373
3409 8372
3410 8371
3411 8370
3412 8369
3413 8368
3414 8367
3415 8366
3416 8365
3417 8364
3418 11891
3419 11890
3420 11889
3421 11888
3422 11887
3423 11886
3424 11885
3425 11884
3426 11883
3427 11882
3428 11881
3429 11880
3430 11879
3431 10725
3432 10724
3433 10723
3434 10722
3435 10721
3436 10720
3437 10719
3438 10718
3439 8353
3440 8352
3441 8351
3442 8350
3443 8349
3444 8348
3445 8347
3446 8346
3447 8345
3448 8344
3449 11552
3450 11551
3451 11550
3452 11549
3453 11548
3454 11547
3455 11546
3456 11545
3457 11544
3458 11543
3459 11542
3460 11541
3461 11540
3462 11497
3463 11496
3464 11495
3465 11494
3466 11493
3467 11492
3468 11491
3469 11490
3470 11489
3471 11488
3472 11487
3473 11486
3474 11485
3475 11101
3476 11100
3477 11099
3478 11098
3479 11097
3480 11096
3481 11095
3482 11094
3483 11093
3484 11092
3485 11091
3486 11090
3487 11089
3488 11088
3489 11087
3490 11086
3491 8533
3492 8532
3493 8531
3494 8530
3495 8529
3496 8528
3497 8527
3498 8526
3499 8525
3500 8524
3501 8523
3502 8522
3503 8521
3504 7760
3505 7759
3506 7758
3507 7757
3508 7756
3509 7755
3510 7754
3511 7753
3512 7562
3513 7561
3514 7560
3515 7559
3516 7558
3517 7557
3518 7556
3519 7555
3520 7554
3521 7553
3522 7552
3523 7551
3524 7592
3525 7591
3526 7590
3527 7589
3528 7588
3529 7587
3530 7586
3531 7585
3532 7584
3533 8333
3534 8332
3535 8331
3536 8330
3537 8329
3538 8328
3539 8327
3540 8326
3541 8325
3542 8324
3543 7104
3544 7103
3545 7102
3546 7101
3547 7100
3548 7099
3549 7098
3550 7097
3551 7096
3552 7095
3553 7094
3554 7093
3555 7092
3556 7091
3557 7090
3558 7089
3559 7060
3560 7059
3561 7058
3562 7057
3563 7056
3564 7055
3565 7054
3566 7053
3567 7052
3568 7051
3569 7050
3570 7049
3571 7048
3572 7047
3573 7046
3574 7045
3575 7044
3576 7043
3577 7042
3578 7041
3579 7040
3580 7039
3581 7038
3582 7037
3583 7036
3584 7035
3585 7034
3586 7033
3587 7032
3590 8231
3591 8230
3592 8229
3593 8228
3594 8227
3595 8226
3596 8225
3597 8224
3598 8258
3599 8257
3600 8256
3601 8255
3602 8254
3603 8253
3604 8252
3605 7161
3606 7160
3607 7159
3608 7158
3609 7157
3610 7156
3611 7155
3612 7154
3613 7153
3614 7152
3615 7151
3616 7150
3617 7149
3618 7148
3619 7324
3620 7323
3621 7322
3622 7321
3623 7320
3624 7319
3625 7318
3626 7317
3627 7316
3628 7315
3629 7314
3630 7313
3631 7312
3632 7311
3633 7310
3634 7309
3635 7383
3636 7382
3637 7381
3638 7380
3639 7379
3640 7378
3641 7377
3642 7376
3643 7375
3644 7374
3645 7373
3646 7372
3647 7371
3648 7370
3649 7451
3650 7450
3651 7449
3652 7448
3653 7447
3654 7446
3655 7445
3656 7444
3657 7599
3658 7598
3659 7597
3660 7596
3661 7595
3662 7594
3663 7593
3664 7550
3665 7549
3666 7548
3667 7547
3668 7546
3669 7545
3670 7544
3671 7543
3672 8490
3673 8489
3674 8488
3675 8487
3676 8486
3677 8485
3678 8484
3679 8483
3680 7768
3681 7767
3682 7766
3683 7765
3684 7764
3685 7763
3686 7762
3687 7761
3688 8520
3689 8519
3690 8518
3691 8517
3692 8516
3693 8515
3694 8514
3695 8513
3696 8512
3697 8511
3698 8510
3699 8509
3700 8508
3701 9185
3702 9184
3703 9183
3704 9182
3705 9181
3706 9180
3707 9179
3708 9236
3709 9235
3710 9234
3711 9233
3712 9232
3713 9231
3714 9230
3715 9229
3716 9228
3717 9227
3718 9226
3719 9225
3720 9224
3721 8755
3722 8754
3723 8753
3724 8752
3725 8751
3726 8750
3727 8749
3728 8748
3729 11505
3730 11504
3731 11503
3732 11502
3733 11501
3734 11500
3735 11499
3736 11498
3737 11539
3738 11538
3739 11537
3740 11536
3741 11535
3742 11534
3743 11533
3744 11532
3745 11531
3746 11530
3747 11529
3748 11528
3749 11527
3750 10802
3751 10801
3752 10800
3753 10799
3754 10798
3755 10797
3756 10796
3757 10795
3758 10794
3759 10793
3760 10792
3761 10791
3762 10790
3763 10789
3764 3765
3766 10786
3767 10785
3768 10784
3769 10783
3770 10782
3771 10781
3772 10780
3773 10779
3774 10669
3775 10668
3776 10667
3777 10666
3778 10665
3779 10664
3780 10663
3781 10662
3782 10661
3783 10660
3784 10659
3785 10658
3786 10657
3787 10656
3788 10655
3789 10654
3790 10653
3791 10652
3792 10651
3793 11936
3794 11935
3795 11934
3796 11933
3797 11932
3798 11931
3799 11930
3800 11929
3801 11928
3802 11927
3803 11926
3804 11925
3805 10410
3806 10409
3807 10408
3808 10407
3809 10406
3810 10405
3811 3812
3813 10402
3814 10401
3815 10400
3816 10399
3817 10398
3818 10397
3819 10396
3820 10395
3821 10394
3822 10393
3823 10392
3824 10391
3825 10390
3826 10389
3827 10388
3828 10387
3829 10386
3830 10385
3831 10384
3832 10383
3833 10382
3834 10381
3835 10380
3836 10379
3837 10378
3838 10377
3839 10376
3840 10375
3841 10374
3842 10373
3843 10372
3844 10371
3845 10370
3846 8553
3847 8552
3848 8551
3849 8550
3850 8549
3851 8548
3852 8547
3853 8546
3854 8545
3855 8544
3856 12932
3857 12931
3858 12930
3859 12929
3860 12928
3861 12927
3862 12926
3863 12925
3864 12924
3865 12923
3866 12922
3867 12921
3868 12920
3869 12919
3870 12918
3871 12917
3872 12916
3873 12915
3874 12914
3875 12913
3876 12912
3877 12911
3878 12910
3879 12909
3880 12908
3881 12907
3882 12906
3883 12905
3884 12904
3885 12903
3886 12902
3887 12901
3888 12900
3889 12899
3890 12898
3891 12897
3892 12896
3893 12895
3894 12894
3895 12893
3896 12892
3897 12891
3898 12890
3899 12889
3900 12888
3901 12887
3902 12886
3903 12885
3904 12884
3905 12883
3906 12882
3907 12881
3908 12880
3909 12879
3910 12878
3911 12877
3912 12876
3913 12875
3914 12874
3915 12873
3916 12872
3917 12871
3918 12870
3919 12869
3920 12868
3921 12867
3922 12866
3923 12865
3924 12864
3925 12863
3926 8616
3927 8615
3928 8614
3929 8613
3930 8612
3931 8611
3932 8610
3933 8609
3934 8608
3935 8607
3936 8606
3937 8605
3938 8604
3939 8603
3940 8602
3941 8601
3942 8687
3943 8686
3944 8685
3945 8684
3946 8683
3947 8682
3948 8681
3949 8680
3950 8719
3951 8718
3952 8717
3953 8716
3954 8715
3955 8714
3956 8713
3957 8712
3958 8711
3961 8874
3962 8873
3963 8872
3964 8871
3965 8870
3966 8869
3967 8868
3968 8867
3969 8866
3970 8865
3971 8964
3972 8963
3973 8962
3974 8961
3975 8960
3976 8959
3977 8958
3978 8957
3979 8956
3980 8955
3981 8954
3982 8953
3983 8952
3984 9523
3985 9522
3986 9521
3987 9520
3988 9519
3989 9518
3990 9517
3991 9516
3992 9515
3993 9514
3994 9513
3995 9512
3996 9511
3997 9510
3998 9509
3999 9508
4000 9507
4001 9506
4002 9505
4003 9504
4004 9503
4005 9502
4006 9501
4007 9500
4008 9499
4009 12669
4010 12668
4011 12667
4012 12666
4013 12665
4014 12664
4015 12663
4016 12662
4017 12661
4018 13107
4019 13106
4020 13105
4021 13104
4022 13103
4023 13102
4024 13101
4025 13100
4026 13015
4027 13014
4028 13013
4029 13012
4030 13011
4031 13010
4032 13009
4033 13008
4034 13058
4035 13057
4036 13056
4037 13055
4038 13054
4039 13053
4040 13052
4041 9134
4042 9133
4043 9132
4044 9131
4045 9130
4046 9129
4047 9128
4048 9127
4049 9126
4050 9125
4051 9124
4052 12944
4053 12943
4054 12942
4055 12941
4056 12940
4057 12939
4058 12938
4059 12937
4060 12936
4061 12935
4062 12934
4063 12933
4064 8543
4065 8542
4066 8541
4067 8540
4068 8539
4069 8538
4070 8537
4071 8536
4072 8535
4073 8534
4074 10369
4075 10368
4076 10367
4077 10366
4078 10365
4079 10364
4080 10363
4081 10362
4082 10361
4083 10360
4084 10359
4085 10358
4086 12278
4087 12277
4088 12276
4089 12275
4090 12274
4091 12273
4092 12272
4093 11969
4094 11968
4095 11967
4096 11966
4097 11965
4098 11964
4099 11963
4100 11962
4101 11961
4102 11960
4103 11959
4104 11958
4105 11957
4106 11956
4107 11955
4108 11954
4109 11953
4110 11952
4111 11951
4112 11950
4113 11949
4114 11948
4115 11947
4116 11946
4117 11945
4118 11944
4119 11943
4120 11942
4121 11941
4122 11940
4123 11939
4124 11938
4125 11937
4126 10650
4127 10649
4128 10648
4129 10647
4130 10646
4131 10645
4132 10644
4133 10643
4134 11869
4135 11868
4136 11867
4137 11866
4138 11865
4139 11864
4140 11863
4141 11862
4142 11861
4143 11860
4144 11859
4145 11858
4146 11857
4147 11856
4148 11855
4149 10746
4150 10745
4151 10744
4152 10743
4153 10742
4154 10741
4155 10740
4156 10739
4157 10738
4158 10812
4159 10811
4160 10810
4161 10809
4162 10808
4163 10807
4164 10806
4165 10805
4166 10804
4167 10803
4168 11526
4169 11525
4170 11524
4171 11523
4172 11522
4173 11521
4174 11520
4175 11519
4176 11518
4177 11517
4178 11516
4179 11515
4180 11514
4181 11513
4182 11512
4183 11511
4184 11510
4185 11509
4186 11508
4187 11507
4188 11506
4189 8796
4190 8795
4191 8794
4192 8793
4193 8792
4194 8791
4195 8790
4196 8789
4197 8788
4198 8787
4199 8786
4200 8785
4201 8784
4202 9244
4203 9243
4204 9242
4205 9241
4206 9240
4207 9239
4208 9238
4209 9237
4210 9178
4211 9177
4212 9176
4213 9175
4214 9174
4215 9173
4216 9172
4217 9171
4218 9170
4219 7683
4220 7682
4221 7681
4222 7680
4223 7679
4224 7678
4225 7677
4226 7676
4227 7675
4228 7674
4229 7673
4230 7672
4231 7671
4232 7670
4233 7669
4234 7668
4235 7667
4236 7666
4237 7665
4238 7664
4239 7663
4240 7662
4241 7661
4242 7660
4243 7659
4244 7658
4245 7657
4246 7656
4247 7655
4248 7654
4249 7611
4250 7610
4251 7609
4252 7608
4253 7607
4254 7606
4255 7605
4256 7604
4257 7603
4258 7602
4259 7601
4260 7600
4261 7443
4262 7442
4263 7441
4264 7440
4265 7439
4266 7438
4267 7437
4268 7436
4269 7435
4270 7434
4271 7433
4272 7432
4273 7431
4274 7392
4275 7391
4276 7390
4277 7389
4278 7388
4279 7387
4280 7386
4281 7385
4282 7384
4283 7308
4284 7307
4285 7306
4286 7305
4287 7304
4288 7303
4289 7302
4290 7301
4291 7300
4292 7299
4293 7298
4294 7297
4295 7296
4296 7295
4297 7294
4298 7293
4299 7292
4300 7291
4301 7290
4302 7289
4303 7288
4304 7287
4305 7286
4306 7285
4307 7284
4308 7283
4309 7282
4310 7281
4311 7280
4312 7279
4313 7278
4314 7277
4315 7276
4316 7275
4317 7274
4318 7273
4319 7272
4320 7271
4321 7270
4322 7269
4323 7268
4324 7267
4325 7266
4326 7265
4327 7264
4330 7027
4331 7026
4332 7025
4333 7024
4334 7023
4335 7022
4336 7021
4337 7020
4338 7019
4339 7018
4340 7017
4341 7016
4342 7015
4343 7014
4344 7013
4345 7012
4346 7011
4347 7010
4348 7009
4349 7008
4350 7007
4351 7006
4352 7067
4353 7066
4354 7065
4355 7064
4356 7063
4357 7062
4358 7061
4359 7088
4360 7087
4361 7086
4362 7085
4363 7084
4364 7083
4365 7082
4366 7404
4367 7403
4368 7402
4369 7401
4370 7400
4371 7399
4372 7398
4373 7397
4374 7396
4375 7395
4376 7394
4377 7393
4378 7430
4379 7429
4380 7428
4381 7427
4382 7426
4383 7425
4384 7424
4385 7624
4386 7623
4387 7622
4388 7621
4389 7620
4390 7619
4391 7618
4392 7617
4393 7616
4394 7615
4395 7614
4396 7613
4397 7612
4398 7653
4399 7652
4400 7651
4401 7650
4402 7649
4403 7648
4404 7647
4405 7646
4406 11137
4407 11136
4408 11135
4409 11134
4410 11133
4411 11132
4412 11131
4413 11130
4414 11129
4415 11128
4416 11127
4417 11126
4418 11125
4419 11124
4420 11123
4421 11122
4422 11121
4423 11120
4424 11119
4425 11118
4426 11117
4427 11116
4428 11115
4429 11114
4430 11113
4431 11112
4432 11111
4433 11110
4434 11109
4435 11108
4436 11107
4437 11106
4438 11105
4439 11104
4440 11103
4441 11102
4442 11484
4443 11483
4444 11482
4445 11481
4446 11480
4447 11479
4448 11478
4449 11477
4450 11476
4451 11475
4452 11474
4453 11473
4454 11472
4455 11471
4456 11470
4457 11469
4458 11468
4459 10825
4460 10824
4461 10823
4462 10822
4463 10821
4464 10820
4465 10819
4466 10818
4467 10817
4468 10816
4469 10815
4470 10814
4471 10813
4472 10737
4473 10736
4474 10735
4475 10734
4476 10733
4477 10732
4478 10731
4479 10730
4480 10729
4481 10728
4482 10727
4483 10726
4484 11878
4485 11877
4486 11876
4487 11875
4488 11874
4489 11873
4490 11872
4491 11871
4492 11870
4493 10642
4494 10641
4495 10640
4496 10639
4497 10638
4498 10637
4499 10636
4500 10635
4501 10634
4502 10633
4503 10632
4504 10631
4505 10630
4506 10629
4507 10628
4508 10627
4509 10626
4510 10625
4511 10624
4512 11983
4513 11982
4514 11981
4515 11980
4516 11979
4517 11978
4518 11977
4519 11976
4520 11975
4521 11974
4522 11973
4523 11972
4524 11971
4525 11970
4526 12271
4527 12270
4528 12269
4529 12268
4530 12267
4531 12266
4532 12265
4533 12264
4534 12428
4535 12427
4536 12426
4537 12425
4538 12424
4539 12423
4540 12422
4541 12421
4542 12420
4543 12419
4544 12418
4545 12417
4546 12416
4547 12415
4548 12414
4549 12413
4550 12412
4551 12411
4552 12410
4553 12409
4554 12408
4555 9148
4556 9147
4557 9146
4558 9145
4559 9144
4560 9143
4561 9142
4562 9141
4563 9140
4564 9139
4565 9138
4566 9137
4567 9136
4568 9135
4569 13051
4570 13050
4571 13049
4572 13048
4573 13047
4574 13046
4575 13045
4576 13044
4577 13118
4578 13117
4579 13116
4580 13115
4581 13114
4582 13113
4583 13112
4584 13111
4585 13110
4586 13109
4587 13108
4588 12660
4589 12659
4590 12658
4591 12657
4592 12656
4593 12655
4594 12654
4595 12653
4596 12652
4597 12651
4598 12650
4599 12649
4600 12648
4601 12647
4602 12646
4603 12645
4604 8912
4605 8911
4606 8910
4607 8909
4608 8908
4609 8907
4610 8906
4611 8905
4612 8904
4613 8903
4614 8902
4615 8901
4616 8900
4617 8899
4618 8898
4619 8897
4620 8896
4621 8895
4622 8894
4623 8893
4624 8892
4625 8891
4626 8890
4627 8889
4628 8888
4629 8887
4630 8886
4631 8885
4632 8884
4633 8883
4634 8882
4635 8881
4636 8880
4637 8879
4640 9302
4641 9301
4642 9300
4643 9299
4644 9298
4645 9297
4646 9296
4647 9295
4648 9294
4649 8938
4650 8937
4651 8936
4652 8935
4653 8934
4654 8933
4655 8932
4656 8931
4657 8930
4658 8929
4659 8928
4660 8927
4661 8926
4662 8925
4663 8924
4664 8923
4665 8922
4666 8921
4667 8920
4668 8919
4669 8918
4670 8917
4671 8916
4672 8915
4673 8914
4674 8913
4675 12644
4676 12643
4677 12642
4678 12641
4679 12640
4680 12639
4681 12638
4682 12637
4683 12636
4684 12635
4685 12634
4686 12633
4687 12632
4688 12631
4689 12630
4690 12629
4691 12628
4692 12627
4693 13125
4694 13124
4695 13123
4696 13122
4697 13121
4698 13120
4699 13119
4700 13043
4701 13042
4702 13041
4703 13040
4704 13039
4705 13038
4706 13037
4707 13036
4708 13035
4709 13034
4710 9646
4711 9645
4712 9644
4713 9643
4714 9642
4715 9641
4716 9640
4717 9639
4718 9638
4719 9637
4720 9636
4721 9635
4722 9634
4723 9633
4724 9632
4725 12445
4726 12444
4727 12443
4728 12442
4729 12441
4730 12440
4731 12439
4732 12438
4733 12437
4734 12436
4735 12435
4736 12434
4737 12433
4738 12432
4739 12431
4740 12430
4741 12429
4742 12263
4743 12262
4744 12261
4745 12260
4746 12259
4747 12258
4748 12257
4749 12256
4750 12255
4751 12254
4752 12253
4753 11993
4754 11992
4755 11991
4756 11990
4757 11989
4758 11988
4759 11987
4760 11986
4761 11985
4762 11984
4763 10623
4764 10622
4765 10621
4766 10620
4767 10619
4768 10618
4769 10617
4770 10616
4771 10615
4772 10614
4773 10613
4774 10612
4775 10611
4776 10610
4777 10609
4778 10608
4779 10607
4780 10606
4781 10605
4782 10604
4783 10603
4784 11822
4785 11821
4786 11820
4787 11819
4788 11818
4789 11817
4790 11816
4791 11815
4792 11814
4793 11813
4794 11812
4795 11811
4796 11810
4797 11809
4798 11808
4799 11807
4800 11806
4801 11805
4802 11804
4803 11803
4804 11802
4805 11801
4806 11800
4807 11799
4808 11798
4809 10831
4810 10830
4811 10829
4812 10828
4813 10827
4814 10826
4815 11467
4816 11466
4817 11465
4818 11464
4819 11463
4820 11462
4821 11461
4822 11460
4823 11459
4824 11458
4825 11457
4826 11456
4827 11455
4828 11454
4829 11453
4830 11333
4831 11332
4832 11331
4833 11330
4834 11329
4835 11328
4836 11327
4837 11326
4838 11325
4839 11324
4840 11323
4841 11322
4842 11321
4843 11320
4844 11319
4845 11318
4846 11317
4847 11316
4848 11315
4849 11314
4850 11313
4851 11312
4852 11311
4853 11310
4854 11150
4855 11149
4856 11148
4857 11147
4858 11146
4859 11145
4860 11144
4861 11143
4862 11142
4863 11141
4864 11140
4865 11139
4866 11138
4867 7645
4868 7644
4869 7643
4870 7642
4871 7641
4872 7640
4873 7639
4874 7638
4875 7637
4876 7636
4877 7635
4878 7634
4879 7633
4880 7632
4881 7631
4882 7630
4883 7629
4884 7628
4885 7627
4886 7626
4887 7625
4888 7423
4889 7422
4890 7421
4891 7420
4892 7419
4893 7418
4894 7417
4895 7416
4896 7415
4897 7414
4898 7413
4899 7412
4900 7411
4901 7410
4902 7409
4903 7408
4904 7407
4905 7406
4906 7405
4907 7081
4908 7080
4909 7079
4910 7078
4911 7077
4912 7076
4913 7075
4914 7074
4915 7073
4916 7072
4917 7071
4918 7070
4919 7069
4920 7068
4921 7005
4922 7004
4923 7003
4924 7002
4925 7001
4926 7000
4927 6999
4928 6998
4929 6997
4930 6996
4931 6995
4932 6994
4933 6993
4934 6992
4935 9693
4936 9692
4937 9691
4938 9690
4939 9689
4940 9688
4941 9687
4942 9686
4945 7229
4946 7228
4947 7227
4948 7226
4949 7225
4950 7224
4951 7223
4952 7222
4953 7221
4954 7220
4955 7219
4956 7218
4957 7217
4958 7216
4959 7215
4960 7214
4961 7213
4962 7212
4963 7211
4964 7210
4965 7209
4966 7208
4967 7207
4968 7206
4969 7205
4970 8120
4971 8119
4972 8118
4973 8117
4974 8116
4975 8115
4976 8114
4977 8113
4978 8112
4979 7977
4980 7976
4981 7975
4982 7974
4983 7973
4984 7972
4985 7971
4986 7970
4987 7969
4988 7968
4989 7967
4990 7966
4991 7965
4992 7964
4993 7963
4994 7962
4995 7961
4996 7960
4997 7959
4998 7958
4999 7957
5000 7956
5001 7955
5002 7954
5003 7953
5004 7952
5005 7951
5006 7950
5007 7949
5008 7948
5009 7947
5010 7946
5011 7945
5012 7944
5013 7943
5014 7942
5015 7941
5016 7940
5017 7939
5018 7938
5019 7937
5020 7936
5021 7935
5022 7934
5023 7933
5024 7894
5025 7893
5026 7892
5027 7891
5028 7890
5029 7889
5030 7888
5031 7887
5032 7886
5033 7885
5034 7884
5035 7883
5036 7882
5037 7881
5038 7880
5039 7879
5040 7878
5041 7877
5042 11158
5043 11157
5044 11156
5045 11155
5046 11154
5047 11153
5048 11152
5049 11151
5050 11309
5051 11308
5052 11307
5053 11306
5054 11305
5055 11304
5056 11303
5057 11302
5058 9283
5059 9282
5060 9281
5061 9280
5062 9279
5063 9278
5064 9277
5065 9276
5066 9275
5067 9274
5068 9273
5069 9272
5070 9271
5071 9270
5072 9269
5073 9268
5074 9267
5075 9266
5076 10986
5077 10985
5078 10984
5079 10983
5080 10982
5081 10981
5082 10980
5083 10979
5084 10938
5085 10937
5086 10936
5087 10935
5088 10934
5089 10933
5090 10932
5091 10931
5092 10930
5093 10929
5094 10928
5095 10927
5096 10926
5097 10925
5098 10924
5099 10923
5100 10922
5101 10921
5102 10920
5103 10919
5104 10918
5105 11746
5106 11745
5107 11744
5108 11743
5109 11742
5110 11741
5111 11740
5112 11739
5113 11738
5114 11737
5115 11736
5116 11735
5117 11734
5118 11733
5119 11732
5120 11731
5121 11730
5122 11729
5123 11728
5124 11727
5125 11726
5126 11725
5127 11724
5128 11723
5129 11830
5130 11829
5131 11828
5132 11827
5133 11826
5134 11825
5135 11824
5136 11823
5137 10602
5138 10601
5139 10600
5140 10599
5141 10598
5142 10597
5143 10596
5144 10595
5145 10594
5146 10593
5147 10592
5148 10591
5149 10528
5150 10527
5151 10526
5152 10525
5153 10524
5154 10523
5155 10522
5156 10521
5157 10520
5158 10519
5159 10518
5160 10517
5161 10516
5162 10515
5163 10514
5164 10513
5165 10512
5166 10511
5167 10510
5168 10509
5169 12000
5170 11999
5171 11998
5172 11997
5173 11996
5174 11995
5175 11994
5176 12252
5177 12251
5178 12250
5179 12249
5180 12248
5181 12247
5182 12246
5183 12245
5184 12244
5185 12243
5186 12242
5187 12241
5188 12240
5189 12239
5190 12238
5191 12151
5192 12150
5193 12149
5194 12148
5195 12147
5196 12146
5197 12145
5198 12144
5199 12143
5200 12142
5201 12141
5202 10327
5203 10326
5204 10325
5205 10324
5206 10323
5207 10322
5208 10321
5209 10320
5210 10319
5211 10318
5212 10317
5213 10316
5214 10315
5215 10314
5216 10313
5217 10312
5218 10311
5219 10310
5220 10309
5221 10308
5222 9653
5223 9652
5224 9651
5225 9650
5226 9649
5227 9648
5228 9647
5229 13033
5230 13032
5231 13031
5232 13030
5233 13029
5234 13028
5235 13027
5236 13026
5237 13025
5238 13024
5239 13023
5240 13022
5241 13021
5242 13020
5243 13019
5244 13018
5245 13017
5246 13016
5247 13099
5248 13098
5249 13097
5250 13096
5251 13095
5252 13094
5253 13093
5254 13092
5255 9458
5256 9457
5257 9456
5258 9455
5259 9454
5260 9453
5261 9452
5262 9451
5263 9549
5264 9548
5265 9547
5266 9546
5267 9545
5268 9544
5269 9543
5270 9542
5271 9541
5272 9540
5273 9539
5274 9538
5275 9537
5276 9536
5277 9535
5278 9534
5279 9533
5280 9532
5281 9531
5282 9530
5283 9529
5284 9528
5285 9527
5286 9526
5287 9525
5288 9524
5289 8951
5290 8950
5291 8949
5292 8948
5293 8947
5294 8946
5295 8945
5296 8944
5297 8943
5298 8942
5299 8941
5300 8940
5301 8939
5302 9293
5303 9292
5304 9291
5305 9290
5306 9289
5307 9288
5308 9287
5309 9286
5310 9285
5311 9284
5314 9616
5315 9615
5316 9614
5317 9613
5318 9612
5319 9611
5320 9610
5321 9609
5322 9608
5323 9607
5324 9606
5325 9605
5326 9604
5327 12586
5328 12585
5329 12584
5330 12583
5331 12582
5332 12581
5333 12580
5334 12579
5335 12578
5336 12577
5337 12576
5338 12575
5339 12574
5340 12573
5341 12572
5342 12571
5343 9569
5344 9568
5345 9567
5346 9566
5347 9565
5348 9564
5349 9563
5350 9562
5351 9561
5352 9560
5353 9559
5354 9558
5355 9557
5356 9556
5357 9555
5358 9554
5359 9553
5360 9552
5361 9551
5362 9550
5363 9485
5364 9484
5365 9483
5366 9482
5367 9481
5368 9480
5369 9479
5370 9478
5371 13158
5372 13157
5373 13156
5374 13155
5375 13154
5376 13153
5377 13152
5378 13151
5379 13150
5380 13149
5381 13148
5382 13147
5383 13146
5384 13145
5385 13144
5386 13143
5387 13142
5388 13141
5389 13140
5390 13139
5391 9666
5392 9665
5393 9664
5394 9663
5395 9662
5396 9661
5397 9660
5398 9659
5399 9658
5400 9657
5401 9656
5402 9655
5403 9654
5404 10307
5405 10306
5406 10305
5407 10304
5408 10303
5409 10302
5410 10301
5411 10300
5412 10299
5413 10298
5414 10297
5415 10296
5416 10295
5417 10294
5418 10293
5419 10292
5420 10291
5421 10290
5422 10289
5423 10288
5424 10287
5425 12161
5426 12160
5427 12159
5428 12158
5429 12157
5430 12156
5431 12155
5432 12154
5433 12153
5434 12152
5435 12237
5436 12236
5437 12235
5438 12234
5439 12233
5440 12232
5441 12231
5442 12230
5443 12014
5444 12013
5445 12012
5446 12011
5447 12010
5448 12009
5449 12008
5450 12007
5451 12006
5452 12005
5453 12004
5454 12003
5455 12002
5456 12001
5457 10508
5458 10507
5459 10506
5460 10505
5461 10504
5462 10503
5463 10502
5464 10501
5465 10500
5466 10499
5467 10498
5468 10497
5469 9904
5470 9903
5471 9902
5472 9901
5473 9900
5474 9899
5475 9898
5476 9897
5477 9896
5478 9895
5479 9894
5480 9893
5481 9892
5482 9891
5483 9890
5484 9889
5485 9888
5486 9887
5487 9886
5488 9885
5489 9884
5490 9883
5491 9882
5492 9881
5493 9880
5494 9879
5495 9878
5496 9877
5497 9876
5498 9875
5499 9874
5500 9873
5501 9872
5502 11763
5503 11762
5504 11761
5505 11760
5506 11759
5507 11758
5508 11757
5509 11756
5510 11755
5511 11754
5512 11753
5513 11752
5514 11751
5515 11750
5516 11749
5517 11748
5518 11747
5519 10917
5520 10916
5521 10915
5522 10914
5523 10913
5524 10912
5525 10911
5526 10910
5527 10909
5528 10908
5529 10907
5530 10906
5531 10905
5532 10946
5533 10945
5534 10944
5535 10943
5536 10942
5537 10941
5538 10940
5539 10939
5540 10978
5541 10977
5542 10976
5543 10975
5544 10974
5545 10973
5546 10972
5547 10971
5548 10970
5549 10969
5550 10968
5551 11384
5552 11383
5553 11382
5554 11381
5555 11380
5556 11379
5557 11378
5558 11377
5559 11376
5560 11375
5561 11374
5562 11373
5563 11372
5564 11371
5565 11370
5566 11174
5567 11173
5568 11172
5569 11171
5570 11170
5571 11169
5572 11168
5573 11167
5574 11166
5575 11165
5576 11164
5577 11163
5578 11162
5579 11161
5580 11160
5581 11159
5582 7876
5583 7875
5584 7874
5585 7873
5586 7872
5587 7871
5588 7870
5589 7869
5590 7868
5591 7867
5592 7866
5593 7865
5594 7864
5595 7863
5596 7862
5597 10243
5598 10242
5599 10241
5600 10240
5601 10239
5602 10238
5603 10237
5604 10236
5605 10235
5606 10234
5607 10233
5608 10232
5609 10231
5610 10230
5611 10167
5612 10166
5613 10165
5614 10164
5615 10163
5616 10162
5617 10161
5618 10160
5619 10159
5620 10158
5621 10157
5622 10156
5623 10155
5624 10154
5625 10153
5626 10152
5627 10151
5628 10150
5629 7993
5630 7992
5631 7991
5632 7990
5633 7989
5634 7988
5635 7987
5636 7986
5637 7985
5638 7984
5639 7983
5640 7982
5641 7981
5642 7980
5643 7979
5644 7978
5645 8111
5646 8110
5647 8109
5648 8108
5649 8107
5650 8106
5651 8105
5652 8104
5653 8103
5654 8102
5655 8101
5656 8100
5657 8099
5658 8098
5659 8097
5660 8096
5661 8095
5662 6983
5663 6982
5664 6981
5665 6980
5666 6979
5667 6978
5668 6977
5669 6976
5670 6975
5671 6974
5672 6973
5673 6972
5674 6971
5675 6970
5676 6969
5677 6968
5678 6967
5681 9701
5682 9700
5683 9699
5684 9698
5685 9697
5686 9696
5687 9695
5688 9694
5689 6991
5690 6990
5691 6989
5692 6988
5693 6987
5694 6986
5695 6985
5696 6984
5697 8094
5698 8093
5699 8092
5700 8091
5701 8090
5702 8089
5703 8088
5704 8087
5705 9725
5706 9724
5707 9723
5708 9722
5709 9721
5710 9720
5711 9719
5712 9718
5713 9717
5714 9716
5715 9747
5716 9746
5717 9745
5718 9744
5719 9743
5720 9742
5721 9741
5722 9740
5723 9739
5724 9738
5725 9737
5726 10181
5727 10180
5728 10179
5729 10178
5730 10177
5731 10176
5732 10175
5733 10174
5734 10173
5735 10172
5736 10171
5737 10170
5738 10169
5739 10168
5740 10229
5741 10228
5742 10227
5743 10226
5744 10225
5745 10224
5746 10223
5747 10222
5748 10221
5749 10220
5750 10219
5751 10218
5752 10217
5753 10216
5754 10215
5755 10214
5756 10213
5757 11212
5758 11211
5759 11210
5760 11209
5761 11208
5762 11207
5763 11206
5764 11205
5765 11204
5766 11203
5767 11202
5768 11201
5769 11200
5770 11199
5771 11198
5772 11197
5773 11196
5774 11195
5775 11194
5776 11193
5777 11192
5778 11348
5779 11347
5780 11346
5781 11345
5782 11344
5783 11343
5784 11342
5785 11341
5786 11340
5787 11339
5788 11338
5789 11337
5790 11336
5791 11335
5792 11334
5793 11452
5794 11451
5795 11450
5796 11449
5797 11448
5798 11447
5799 11446
5800 10846
5801 10845
5802 10844
5803 10843
5804 10842
5805 10841
5806 10840
5807 10839
5808 10838
5809 10837
5810 10836
5811 10835
5812 10834
5813 10833
5814 10832
5815 11797
5816 11796
5817 11795
5818 11794
5819 11793
5820 11792
5821 11791
5822 11790
5823 11789
5824 11788
5825 11787
5826 11786
5827 11785
5828 11784
5829 11783
5830 11782
5831 9767
5832 9766
5833 9765
5834 9764
5835 9763
5836 9762
5837 9761
5838 9760
5839 9759
5840 9758
5841 9791
5842 9790
5843 9789
5844 9788
5845 9787
5846 9786
5847 9785
5848 9784
5849 9783
5850 9782
5851 9781
5852 9780
5853 12037
5854 12036
5855 12035
5856 12034
5857 12033
5858 12032
5859 12031
5860 12030
5861 12029
5862 12028
5863 12027
5864 12026
5865 12025
5866 12024
5867 12023
5868 12022
5869 12021
5870 12020
5871 12019
5872 12018
5873 12017
5874 12016
5875 12015
5876 12229
5877 12228
5878 12227
5879 12226
5880 12225
5881 12224
5882 12223
5883 12222
5884 12221
5885 12458
5886 12457
5887 12456
5888 12455
5889 12454
5890 12453
5891 12452
5892 12451
5893 12450
5894 12449
5895 12448
5896 12447
5897 12446
5898 9685
5899 9684
5900 9683
5901 9682
5902 9681
5903 9680
5904 9679
5905 9678
5906 9677
5907 9676
5908 9675
5909 9674
5910 9673
5911 9672
5912 9671
5913 9670
5914 9669
5915 9668
5916 9667
5917 13138
5918 13137
5919 13136
5920 13135
5921 13134
5922 13133
5923 13132
5924 13131
5925 13130
5926 13129
5927 13128
5928 13127
5929 13126
5930 12626
5931 12625
5932 12624
5933 12623
5934 12622
5935 12621
5936 12620
5937 12619
5938 12618
5939 12617
5940 12616
5941 12615
5942 12614
5943 12613
5944 12612
5945 12611
5946 12610
5947 12609
5948 12608
5949 12607
5950 12606
5951 12605
5952 12604
5953 12603
5954 12602
5955 12601
5956 12600
5957 12599
5958 12598
5959 12597
5960 12596
5961 12595
5962 12594
5963 12593
5964 12592
5965 12591
5966 12590
5967 12589
5968 12588
5969 12587
5970 9603
5971 9602
5972 9601
5973 9600
5974 9599
5975 9598
5976 9597
5977 9596
5978 9595
5979 9594
5980 9593
5983 13299
5984 13298
5985 13297
5986 13296
5987 13295
5988 13294
5989 13293
5990 13292
5991 13291
5992 13290
5993 13289
5994 13288
5995 13258
5996 13257
5997 13256
5998 13255
5999 13254
6000 13253
6001 13252
6002 13251
6003 13250
6004 13249
6005 13248
6006 13247
6007 13246
6008 13245
6009 13244
6010 13243
6011 13242
6012 13241
6013 13240
6014 13239
6015 13238
6016 13237
6017 13236
6018 13235
6019 13234
6020 13233
6021 13232
6022 13231
6023 13230
6024 13229
6025 13228
6026 13227
6027 13226
6028 13225
6029 13224
6030 13223
6031 13222
6032 13221
6033 13220
6034 13219
6035 13218
6036 13217
6037 13216
6038 13215
6039 13214
6040 13213
6041 13212
6042 13211
6043 13210
6044 13209
6045 13208
6046 13207
6047 12489
6048 12488
6049 12487
6050 12486
6051 12485
6052 12484
6053 12483
6054 12482
6055 12481
6056 12480
6057 12479
6058 12478
6059 12477
6060 12476
6061 12475
6062 12474
6063 12473
6064 12472
6065 12471
6066 12470
6067 12469
6068 12468
6069 12467
6070 12466
6071 12465
6072 12464
6073 12463
6074 12462
6075 12461
6076 12460
6077 12459
6078 12220
6079 12219
6080 12218
6081 12217
6082 12216
6083 12215
6084 12214
6085 12213
6086 12212
6087 12211
6088 12210
6089 12057
6090 12056
6091 12055
6092 12054
6093 12053
6094 12052
6095 12051
6096 12050
6097 12049
6098 12048
6099 12047
6100 12046
6101 12045
6102 12044
6103 12043
6104 12042
6105 12041
6106 12040
6107 12039
6108 12038
6109 9779
6110 9778
6111 9777
6112 9776
6113 9775
6114 9774
6115 9773
6116 9772
6117 9771
6118 9770
6119 9769
6120 9768
6121 9757
6122 9756
6123 9755
6124 9754
6125 9753
6126 9752
6127 9751
6128 9750
6129 9749
6130 9748
6131 11781
6132 11780
6133 11779
6134 11778
6135 11777
6136 11776
6137 11775
6138 11774
6139 11773
6140 11772
6141 10867
6142 10866
6143 10865
6144 10864
6145 10863
6146 10862
6147 10861
6148 10860
6149 10859
6150 10858
6151 10857
6152 10856
6153 10855
6154 10854
6155 10853
6156 10852
6157 10851
6158 10850
6159 10849
6160 10848
6161 10847
6162 11445
6163 11444
6164 11443
6165 11442
6166 11441
6167 11440
6168 11439
6169 11438
6170 11437
6171 11436
6172 11435
6173 11434
6174 11433
6175 11356
6176 11355
6177 11354
6178 11353
6179 11352
6180 11351
6181 11350
6182 11349
6183 11191
6184 11190
6185 11189
6186 11188
6187 11187
6188 11186
6189 11185
6190 11184
6191 11183
6192 11224
6193 11223
6194 11222
6195 11221
6196 11220
6197 11219
6198 11218
6199 11217
6200 11216
6201 11215
6202 11214
6203 11213
6204 10264
6205 10263
6206 10262
6207 10261
6208 10260
6209 10259
6210 10258
6211 10257
6212 10256
6213 10255
6214 10254
6215 10253
6216 10252
6217 10199
6218 10198
6219 10197
6220 10196
6221 10195
6222 10194
6223 10193
6224 10192
6225 10191
6226 10190
6227 10189
6228 10188
6229 10187
6230 10186
6231 10185
6232 10184
6233 10183
6234 10182
6235 9736
6236 9735
6237 9734
6238 9733
6239 9732
6240 9731
6241 9730
6242 9729
6243 9728
6244 9727
6245 9726
6246 9715
6247 9714
6248 9713
6249 9712
6250 9711
6251 9710
6252 9709
6253 9708
6254 9707
6255 9706
6256 8086
6257 8085
6258 8084
6259 8083
6260 8082
6261 8081
6262 8080
6263 8079
6264 8078
6265 8077
6266 8076
6267 8075
6268 8074
6269 6920
6270 6919
6271 6918
6272 6917
6273 6916
6274 6915
6275 6914
6276 6913
6277 6912
6278 6911
6279 6910
6282 6932
6283 6931
6284 6930
6285 6929
6286 6928
6287 6927
6288 6926
6289 6925
6290 6924
6291 6923
6292 6922
6293 6921
6294 8073
6295 8072
6296 8071
6297 8070
6298 8069
6299 8068
6300 8067
6301 8066
6302 8065
6303 8064
6304 8063
6305 8062
6306 8019
6307 8018
6308 8017
6309 8016
6310 8015
6311 8014
6312 8013
6313 8012
6314 8011
6315 8010
6316 8009
6317 8008
6318 8007
6319 8006
6320 8005
6321 8004
6322 8003
6323 8002
6324 8001
6325 8000
6326 7999
6327 7998
6328 7997
6329 7996
6330 7995
6331 7994
6332 10149
6333 10148
6334 10147
6335 10146
6336 10145
6337 10144
6338 10143
6339 10142
6340 10141
6341 10140
6342 10139
6343 10212
6344 10211
6345 10210
6346 10209
6347 10208
6348 10207
6349 10206
6350 10205
6351 10204
6352 10203
6353 10202
6354 10201
6355 10200
6356 10251
6357 10250
6358 10249
6359 10248
6360 10247
6361 10246
6362 10245
6363 10244
6364 7861
6365 7860
6366 7859
6367 7858
6368 7857
6369 7856
6370 7855
6371 11240
6372 11239
6373 11238
6374 11237
6375 11236
6376 11235
6377 11234
6378 11233
6379 11232
6380 11231
6381 11230
6382 11229
6383 11228
6384 11227
6385 11226
6386 11225
6387 11182
6388 11181
6389 11180
6390 11179
6391 11178
6392 11177
6393 11176
6394 11175
6395 11369
6396 11368
6397 11367
6398 11366
6399 11365
6400 11364
6401 11363
6402 11362
6403 11361
6404 11360
6405 11359
6406 11358
6407 11357
6408 11432
6409 11431
6410 11430
6411 11429
6412 11428
6413 11427
6414 11426
6415 11425
6416 11424
6417 11423
6418 11422
6419 11421
6420 11420
6421 11419
6422 11418
6423 11417
6424 9811
6425 9810
6426 9809
6427 9808
6428 9807
6429 9806
6430 9805
6431 9804
6432 9803
6433 10884
6434 10883
6435 10882
6436 10881
6437 10880
6438 10879
6439 10878
6440 10877
6441 10876
6442 10875
6443 10874
6444 10873
6445 10872
6446 10871
6447 10870
6448 10869
6449 10868
6450 11771
6451 11770
6452 11769
6453 11768
6454 11767
6455 11766
6456 11765
6457 11764
6458 9871
6459 9870
6460 9869
6461 9868
6462 9867
6463 9866
6464 9865
6465 9864
6466 9863
6467 9862
6468 9861
6469 9860
6470 9859
6471 9858
6472 9857
6473 9856
6474 9855
6475 9854
6476 9945
6477 9944
6478 9943
6479 9942
6480 9941
6481 9940
6482 9939
6483 9938
6484 9937
6485 9936
6486 9935
6487 9934
6488 9933
6489 9932
6490 9931
6491 9930
6492 9929
6493 9928
6494 9927
6495 12075
6496 12074
6497 12073
6498 12072
6499 12071
6500 12070
6501 12069
6502 12068
6503 12067
6504 12066
6505 12065
6506 12064
6507 12063
6508 12062
6509 12061
6510 12060
6511 12059
6512 12058
6513 12209
6514 12208
6515 12207
6516 12206
6517 12205
6518 12204
6519 12203
6520 12202
6521 12201
6522 12200
6523 12199
6524 12198
6525 12197
6526 12196
6527 12195
6528 12194
6529 12193
6530 12192
6531 12191
6532 12190
6533 12189
6534 12188
6535 12187
6536 12186
6537 12185
6538 12184
6539 12516
6540 12515
6541 12514
6542 12513
6543 12512
6544 12511
6545 12510
6546 12509
6547 12508
6548 12507
6549 12506
6550 12505
6551 12504
6552 12503
6553 12502
6554 12501
6555 12500
6556 12499
6557 12498
6558 12497
6559 12496
6560 12495
6561 12494
6562 12493
6563 12492
6564 12491
6565 12490
6566 13206
6567 13205
6568 13204
6569 13203
6570 13202
6571 13201
6572 13200
6573 13199
6574 13198
6575 13197
6576 13196
6577 13195
6578 13194
6579 13193
6580 13192
6581 13191
6582 9967
6583 9966
6584 9965
6585 9964
6586 9963
6587 9962
6588 9961
6589 9960
6590 9959
6591 9958
6592 9987
6593 9986
6594 9985
6595 9984
6596 9983
6597 9982
6598 9981
6599 9980
6600 9979
6601 9978
6602 10008
6603 10007
6604 10006
6605 10005
6606 10004
6607 10003
6608 10002
6609 10001
6610 10000
6611 9999
6612 13275
6613 13274
6614 13273
6615 13272
6616 13271
6617 13270
6618 13269
6619 13268
6620 13267
6621 13266
6622 13265
6623 13264
6624 13263
6625 13262
6626 13261
6627 13260
6628 13259
6629 13287
6630 13286
6631 13285
6632 13284
6633 13283
6634 13282
6635 13281
6636 13280
6637 13279
6638 13278
6639 13277
6640 13276
