1 9339
2 9338
3 9337
4 9336
5 9335
6 9109
7 8
9 9106
10 9105
11 9104
12 9103
13 9102
14 9101
15 9100
16 9099
17 9098
18 9097
19 20
21 9094
22 9093
23 9092
24 9091
25 9090
26 9089
27 9088
28 9087
29 9086
30 31
32 9083
33 9082
34 9081
35 9080
36 9079
37 9078
38 9077
39 9076
40 9075
41 42
43 9072
44 9071
45 9882
46 9881
47 9880
48 9879
49 9878
50 9877
51 9876
52 9875
53 9874
54 9873
55 56
57 13176
58 13175
59 13174
60 13173
61 13172
62 13171
63 64
65 13168
66 13167
67 13166
68 13165
69 13205
70 71
72 13202
73 13201
74 13200
75 13199
76 77
78 13238
79 13237
80 13236
81 13235
82 13234
83 84
85 13231
86 13230
87 13229
88 13228
89 13227
90 91
92 9286
93 9285
94 9284
95 9283
96 97
98 9280
99 9279
100 9278
101 9277
102 12744
103 12743
104 12742
105 106
107 12739
108 12738
109 12737
110 12736
111 12735
112 113
114 12732
115 12731
116 12730
117 12729
118 12876
119 120
121 12873
122 12872
123 12871
124 12870
125 12869
126 12868
127 128
129 12865
130 12864
131 12863
132 12862
133 12861
134 135
136 12858
137 12857
138 12856
139 12855
140 12854
141 142
143 12851
144 12850
145 12849
146 12848
147 12847
148 12846
149 150
151 12843
152 12842
153 12841
154 12172
155 12171
156 12170
157 12169
158 12168
159 12167
160 12166
161 12165
162 163
164 12162
165 12161
166 12160
167 12159
168 12158
169 170
171 9853
172 9852
173 9851
174 9850
175 9849
176 9848
177 178
179 9845
180 9844
181 9843
182 9842
183 9841
184 9840
185 186
187 9782
188 9781
189 9780
190 9779
191 9778
192 9777
193 194
195 12126
196 12125
197 12124
198 12123
199 12122
200 12121
201 202
203 12118
204 12117
205 12116
206 9266
207 9265
208 9264
209 9263
210 9262
211 9261
212 9260
213 9259
214 215
216 9244
217 9243
218 9242
219 9241
220 9240
221 9239
222 223
224 9236
225 9235
226 9234
227 9223
228 9222
229 230
231 9219
232 9218
233 9217
234 9216
235 9215
236 9214
237 238
239 11653
240 11652
241 11651
242 11650
243 11649
244 11648
245 246
247 11645
248 11644
249 11643
250 11642
251 11641
252 11640
253 254
255 9768
256 9767
257 9766
258 9765
259 9764
260 9763
261 9762
262 9761
263 9760
264 265
266 9757
267 9756
268 9755
269 9203
270 9202
271 272
273 9199
274 9198
275 9197
276 9196
277 9195
278 9194
279 280
281 11338
282 11337
283 11336
284 11335
285 11334
286 287
288 11199
289 11198
290 11197
291 11196
292 11195
293 294
295 11192
296 11191
297 11190
298 11189
299 11188
300 301
302 10304
303 10303
304 10302
305 10301
306 10300
307 308
309 10297
310 10296
311 10295
312 10294
313 10293
314 10292
315 10291
316 10290
317 318
319 10287
320 10286
321 10285
322 10284
323 10283
324 325
326 10280
327 10279
328 10746
329 10745
330 331
332 10742
333 10741
334 10740
335 10739
336 337
338 10736
339 10735
340 10734
341 10733
342 343
344 10772
345 10771
346 10770
347 10769
348 349
350 10766
351 10672
352 10671
353 10670
354 355
356 10667
357 10666
358 10665
359 10664
360 10663
361 362
363 9183
364 9182
365 9181
366 9180
367 9179
368 9178
369 9177
370 9176
371 9175
372 9174
373 374
375 6929
376 6928
377 6927
378 6926
379 6925
380 6924
381 382
383 6921
384 6920
385 6919
386 6918
387 6917
388 6916
389 6915
390 391
392 6912
393 6911
394 6910
395 6909
396 6908
397 6907
398 6906
399 400
401 6903
402 7208
403 7207
404 7206
405 7205
406 7204
407 7203
408 7202
409 410
411 7199
412 7198
413 7197
414 7196
415 7195
416 7194
417 7193
420 7168
421 7167
422 7166
423 7165
424 7164
425 7163
426 7162
427 428
429 7159
430 7158
431 7157
432 7156
433 7155
434 7154
435 7153
436 7152
437 438
439 7149
440 7148
441 7147
442 7146
443 7145
444 7144
445 7143
446 447
448 7140
449 6947
450 6946
451 6945
452 6944
453 6943
454 6942
455 456
457 6939
458 6938
459 6937
460 6936
461 6935
462 6934
463 464
465 9193
466 9192
467 9191
468 9190
469 9189
470 9188
471 9187
472 9186
473 9185
474 9184
475 476
477 10658
478 10657
479 10656
480 10655
481 482
483 10652
484 10651
485 10650
486 10649
487 10648
488 489
490 10780
491 10779
492 10778
493 10777
494 495
496 10732
497 10731
498 10730
499 10729
500 501
502 10726
503 10725
504 10247
505 506
507 10244
508 10243
509 10242
510 10241
511 512
513 10238
514 10237
515 10236
516 10235
517 518
519 10232
520 10231
521 10230
522 10322
523 10321
524 10320
525 10319
526 10318
527 10317
528 10316
529 530
531 10313
532 10312
533 10311
534 10310
535 536
537 10307
538 11187
539 11186
540 11185
541 11184
542 543
544 11181
545 11180
546 11179
547 11178
548 11177
549 550
551 11174
552 11347
553 11346
554 11345
555 556
557 11342
558 11341
559 9213
560 9212
561 9211
562 563
564 9208
565 9207
566 9206
567 9205
568 9204
569 570
571 9752
572 9751
573 9750
574 9749
575 9748
576 9747
577 9746
578 9745
579 9744
580 9743
581 9742
582 583
584 9739
585 9738
586 9737
587 9736
588 11668
589 590
591 11665
592 11664
593 11663
594 11662
595 11661
596 11660
597 598
599 11657
600 11656
601 9233
602 9232
603 9231
604 605
606 9228
607 9227
608 9226
609 9225
610 9224
611 612
613 9254
614 9253
615 9252
616 9251
617 9250
618 619
620 9247
621 9246
622 9245
623 9276
624 9275
625 626
627 9272
628 9271
629 9270
630 9269
631 9268
632 9267
633 12115
634 12114
635 12113
636 637
638 12110
639 12109
640 12108
641 12107
642 12106
643 644
645 12103
646 12102
647 9791
648 9790
649 9789
650 651
652 9786
653 9785
654 9839
655 9838
656 9837
657 658
659 9834
660 9833
661 9832
662 12196
663 12195
664 665
666 12192
667 12191
668 12190
669 12189
670 12188
671 672
673 12185
674 12184
675 12183
676 12182
677 12181
678 679
680 12178
681 12177
682 12176
683 12175
684 12174
685 12173
686 12840
687 12839
688 12838
689 690
691 12835
692 12834
693 12833
694 12832
695 12831
696 697
698 12828
699 12827
700 12826
701 12825
702 703
704 12822
705 12821
706 12820
707 12819
708 12818
709 710
711 12815
712 12814
713 12813
714 12812
715 12811
716 717
718 12808
719 12807
720 12806
721 12805
722 12804
723 724
725 12757
726 12756
727 12755
728 12754
729 730
731 12751
732 12750
733 12749
734 12748
735 12747
736 12746
737 12745
738 9300
739 9299
740 9298
741 742
743 9295
744 9294
745 9293
746 9292
747 9291
748 749
750 13226
751 13225
752 13224
753 13223
754 755
756 13220
757 13219
758 13218
759 13217
760 761
762 13214
763 13213
764 13212
765 13211
766 767
768 13208
769 13207
770 13206
771 13164
772 13163
773 774
775 13160
776 13159
777 13158
778 13157
779 780
781 13154
782 13153
783 13152
784 13151
785 13150
786 13149
787 788
789 9367
790 9366
791 9365
792 9364
793 9363
794 9362
795 9361
796 9360
797 9359
798 799
800 9356
801 9355
802 9354
803 9353
804 9352
805 9351
806 9350
807 808
809 9600
810 9599
811 9598
812 9597
813 9596
814 9595
815 9594
816 9593
817 818
819 9125
820 9124
821 9123
822 9122
823 9121
824 9120
825 9119
826 9118
827 9117
828 829
830 9114
831 9113
832 9112
833 9111
834 9110
835 9334
836 9333
837 9332
838 839
840 9329
843 9150
844 9149
845 9148
846 9147
847 848
849 9144
850 9143
851 9142
852 9141
853 9140
854 9139
855 9138
856 9137
857 858
859 9134
860 9133
861 9132
862 9131
863 9130
864 9129
865 9128
866 9592
867 868
869 9589
870 9588
871 9587
872 9586
873 9585
874 9584
875 9583
876 9582
877 878
879 9579
880 9578
881 9577
882 9576
883 9575
884 9381
885 886
887 9378
888 9377
889 9376
890 9375
891 9374
892 9373
893 9372
894 9371
895 9370
896 13148
897 13147
898 13146
899 900
901 13143
902 13142
903 13141
904 13140
905 906
907 8593
908 8592
909 8591
910 8590
911 912
913 8587
914 8586
915 8585
916 8584
917 918
919 8581
920 8580
921 8579
922 8619
923 924
925 8616
926 8615
927 8614
928 8613
929 930
931 12991
932 12990
933 12989
934 12988
935 936
937 12985
938 12984
939 12983
940 12982
941 942
943 12979
944 12978
945 12977
946 12976
947 12975
948 12974
949 12973
950 951
952 12970
953 12969
954 8091
955 8090
956 8089
957 958
959 8086
960 8085
961 8084
962 8072
963 964
965 8069
966 8068
967 8067
968 8066
969 970
971 8063
972 8062
973 12445
974 12444
975 12443
976 977
978 12440
979 12439
980 12438
981 12368
982 983
984 12365
985 12364
986 12363
987 12362
988 989
990 12359
991 12358
992 12357
993 12356
994 12355
995 996
997 12352
998 12351
999 12350
1000 12349
1001 12348
1002 12347
1003 12346
1004 1005
1006 12230
1007 12229
1008 12228
1009 12227
1010 1011
1012 12224
1013 12223
1014 12222
1015 12221
1016 1017
1018 12218
1019 9811
1020 9810
1021 9809
1022 9808
1023 1024
1025 9805
1026 9804
1027 9803
1028 9802
1029 1030
1031 9799
1032 9798
1033 9797
1034 9796
1035 9795
1036 1037
1038 9792
1039 12101
1040 12100
1041 12099
1042 1043
1044 12096
1045 12095
1046 7943
1047 7942
1048 7941
1049 1050
1051 7938
1052 7937
1053 7936
1054 7935
1055 7934
1056 7933
1057 7922
1058 1059
1060 7919
1061 7918
1062 7917
1063 7916
1064 1065
1066 7913
1067 7905
1068 7904
1069 7903
1070 7902
1071 1072
1073 7899
1074 7898
1075 7897
1076 7896
1077 1078
1079 7893
1080 7892
1081 7891
1082 7890
1083 7889
1084 1085
1086 7886
1087 11699
1088 11698
1089 11697
1090 1091
1092 11694
1093 11693
1094 11692
1095 11515
1096 11514
1097 1098
1099 11511
1100 11510
1101 11509
1102 11508
1103 1104
1105 11505
1106 11504
1107 11503
1108 11502
1109 11374
1110 11373
1111 11372
1112 11371
1113 1114
1115 11368
1116 11367
1117 11366
1118 11365
1119 11364
1120 1121
1122 11361
1123 11360
1124 11359
1125 11358
1126 1127
1128 11355
1129 11354
1130 11353
1131 11352
1132 1133
1134 11349
1135 11348
1136 11173
1137 11172
1138 11171
1139 1140
1141 11168
1142 11167
1143 11166
1144 11165
1145 1146
1147 11162
1148 11161
1149 11160
1150 11159
1151 1152
1153 10336
1154 10335
1155 10334
1156 10333
1157 10332
1158 1159
1160 10329
1161 10328
1162 10327
1163 10326
1164 10325
1165 1166
1167 10229
1168 10228
1169 10227
1170 10226
1171 1172
1173 10223
1174 10222
1175 10221
1176 1177
1178 10218
1179 10217
1180 10799
1181 10798
1182 1183
1184 10795
1185 10794
1186 10793
1187 10792
1188 1189
1190 10789
1191 10788
1192 10787
1193 10786
1194 1195
1196 10783
1197 10782
1198 10781
1199 10645
1200 1201
1202 10642
1203 10641
1204 10640
1205 10639
1206 1207
1208 10636
1209 10635
1210 10634
1211 10633
1212 1213
1214 10522
1215 10521
1216 10520
1217 10519
1218 10518
1219 10517
1220 10516
1221 10515
1222 10514
1223 10513
1224 1225
1226 10510
1227 10509
1228 10508
1229 10507
1230 10506
1231 6956
1232 1233
1234 6953
1235 6952
1236 6951
1237 6950
1238 6949
1239 6948
1240 1241
1242 7137
1243 7136
1244 7135
1245 7134
1246 7133
1247 7132
1248 7131
1249 7130
1250 1251
1252 7127
1253 7126
1254 7125
1255 7124
1256 7283
1257 7282
1258 7281
1259 7280
1260 1261
1262 7277
1263 7276
1264 7275
1265 7274
1266 7273
1267 7272
1268 7271
1271 8129
1272 8128
1273 8127
1274 8126
1275 8125
1276 8124
1277 7290
1278 7289
1279 1280
1281 7286
1282 7285
1283 7284
1284 7123
1285 7122
1286 7121
1287 7120
1288 1289
1290 7117
1291 7116
1292 7115
1293 7114
1294 7025
1295 7024
1296 7023
1297 7022
1298 1299
1300 7019
1301 7018
1302 7017
1303 7016
1304 7015
1305 7014
1306 1307
1308 7011
1309 7010
1310 7009
1311 7008
1312 7007
1313 7006
1314 1315
1316 7003
1317 7002
1318 10530
1319 10529
1320 10528
1321 10527
1322 10526
1323 10525
1324 10524
1325 10523
1326 1327
1328 10628
1329 10627
1330 10626
1331 10625
1332 1333
1334 10622
1335 10621
1336 10620
1337 10619
1338 1339
1340 10616
1341 10615
1342 10385
1343 10384
1344 1345
1346 10381
1347 10380
1348 10379
1349 1350
1351 10376
1352 10375
1353 10374
1354 10373
1355 1356
1357 10370
1358 10369
1359 10368
1360 10367
1361 1362
1363 10364
1364 10363
1365 10362
1366 1367
1368 10359
1369 10358
1370 10357
1371 10356
1372 1373
1374 10353
1375 10352
1376 10351
1377 10350
1378 10349
1379 10348
1380 1381
1382 10345
1383 10344
1384 10343
1385 10342
1386 1387
1388 10339
1389 11158
1390 11157
1391 11156
1392 1393
1394 11153
1395 11152
1396 11151
1397 11150
1398 1399
1400 11147
1401 11146
1402 11145
1403 11144
1404 1405
1406 11141
1407 11140
1408 11139
1409 11138
1410 1411
1412 11135
1413 11134
1414 11133
1415 11132
1416 1417
1418 11388
1419 11387
1420 11386
1421 11385
1422 1423
1424 11382
1425 11381
1426 11380
1427 11379
1428 1429
1430 11376
1431 11375
1432 11501
1433 11500
1434 11499
1435 1436
1437 11496
1438 11495
1439 11494
1440 11493
1441 1442
1443 11711
1444 11710
1445 11709
1446 11708
1447 1448
1449 11705
1450 11704
1451 11703
1452 11702
1453 1454
1455 7885
1456 7884
1457 7883
1458 7882
1459 1460
1461 7879
1462 7878
1463 7877
1464 7876
1465 1466
1467 7873
1468 7912
1469 7911
1470 7910
1471 1472
1473 7907
1474 7906
1475 7932
1476 7931
1477 1478
1479 7928
1480 7927
1481 7926
1482 7925
1483 1484
1485 7954
1486 7953
1487 7952
1488 7951
1489 7950
1490 7949
1491 1492
1493 7946
1494 7945
1495 7944
1496 12094
1497 1498
1499 12091
1500 12090
1501 12089
1502 12088
1503 1504
1505 12085
1506 12084
1507 12083
1508 12082
1509 1510
1511 12079
1512 12078
1513 12077
1514 12076
1515 1516
1517 12073
1518 12072
1519 12071
1520 12247
1521 1522
1523 12244
1524 12243
1525 12242
1526 12241
1527 1528
1529 12238
1530 12237
1531 12236
1532 12235
1533 1534
1535 12232
1536 12231
1537 12343
1538 12342
1539 1540
1541 12339
1542 12338
1543 12337
1544 8049
1545 8048
1546 1547
1548 8045
1549 8044
1550 8043
1551 8042
1552 1553
1554 8039
1555 8038
1556 8037
1557 8036
1558 1559
1560 8033
1561 8032
1562 12453
1563 12452
1564 1565
1566 12449
1567 12448
1568 12447
1569 12446
1570 1571
1572 8081
1573 8080
1574 8079
1575 8078
1576 1577
1578 8075
1579 8074
1580 8073
1581 8100
1582 1583
1584 8097
1585 8096
1586 8095
1587 8094
1588 1589
1590 12968
1591 12967
1592 12966
1593 1594
1595 12963
1596 12962
1597 8740
1598 8739
1599 8738
1600 8737
1601 1602
1603 8734
1604 8637
1605 8636
1606 1607
1608 8633
1609 8632
1610 8631
1611 8630
1612 1613
1614 8627
1615 8626
1616 8625
1617 8624
1618 1619
1620 8621
1621 8620
1622 8578
1623 1624
1625 8575
1626 8574
1627 8573
1628 8572
1629 1630
1631 8569
1632 8568
1633 8567
1634 8566
1635 1636
1637 8563
1638 8562
1639 8561
1640 1641
1642 8558
1643 8557
1644 8556
1645 8850
1646 8849
1647 1648
1649 8846
1650 8845
1651 8844
1652 8843
1653 8842
1654 8841
1655 8840
1656 8839
1657 1658
1659 8836
1660 8483
1661 8482
1662 8481
1663 8480
1664 8479
1665 1666
1667 8476
1668 8475
1669 8474
1670 8473
1671 8472
1672 8471
1673 8470
1674 1675
1676 8357
1677 8356
1678 8355
1679 8354
1680 8353
1681 8352
1682 8351
1683 1684
1685 8348
1686 8347
1687 8346
1688 8345
1689 8344
1690 8343
1691 8296
1692 1693
1694 8293
1695 8292
1696 8291
1697 8290
1698 8289
1699 8288
1700 8287
1701 8286
1704 7701
1705 7700
1706 7699
1707 1708
1709 7696
1710 7695
1711 7694
1712 8376
1713 8375
1714 8374
1715 8373
1716 1717
1718 8370
1719 8369
1720 8368
1721 8367
1722 8366
1723 8365
1724 1725
1726 8362
1727 8361
1728 8360
1729 8359
1730 8358
1731 8467
1732 8466
1733 1734
1735 8463
1736 8462
1737 8461
1738 8460
1739 8459
1740 8458
1741 1742
1743 8455
1744 8454
1745 8453
1746 8452
1747 8865
1748 1749
1750 8862
1751 8861
1752 8860
1753 8859
1754 8858
1755 8857
1756 1757
1758 8854
1759 8853
1760 8852
1761 8851
1762 1763
1764 8553
1765 8552
1766 8551
1767 8550
1768 1769
1770 8547
1771 8546
1772 8545
1773 1774
1775 8542
1776 8541
1777 8540
1778 8539
1779 1780
1781 8536
1782 8535
1783 8534
1784 1785
1786 8655
1787 8654
1788 8653
1789 8652
1790 1791
1792 8649
1793 8648
1794 8647
1795 1796
1797 8644
1798 8643
1799 8642
1800 1801
1802 8639
1803 8638
1804 8733
1805 8732
1806 1807
1808 8729
1809 8728
1810 8727
1811 8726
1812 8725
1813 8724
1814 8723
1815 1816
1817 8720
1818 8719
1819 8718
1820 8717
1821 1822
1823 6861
1824 6860
1825 6859
1826 6858
1827 1828
1829 6855
1830 6854
1831 12468
1832 1833
1834 12465
1835 12464
1836 12463
1837 12462
1838 1839
1840 12459
1841 12458
1842 12457
1843 12456
1844 1845
1846 8031
1847 8030
1848 8029
1849 1850
1851 8026
1852 8025
1853 8024
1854 8023
1855 1856
1857 8020
1858 8019
1859 8018
1860 8017
1861 1862
1863 8014
1864 8013
1865 8012
1866 8011
1867 8010
1868 8009
1869 8008
1870 8007
1871 1872
1873 8004
1874 12260
1875 12259
1876 12258
1877 1878
1879 12255
1880 12254
1881 12253
1882 1883
1884 12250
1885 12249
1886 12248
1887 12070
1888 1889
1890 12067
1891 12066
1892 12065
1893 1894
1895 12062
1896 12061
1897 12060
1898 12059
1899 1900
1901 12056
1902 12055
1903 12054
1904 1905
1906 6820
1907 6819
1908 6818
1909 6817
1910 1911
1912 6814
1913 6813
1914 6812
1915 7738
1916 1917
1918 7735
1919 7734
1920 7733
1921 7732
1922 1923
1924 7729
1925 7728
1926 7727
1927 1928
1929 7724
1930 7723
1931 7722
1932 7721
1933 1934
1935 7718
1936 7717
1937 7716
1938 7715
1939 1940
1941 7872
1942 7871
1943 7870
1944 1945
1946 7867
1947 7866
1948 7865
1949 7864
1950 1951
1952 7861
1953 7860
1954 7859
1955 1956
1957 7856
1958 6801
1959 6800
1960 6799
1961 1962
1963 6796
1964 6795
1965 6794
1966 1967
1968 11426
1969 11425
1970 11424
1971 11423
1972 1973
1974 11420
1975 11419
1976 11418
1977 11417
1978 11416
1979 11415
1980 11414
1981 11413
1982 1983
1984 11410
1985 7514
1986 7513
1987 1988
1989 7510
1990 7509
1991 7508
1992 7507
1993 1994
1995 7504
1996 7503
1997 7502
1998 7501
1999 2000
2001 6756
2002 6755
2003 6754
2004 2005
2006 6751
2007 6750
2008 6749
2009 6737
2010 2011
2012 6734
2013 6733
2014 6732
2015 6731
2016 2017
2018 6728
2019 6727
2020 11049
2021 2022
2023 11046
2024 11045
2025 11044
2026 11043
2027 2028
2029 11040
2030 11039
2031 11038
2032 11037
2033 11036
2034 11035
2035 11034
2036 2037
2038 11031
2039 11030
2040 11029
2041 10921
2042 2043
2044 10918
2045 10917
2046 10916
2047 2048
2049 10403
2050 10402
2051 10401
2052 10400
2053 2054
2055 10397
2056 10396
2057 10395
2058 2059
2060 10392
2061 10391
2062 10390
2063 10389
2064 2065
2066 10386
2067 10614
2068 10613
2069 2070
2071 10610
2072 10609
2073 10608
2074 10607
2075 2076
2077 10604
2078 10603
2079 10602
2080 10601
2081 2082
2083 6715
2084 6714
2085 6713
2086 6712
2087 6711
2088 6710
2089 6709
2090 6708
2091 6707
2092 6706
2093 2094
2095 6692
2096 6691
2097 6690
2098 6689
2099 6688
2100 2101
2102 6685
2103 6684
2104 6673
2105 6672
2106 6671
2107 6670
2108 6669
2109 2110
2111 6666
2112 6665
2113 6664
2114 6652
2115 6651
2116 6650
2117 6649
2118 2119
2120 6646
2121 6645
2122 6644
2123 6643
2124 6642
2125 7297
2126 7296
2127 7295
2128 2129
2130 7292
2131 7291
2132 8123
2133 8122
2134 8121
2135 8120
2136 8119
2137 8118
2140 7310
2141 7309
2142 7308
2143 7307
2144 7306
2145 7305
2146 7304
2147 7303
2148 2149
2150 7300
2151 7299
2152 7298
2153 6663
2154 6662
2155 6661
2156 6660
2157 6659
2158 2159
2160 6656
2161 6655
2162 6654
2163 6653
2164 6683
2165 6682
2166 6681
2167 2168
2169 6678
2170 6677
2171 6676
2172 6675
2173 6674
2174 6705
2175 6704
2176 2177
2178 6701
2179 6700
2180 6699
2181 6698
2182 6697
2183 2184
2185 6726
2186 6725
2187 6724
2188 6723
2189 6722
2190 6721
2191 6720
2192 6719
2193 6718
2194 2195
2196 10598
2197 10597
2198 10596
2199 10595
2200 2201
2202 10592
2203 10591
2204 10590
2205 10589
2206 2207
2208 10586
2209 10585
2210 10584
2211 10583
2212 2213
2214 10944
2215 10943
2216 10942
2217 2218
2219 10939
2220 10938
2221 10937
2222 10936
2223 2224
2225 10933
2226 10932
2227 10931
2228 2229
2230 10928
2231 10927
2232 10926
2233 10925
2234 2235
2236 10922
2237 11028
2238 11027
2239 2240
2241 11024
2242 11023
2243 11022
2244 11021
2245 11020
2246 11019
2247 11018
2248 11017
2249 2250
2251 11056
2252 11055
2253 11054
2254 2255
2256 11051
2257 11050
2258 6748
2259 6747
2260 2261
2262 6744
2263 6743
2264 6742
2265 2266
2267 6739
2268 6738
2269 6768
2270 6767
2271 2272
2273 6764
2274 6763
2275 6762
2276 2277
2278 6759
2279 7500
2280 7499
2281 2282
2283 7496
2284 7495
2285 7494
2286 7493
2287 2288
2289 6789
2290 6788
2291 6787
2292 2293
2294 6784
2295 6783
2296 6782
2297 2298
2299 6779
2300 11438
2301 11437
2302 11436
2303 11435
2304 11434
2305 2306
2307 11431
2308 11430
2309 11429
2310 2311
2312 6811
2313 6810
2314 6809
2315 2316
2317 6806
2318 6805
2319 6804
2320 2321
2322 7855
2323 7854
2324 7853
2325 7852
2326 2327
2328 7849
2329 7848
2330 7847
2331 2332
2333 7844
2334 7843
2335 7842
2336 2337
2338 7839
2339 7838
2340 7837
2341 2342
2343 7834
2344 7833
2345 7832
2346 7831
2347 2348
2349 7828
2350 7752
2351 7751
2352 2353
2354 7748
2355 7747
2356 7746
2357 7745
2358 7744
2359 7743
2360 7742
2361 2362
2363 7739
2364 6833
2365 6832
2366 2367
2368 6829
2369 6828
2370 6827
2371 2372
2373 6824
2374 6823
2375 12053
2376 12052
2377 2378
2379 12049
2380 12048
2381 12047
2382 2383
2384 12044
2385 12281
2386 12280
2387 2388
2389 12277
2390 12276
2391 12275
2392 2393
2394 12272
2395 12271
2396 12270
2397 12269
2398 2399
2400 12266
2401 12265
2402 12264
2403 2404
2405 12261
2406 8003
2407 8002
2408 2409
2410 7999
2411 7998
2412 7997
2413 7996
2414 7995
2415 7994
2416 7993
2417 2418
2419 7990
2420 7989
2421 7988
2422 2423
2424 6853
2425 6852
2426 6851
2427 6850
2428 2429
2430 6847
2431 6846
2432 6845
2433 2434
2435 12482
2436 12481
2437 12480
2438 12479
2439 2440
2441 12476
2442 12475
2443 12474
2444 2445
2446 12471
2447 12470
2448 12469
2449 2450
2451 6871
2452 6870
2453 6869
2454 6868
2455 2456
2457 6865
2458 6864
2459 8716
2460 2461
2462 8713
2463 8712
2464 8711
2465 2466
2467 8708
2468 8707
2469 8706
2470 8705
2471 8704
2472 8703
2473 2474
2475 8700
2476 8699
2477 8698
2478 2479
2480 8695
2481 8694
2482 8693
2483 2484
2485 8690
2486 8689
2487 8688
2488 2489
2490 8685
2491 8684
2492 8683
2493 8682
2494 2495
2496 8679
2497 8678
2498 8901
2499 2500
2501 8898
2502 8897
2503 8896
2504 2505
2506 8893
2507 8892
2508 8891
2509 2510
2511 8888
2512 8887
2513 8886
2514 2515
2516 8883
2517 8882
2518 8881
2519 8880
2520 2521
2522 8877
2523 8876
2524 8875
2525 8874
2526 8873
2527 8872
2528 8871
2529 8870
2530 8869
2531 2532
2533 8866
2534 8451
2535 8450
2536 8449
2537 2538
2539 8446
2540 8445
2541 8444
2542 8443
2543 8442
2544 8441
2545 2546
2547 8438
2548 8437
2549 8436
2550 8435
2551 8434
2552 8433
2553 2554
2555 8430
2556 8429
2557 8428
2558 8427
2559 8426
2560 7446
2561 2562
2563 7443
2564 7442
2565 7441
2566 7440
2567 7439
2568 7438
2569 2570
2571 7435
2572 7434
2573 7433
2574 7432
2575 7431
2576 7430
2579 7462
2580 7461
2581 7460
2582 7459
2583 7458
2584 7457
2585 2586
2587 7454
2588 7453
2589 7452
2590 7451
2591 7450
2592 7449
2593 7448
2594 7447
2595 8425
2596 8424
2597 8423
2598 8422
2599 8421
2600 8420
2601 8419
2602 9471
2603 9470
2604 9469
2605 9468
2606 9467
2607 9466
2608 9465
2609 9464
2610 9463
2611 9462
2612 9461
2613 9460
2614 9459
2615 9458
2616 9457
2617 9456
2618 9455
2619 9454
2620 9453
2621 9452
2622 9451
2623 7356
2624 7355
2625 7354
2626 7353
2627 7352
2628 7351
2629 7350
2630 7349
2631 7348
2632 7347
2633 7346
2634 8916
2635 8915
2636 8914
2637 8913
2638 8912
2639 8911
2640 8910
2641 2642
2643 8907
2644 8906
2645 8905
2646 8904
2647 8903
2648 8902
2649 8677
2650 8676
2651 8675
2652 8674
2653 8673
2654 8672
2655 8671
2656 8670
2657 8669
2658 8668
2659 8667
2660 8666
2661 7666
2662 7665
2663 7664
2664 7663
2665 7662
2666 7661
2667 7660
2668 7659
2669 7658
2670 7657
2671 7656
2672 7655
2673 7654
2674 7653
2675 7652
2676 7651
2677 7650
2678 7649
2679 7648
2680 7647
2681 7646
2682 7645
2683 7644
2684 7643
2685 7642
2686 12540
2687 12539
2688 12538
2689 12537
2690 12536
2691 2692
2693 12533
2694 12490
2695 12489
2696 12488
2697 12487
2698 12486
2699 12485
2700 12484
2701 12483
2702 6842
2703 6841
2704 6840
2705 6839
2706 6838
2707 6837
2708 6836
2709 6835
2710 6834
2711 7985
2712 7984
2713 7983
2714 7982
2715 7981
2716 7980
2717 7979
2718 7978
2719 7977
2720 2721
2722 7974
2723 7973
2724 12301
2725 12300
2726 12299
2727 12298
2728 12297
2729 12296
2730 12295
2731 12294
2732 12293
2733 12292
2734 12291
2735 12290
2736 12289
2737 12288
2738 12287
2739 12286
2740 12285
2741 12284
2742 12283
2743 12282
2744 2745
2746 12041
2747 12040
2748 12039
2749 12038
2750 12037
2751 12036
2752 12035
2753 12034
2754 12033
2755 12032
2756 12031
2757 12030
2758 12029
2759 12028
2760 7767
2761 7766
2762 7765
2763 7764
2764 7763
2765 7762
2766 7761
2767 7760
2768 7759
2769 2770
2771 7756
2772 7755
2773 7754
2774 7753
2775 7827
2776 7826
2777 7825
2778 7824
2779 7823
2780 7822
2781 7821
2782 7820
2783 7819
2784 7818
2785 7817
2786 7816
2787 7815
2788 7814
2789 7813
2790 7812
2791 7811
2792 2793
2794 7808
2795 7807
2796 7806
2797 7805
2798 7804
2799 7803
2800 7802
2801 11454
2802 11453
2803 11452
2804 11451
2805 11450
2806 11449
2807 11448
2808 11447
2809 11446
2810 11445
2811 11444
2812 11443
2813 11442
2814 11441
2815 11440
2816 11439
2817 6778
2818 6777
2819 6776
2820 6775
2821 6774
2822 6773
2823 6772
2824 6771
2825 6770
2826 6769
2827 7492
2828 7491
2829 2830
2831 7488
2832 7487
2833 7486
2834 7485
2835 7484
2836 7483
2837 7482
2838 7481
2839 7480
2840 7479
2841 10141
2842 10140
2843 10139
2844 10138
2845 10137
2846 10136
2847 10135
2848 10134
2849 10133
2850 10132
2851 10131
2852 11065
2853 11064
2854 11063
2855 11062
2856 11061
2857 11060
2858 11059
2859 11016
2860 11015
2861 11014
2862 11013
2863 11012
2864 11011
2865 11010
2866 11009
2867 11008
2868 11007
2869 11006
2870 11005
2871 11004
2872 11003
2873 11002
2874 11001
2875 10958
2876 10957
2877 10956
2878 10955
2879 10954
2880 10953
2881 10952
2882 10951
2883 10950
2884 10949
2885 10948
2886 10947
2887 10946
2888 10945
2889 10580
2890 10579
2891 10578
2892 10577
2893 10576
2894 10575
2895 10574
2896 10573
2897 10572
2898 10571
2899 7558
2900 7557
2901 7556
2902 7555
2903 7554
2904 7553
2905 7552
2906 7551
2907 7550
2908 7549
2909 7548
2910 7547
2911 7546
2912 7545
2913 7544
2914 7543
2915 7542
2916 7541
2917 7540
2918 7539
2919 7538
2920 7537
2921 7536
2922 7535
2923 7534
2924 7533
2925 7089
2926 7088
2927 7087
2928 7086
2929 7085
2930 7084
2931 7083
2932 7082
2933 7081
2934 7080
2935 7079
2936 7078
2937 7077
2938 7330
2939 7329
2940 7328
2941 7327
2942 7326
2943 7325
2944 7324
2945 7323
2946 7322
2947 7321
2948 7320
2949 7319
2950 7318
2951 7317
2952 7316
2953 7315
2956 7345
2957 7344
2958 7343
2959 7342
2960 7341
2961 7340
2962 7339
2963 7338
2964 7337
2965 7336
2966 7335
2967 7334
2968 7333
2969 7332
2970 7331
2971 7076
2972 7075
2973 7074
2974 7073
2975 7072
2976 7071
2977 7070
2978 7069
2979 7068
2980 7067
2981 7066
2982 7065
2983 7064
2984 7063
2985 7062
2986 7061
2987 7060
2988 7059
2989 7058
2990 7573
2991 7572
2992 7571
2993 7570
2994 7569
2995 7568
2996 7567
2997 7566
2998 7565
2999 7564
3000 7563
3001 7562
3002 7561
3003 7560
3004 7559
3005 10570
3006 10569
3007 10568
3008 10567
3009 10566
3010 10565
3011 10971
3012 10970
3013 10969
3014 10968
3015 10967
3016 10966
3017 10965
3018 10964
3019 10963
3020 10962
3021 10961
3022 10960
3023 10959
3024 11000
3025 10999
3026 10998
3027 10997
3028 10996
3029 10995
3030 10994
3031 10993
3032 11077
3033 11076
3034 11075
3035 11074
3036 11073
3037 11072
3038 11071
3039 11070
3040 11069
3041 11068
3042 11067
3043 11066
3044 10130
3045 10129
3046 10128
3047 10127
3048 10126
3049 10125
3050 10124
3051 10123
3052 10122
3053 10121
3054 10120
3055 10119
3056 10118
3057 10117
3058 10116
3059 10115
3060 10114
3061 10113
3062 10112
3063 10111
3064 10110
3065 10109
3066 10108
3067 10107
3068 10106
3069 10105
3070 10104
3071 10103
3072 10102
3073 10101
3074 11466
3075 11465
3076 11464
3077 11463
3078 11462
3079 11461
3080 11460
3081 11459
3082 11458
3083 11457
3084 11456
3085 11455
3086 7801
3087 7800
3088 7799
3089 7798
3090 7797
3091 7796
3092 7795
3093 7794
3094 7793
3095 7792
3096 7791
3097 7790
3098 7789
3099 7788
3100 7787
3101 7786
3102 7785
3103 7784
3104 7783
3105 7782
3106 7781
3107 7780
3108 7779
3109 7778
3110 7777
3111 7776
3112 7775
3113 7774
3114 7773
3115 7772
3116 7771
3117 7770
3118 7769
3119 7768
3120 12027
3121 12026
3122 12025
3123 12024
3124 12023
3125 12022
3126 12021
3127 7388
3128 7387
3129 7386
3130 7385
3131 7384
3132 7383
3133 7382
3134 7381
3135 7380
3136 7379
3137 7378
3138 7408
3139 7407
3140 7406
3141 7405
3142 7404
3143 7403
3144 7402
3145 7401
3146 7400
3147 7399
3148 7429
3149 7428
3150 7427
3151 7426
3152 7425
3153 7424
3154 7423
3155 7422
3156 7421
3157 7420
3158 7419
3159 12562
3160 12561
3161 12560
3162 12559
3163 12558
3164 12557
3165 12556
3166 12555
3167 12554
3168 12553
3169 12552
3170 12551
3171 12550
3172 12549
3173 12548
3174 12547
3175 12546
3176 12545
3177 12544
3178 12543
3179 12542
3180 12541
3181 7641
3182 7640
3183 7639
3184 7638
3185 7637
3186 7636
3187 7635
3188 7634
3189 7633
3190 7632
3191 7631
3192 7630
3193 7629
3194 7628
3195 7627
3196 7626
3197 7625
3198 7624
3199 7623
3200 7622
3201 8939
3202 8938
3203 8937
3204 8936
3205 8935
3206 8934
3207 8933
3208 8932
3209 8931
3210 8930
3211 8929
3212 8928
3213 8927
3214 8926
3215 8925
3216 8924
3217 8923
3218 8922
3219 8921
3220 8920
3221 8919
3222 8918
3223 8917
3224 7366
3225 7365
3226 7364
3227 7363
3228 7362
3229 7361
3230 7360
3231 7359
3232 7358
3233 7357
3234 9450
3235 9449
3236 9448
3237 9447
3238 9446
3239 9445
3240 9444
3241 9443
3242 9442
3243 9481
3244 9480
3245 9479
3246 9478
3247 9477
3248 9476
3249 9475
3250 9474
3251 9473
3252 9472
3253 8418
3254 8417
3255 8416
3256 8415
3257 8414
3258 8413
3259 8412
3260 8411
3261 8410
3262 8409
3263 8408
3264 8407
3265 8406
3266 8405
3267 7472
3268 7471
3269 7470
3270 7469
3271 7468
3272 7467
3275 7478
3276 7477
3277 7476
3278 7475
3279 7474
3280 7473
3281 8404
3282 8403
3283 8402
3284 8401
3285 8400
3286 8399
3287 8398
3288 8397
3289 8396
3290 8395
3291 8394
3292 8393
3293 8392
3294 9491
3295 9490
3296 9489
3297 9488
3298 9487
3299 9486
3300 9485
3301 9484
3302 9483
3303 9482
3304 9441
3305 9440
3306 9439
3307 9438
3308 9437
3309 9436
3310 9435
3311 9434
3312 9433
3313 9432
3314 9431
3315 9430
3316 9429
3317 8806
3318 8805
3319 8804
3320 8803
3321 8802
3322 8801
3323 8800
3324 8799
3325 8798
3326 8797
3327 8796
3328 8795
3329 8794
3330 8793
3331 8792
3332 8791
3333 8790
3334 8789
3335 8788
3336 8787
3337 8786
3338 8946
3339 8945
3340 8944
3341 8943
3342 8942
3343 8941
3344 8940
3345 7693
3346 7692
3347 7691
3348 7690
3349 7689
3350 7688
3351 7687
3352 7686
3353 7685
3354 7684
3355 7683
3356 7682
3357 12943
3358 12942
3359 12941
3360 12940
3361 12939
3362 12938
3363 12937
3364 12936
3365 12935
3366 12934
3367 12933
3368 12581
3369 12580
3370 12579
3371 12578
3372 12577
3373 12576
3374 12575
3375 12574
3376 12573
3377 12572
3378 12571
3379 12570
3380 12569
3381 12568
3382 12567
3383 12566
3384 12565
3385 12564
3386 12563
3387 7418
3388 7417
3389 7416
3390 7415
3391 7414
3392 7413
3393 7412
3394 7411
3395 7410
3396 7409
3397 7398
3398 7397
3399 7396
3400 7395
3401 7394
3402 7393
3403 7392
3404 7391
3405 7390
3406 7389
3407 7377
3408 7376
3409 7375
3410 7374
3411 7373
3412 7372
3413 7371
3414 7370
3415 7369
3416 7368
3417 7367
3418 12020
3419 12019
3420 12018
3421 12017
3422 12016
3423 12015
3424 12014
3425 12013
3426 12012
3427 8163
3428 8162
3429 8161
3430 8160
3431 8159
3432 8158
3433 8157
3434 8156
3435 8155
3436 8154
3437 8153
3438 8152
3439 8151
3440 8150
3441 8149
3442 8148
3443 8147
3444 11755
3445 11754
3446 11753
3447 11752
3448 11751
3449 11750
3450 11749
3451 11748
3452 11747
3453 11746
3454 11745
3455 11744
3456 11743
3457 11742
3458 11741
3459 11740
3460 11739
3461 11738
3462 11474
3463 11473
3464 11472
3465 11471
3466 11470
3467 11469
3468 11468
3469 11467
3470 10100
3471 10099
3472 10098
3473 10097
3474 10096
3475 10095
3476 10094
3477 10093
3478 10092
3479 10091
3480 10090
3481 10089
3482 10088
3483 10087
3484 10086
3485 11104
3486 11103
3487 11102
3488 11101
3489 11100
3490 11099
3491 11098
3492 11097
3493 11096
3494 11095
3495 11094
3496 11093
3497 11092
3498 11091
3499 11090
3500 11089
3501 11088
3502 11087
3503 11086
3504 11085
3505 11084
3506 11083
3507 11082
3508 11081
3509 11080
3510 11079
3511 11078
3512 10992
3513 10991
3514 10990
3515 10989
3516 10988
3517 10987
3518 10986
3519 10985
3520 10984
3521 10983
3522 10982
3523 10981
3524 10980
3525 10979
3526 10978
3527 10977
3528 10976
3529 10975
3530 10974
3531 10973
3532 10972
3533 10564
3534 10563
3535 10562
3536 10561
3537 10560
3538 10559
3539 10558
3540 10557
3541 10556
3542 10555
3543 10554
3544 10553
3545 10552
3546 7581
3547 7580
3548 7579
3549 7578
3550 7577
3551 7576
3552 7575
3553 7574
3554 7057
3555 7056
3556 7055
3557 7054
3558 7053
3559 7052
3560 7051
3561 7050
3562 7049
3563 7048
3564 7047
3565 7046
3566 7045
3567 7044
3568 7043
3569 7042
3570 8243
3571 8242
3572 8241
3573 8240
3574 8239
3575 8238
3576 8237
3577 8236
3578 8235
3579 8234
3580 8233
3581 8232
3582 8231
3583 8230
3584 8229
3585 8228
3586 8227
3587 8226
3590 8113
3591 8112
3592 8111
3593 8110
3594 8109
3595 8108
3596 8107
3597 8106
3598 8105
3599 8104
3600 8103
3601 8102
3602 8101
3603 7105
3604 7104
3605 7103
3606 7102
3607 7101
3608 7100
3609 7099
3610 7098
3611 7097
3612 7096
3613 7095
3614 7094
3615 7093
3616 7092
3617 7091
3618 7090
3619 7599
3620 7598
3621 7597
3622 7596
3623 7595
3624 7594
3625 7593
3626 7592
3627 7591
3628 7590
3629 7589
3630 7588
3631 7587
3632 7586
3633 7585
3634 7584
3635 7583
3636 7582
3637 10551
3638 10550
3639 10549
3640 10548
3641 10547
3642 10546
3643 10545
3644 10544
3645 10426
3646 10425
3647 10424
3648 10423
3649 10422
3650 10421
3651 10420
3652 10419
3653 10418
3654 10417
3655 10416
3656 10415
3657 10414
3658 10413
3659 10412
3660 10411
3661 10410
3662 10409
3663 10408
3664 10407
3665 10406
3666 10405
3667 10404
3668 10913
3669 10912
3670 10911
3671 10910
3672 10909
3673 10908
3674 10907
3675 10906
3676 10905
3677 10904
3678 10903
3679 10902
3680 10901
3681 10900
3682 10899
3683 10898
3684 10897
3685 10896
3686 10895
3687 10157
3688 10156
3689 10155
3690 10154
3691 10153
3692 10152
3693 10151
3694 10150
3695 10149
3696 10148
3697 10147
3698 10146
3699 10145
3700 10144
3701 10143
3702 10142
3703 7532
3704 7531
3705 7530
3706 7529
3707 7528
3708 7527
3709 7526
3710 7525
3711 7524
3712 7523
3713 7522
3714 7521
3715 7520
3716 7519
3717 7518
3718 7517
3719 7516
3720 7515
3721 11409
3722 11408
3723 11407
3724 11406
3725 11405
3726 11404
3727 11403
3728 11402
3729 11482
3730 11481
3731 11480
3732 11479
3733 11478
3734 11477
3735 11476
3736 11475
3737 11737
3738 11736
3739 11735
3740 11734
3741 11733
3742 11732
3743 11731
3744 11730
3745 11729
3746 11728
3747 11727
3748 11726
3749 11725
3750 7621
3751 7620
3752 7619
3753 7618
3754 7617
3755 7616
3756 7615
3757 7614
3758 7613
3759 7612
3760 7611
3761 8181
3762 8180
3763 8179
3764 3765
3766 8176
3767 8175
3768 8174
3769 8173
3770 8172
3771 8171
3772 8170
3773 8169
3774 8168
3775 8167
3776 8166
3777 8165
3778 8164
3779 12011
3780 12010
3781 12009
3782 12008
3783 12007
3784 12006
3785 12005
3786 12004
3787 12003
3788 12002
3789 12001
3790 12000
3791 11999
3792 11998
3793 11997
3794 11996
3795 11995
3796 11994
3797 11993
3798 11992
3799 11991
3800 11990
3801 11989
3802 11988
3803 12316
3804 12315
3805 12314
3806 12313
3807 12312
3808 12311
3809 12310
3810 12309
3811 3812
3813 12306
3814 12305
3815 12304
3816 12303
3817 12302
3818 7972
3819 7971
3820 7970
3821 7969
3822 7968
3823 7967
3824 7966
3825 7965
3826 7964
3827 7963
3828 7962
3829 7961
3830 7960
3831 7959
3832 7958
3833 7957
3834 7956
3835 7955
3836 12501
3837 12500
3838 12499
3839 12498
3840 12497
3841 12496
3842 12495
3843 12494
3844 12493
3845 12492
3846 12491
3847 12532
3848 12531
3849 12530
3850 12529
3851 12528
3852 12527
3853 12526
3854 12525
3855 12524
3856 12523
3857 12950
3858 12949
3859 12948
3860 12947
3861 12946
3862 12945
3863 12944
3864 7681
3865 7680
3866 7679
3867 7678
3868 7677
3869 7676
3870 7675
3871 7674
3872 7673
3873 7672
3874 7671
3875 7670
3876 7669
3877 7668
3878 7667
3879 8665
3880 8664
3881 8663
3882 8662
3883 8661
3884 8660
3885 8659
3886 8658
3887 8657
3888 8656
3889 8531
3890 8530
3891 8529
3892 8528
3893 8527
3894 8526
3895 8525
3896 8524
3897 8523
3898 8522
3899 8521
3900 8520
3901 8519
3902 8518
3903 8517
3904 8516
3905 8515
3906 8514
3907 8513
3908 8512
3909 8511
3910 8510
3911 8509
3912 8508
3913 8507
3914 8506
3915 8505
3916 8504
3917 8503
3918 8502
3919 8501
3920 8500
3921 8499
3922 8498
3923 8497
3924 8496
3925 8495
3926 8494
3927 8493
3928 8492
3929 9499
3930 9498
3931 9497
3932 9496
3933 9495
3934 9494
3935 9493
3936 9492
3937 8391
3938 8390
3939 8389
3940 8388
3941 8387
3942 8386
3943 8385
3944 8384
3945 8383
3946 8382
3947 8381
3948 8380
3949 8379
3950 8378
3951 8377
3952 7712
3953 7711
3954 7710
3955 7709
3956 7708
3957 7707
3958 7706
3961 8306
3962 8305
3963 8304
3964 8303
3965 8302
3966 8301
3967 8300
3968 8299
3969 8298
3970 8297
3971 8342
3972 8341
3973 8340
3974 8339
3975 8338
3976 8337
3977 8336
3978 8335
3979 8334
3980 8333
3981 8332
3982 8331
3983 9507
3984 9506
3985 9505
3986 9504
3987 9503
3988 9502
3989 9501
3990 9500
3991 8491
3992 8490
3993 8489
3994 8488
3995 8487
3996 8486
3997 8485
3998 8484
3999 8835
4000 8834
4001 8833
4002 8832
4003 8831
4004 8830
4005 8829
4006 8828
4007 8827
4008 8826
4009 8825
4010 8824
4011 8823
4012 8822
4013 8821
4014 8820
4015 8819
4016 8818
4017 8817
4018 8816
4019 8773
4020 8772
4021 8771
4022 8770
4023 8769
4024 8768
4025 8767
4026 8766
4027 8765
4028 8764
4029 8763
4030 8762
4031 8761
4032 8760
4033 8759
4034 8758
4035 8757
4036 8756
4037 8755
4038 8754
4039 8753
4040 8752
4041 8751
4042 8750
4043 8749
4044 8748
4045 8747
4046 8746
4047 8745
4048 8744
4049 8743
4050 8742
4051 8741
4052 12961
4053 12960
4054 12959
4055 12958
4056 12957
4057 12956
4058 12955
4059 12954
4060 12953
4061 12952
4062 12951
4063 12522
4064 12521
4065 12520
4066 12519
4067 12518
4068 12517
4069 12516
4070 12515
4071 12514
4072 12513
4073 12512
4074 12511
4075 12510
4076 12509
4077 12508
4078 12507
4079 12506
4080 12505
4081 12504
4082 12503
4083 12502
4084 8061
4085 8060
4086 8059
4087 8058
4088 8057
4089 8056
4090 8055
4091 8054
4092 8053
4093 8052
4094 8051
4095 8050
4096 12336
4097 12335
4098 12334
4099 12333
4100 12332
4101 12331
4102 12330
4103 12329
4104 12328
4105 12327
4106 12326
4107 12325
4108 12324
4109 12323
4110 12322
4111 12321
4112 12320
4113 12319
4114 12318
4115 12317
4116 11987
4117 11986
4118 11985
4119 11984
4120 11983
4121 11982
4122 11981
4123 11980
4124 11979
4125 11978
4126 11977
4127 11976
4128 11975
4129 11974
4130 11973
4131 11972
4132 11971
4133 11970
4134 8215
4135 8214
4136 8213
4137 8212
4138 8211
4139 8210
4140 8209
4141 8208
4142 8207
4143 8206
4144 8205
4145 8193
4146 8192
4147 8191
4148 8190
4149 8189
4150 8188
4151 8187
4152 8186
4153 8185
4154 8184
4155 8183
4156 8182
4157 7610
4158 7609
4159 7608
4160 7607
4161 7606
4162 7605
4163 7604
4164 7603
4165 7602
4166 7601
4167 7600
4168 11724
4169 11723
4170 11722
4171 11721
4172 11720
4173 11719
4174 11718
4175 11717
4176 11716
4177 11715
4178 11714
4179 11713
4180 11712
4181 11490
4182 11489
4183 11488
4184 11487
4185 11486
4186 11485
4187 11484
4188 11483
4189 11401
4190 11400
4191 11399
4192 11398
4193 11397
4194 11396
4195 11395
4196 11394
4197 11393
4198 11392
4199 11391
4200 11390
4201 11389
4202 11129
4203 11128
4204 11127
4205 11126
4206 11125
4207 11124
4208 11123
4209 11122
4210 11121
4211 11120
4212 11119
4213 11118
4214 11117
4215 11116
4216 11115
4217 11114
4218 10170
4219 10169
4220 10168
4221 10167
4222 10166
4223 10165
4224 10164
4225 10163
4226 10162
4227 10161
4228 10160
4229 10159
4230 10158
4231 10894
4232 10893
4233 10892
4234 10891
4235 10890
4236 10889
4237 10888
4238 10887
4239 10886
4240 10885
4241 10884
4242 10883
4243 10882
4244 10881
4245 10880
4246 10879
4247 10878
4248 10877
4249 10450
4250 10449
4251 10448
4252 10447
4253 10446
4254 10445
4255 10444
4256 10443
4257 10442
4258 10441
4259 10440
4260 10439
4261 10438
4262 10437
4263 10436
4264 10435
4265 10434
4266 10433
4267 10432
4268 10431
4269 10430
4270 10429
4271 10428
4272 10427
4273 10543
4274 10542
4275 10541
4276 10540
4277 10539
4278 10538
4279 10537
4280 10536
4281 10535
4282 10534
4283 10533
4284 10532
4285 10531
4286 7001
4287 7000
4288 6999
4289 6998
4290 6997
4291 6996
4292 6995
4293 6994
4294 6993
4295 6992
4296 6991
4297 6990
4298 6989
4299 7033
4300 7032
4301 7031
4302 7030
4303 7029
4304 7028
4305 7027
4306 7026
4307 7113
4308 7112
4309 7111
4310 7110
4311 7109
4312 7108
4313 7107
4314 7106
4315 8146
4316 8145
4317 8144
4318 8143
4319 8142
4320 8141
4321 8140
4322 8139
4323 8138
4324 8137
4325 8136
4326 8135
4327 8134
4330 8261
4331 8260
4332 8259
4333 8258
4334 8257
4335 8256
4336 8255
4337 8254
4338 8253
4339 8252
4340 8251
4341 8250
4342 8249
4343 8248
4344 8247
4345 8246
4346 8245
4347 8244
4348 7041
4349 7040
4350 7039
4351 7038
4352 7037
4353 7036
4354 7035
4355 7034
4356 6988
4357 6987
4358 6986
4359 6985
4360 6984
4361 6983
4362 6982
4363 6981
4364 10484
4365 10483
4366 10482
4367 10481
4368 10480
4369 10479
4370 10478
4371 10477
4372 10476
4373 10475
4374 10474
4375 10473
4376 10472
4377 10471
4378 10470
4379 10469
4380 10468
4381 10467
4382 10466
4383 10465
4384 10464
4385 10463
4386 10462
4387 10461
4388 10460
4389 10459
4390 10458
4391 10457
4392 10456
4393 10455
4394 10454
4395 10453
4396 10452
4397 10451
4398 10876
4399 10875
4400 10874
4401 10873
4402 10872
4403 10871
4404 10870
4405 10869
4406 10187
4407 10186
4408 10185
4409 10184
4410 10183
4411 10182
4412 10181
4413 10180
4414 10179
4415 10178
4416 10177
4417 10176
4418 10175
4419 10174
4420 10173
4421 10172
4422 10171
4423 11113
4424 11112
4425 11111
4426 11110
4427 11109
4428 11108
4429 11107
4430 11106
4431 11105
4432 10085
4433 10084
4434 10083
4435 10082
4436 10081
4437 10080
4438 10079
4439 10078
4440 10077
4441 10076
4442 10075
4443 10074
4444 10073
4445 10072
4446 10071
4447 10070
4448 10069
4449 10068
4450 10067
4451 10066
4452 10065
4453 10064
4454 10063
4455 10062
4456 10061
4457 10060
4458 10059
4459 11768
4460 11767
4461 11766
4462 11765
4463 11764
4464 11763
4465 11762
4466 11761
4467 11760
4468 11759
4469 11758
4470 11757
4471 11756
4472 8204
4473 8203
4474 8202
4475 8201
4476 8200
4477 8199
4478 8198
4479 8197
4480 8196
4481 8195
4482 8194
4483 8225
4484 8224
4485 8223
4486 8222
4487 8221
4488 8220
4489 8219
4490 8218
4491 8217
4492 8216
4493 11969
4494 11968
4495 11967
4496 11966
4497 11965
4498 11964
4499 11963
4500 11962
4501 11961
4502 8285
4503 8284
4504 8283
4505 8282
4506 8281
4507 8280
4508 8279
4509 8278
4510 8277
4511 8276
4512 12615
4513 12614
4514 12613
4515 12612
4516 12611
4517 12610
4518 12609
4519 12608
4520 12607
4521 12606
4522 12605
4523 12604
4524 12603
4525 12602
4526 12601
4527 12600
4528 12599
4529 12598
4530 12597
4531 12596
4532 12595
4533 12594
4534 12593
4535 12592
4536 12591
4537 12590
4538 12589
4539 12588
4540 12587
4541 12586
4542 12585
4543 12584
4544 12583
4545 12582
4546 12932
4547 12931
4548 12930
4549 12929
4550 12928
4551 12927
4552 12926
4553 12925
4554 8967
4555 8966
4556 8965
4557 8964
4558 8963
4559 8962
4560 8961
4561 8960
4562 8959
4563 8958
4564 8957
4565 8956
4566 8955
4567 8954
4568 8953
4569 8952
4570 8951
4571 8950
4572 8949
4573 8948
4574 8947
4575 8785
4576 8784
4577 8783
4578 8782
4579 8781
4580 8780
4581 8779
4582 8778
4583 8777
4584 8776
4585 8775
4586 8774
4587 8815
4588 8814
4589 8813
4590 8812
4591 8811
4592 8810
4593 8809
4594 8808
4595 8807
4596 9428
4597 9427
4598 9426
4599 9425
4600 9424
4601 9423
4602 9422
4603 9421
4604 9521
4605 9520
4606 9519
4607 9518
4608 9517
4609 9516
4610 9515
4611 9514
4612 9513
4613 9512
4614 9511
4615 9510
4616 9509
4617 9508
4618 8330
4619 8329
4620 8328
4621 8327
4622 8326
4623 8325
4624 8324
4625 8323
4626 8322
4627 8321
4628 8320
4629 8319
4630 8318
4631 8317
4632 8316
4633 8315
4634 8314
4635 8313
4636 8312
4637 8311
4640 9169
4641 9168
4642 9167
4643 9166
4644 9165
4645 9164
4646 9163
4647 9162
4648 9161
4649 9547
4650 9546
4651 9545
4652 9544
4653 9543
4654 9542
4655 9541
4656 9540
4657 9539
4658 9538
4659 9537
4660 9536
4661 9535
4662 9534
4663 9533
4664 9532
4665 9531
4666 9530
4667 9529
4668 9528
4669 9527
4670 9526
4671 9525
4672 9524
4673 9523
4674 9522
4675 9420
4676 9419
4677 9418
4678 9417
4679 9416
4680 9415
4681 9414
4682 9413
4683 9006
4684 9005
4685 9004
4686 9003
4687 9002
4688 9001
4689 9000
4690 8999
4691 8998
4692 8997
4693 8996
4694 8995
4695 8994
4696 8993
4697 8992
4698 8991
4699 8990
4700 8989
4701 8988
4702 8987
4703 8986
4704 8985
4705 8984
4706 8983
4707 8982
4708 8981
4709 8980
4710 8979
4711 8978
4712 8977
4713 8976
4714 8975
4715 8974
4716 8973
4717 8972
4718 8971
4719 8970
4720 8969
4721 8968
4722 12924
4723 12923
4724 12922
4725 12921
4726 12920
4727 12919
4728 12918
4729 12917
4730 12916
4731 12915
4732 12914
4733 12913
4734 12912
4735 12911
4736 12401
4737 12400
4738 12399
4739 12398
4740 12397
4741 12396
4742 12395
4743 12394
4744 12393
4745 12392
4746 12391
4747 12390
4748 12389
4749 12388
4750 12387
4751 12386
4752 12385
4753 12625
4754 12624
4755 12623
4756 12622
4757 12621
4758 12620
4759 12619
4760 12618
4761 12617
4762 12616
4763 8275
4764 8274
4765 8273
4766 8272
4767 8271
4768 8270
4769 8269
4770 8268
4771 8267
4772 8266
4773 11960
4774 11959
4775 11958
4776 11957
4777 11956
4778 11955
4779 11954
4780 11953
4781 11952
4782 11951
4783 11950
4784 11949
4785 11948
4786 11947
4787 11946
4788 11945
4789 11944
4790 11943
4791 11942
4792 11941
4793 11940
4794 11939
4795 11788
4796 11787
4797 11786
4798 11785
4799 11784
4800 11783
4801 11782
4802 11781
4803 11780
4804 11779
4805 11778
4806 11777
4807 11776
4808 11775
4809 11774
4810 11773
4811 11772
4812 11771
4813 11770
4814 11769
4815 10058
4816 10057
4817 10056
4818 10055
4819 10054
4820 10053
4821 10052
4822 10051
4823 10050
4824 10049
4825 10048
4826 10047
4827 10046
4828 10045
4829 10044
4830 11547
4831 11546
4832 11545
4833 11544
4834 11543
4835 11542
4836 11541
4837 11540
4838 11581
4839 11580
4840 11579
4841 11578
4842 11577
4843 11576
4844 11575
4845 11574
4846 11573
4847 11572
4848 11571
4849 11570
4850 11569
4851 11274
4852 11273
4853 11272
4854 11271
4855 11270
4856 11269
4857 11268
4858 11267
4859 10195
4860 10194
4861 10193
4862 10192
4863 10191
4864 10190
4865 10189
4866 10188
4867 10868
4868 10867
4869 10866
4870 10865
4871 10864
4872 10863
4873 10862
4874 10861
4875 10860
4876 10859
4877 10858
4878 10857
4879 10856
4880 10855
4881 10854
4882 10853
4883 10852
4884 10851
4885 10850
4886 10849
4887 10848
4888 10847
4889 10846
4890 10845
4891 10844
4892 10843
4893 9995
4894 9994
4895 9993
4896 9992
4897 9991
4898 9990
4899 9989
4900 9988
4901 10492
4902 10491
4903 10490
4904 10489
4905 10488
4906 10487
4907 10486
4908 10485
4909 6980
4910 6979
4911 6978
4912 6977
4913 6976
4914 6975
4915 6974
4916 6973
4917 6972
4918 6971
4919 6970
4920 6969
4921 6968
4922 7243
4923 7242
4924 7241
4925 7240
4926 7239
4927 7238
4928 7237
4929 7236
4930 7235
4931 7234
4932 7233
4933 7232
4934 7231
4935 9645
4936 9644
4937 9643
4938 9642
4939 9641
4940 9640
4941 9639
4942 9638
4945 7266
4946 7265
4947 7264
4948 7263
4949 7262
4950 7261
4951 7260
4952 7259
4953 7258
4954 7257
4955 7256
4956 7255
4957 7254
4958 7253
4959 7252
4960 7251
4961 7250
4962 7249
4963 7248
4964 7247
4965 7246
4966 7245
4967 7244
4968 6967
4969 6966
4970 6965
4971 6964
4972 6963
4973 6962
4974 6961
4975 6960
4976 6959
4977 6958
4978 6957
4979 10505
4980 10504
4981 10503
4982 10502
4983 10501
4984 10500
4985 10499
4986 10498
4987 10497
4988 10496
4989 10495
4990 10494
4991 10493
4992 9987
4993 9986
4994 9985
4995 9984
4996 9983
4997 9982
4998 9981
4999 9980
5000 10822
5001 10821
5002 10820
5003 10819
5004 10818
5005 10817
5006 10816
5007 10815
5008 10814
5009 10813
5010 10812
5011 10811
5012 10810
5013 10809
5014 10808
5015 10807
5016 10806
5017 10805
5018 10804
5019 10803
5020 10802
5021 10801
5022 10800
5023 10216
5024 10215
5025 10214
5026 10213
5027 10212
5028 10211
5029 10210
5030 10209
5031 10208
5032 10207
5033 10206
5034 10205
5035 10204
5036 10203
5037 10202
5038 10201
5039 10200
5040 10199
5041 10198
5042 10197
5043 10196
5044 11266
5045 11265
5046 11264
5047 11263
5048 11262
5049 11261
5050 11260
5051 11259
5052 11258
5053 11257
5054 11256
5055 11255
5056 11254
5057 11253
5058 11252
5059 11251
5060 11250
5061 11249
5062 11248
5063 11589
5064 11588
5065 11587
5066 11586
5067 11585
5068 11584
5069 11583
5070 11582
5071 11539
5072 11538
5073 11537
5074 11536
5075 11535
5076 11534
5077 11533
5078 11532
5079 11531
5080 11530
5081 11529
5082 11528
5083 11527
5084 11526
5085 11525
5086 11524
5087 11523
5088 11522
5089 11521
5090 11520
5091 11519
5092 11518
5093 11517
5094 11516
5095 11691
5096 11690
5097 11689
5098 11688
5099 11687
5100 11686
5101 11685
5102 11684
5103 11683
5104 11682
5105 11807
5106 11806
5107 11805
5108 11804
5109 11803
5110 11802
5111 11801
5112 11800
5113 11799
5114 11798
5115 11797
5116 11796
5117 11795
5118 11794
5119 11793
5120 11792
5121 11791
5122 11790
5123 11789
5124 11938
5125 11937
5126 11936
5127 11935
5128 11934
5129 11933
5130 11932
5131 11931
5132 11930
5133 11929
5134 11928
5135 11927
5136 11926
5137 11925
5138 11924
5139 11923
5140 11922
5141 11921
5142 11920
5143 11919
5144 11918
5145 11917
5146 11916
5147 11915
5148 9823
5149 9822
5150 9821
5151 9820
5152 9819
5153 9818
5154 9817
5155 9816
5156 9815
5157 9814
5158 9813
5159 9812
5160 12217
5161 12216
5162 12215
5163 12214
5164 12213
5165 12212
5166 12211
5167 12210
5168 12209
5169 12632
5170 12631
5171 12630
5172 12629
5173 12628
5174 12627
5175 12626
5176 12384
5177 12383
5178 12382
5179 12381
5180 12380
5181 12379
5182 12378
5183 12377
5184 12376
5185 12375
5186 12374
5187 12373
5188 12372
5189 12371
5190 12370
5191 12369
5192 12437
5193 12436
5194 12435
5195 12434
5196 12433
5197 12432
5198 12431
5199 12430
5200 12791
5201 12790
5202 12789
5203 12788
5204 12787
5205 12786
5206 12785
5207 12784
5208 12783
5209 12782
5210 12781
5211 12780
5212 12779
5213 12778
5214 12777
5215 12776
5216 12775
5217 12774
5218 12773
5219 12772
5220 12771
5221 12770
5222 13007
5223 13006
5224 13005
5225 13004
5226 13003
5227 13002
5228 13001
5229 13000
5230 12999
5231 12998
5232 12997
5233 12996
5234 12995
5235 12994
5236 8612
5237 8611
5238 8610
5239 8609
5240 8608
5241 8607
5242 8606
5243 8605
5244 8604
5245 8603
5246 8602
5247 8601
5248 8600
5249 8599
5250 8598
5251 8597
5252 8596
5253 8595
5254 8594
5255 13137
5256 13136
5257 13135
5258 13134
5259 13133
5260 13132
5261 13131
5262 13130
5263 13129
5264 9392
5265 9391
5266 9390
5267 9389
5268 9388
5269 9387
5270 9386
5271 9385
5272 9384
5273 9383
5274 9382
5275 9574
5276 9573
5277 9572
5278 9571
5279 9570
5280 9569
5281 9568
5282 9567
5283 9566
5284 9565
5285 9564
5286 9563
5287 9562
5288 9561
5289 9560
5290 9559
5291 9558
5292 9557
5293 9556
5294 9555
5295 9554
5296 9553
5297 9552
5298 9551
5299 9550
5300 9549
5301 9548
5302 9160
5303 9159
5304 9158
5305 9157
5306 9156
5307 9155
5308 9154
5309 9153
5310 9152
5311 9151
5314 9324
5315 9323
5316 9322
5317 9321
5318 9320
5319 9319
5320 9318
5321 9317
5322 9316
5323 9315
5324 9314
5325 9313
5326 9312
5327 9616
5328 9615
5329 9614
5330 9613
5331 9612
5332 9611
5333 9610
5334 9609
5335 9608
5336 9607
5337 9606
5338 9605
5339 9604
5340 9603
5341 9602
5342 9601
5343 9347
5344 9346
5345 9345
5346 9344
5347 9343
5348 9342
5349 9341
5350 9340
5351 9403
5352 9402
5353 9401
5354 9400
5355 9399
5356 9398
5357 9397
5358 9396
5359 9395
5360 9394
5361 9393
5362 13128
5363 13127
5364 13126
5365 13125
5366 13124
5367 13123
5368 13122
5369 13121
5370 13120
5371 13119
5372 13118
5373 13117
5374 13116
5375 13115
5376 13114
5377 13113
5378 13112
5379 13111
5380 13110
5381 13109
5382 13108
5383 13107
5384 13106
5385 13105
5386 13104
5387 13103
5388 13102
5389 13101
5390 13100
5391 13020
5392 13019
5393 13018
5394 13017
5395 13016
5396 13015
5397 13014
5398 13013
5399 13012
5400 13011
5401 13010
5402 13009
5403 13008
5404 12769
5405 12768
5406 12767
5407 12766
5408 12765
5409 12764
5410 12763
5411 12762
5412 12761
5413 12760
5414 12759
5415 12758
5416 12801
5417 12800
5418 12799
5419 12798
5420 12797
5421 12796
5422 12795
5423 12794
5424 12793
5425 12792
5426 12429
5427 12428
5428 12427
5429 12426
5430 12425
5431 12424
5432 12423
5433 12422
5434 12421
5435 12420
5436 12419
5437 12418
5438 12417
5439 12416
5440 12415
5441 12414
5442 12413
5443 12646
5444 12645
5445 12644
5446 12643
5447 12642
5448 12641
5449 12640
5450 12639
5451 12638
5452 12637
5453 12636
5454 12635
5455 12634
5456 12633
5457 12208
5458 12207
5459 12206
5460 12205
5461 12204
5462 12203
5463 12202
5464 12201
5465 12200
5466 12199
5467 12198
5468 12197
5469 9831
5470 9830
5471 9829
5472 9828
5473 9827
5474 9826
5475 9825
5476 9824
5477 11914
5478 11913
5479 11912
5480 11911
5481 11910
5482 11909
5483 11908
5484 11907
5485 11906
5486 11905
5487 11904
5488 11903
5489 11902
5490 11901
5491 11900
5492 11899
5493 11898
5494 11897
5495 11831
5496 11830
5497 11829
5498 11828
5499 11827
5500 11826
5501 11825
5502 11824
5503 11823
5504 11822
5505 11821
5506 11820
5507 11819
5508 11818
5509 11817
5510 11816
5511 11815
5512 11814
5513 11813
5514 11812
5515 11811
5516 11810
5517 11809
5518 11808
5519 11681
5520 11680
5521 11679
5522 11678
5523 11677
5524 11676
5525 11675
5526 11674
5527 11673
5528 11672
5529 11671
5530 11670
5531 11669
5532 9735
5533 9734
5534 9733
5535 9732
5536 9731
5537 9730
5538 9729
5539 9728
5540 9727
5541 9726
5542 9725
5543 9724
5544 11606
5545 11605
5546 11604
5547 11603
5548 11602
5549 11601
5550 11600
5551 11599
5552 11598
5553 11597
5554 11596
5555 11595
5556 11594
5557 11593
5558 11592
5559 11591
5560 11590
5561 11247
5562 11246
5563 11245
5564 11244
5565 11243
5566 11242
5567 11241
5568 11240
5569 11239
5570 11238
5571 11237
5572 11236
5573 11235
5574 11234
5575 11233
5576 11232
5577 11231
5578 11230
5579 11229
5580 11228
5581 11227
5582 11226
5583 11225
5584 11224
5585 11223
5586 11222
5587 10265
5588 10264
5589 10263
5590 10262
5591 10261
5592 10260
5593 10259
5594 10258
5595 10257
5596 10256
5597 10255
5598 10254
5599 10253
5600 10252
5601 10251
5602 10250
5603 10249
5604 10248
5605 10724
5606 10723
5607 10722
5608 10721
5609 10720
5610 10719
5611 10718
5612 10834
5613 10833
5614 10832
5615 10831
5616 10830
5617 10829
5618 10828
5619 10827
5620 10826
5621 10825
5622 10824
5623 10823
5624 9979
5625 9978
5626 9977
5627 9976
5628 9975
5629 9974
5630 9973
5631 9972
5632 9971
5633 9970
5634 9969
5635 9968
5636 9967
5637 9966
5638 9965
5639 9964
5640 9934
5641 9933
5642 9932
5643 9931
5644 9930
5645 9929
5646 9928
5647 9927
5648 9926
5649 9925
5650 9924
5651 9923
5652 9922
5653 9921
5654 9920
5655 9919
5656 9918
5657 9917
5658 9916
5659 9915
5660 9914
5661 9913
5662 9912
5663 7223
5664 7222
5665 7221
5666 7220
5667 7219
5668 7218
5669 7217
5670 7216
5671 7180
5672 7179
5673 7178
5674 7177
5675 7176
5676 7175
5677 7174
5678 7173
5681 9653
5682 9652
5683 9651
5684 9650
5685 9649
5686 9648
5687 9647
5688 9646
5689 7230
5690 7229
5691 7228
5692 7227
5693 7226
5694 7225
5695 7224
5696 9911
5697 9910
5698 9909
5699 9908
5700 9907
5701 9906
5702 9905
5703 9904
5704 9903
5705 9902
5706 9901
5707 9900
5708 9899
5709 9898
5710 9897
5711 9896
5712 9895
5713 9894
5714 9893
5715 10011
5716 10010
5717 10009
5718 10008
5719 10007
5720 10006
5721 10005
5722 10004
5723 10003
5724 10002
5725 10001
5726 10000
5727 9999
5728 9998
5729 9997
5730 9996
5731 10842
5732 10841
5733 10840
5734 10839
5735 10838
5736 10837
5737 10836
5738 10835
5739 10717
5740 10716
5741 10715
5742 10714
5743 10713
5744 10712
5745 10711
5746 10710
5747 9677
5748 9676
5749 9675
5750 9674
5751 9673
5752 9672
5753 9671
5754 9670
5755 9669
5756 9668
5757 11290
5758 11289
5759 11288
5760 11287
5761 11286
5762 11285
5763 11284
5764 11283
5765 11282
5766 11281
5767 11280
5768 11279
5769 11278
5770 11277
5771 11276
5772 11275
5773 11568
5774 11567
5775 11566
5776 11565
5777 11564
5778 11563
5779 11562
5780 11561
5781 11560
5782 11559
5783 11558
5784 11557
5785 11556
5786 11555
5787 11554
5788 11553
5789 11552
5790 11551
5791 11550
5792 11549
5793 11548
5794 10043
5795 10042
5796 10041
5797 10040
5798 10039
5799 10038
5800 10037
5801 10036
5802 10035
5803 10034
5804 10033
5805 10032
5806 10031
5807 10030
5808 10029
5809 10028
5810 9699
5811 9698
5812 9697
5813 9696
5814 9695
5815 9694
5816 9693
5817 9692
5818 9691
5819 9690
5820 9689
5821 11843
5822 11842
5823 11841
5824 11840
5825 11839
5826 11838
5827 11837
5828 11836
5829 11835
5830 11834
5831 11833
5832 11832
5833 11896
5834 11895
5835 11894
5836 11893
5837 11892
5838 11891
5839 11890
5840 11889
5841 9723
5842 9722
5843 9721
5844 9720
5845 9719
5846 9718
5847 9717
5848 9716
5849 9715
5850 9714
5851 9713
5852 9712
5853 12669
5854 12668
5855 12667
5856 12666
5857 12665
5858 12664
5859 12663
5860 12662
5861 12661
5862 12660
5863 12659
5864 12658
5865 12657
5866 12656
5867 12655
5868 12654
5869 12653
5870 12652
5871 12651
5872 12650
5873 12649
5874 12648
5875 12647
5876 12412
5877 12411
5878 12410
5879 12409
5880 12408
5881 12407
5882 12406
5883 12405
5884 12404
5885 12403
5886 12402
5887 12910
5888 12909
5889 12908
5890 12907
5891 12906
5892 12905
5893 12904
5894 12903
5895 13042
5896 13041
5897 13040
5898 13039
5899 13038
5900 13037
5901 13036
5902 13035
5903 13034
5904 13033
5905 13032
5906 13031
5907 13030
5908 13029
5909 13028
5910 13027
5911 13026
5912 13025
5913 13024
5914 13023
5915 13022
5916 13021
5917 13099
5918 13098
5919 13097
5920 13096
5921 13095
5922 13094
5923 13093
5924 13092
5925 13091
5926 9020
5927 9019
5928 9018
5929 9017
5930 9016
5931 9015
5932 9014
5933 9013
5934 9012
5935 9011
5936 9010
5937 9009
5938 9008
5939 9007
5940 9412
5941 9411
5942 9410
5943 9409
5944 9408
5945 9407
5946 9406
5947 9405
5948 9404
5949 9637
5950 9636
5951 9635
5952 9634
5953 9633
5954 9632
5955 9631
5956 9630
5957 9629
5958 9628
5959 9627
5960 9626
5961 9625
5962 9624
5963 9623
5964 9622
5965 9621
5966 9620
5967 9619
5968 9618
5969 9617
5970 9311
5971 9310
5972 9309
5973 9308
5974 9307
5975 9306
5976 9305
5977 9304
5978 9303
5979 9302
5980 9301
5983 13299
5984 13298
5985 13297
5986 13296
5987 13295
5988 13294
5989 13293
5990 13292
5991 13291
5992 13290
5993 13289
5994 13288
5995 13264
5996 13263
5997 13262
5998 13261
5999 13260
6000 13259
6001 13258
6002 13257
6003 13256
6004 9054
6005 9053
6006 9052
6007 9051
6008 9050
6009 9049
6010 9048
6011 9047
6012 9046
6013 9045
6014 9044
6015 9043
6016 9042
6017 9041
6018 9040
6019 9039
6020 9038
6021 9037
6022 9036
6023 9035
6024 9034
6025 9033
6026 9032
6027 9031
6028 9030
6029 9029
6030 9028
6031 9027
6032 9026
6033 9025
6034 9024
6035 9023
6036 9022
6037 9021
6038 13255
6039 13254
6040 13253
6041 13252
6042 13251
6043 13250
6044 13249
6045 13248
6046 13247
6047 13063
6048 13062
6049 13061
6050 13060
6051 13059
6052 13058
6053 13057
6054 13056
6055 13055
6056 13054
6057 13053
6058 13052
6059 13051
6060 13050
6061 13049
6062 13048
6063 13047
6064 13046
6065 13045
6066 13044
6067 13043
6068 12902
6069 12901
6070 12900
6071 12899
6072 12898
6073 12897
6074 12896
6075 12895
6076 12894
6077 12893
6078 12892
6079 12891
6080 12716
6081 12715
6082 12714
6083 12713
6084 12712
6085 12711
6086 12710
6087 12709
6088 12708
6089 12689
6090 12688
6091 12687
6092 12686
6093 12685
6094 12684
6095 12683
6096 12682
6097 12681
6098 12680
6099 12679
6100 12678
6101 12677
6102 12676
6103 12675
6104 12674
6105 12673
6106 12672
6107 12671
6108 12670
6109 9711
6110 9710
6111 9709
6112 9708
6113 9707
6114 9706
6115 9705
6116 9704
6117 9703
6118 9702
6119 9701
6120 9700
6121 12155
6122 12154
6123 12153
6124 12152
6125 12151
6126 12150
6127 12149
6128 12148
6129 12147
6130 12146
6131 12145
6132 12144
6133 11851
6134 11850
6135 11849
6136 11848
6137 11847
6138 11846
6139 11845
6140 11844
6141 9688
6142 9687
6143 9686
6144 9685
6145 9684
6146 9683
6147 9682
6148 9681
6149 9680
6150 9679
6151 9678
6152 11637
6153 11636
6154 11635
6155 11634
6156 11633
6157 11632
6158 11631
6159 11630
6160 11629
6161 11628
6162 11627
6163 11626
6164 11625
6165 11624
6166 11623
6167 11622
6168 11621
6169 11620
6170 11619
6171 11618
6172 11617
6173 11616
6174 11615
6175 11319
6176 11318
6177 11317
6178 11316
6179 11315
6180 11314
6181 11313
6182 11312
6183 11311
6184 11310
6185 11309
6186 11308
6187 11307
6188 11306
6189 11305
6190 11304
6191 11303
6192 11302
6193 11301
6194 11300
6195 11299
6196 11298
6197 11297
6198 11296
6199 11295
6200 11294
6201 11293
6202 11292
6203 11291
6204 9667
6205 9666
6206 9665
6207 9664
6208 9663
6209 9662
6210 9661
6211 9660
6212 9659
6213 9658
6214 10709
6215 10708
6216 10707
6217 10706
6218 10705
6219 10704
6220 10703
6221 10702
6222 10701
6223 10700
6224 10699
6225 10698
6226 10697
6227 10696
6228 10695
6229 10694
6230 10693
6231 10692
6232 10691
6233 10690
6234 10689
6235 10688
6236 10687
6237 10686
6238 10019
6239 10018
6240 10017
6241 10016
6242 10015
6243 10014
6244 10013
6245 10012
6246 9963
6247 9962
6248 9961
6249 9960
6250 9959
6251 9958
6252 9957
6253 9956
6254 9955
6255 9954
6256 9953
6257 9952
6258 9951
6259 6894
6260 6893
6261 6892
6262 6891
6263 6890
6264 6889
6265 6888
6266 6887
6267 6886
6268 6885
6269 6884
6270 6883
6271 6882
6272 6881
6273 6880
6274 6879
6275 6878
6276 6877
6277 6876
6278 6875
6279 6874
6282 7188
6283 7187
6284 7186
6285 7185
6286 7184
6287 7183
6288 7182
6289 7181
6290 7215
6291 7214
6292 7213
6293 7212
6294 7211
6295 7210
6296 7209
6297 6902
6298 6901
6299 6900
6300 6899
6301 6898
6302 6897
6303 6896
6304 6895
6305 9950
6306 9949
6307 9948
6308 9947
6309 9946
6310 9945
6311 9944
6312 9943
6313 9942
6314 9941
6315 9940
6316 9939
6317 9938
6318 9937
6319 9936
6320 9935
6321 10027
6322 10026
6323 10025
6324 10024
6325 10023
6326 10022
6327 10021
6328 10020
6329 10685
6330 10684
6331 10683
6332 10682
6333 10681
6334 10680
6335 10679
6336 10678
6337 10677
6338 10676
6339 10675
6340 10674
6341 10673
6342 10765
6343 10764
6344 10763
6345 10762
6346 10761
6347 10760
6348 10759
6349 10758
6350 10757
6351 10756
6352 10755
6353 10754
6354 10753
6355 10752
6356 10751
6357 10750
6358 10749
6359 10748
6360 10747
6361 10278
6362 10277
6363 10276
6364 10275
6365 10274
6366 10273
6367 10272
6368 10271
6369 10270
6370 10269
6371 10268
6372 10267
6373 10266
6374 11221
6375 11220
6376 11219
6377 11218
6378 11217
6379 11216
6380 11215
6381 11214
6382 11213
6383 11212
6384 11211
6385 11210
6386 11209
6387 11208
6388 11207
6389 11206
6390 11205
6391 11204
6392 11203
6393 11202
6394 11201
6395 11200
6396 11331
6397 11330
6398 11329
6399 11328
6400 11327
6401 11326
6402 11325
6403 11324
6404 11323
6405 11322
6406 11321
6407 11320
6408 11614
6409 11613
6410 11612
6411 11611
6412 11610
6413 11609
6414 11608
6415 11607
6416 9776
6417 9775
6418 9774
6419 9773
6420 9772
6421 9771
6422 9770
6423 9769
6424 11888
6425 11887
6426 11886
6427 11885
6428 11884
6429 11883
6430 11882
6431 11881
6432 11880
6433 11879
6434 11878
6435 11877
6436 11876
6437 11875
6438 11874
6439 11873
6440 11872
6441 11871
6442 11870
6443 11869
6444 11868
6445 11867
6446 11866
6447 11865
6448 11864
6449 11863
6450 11862
6451 11861
6452 11860
6453 11859
6454 11858
6455 11857
6456 11856
6457 11855
6458 11854
6459 11853
6460 11852
6461 12143
6462 12142
6463 12141
6464 12140
6465 12139
6466 12138
6467 12137
6468 12136
6469 12135
6470 12134
6471 12133
6472 12132
6473 12131
6474 12130
6475 12129
6476 9872
6477 9871
6478 9870
6479 9869
6480 9868
6481 9867
6482 9866
6483 9865
6484 9864
6485 9863
6486 9862
6487 9861
6488 9860
6489 9859
6490 9858
6491 9857
6492 9856
6493 9855
6494 9854
6495 12707
6496 12706
6497 12705
6498 12704
6499 12703
6500 12702
6501 12701
6502 12700
6503 12699
6504 12698
6505 12697
6506 12696
6507 12695
6508 12694
6509 12693
6510 12692
6511 12691
6512 12690
6513 12728
6514 12727
6515 12726
6516 12725
6517 12724
6518 12723
6519 12722
6520 12721
6521 12720
6522 12719
6523 12718
6524 12717
6525 12890
6526 12889
6527 12888
6528 12887
6529 12886
6530 12885
6531 12884
6532 12883
6533 12882
6534 12881
6535 12880
6536 12879
6537 12878
6538 12877
6539 13090
6540 13089
6541 13088
6542 13087
6543 13086
6544 13085
6545 13084
6546 13083
6547 13082
6548 13081
6549 13080
6550 13079
6551 13078
6552 13077
6553 13076
6554 13075
6555 13074
6556 13073
6557 13072
6558 13071
6559 13070
6560 13069
6561 13068
6562 13067
6563 13066
6564 13065
6565 13064
6566 13246
6567 13245
6568 13244
6569 13243
6570 13242
6571 13241
6572 13240
6573 13239
6574 13196
6575 13195
6576 13194
6577 13193
6578 13192
6579 13191
6580 13190
6581 13189
6582 13188
6583 13187
6584 13186
6585 13185
6586 13184
6587 13183
6588 13182
6589 13181
6590 13180
6591 13179
6592 9892
6593 9891
6594 9890
6595 9889
6596 9888
6597 9887
6598 9886
6599 9885
6600 9884
6601 9883
6602 9070
6603 9069
6604 9068
6605 9067
6606 9066
6607 9065
6608 9064
6609 9063
6610 9062
6611 9061
6612 9060
6613 9059
6614 9058
6615 9057
6616 9056
6617 9055
6618 13275
6619 13274
6620 13273
6621 13272
6622 13271
6623 13270
6624 13269
6625 13268
6626 13267
6627 13266
6628 13265
6629 13287
6630 13286
6631 13285
6632 13284
6633 13283
6634 13282
6635 13281
6636 13280
6637 13279
6638 13278
6639 13277
6640 13276
