1 10454
2 10453
3 10452
4 10451
5 10450
6 10449
7 8
9 10446
10 10445
11 10444
12 9838
13 9837
14 9836
15 9835
16 9834
17 9833
18 9832
19 20
21 9829
22 9828
23 9827
24 9826
25 9825
26 9824
27 9865
28 9864
29 9863
30 31
32 9860
33 9859
34 9692
35 9691
36 9690
37 9689
38 9688
39 9687
40 9686
41 42
43 9683
44 9682
45 9671
46 9670
47 9669
48 9668
49 9667
50 9666
51 9665
52 9664
53 9663
54 9662
55 56
57 9649
58 9648
59 9647
60 9646
61 9645
62 9644
63 64
65 9641
66 9640
67 13278
68 13277
69 13276
70 71
72 13273
73 13272
74 13271
75 13270
76 77
78 13267
79 13266
80 8800
81 8799
82 8798
83 84
85 8795
86 8794
87 8793
88 8792
89 8791
90 91
92 8776
93 8775
94 8774
95 8773
96 97
98 8770
99 8769
100 8768
101 8767
102 12287
103 12286
104 12285
105 106
107 12282
108 12281
109 12280
110 12279
111 12278
112 113
114 12275
115 12274
116 12273
117 12272
118 12976
119 120
121 12973
122 12972
123 12971
124 12970
125 12969
126 12968
127 128
129 12965
130 12964
131 12963
132 12889
133 12888
134 135
136 12885
137 12884
138 12883
139 12882
140 12881
141 142
143 12878
144 12877
145 12876
146 12875
147 12874
148 12873
149 150
151 12870
152 12869
153 12868
154 12867
155 12866
156 12865
157 12864
158 12863
159 12862
160 12861
161 12860
162 163
164 12857
165 12856
166 12855
167 12854
168 12853
169 170
171 12162
172 12161
173 12160
174 12159
175 12158
176 12157
177 178
179 12154
180 12153
181 12152
182 12151
183 12150
184 12149
185 186
187 12187
188 12186
189 12185
190 12184
191 12183
192 12182
193 194
195 12221
196 12220
197 12219
198 12218
199 12217
200 12216
201 202
203 12213
204 12212
205 12211
206 8661
207 8660
208 8659
209 8658
210 8657
211 8656
212 8655
213 8654
214 215
216 9639
217 9638
218 9637
219 9636
220 9635
221 9634
222 223
224 9631
225 9630
226 9629
227 9628
228 9627
229 230
231 9624
232 9623
233 9622
234 9621
235 9620
236 9619
237 238
239 9616
240 9615
241 9614
242 9613
243 9612
244 9611
245 246
247 9608
248 9607
249 9606
250 9605
251 9604
252 9603
253 254
255 11900
256 11899
257 11898
258 11897
259 11896
260 11895
261 11894
262 11893
263 11892
264 265
266 11889
267 11888
268 11887
269 8641
270 8640
271 272
273 8637
274 8636
275 8635
276 8634
277 8633
278 8632
279 280
281 8619
282 8618
283 8617
284 8616
285 8615
286 287
288 8612
289 8600
290 8599
291 8598
292 8597
293 294
295 8594
296 8593
297 8592
298 8591
299 8590
300 301
302 11112
303 11111
304 11110
305 11109
306 11108
307 308
309 11105
310 11104
311 11103
312 11102
313 11101
314 11100
315 11099
316 11098
317 318
319 11095
320 11094
321 11093
322 11092
323 11091
324 325
326 11088
327 11087
328 11086
329 9209
330 331
332 9206
333 9205
334 9204
335 9203
336 337
338 9200
339 9199
340 10871
341 10870
342 343
344 10867
345 10866
346 10865
347 10864
348 349
350 10861
351 10860
352 10859
353 10858
354 355
356 10855
357 10854
358 10853
359 10852
360 10851
361 362
363 9198
364 9197
365 9196
366 9195
367 9194
368 9193
369 9192
370 7498
371 7497
372 7496
373 374
375 7493
376 7492
377 7491
378 7490
379 7489
380 7488
381 382
383 7485
384 7525
385 7524
386 7523
387 7522
388 7521
389 7520
390 391
392 7357
393 7356
394 7355
395 7354
396 7353
397 7352
398 7351
399 400
401 7348
402 7347
403 7346
404 7345
405 7016
406 7015
407 7014
408 7013
409 410
411 7010
412 7009
413 7008
414 7007
415 7006
416 7005
417 7004
420 7029
421 7028
422 7027
423 7026
424 7025
425 7024
426 7023
427 428
429 7020
430 7019
431 7018
432 7017
433 7344
434 7343
435 7342
436 7341
437 438
439 7338
440 7337
441 7336
442 7335
443 7536
444 7535
445 7534
446 447
448 7531
449 7530
450 7529
451 7528
452 7527
453 7526
454 7484
455 456
457 7481
458 7480
459 7479
460 7478
461 7477
462 7476
463 464
465 7473
466 7472
467 7471
468 8992
469 8991
470 8990
471 8989
472 8988
473 8987
474 8986
475 476
477 10846
478 10845
479 10844
480 10843
481 482
483 10840
484 10839
485 10838
486 10837
487 10836
488 489
490 10833
491 10907
492 10906
493 10905
494 495
496 10902
497 10901
498 10900
499 10899
500 501
502 10896
503 10895
504 11057
505 506
507 11054
508 11053
509 11052
510 11051
511 512
513 11048
514 11047
515 11046
516 11045
517 518
519 11042
520 11041
521 11040
522 11130
523 11129
524 11128
525 11127
526 11126
527 11125
528 11124
529 530
531 11121
532 11120
533 11119
534 11118
535 536
537 11115
538 8611
539 8610
540 8609
541 8608
542 543
544 8605
545 8604
546 8603
547 8602
548 8601
549 550
551 8629
552 8628
553 8627
554 8626
555 556
557 8623
558 8622
559 8651
560 8650
561 8649
562 563
564 8646
565 8645
566 8644
567 8643
568 8642
569 570
571 11884
572 11883
573 11882
574 11881
575 11880
576 11879
577 11878
578 11877
579 11876
580 11875
581 11874
582 583
584 11871
585 11870
586 11869
587 11868
588 9580
589 590
591 9577
592 9576
593 9575
594 9574
595 9573
596 9572
597 598
599 9569
600 9568
601 9567
602 9566
603 9565
604 605
606 9235
607 9234
608 9233
609 9232
610 9231
611 612
613 9228
614 9227
615 9226
616 9225
617 9224
618 619
620 9221
621 9220
622 9219
623 8671
624 8670
625 626
627 8667
628 8666
629 8665
630 8664
631 8663
632 8662
633 12210
634 12209
635 12208
636 637
638 12205
639 12204
640 12203
641 12202
642 12201
643 644
645 12198
646 12197
647 12196
648 12195
649 12194
650 651
652 12191
653 12190
654 12148
655 12147
656 12146
657 658
659 12143
660 12142
661 12141
662 8754
663 8753
664 665
666 8750
667 8749
668 8748
669 8747
670 8746
671 672
673 8743
674 8742
675 8741
676 8740
677 8739
678 679
680 8736
681 8735
682 8734
683 8733
684 8732
685 8731
686 8730
687 8729
688 8728
689 690
691 8725
692 8724
693 8723
694 8722
695 8721
696 697
698 8718
699 12898
700 12897
701 12896
702 703
704 12893
705 12892
706 12891
707 12890
708 12962
709 710
711 12959
712 12958
713 12957
714 12956
715 12955
716 717
718 12952
719 12951
720 12950
721 12949
722 12948
723 724
725 12300
726 12299
727 12298
728 12297
729 730
731 12294
732 12293
733 12292
734 12291
735 12290
736 12289
737 12288
738 8790
739 8789
740 8788
741 742
743 8785
744 8784
745 8783
746 8782
747 8781
748 749
750 8810
751 8809
752 8808
753 8807
754 755
756 8804
757 8803
758 8802
759 8801
760 761
762 13263
763 13262
764 13261
765 13260
766 767
768 13257
769 13256
770 13255
771 13254
772 13253
773 774
775 13250
776 13249
777 13248
778 13247
779 780
781 13244
782 13243
783 13242
784 13241
785 13240
786 10096
787 788
789 10093
790 10092
791 10091
792 10090
793 10089
794 10088
795 10087
796 10086
797 10085
798 799
800 9879
801 9878
802 9877
803 9876
804 9875
805 9874
806 9873
807 808
809 9870
810 9869
811 9868
812 9867
813 9866
814 9823
815 9822
816 9821
817 818
819 9818
820 9817
821 9816
822 9815
823 9814
824 9813
825 9812
826 9811
827 9810
828 829
830 8484
831 8483
832 8482
833 8481
834 8480
835 8479
836 8478
837 8477
838 839
840 8474
843 8498
844 8497
845 8496
846 8495
847 848
849 8492
850 8491
851 8490
852 8489
853 8488
854 8487
855 9809
856 9808
857 858
859 9805
860 9804
861 9803
862 9802
863 9801
864 9800
865 9799
866 9798
867 868
869 9795
870 9794
871 9793
872 10052
873 10051
874 10050
875 10049
876 10048
877 878
879 10045
880 10044
881 10043
882 10042
883 10041
884 10040
885 886
887 10037
888 10036
889 10035
890 10103
891 10102
892 10101
893 10100
894 10099
895 10098
896 10097
897 13239
898 13238
899 900
901 13235
902 13234
903 13233
904 13232
905 906
907 13185
908 13184
909 13183
910 13182
911 912
913 13179
914 13178
915 13177
916 13176
917 918
919 13173
920 13172
921 13171
922 13170
923 924
925 13167
926 13166
927 13165
928 13164
929 930
931 13161
932 13107
933 13106
934 13105
935 936
937 13102
938 13101
939 13100
940 13099
941 942
943 13096
944 13095
945 13094
946 13093
947 13092
948 13091
949 13090
950 951
952 13087
953 13086
954 13085
955 13084
956 13083
957 958
959 13080
960 13079
961 13078
962 12501
963 964
965 12498
966 12497
967 12496
968 12495
969 970
971 12913
972 12912
973 12911
974 12910
975 12909
976 977
978 12906
979 12905
980 12904
981 12903
982 983
984 12900
985 12899
986 8717
987 8716
988 989
990 8713
991 8712
992 8711
993 8710
994 8709
995 996
997 8706
998 8705
999 8704
1000 8703
1001 8702
1002 8701
1003 8700
1004 1005
1006 8697
1007 8696
1008 8695
1009 8694
1010 1011
1012 8691
1013 8690
1014 8689
1015 8688
1016 1017
1018 8685
1019 8684
1020 8683
1021 12122
1022 12121
1023 1024
1025 12118
1026 12117
1027 12116
1028 12115
1029 1030
1031 12112
1032 12111
1033 12110
1034 12109
1035 12108
1036 1037
1038 8103
1039 8102
1040 8101
1041 8100
1042 1043
1044 8097
1045 8096
1046 8507
1047 8506
1048 8505
1049 1050
1051 8502
1052 8501
1053 8500
1054 8499
1055 9261
1056 9260
1057 9259
1058 1059
1060 9256
1061 9255
1062 9254
1063 9253
1064 1065
1066 9250
1067 9249
1068 9248
1069 9247
1070 9246
1071 1072
1073 9243
1074 9242
1075 9241
1076 9240
1077 1078
1079 9237
1080 9236
1081 9562
1082 9561
1083 9560
1084 1085
1086 9557
1087 9556
1088 11825
1089 11824
1090 1091
1092 11821
1093 11820
1094 11819
1095 11818
1096 11817
1097 1098
1099 11814
1100 11813
1101 11812
1102 11811
1103 1104
1105 11808
1106 11807
1107 11806
1108 11805
1109 11327
1110 11326
1111 11325
1112 11324
1113 1114
1115 11321
1116 11320
1117 11488
1118 11487
1119 11486
1120 1121
1122 11483
1123 11482
1124 11481
1125 11480
1126 1127
1128 11477
1129 11476
1130 11514
1131 11513
1132 1133
1134 11510
1135 11509
1136 11508
1137 11507
1138 11236
1139 1140
1141 11233
1142 11232
1143 11231
1144 11230
1145 1146
1147 11227
1148 11226
1149 11225
1150 11224
1151 1152
1153 11144
1154 11143
1155 11142
1156 11141
1157 11140
1158 1159
1160 11137
1161 11136
1162 11135
1163 11134
1164 11133
1165 1166
1167 11039
1168 11038
1169 11037
1170 11036
1171 1172
1173 11033
1174 11032
1175 11031
1176 1177
1178 11028
1179 10926
1180 10925
1181 10924
1182 1183
1184 10921
1185 10920
1186 10919
1187 10918
1188 1189
1190 10915
1191 10914
1192 10913
1193 10912
1194 1195
1196 10909
1197 10908
1198 10832
1199 10831
1200 1201
1202 10828
1203 10827
1204 10826
1205 10825
1206 1207
1208 10822
1209 10821
1210 10820
1211 10819
1212 1213
1214 8999
1215 8998
1216 8997
1217 8996
1218 8995
1219 8994
1220 8993
1221 7470
1222 7469
1223 7468
1224 1225
1226 7465
1227 7464
1228 7463
1229 7462
1230 7461
1231 7460
1232 1233
1234 7566
1235 7565
1236 7564
1237 7563
1238 7562
1239 7561
1240 1241
1242 7314
1243 7313
1244 7312
1245 7311
1246 7310
1247 7309
1248 7308
1249 7307
1250 1251
1252 7304
1253 7303
1254 7302
1255 7301
1256 7076
1257 7075
1258 7074
1259 7073
1260 1261
1262 7070
1263 7069
1264 7068
1265 7067
1266 7066
1267 7065
1268 7064
1271 7089
1272 7088
1273 7087
1274 7086
1275 7085
1276 7084
1277 7083
1278 7082
1279 1280
1281 7079
1282 7078
1283 7077
1284 7300
1285 7299
1286 7298
1287 7297
1288 1289
1290 7294
1291 7293
1292 7292
1293 7291
1294 7578
1295 7577
1296 7576
1297 7575
1298 1299
1300 7572
1301 7571
1302 7570
1303 7569
1304 7568
1305 7567
1306 1307
1308 7455
1309 7454
1310 7453
1311 7452
1312 7451
1313 7450
1314 1315
1316 7447
1317 7446
1318 9007
1319 9006
1320 9005
1321 9004
1322 9003
1323 9002
1324 9001
1325 9000
1326 1327
1328 10814
1329 10813
1330 10812
1331 10811
1332 1333
1334 10808
1335 10807
1336 10806
1337 10805
1338 1339
1340 10802
1341 10801
1342 10705
1343 10704
1344 1345
1346 10701
1347 10700
1348 10699
1349 1350
1351 10696
1352 10695
1353 10694
1354 10693
1355 1356
1357 11178
1358 11177
1359 11176
1360 11175
1361 1362
1363 11172
1364 11171
1365 11170
1366 1367
1368 11167
1369 11166
1370 11165
1371 11164
1372 1373
1374 11161
1375 11160
1376 11159
1377 11158
1378 11157
1379 11156
1380 1381
1382 11153
1383 11152
1384 11151
1385 11150
1386 1387
1388 11147
1389 11223
1390 11222
1391 11221
1392 1393
1394 11218
1395 11217
1396 11216
1397 11527
1398 1399
1400 11524
1401 11523
1402 11522
1403 11521
1404 1405
1406 11518
1407 11517
1408 11516
1409 11515
1410 1411
1412 11473
1413 11472
1414 11471
1415 11470
1416 1417
1418 11341
1419 11340
1420 11339
1421 11338
1422 1423
1424 11335
1425 11334
1426 11333
1427 11332
1428 1429
1430 11329
1431 11328
1432 11804
1433 11803
1434 11802
1435 1436
1437 11799
1438 11798
1439 11797
1440 11796
1441 1442
1443 11835
1444 11834
1445 11833
1446 11832
1447 1448
1449 11829
1450 11828
1451 11827
1452 11826
1453 1454
1455 9553
1456 9552
1457 9551
1458 9550
1459 1460
1461 9547
1462 9546
1463 9545
1464 9544
1465 1466
1467 9541
1468 8095
1469 8094
1470 8093
1471 1472
1473 8090
1474 8089
1475 8088
1476 8087
1477 1478
1479 8084
1480 8083
1481 8522
1482 8521
1483 1484
1485 8518
1486 8517
1487 8516
1488 8515
1489 8514
1490 8513
1491 1492
1493 8510
1494 8509
1495 8508
1496 8115
1497 1498
1499 8112
1500 8111
1501 8110
1502 8109
1503 1504
1505 8106
1506 12107
1507 12106
1508 12105
1509 1510
1511 12102
1512 12101
1513 12100
1514 12099
1515 1516
1517 12096
1518 12095
1519 12094
1520 12093
1521 1522
1523 8199
1524 8198
1525 8197
1526 8196
1527 1528
1529 8193
1530 8192
1531 8191
1532 8190
1533 1534
1535 8187
1536 8186
1537 8185
1538 8184
1539 1540
1541 12541
1542 12540
1543 12539
1544 12538
1545 12537
1546 1547
1548 12534
1549 12533
1550 12532
1551 12531
1552 1553
1554 12528
1555 12527
1556 12526
1557 12525
1558 1559
1560 12522
1561 12521
1562 12520
1563 12519
1564 1565
1566 12516
1567 12515
1568 12514
1569 12513
1570 1571
1572 12510
1573 12509
1574 12508
1575 12507
1576 1577
1578 12504
1579 12503
1580 12502
1581 13077
1582 1583
1584 13074
1585 13073
1586 13072
1587 13071
1588 1589
1590 13068
1591 13067
1592 13066
1593 1594
1595 13063
1596 13062
1597 8322
1598 8321
1599 8320
1600 8319
1601 1602
1603 8316
1604 13115
1605 13114
1606 1607
1608 13111
1609 13110
1610 13109
1611 13108
1612 1613
1614 13158
1615 13157
1616 13156
1617 13155
1618 1619
1620 8390
1621 8389
1622 8388
1623 1624
1625 8385
1626 8384
1627 8383
1628 8382
1629 1630
1631 8379
1632 8378
1633 8377
1634 8376
1635 1636
1637 8373
1638 8372
1639 8371
1640 1641
1642 8368
1643 8367
1644 8366
1645 10113
1646 10112
1647 1648
1649 10109
1650 10108
1651 10107
1652 10106
1653 10105
1654 10104
1655 10034
1656 10033
1657 1658
1659 10030
1660 10029
1661 10028
1662 10027
1663 10026
1664 10025
1665 1666
1667 10022
1668 10021
1669 10020
1670 10019
1671 10018
1672 10017
1673 10016
1674 1675
1676 10013
1677 10012
1678 10011
1679 10010
1680 10009
1681 10008
1682 10007
1683 1684
1685 10004
1686 10003
1687 10002
1688 10001
1689 10000
1690 9999
1691 9713
1692 1693
1694 9710
1695 9709
1696 9708
1697 9707
1698 9706
1699 9705
1700 9704
1701 9703
1704 8021
1705 8020
1706 8019
1707 1708
1709 8016
1710 8015
1711 8014
1712 8013
1713 8012
1714 8011
1715 8010
1716 1717
1718 8007
1719 8006
1720 8005
1721 8004
1722 8003
1723 7919
1724 1725
1726 7916
1727 7915
1728 7914
1729 7913
1730 7912
1731 7911
1732 7910
1733 1734
1735 7907
1736 7906
1737 7905
1738 10137
1739 10136
1740 10135
1741 1742
1743 10132
1744 10131
1745 10130
1746 10129
1747 10128
1748 1749
1750 10125
1751 10124
1752 10123
1753 10122
1754 10121
1755 10120
1756 1757
1758 10117
1759 10116
1760 10115
1761 10114
1762 1763
1764 8363
1765 8362
1766 8361
1767 8360
1768 1769
1770 8357
1771 8356
1772 8355
1773 1774
1775 8352
1776 8351
1777 8350
1778 8349
1779 1780
1781 8346
1782 8345
1783 8344
1784 1785
1786 13133
1787 13132
1788 13131
1789 13130
1790 1791
1792 13127
1793 13126
1794 13125
1795 1796
1797 13122
1798 13121
1799 13120
1800 1801
1802 13117
1803 13116
1804 8315
1805 8314
1806 1807
1808 8311
1809 8310
1810 8309
1811 8308
1812 8307
1813 8306
1814 8305
1815 1816
1817 8302
1818 8301
1819 8300
1820 8299
1821 1822
1823 6880
1824 6879
1825 6878
1826 6877
1827 1828
1829 6874
1830 6873
1831 6872
1832 1833
1834 7787
1835 7786
1836 7785
1837 7784
1838 1839
1840 7781
1841 7780
1842 7779
1843 7778
1844 1845
1846 7775
1847 7774
1848 7773
1849 1850
1851 12557
1852 12556
1853 12555
1854 12554
1855 1856
1857 12551
1858 12550
1859 12549
1860 12548
1861 1862
1863 12545
1864 12544
1865 12543
1866 12542
1867 8181
1868 8180
1869 8179
1870 8178
1871 1872
1873 8175
1874 8174
1875 8173
1876 8172
1877 1878
1879 8169
1880 8168
1881 8167
1882 1883
1884 6820
1885 6819
1886 6818
1887 6817
1888 1889
1890 6814
1891 6813
1892 6812
1893 1894
1895 6799
1896 6798
1897 6797
1898 6796
1899 1900
1901 6793
1902 6792
1903 6791
1904 1905
1906 6777
1907 6776
1908 6775
1909 6774
1910 1911
1912 6771
1913 6770
1914 6769
1915 9346
1916 1917
1918 9343
1919 9342
1920 9341
1921 9340
1922 1923
1924 8059
1925 8058
1926 8057
1927 1928
1929 8054
1930 8053
1931 8052
1932 8051
1933 1934
1935 8048
1936 8047
1937 8046
1938 8045
1939 1940
1941 9540
1942 9539
1943 9538
1944 1945
1946 9535
1947 6757
1948 6756
1949 6755
1950 1951
1952 6752
1953 6751
1954 6750
1955 1956
1957 6747
1958 11389
1959 11388
1960 11387
1961 1962
1963 11384
1964 11383
1965 11382
1966 1967
1968 11379
1969 11378
1970 11377
1971 11376
1972 1973
1974 11373
1975 11372
1976 11371
1977 11370
1978 11369
1979 11368
1980 11367
1981 11366
1982 1983
1984 11363
1985 11446
1986 11445
1987 1988
1989 11442
1990 11441
1991 11440
1992 11439
1993 1994
1995 11436
1996 11435
1997 11434
1998 11433
1999 2000
2001 11551
2002 11550
2003 11549
2004 2005
2006 11546
2007 11545
2008 11544
2009 10594
2010 2011
2012 10591
2013 10590
2014 10589
2015 10588
2016 2017
2018 10585
2019 10584
2020 6736
2021 2022
2023 6733
2024 6732
2025 6731
2026 6730
2027 2028
2029 6727
2030 6715
2031 6714
2032 6713
2033 6712
2034 6711
2035 6710
2036 2037
2038 6707
2039 6706
2040 6705
2041 7738
2042 2043
2044 7735
2045 7734
2046 7733
2047 2048
2049 10723
2050 10722
2051 10721
2052 10720
2053 2054
2055 10717
2056 10716
2057 10715
2058 2059
2060 10712
2061 10711
2062 10710
2063 10709
2064 2065
2066 10706
2067 10800
2068 10799
2069 2070
2071 10796
2072 10795
2073 10794
2074 10793
2075 2076
2077 10790
2078 10789
2079 10788
2080 10787
2081 2082
2083 6673
2084 6672
2085 6671
2086 6670
2087 6669
2088 6668
2089 6667
2090 6666
2091 6665
2092 6664
2093 2094
2095 6650
2096 6649
2097 6648
2098 6647
2099 6646
2100 2101
2102 6643
2103 6642
2104 7205
2105 7204
2106 7203
2107 7202
2108 7201
2109 2110
2111 7198
2112 7197
2113 7196
2114 7195
2115 7194
2116 7193
2117 7192
2118 2119
2120 7189
2121 7188
2122 7187
2123 7186
2124 7185
2125 7136
2126 7135
2127 7134
2128 2129
2130 7131
2131 7130
2132 7129
2133 7128
2134 7127
2135 7126
2136 7125
2137 7124
2140 7149
2141 7148
2142 7147
2143 7146
2144 7145
2145 7144
2146 7143
2147 7142
2148 2149
2150 7139
2151 7138
2152 7137
2153 7184
2154 7183
2155 7182
2156 7181
2157 7180
2158 2159
2160 7177
2161 7176
2162 7175
2163 7216
2164 7215
2165 7214
2166 7213
2167 2168
2169 7210
2170 7209
2171 7208
2172 7207
2173 7206
2174 6663
2175 6662
2176 2177
2178 6659
2179 6658
2180 6657
2181 6656
2182 6655
2183 2184
2185 6684
2186 6683
2187 6682
2188 6681
2189 6680
2190 6679
2191 6678
2192 6677
2193 6676
2194 2195
2196 10784
2197 10783
2198 10782
2199 10781
2200 2201
2202 10778
2203 10777
2204 10776
2205 10775
2206 2207
2208 10772
2209 10771
2210 10770
2211 10769
2212 2213
2214 6704
2215 6703
2216 6702
2217 2218
2219 6699
2220 6698
2221 6697
2222 6696
2223 2224
2225 7698
2226 7697
2227 7696
2228 2229
2230 7693
2231 7692
2232 7691
2233 7690
2234 2235
2236 7687
2237 6726
2238 6725
2239 2240
2241 6722
2242 6721
2243 6720
2244 6719
2245 6718
2246 6717
2247 6716
2248 6746
2249 2250
2251 6743
2252 6742
2253 6741
2254 2255
2256 6738
2257 6737
2258 10583
2259 10582
2260 2261
2262 10579
2263 10578
2264 10577
2265 2266
2267 11565
2268 11564
2269 11563
2270 11562
2271 2272
2273 11559
2274 11558
2275 11557
2276 2277
2278 11554
2279 11432
2280 11431
2281 2282
2283 11428
2284 11427
2285 11426
2286 11425
2287 2288
2289 11422
2290 11421
2291 11420
2292 2293
2294 11417
2295 11416
2296 11415
2297 2298
2299 11412
2300 11411
2301 11410
2302 11409
2303 11408
2304 11407
2305 2306
2307 11404
2308 11403
2309 11402
2310 2311
2312 11399
2313 11398
2314 11397
2315 2316
2317 11394
2318 11393
2319 11392
2320 2321
2322 6768
2323 6767
2324 6766
2325 6765
2326 2327
2328 6762
2329 6761
2330 6760
2331 2332
2333 9534
2334 9533
2335 9532
2336 2337
2338 9529
2339 9528
2340 9527
2341 2342
2343 9524
2344 9523
2345 9522
2346 9521
2347 2348
2349 9518
2350 9360
2351 9359
2352 2353
2354 9356
2355 9355
2356 9354
2357 9353
2358 9352
2359 9351
2360 9350
2361 2362
2363 9347
2364 6790
2365 6789
2366 2367
2368 6786
2369 6785
2370 6784
2371 2372
2373 6781
2374 6780
2375 6809
2376 6808
2377 2378
2379 6805
2380 6804
2381 6803
2382 2383
2384 6800
2385 6831
2386 6830
2387 2388
2389 6827
2390 6826
2391 6825
2392 2393
2394 6822
2395 6821
2396 8164
2397 8163
2398 2399
2400 8160
2401 8159
2402 8158
2403 2404
2405 8155
2406 8154
2407 8153
2408 2409
2410 8150
2411 8149
2412 8148
2413 6851
2414 6850
2415 6849
2416 6848
2417 2418
2419 6845
2420 6844
2421 6843
2422 2423
2424 6871
2425 6870
2426 6869
2427 6868
2428 2429
2430 6865
2431 6864
2432 6863
2433 2434
2435 7751
2436 7750
2437 7749
2438 7748
2439 2440
2441 7745
2442 7744
2443 7743
2444 2445
2446 7740
2447 7739
2448 6893
2449 2450
2451 6890
2452 6889
2453 6888
2454 6887
2455 2456
2457 6884
2458 6883
2459 8298
2460 2461
2462 8295
2463 8294
2464 8293
2465 2466
2467 8290
2468 8289
2469 8288
2470 8287
2471 8286
2472 8285
2473 2474
2475 8282
2476 8281
2477 8280
2478 2479
2480 8277
2481 8276
2482 8275
2483 2484
2485 8272
2486 8271
2487 6913
2488 2489
2490 6910
2491 6909
2492 6908
2493 6907
2494 2495
2496 6904
2497 6903
2498 10182
2499 2500
2501 10179
2502 10178
2503 10177
2504 2505
2506 10174
2507 10173
2508 10172
2509 2510
2511 10169
2512 10168
2513 10167
2514 2515
2516 10164
2517 10163
2518 10162
2519 10161
2520 2521
2522 10158
2523 10157
2524 10156
2525 10155
2526 10154
2527 10153
2528 10152
2529 10151
2530 10150
2531 2532
2533 10147
2534 10146
2535 10145
2536 10144
2537 2538
2539 10141
2540 10140
2541 10139
2542 10138
2543 7904
2544 7903
2545 2546
2547 7900
2548 7899
2549 7898
2550 7897
2551 7896
2552 7895
2553 2554
2555 7892
2556 7891
2557 7890
2558 7889
2559 7888
2560 7887
2561 2562
2563 7884
2564 7883
2565 7882
2566 7881
2567 7880
2568 7879
2569 2570
2571 7848
2572 7847
2573 7846
2574 7845
2575 7844
2576 7843
2579 7854
2580 7853
2581 7852
2582 7851
2583 7850
2584 7849
2585 2586
2587 7874
2588 7873
2589 7872
2590 7871
2591 7870
2592 7976
2593 7975
2594 7974
2595 7973
2596 7972
2597 7971
2598 7970
2599 7969
2600 7968
2601 7967
2602 7966
2603 7965
2604 7964
2605 7963
2606 7962
2607 7961
2608 7960
2609 7959
2610 7958
2611 7957
2612 10262
2613 10261
2614 10260
2615 10259
2616 10258
2617 10257
2618 10256
2619 10255
2620 10254
2621 10253
2622 10252
2623 10251
2624 10250
2625 10249
2626 10248
2627 10247
2628 10246
2629 10245
2630 10244
2631 10243
2632 10242
2633 10241
2634 10197
2635 10196
2636 10195
2637 10194
2638 10193
2639 10192
2640 10191
2641 2642
2643 10188
2644 10187
2645 10186
2646 10185
2647 10184
2648 10183
2649 6902
2650 6901
2651 6900
2652 6899
2653 6898
2654 6897
2655 6896
2656 6895
2657 6894
2658 8270
2659 8269
2660 8268
2661 8267
2662 8266
2663 8265
2664 8264
2665 8263
2666 8262
2667 8261
2668 8260
2669 8259
2670 8258
2671 8257
2672 8256
2673 8255
2674 8254
2675 6966
2676 6965
2677 6964
2678 6963
2679 6962
2680 6961
2681 6960
2682 6959
2683 6958
2684 6957
2685 6956
2686 12662
2687 12661
2688 12660
2689 12659
2690 12658
2691 2692
2693 7760
2694 7759
2695 7758
2696 7757
2697 7756
2698 7755
2699 7754
2700 7753
2701 7752
2702 6860
2703 6859
2704 6858
2705 6857
2706 6856
2707 6855
2708 6854
2709 6853
2710 6852
2711 6840
2712 6839
2713 6838
2714 6837
2715 6836
2716 6835
2717 6834
2718 6833
2719 6832
2720 2721
2722 8145
2723 8144
2724 8143
2725 8142
2726 8141
2727 8140
2728 8139
2729 8138
2730 8137
2731 8136
2732 8135
2733 8134
2734 7814
2735 7813
2736 7812
2737 7811
2738 7810
2739 7809
2740 7808
2741 7807
2742 7806
2743 7805
2744 2745
2746 7802
2747 7801
2748 7800
2749 7799
2750 6945
2751 6944
2752 6943
2753 6942
2754 6941
2755 6940
2756 6939
2757 6938
2758 6937
2759 6936
2760 6935
2761 9374
2762 9373
2763 9372
2764 9371
2765 9370
2766 9369
2767 9368
2768 9367
2769 2770
2771 9364
2772 9363
2773 9362
2774 9361
2775 9517
2776 9516
2777 9515
2778 9514
2779 9513
2780 9512
2781 9511
2782 9510
2783 9509
2784 9508
2785 9507
2786 9506
2787 9505
2788 9504
2789 9503
2790 9502
2791 9501
2792 2793
2794 9498
2795 9497
2796 9496
2797 9495
2798 9494
2799 11770
2800 11769
2801 11768
2802 11767
2803 11766
2804 11765
2805 11764
2806 11763
2807 11762
2808 11761
2809 11760
2810 11759
2811 11758
2812 6924
2813 6923
2814 6922
2815 6921
2816 6920
2817 6919
2818 6918
2819 6917
2820 6916
2821 6915
2822 6914
2823 11587
2824 11586
2825 11585
2826 11584
2827 11583
2828 11582
2829 2830
2831 11579
2832 11578
2833 11577
2834 11576
2835 11575
2836 11574
2837 11573
2838 11572
2839 11571
2840 11570
2841 11569
2842 11568
2843 11567
2844 11566
2845 10574
2846 10573
2847 10572
2848 10571
2849 10570
2850 10569
2851 10568
2852 10623
2853 10622
2854 10621
2855 10620
2856 10619
2857 10618
2858 10617
2859 10616
2860 10615
2861 10614
2862 7716
2863 7715
2864 7714
2865 7713
2866 7712
2867 7711
2868 7710
2869 7709
2870 7708
2871 7707
2872 7706
2873 7705
2874 7704
2875 7703
2876 7702
2877 7701
2878 7700
2879 7699
2880 6693
2881 6692
2882 6691
2883 6690
2884 6689
2885 6688
2886 6687
2887 6686
2888 6685
2889 10766
2890 10765
2891 10764
2892 10763
2893 10762
2894 10761
2895 10760
2896 10759
2897 10758
2898 10757
2899 10756
2900 10755
2901 10754
2902 10753
2903 10752
2904 7245
2905 7244
2906 7243
2907 7242
2908 7241
2909 7240
2910 7239
2911 7238
2912 7237
2913 7236
2914 7235
2915 7234
2916 7233
2917 7232
2918 7231
2919 7230
2920 7229
2921 7228
2922 7227
2923 7226
2924 7225
2925 7224
2926 7223
2927 7222
2928 7221
2929 7220
2930 7219
2931 7218
2932 7217
2933 7174
2934 7173
2935 7172
2936 7171
2937 7170
2938 7169
2939 7168
2940 7167
2941 7166
2942 7165
2943 7164
2944 7163
2945 7162
2946 7161
2947 7160
2948 7159
2949 7158
2950 7157
2951 7156
2952 7155
2953 7154
2956 7644
2957 7643
2958 7642
2959 7641
2960 7640
2961 7639
2962 7638
2963 7637
2964 7636
2965 7635
2966 7634
2967 7633
2968 7632
2969 7631
2970 7630
2971 7629
2972 7628
2973 7627
2974 7626
2975 7625
2976 7624
2977 7623
2978 7622
2979 7621
2980 7620
2981 7619
2982 7618
2983 7617
2984 7616
2985 7615
2986 7614
2987 7613
2988 7612
2989 7611
2990 9068
2991 9067
2992 9066
2993 9065
2994 9064
2995 9063
2996 9062
2997 9061
2998 9060
2999 9059
3000 9058
3001 9057
3002 9056
3003 9055
3004 9054
3005 9053
3006 9052
3007 9051
3008 9050
3009 9049
3010 9048
3011 10656
3012 10655
3013 10654
3014 10653
3015 10652
3016 10651
3017 10650
3018 10649
3019 10648
3020 10647
3021 10646
3022 10645
3023 10644
3024 10643
3025 10642
3026 10641
3027 10640
3028 10639
3029 10638
3030 10637
3031 10636
3032 10635
3033 10634
3034 10633
3035 10632
3036 10631
3037 10630
3038 10629
3039 10628
3040 10627
3041 10626
3042 10625
3043 10624
3044 10567
3045 10566
3046 10565
3047 10564
3048 10563
3049 10562
3050 10561
3051 10560
3052 10559
3053 11601
3054 11600
3055 11599
3056 11598
3057 11597
3058 11596
3059 11595
3060 11594
3061 11593
3062 11592
3063 11591
3064 11590
3065 11589
3066 11588
3067 6934
3068 6933
3069 6932
3070 6931
3071 6930
3072 6929
3073 6928
3074 6927
3075 6926
3076 6925
3077 11757
3078 11756
3079 11755
3080 11754
3081 11753
3082 11752
3083 11751
3084 11750
3085 9408
3086 9407
3087 9406
3088 9405
3089 9404
3090 9403
3091 9402
3092 9401
3093 9400
3094 9399
3095 9398
3096 9397
3097 9396
3098 9395
3099 9394
3100 9393
3101 9392
3102 9391
3103 9390
3104 9389
3105 9388
3106 9387
3107 9386
3108 9385
3109 9384
3110 9383
3111 9382
3112 9381
3113 9380
3114 9379
3115 9378
3116 9377
3117 9376
3118 9375
3119 6955
3120 6954
3121 6953
3122 6952
3123 6951
3124 6950
3125 6949
3126 6948
3127 6947
3128 6946
3129 7798
3130 7797
3131 7796
3132 7795
3133 7794
3134 7793
3135 7792
3136 7791
3137 7790
3138 7664
3139 7663
3140 7662
3141 7661
3142 7660
3143 7659
3144 7658
3145 7657
3146 7656
3147 7655
3148 12695
3149 12694
3150 12693
3151 12692
3152 12691
3153 12690
3154 12689
3155 12688
3156 12687
3157 12686
3158 12685
3159 12684
3160 12683
3161 12682
3162 12681
3163 12680
3164 12679
3165 12678
3166 12677
3167 12676
3168 12675
3169 12674
3170 12673
3171 12672
3172 12671
3173 12670
3174 12669
3175 12668
3176 12667
3177 12666
3178 12665
3179 12664
3180 12663
3181 6976
3182 6975
3183 6974
3184 6973
3185 6972
3186 6971
3187 6970
3188 6969
3189 6968
3190 6967
3191 8253
3192 8252
3193 8251
3194 8250
3195 8249
3196 8248
3197 8247
3198 8246
3199 8245
3200 8244
3201 7686
3202 7685
3203 7684
3204 7683
3205 7682
3206 7681
3207 7680
3208 7679
3209 7678
3210 7677
3211 7676
3212 10209
3213 10208
3214 10207
3215 10206
3216 10205
3217 10204
3218 10203
3219 10202
3220 10201
3221 10200
3222 10199
3223 10198
3224 10240
3225 10239
3226 10238
3227 10237
3228 10236
3229 10235
3230 10234
3231 10233
3232 10232
3233 10231
3234 10272
3235 10271
3236 10270
3237 10269
3238 10268
3239 10267
3240 10266
3241 10265
3242 10264
3243 10263
3244 7956
3245 7955
3246 7954
3247 7953
3248 7952
3249 7951
3250 7950
3251 7949
3252 7948
3253 7947
3254 7984
3255 7983
3256 7982
3257 7981
3258 7980
3259 7979
3260 7978
3261 7977
3262 7869
3263 7868
3264 7867
3265 7866
3266 7865
3267 7864
3268 7863
3269 7862
3270 7861
3271 7860
3272 7859
3275 8042
3276 8041
3277 8040
3278 8039
3279 8038
3280 8037
3281 8036
3282 8035
3283 7994
3284 7993
3285 7992
3286 7991
3287 7990
3288 7989
3289 7988
3290 7987
3291 7986
3292 7985
3293 7946
3294 7945
3295 7944
3296 7943
3297 7942
3298 7941
3299 7940
3300 7939
3301 7938
3302 7937
3303 7936
3304 10281
3305 10280
3306 10279
3307 10278
3308 10277
3309 10276
3310 10275
3311 10274
3312 10273
3313 10230
3314 10229
3315 10228
3316 10227
3317 10226
3318 10225
3319 10224
3320 10223
3321 10222
3322 10221
3323 10220
3324 10219
3325 10218
3326 10217
3327 10216
3328 10215
3329 10214
3330 10213
3331 10212
3332 10211
3333 10210
3334 7675
3335 7674
3336 7673
3337 7672
3338 7671
3339 7670
3340 7669
3341 7668
3342 7667
3343 7666
3344 7665
3345 8243
3346 8242
3347 8241
3348 8240
3349 8239
3350 8238
3351 8237
3352 8236
3353 8235
3354 8234
3355 8233
3356 8232
3357 13043
3358 13042
3359 13041
3360 13040
3361 13039
3362 13038
3363 13037
3364 13036
3365 13035
3366 13034
3367 13033
3368 12616
3369 12615
3370 12614
3371 12613
3372 12612
3373 12611
3374 12610
3375 12609
3376 12608
3377 12607
3378 12606
3379 12605
3380 12604
3381 12603
3382 12602
3383 12601
3384 12600
3385 12599
3386 12598
3387 12597
3388 12596
3389 12595
3390 12702
3391 12701
3392 12700
3393 12699
3394 12698
3395 12697
3396 12696
3397 7654
3398 7653
3399 7652
3400 7651
3401 7650
3402 7649
3403 7648
3404 7647
3405 7646
3406 7645
3407 7842
3408 7841
3409 7840
3410 7839
3411 7838
3412 7837
3413 7836
3414 7835
3415 7834
3416 7833
3417 7832
3418 9323
3419 9322
3420 9321
3421 9320
3422 9319
3423 9318
3424 9317
3425 9316
3426 9315
3427 9314
3428 9313
3429 9312
3430 9311
3431 9310
3432 9309
3433 9308
3434 9307
3435 9306
3436 9305
3437 9304
3438 9303
3439 9302
3440 9301
3441 9300
3442 9299
3443 9298
3444 9423
3445 9422
3446 9421
3447 9420
3448 9419
3449 9418
3450 9417
3451 9416
3452 9415
3453 9414
3454 9413
3455 9412
3456 9411
3457 9410
3458 9409
3459 11749
3460 11748
3461 11747
3462 11746
3463 11745
3464 11744
3465 11743
3466 11742
3467 11741
3468 11740
3469 11739
3470 11738
3471 11737
3472 11736
3473 11735
3474 11734
3475 11617
3476 11616
3477 11615
3478 11614
3479 11613
3480 11612
3481 11611
3482 11610
3483 11609
3484 11608
3485 11607
3486 11606
3487 11605
3488 11604
3489 11603
3490 11602
3491 10558
3492 10557
3493 10556
3494 10555
3495 10554
3496 10553
3497 10552
3498 10551
3499 10550
3500 10549
3501 10548
3502 10547
3503 10546
3504 10545
3505 10544
3506 10543
3507 10542
3508 10541
3509 10540
3510 10539
3511 10538
3512 10537
3513 10536
3514 10535
3515 10534
3516 10533
3517 10672
3518 10671
3519 10670
3520 10669
3521 10668
3522 10667
3523 10666
3524 10665
3525 10664
3526 10663
3527 10662
3528 10661
3529 10660
3530 10659
3531 10658
3532 10657
3533 9047
3534 9046
3535 9045
3536 9044
3537 9043
3538 9042
3539 9083
3540 9082
3541 9081
3542 9080
3543 9079
3544 9078
3545 9077
3546 9076
3547 9075
3548 9074
3549 9073
3550 9072
3551 9071
3552 9070
3553 9069
3554 7610
3555 7609
3556 7608
3557 7607
3558 7606
3559 7605
3560 7604
3561 7603
3562 7602
3563 7601
3564 7600
3565 7599
3566 7598
3567 7597
3568 7596
3569 7595
3570 8423
3571 8422
3572 8421
3573 8420
3574 8419
3575 8418
3576 8417
3577 8416
3578 8415
3579 8414
3580 8413
3581 8412
3582 8411
3583 8410
3584 8409
3585 8408
3586 8407
3587 8406
3590 7119
3591 7118
3592 7117
3593 7116
3594 7115
3595 7114
3596 7113
3597 7112
3598 7111
3599 7110
3600 7109
3601 7108
3602 7107
3603 7282
3604 7281
3605 7280
3606 7279
3607 7278
3608 7277
3609 7276
3610 7275
3611 7274
3612 7273
3613 7272
3614 7271
3615 7270
3616 7269
3617 7268
3618 7267
3619 7266
3620 7265
3621 7264
3622 7263
3623 7262
3624 7261
3625 7260
3626 7259
3627 7258
3628 7257
3629 7256
3630 7255
3631 7254
3632 7253
3633 7252
3634 7251
3635 7250
3636 7249
3637 7248
3638 7247
3639 7246
3640 10751
3641 10750
3642 10749
3643 10748
3644 10747
3645 10746
3646 10745
3647 10744
3648 10743
3649 10742
3650 10741
3651 10740
3652 10739
3653 10738
3654 10737
3655 10736
3656 10735
3657 10734
3658 10733
3659 10732
3660 10731
3661 10730
3662 10729
3663 10728
3664 10727
3665 10726
3666 10725
3667 10724
3668 7730
3669 7729
3670 7728
3671 7727
3672 7726
3673 7725
3674 7724
3675 7723
3676 7722
3677 7721
3678 7720
3679 7719
3680 7718
3681 7717
3682 10613
3683 10612
3684 10611
3685 10610
3686 10609
3687 10608
3688 10607
3689 10606
3690 10605
3691 10604
3692 10603
3693 10602
3694 10601
3695 10600
3696 10599
3697 10598
3698 10597
3699 10596
3700 10595
3701 11543
3702 11542
3703 11541
3704 11540
3705 11539
3706 11538
3707 11537
3708 11459
3709 11458
3710 11457
3711 11456
3712 11455
3713 11454
3714 11453
3715 11452
3716 11451
3717 11450
3718 11449
3719 11448
3720 11447
3721 11362
3722 11361
3723 11360
3724 11359
3725 11358
3726 11357
3727 11356
3728 11355
3729 11785
3730 11784
3731 11783
3732 11782
3733 11781
3734 11780
3735 11779
3736 11778
3737 11777
3738 11776
3739 11775
3740 11774
3741 11773
3742 11772
3743 11771
3744 9493
3745 9492
3746 9491
3747 9490
3748 9489
3749 9488
3750 9487
3751 9486
3752 9485
3753 9484
3754 9483
3755 9482
3756 9481
3757 9480
3758 9479
3759 9478
3760 9477
3761 8074
3762 8073
3763 8072
3764 3765
3766 8069
3767 8068
3768 8067
3769 8066
3770 8065
3771 8064
3772 8063
3773 8062
3774 9339
3775 9338
3776 9337
3777 9336
3778 9335
3779 9334
3780 9333
3781 9332
3782 9331
3783 9330
3784 9329
3785 9328
3786 9327
3787 9326
3788 9325
3789 9324
3790 7831
3791 7830
3792 7829
3793 7828
3794 7827
3795 7826
3796 7825
3797 7824
3798 7823
3799 7822
3800 7821
3801 7820
3802 7819
3803 7818
3804 7817
3805 7816
3806 7815
3807 8133
3808 8132
3809 8131
3810 8130
3811 3812
3813 8127
3814 8126
3815 8125
3816 8124
3817 8123
3818 8122
3819 8121
3820 8120
3821 8119
3822 8118
3823 8117
3824 8116
3825 12570
3826 12569
3827 12568
3828 12567
3829 12566
3830 12565
3831 12564
3832 12563
3833 12562
3834 12561
3835 12560
3836 7772
3837 7771
3838 7770
3839 7769
3840 7768
3841 7767
3842 7766
3843 7765
3844 7764
3845 7763
3846 7762
3847 7761
3848 12655
3849 12654
3850 12653
3851 12652
3852 12651
3853 12650
3854 12649
3855 12648
3856 12647
3857 13050
3858 13049
3859 13048
3860 13047
3861 13046
3862 13045
3863 13044
3864 8231
3865 8230
3866 8229
3867 8228
3868 8227
3869 8226
3870 8225
3871 8224
3872 8223
3873 8222
3874 8221
3875 8220
3876 8219
3877 13145
3878 13144
3879 13143
3880 13142
3881 13141
3882 13140
3883 13139
3884 13138
3885 13137
3886 13136
3887 13135
3888 13134
3889 8341
3890 8340
3891 8339
3892 8338
3893 8337
3894 8336
3895 8335
3896 8334
3897 8333
3898 8332
3899 10308
3900 10307
3901 10306
3902 10305
3903 10304
3904 10303
3905 10302
3906 10301
3907 10300
3908 10299
3909 10298
3910 10297
3911 10296
3912 10295
3913 10294
3914 10293
3915 10292
3916 10291
3917 10290
3918 10289
3919 10288
3920 10287
3921 10286
3922 10285
3923 10284
3924 10283
3925 10282
3926 7935
3927 7934
3928 7933
3929 7932
3930 7931
3931 7930
3932 7929
3933 7928
3934 7927
3935 7926
3936 7925
3937 7924
3938 7923
3939 7922
3940 7921
3941 7920
3942 8002
3943 8001
3944 8000
3945 7999
3946 7998
3947 7997
3948 7996
3949 7995
3950 8034
3951 8033
3952 8032
3953 8031
3954 8030
3955 8029
3956 8028
3957 8027
3958 8026
3961 9723
3962 9722
3963 9721
3964 9720
3965 9719
3966 9718
3967 9717
3968 9716
3969 9715
3970 9714
3971 9998
3972 9997
3973 9996
3974 9995
3975 9994
3976 9993
3977 9992
3978 9991
3979 9990
3980 9989
3981 9988
3982 9987
3983 9986
3984 9985
3985 9984
3986 9983
3987 9982
3988 9981
3989 9980
3990 9979
3991 9978
3992 9977
3993 9976
3994 9975
3995 9974
3996 9973
3997 9972
3998 9971
3999 9970
4000 9969
4001 9968
4002 9967
4003 9966
4004 9965
4005 9964
4006 9963
4007 10322
4008 10321
4009 10320
4010 10319
4011 10318
4012 10317
4013 10316
4014 10315
4015 10314
4016 10313
4017 10312
4018 10311
4019 10310
4020 10309
4021 8405
4022 8404
4023 8403
4024 8402
4025 8401
4026 8400
4027 8399
4028 8398
4029 8397
4030 8396
4031 8395
4032 8394
4033 8393
4034 13154
4035 13153
4036 13152
4037 13151
4038 13150
4039 13149
4040 13148
4041 13147
4042 13146
4043 8331
4044 8330
4045 8329
4046 8328
4047 8327
4048 8326
4049 8325
4050 8324
4051 8323
4052 13061
4053 13060
4054 13059
4055 13058
4056 13057
4057 13056
4058 13055
4059 13054
4060 13053
4061 13052
4062 13051
4063 12646
4064 12645
4065 12644
4066 12643
4067 12642
4068 12641
4069 12640
4070 12639
4071 12638
4072 12637
4073 12636
4074 12635
4075 12634
4076 12633
4077 12632
4078 12631
4079 12630
4080 12629
4081 12628
4082 12583
4083 12582
4084 12581
4085 12580
4086 12579
4087 12578
4088 12577
4089 12576
4090 12575
4091 12574
4092 12573
4093 12572
4094 12571
4095 8218
4096 8217
4097 8216
4098 8215
4099 8214
4100 8213
4101 8212
4102 8211
4103 8210
4104 8209
4105 8208
4106 8207
4107 8206
4108 8205
4109 8204
4110 8203
4111 8202
4112 8201
4113 8200
4114 12090
4115 12089
4116 12088
4117 12087
4118 12086
4119 12085
4120 12084
4121 12083
4122 12082
4123 12081
4124 12080
4125 12079
4126 12078
4127 12077
4128 12076
4129 12075
4130 12074
4131 12073
4132 12072
4133 12071
4134 8537
4135 8536
4136 8535
4137 8534
4138 8533
4139 8532
4140 8531
4141 8530
4142 8529
4143 8528
4144 8527
4145 8526
4146 8525
4147 8524
4148 8523
4149 8082
4150 8081
4151 8080
4152 8079
4153 8078
4154 8077
4155 8076
4156 8075
4157 9476
4158 9475
4159 9474
4160 9473
4161 9472
4162 9471
4163 9470
4164 9469
4165 9468
4166 9467
4167 9466
4168 9465
4169 9464
4170 9463
4171 9462
4172 9461
4173 11843
4174 11842
4175 11841
4176 11840
4177 11839
4178 11838
4179 11837
4180 11836
4181 11793
4182 11792
4183 11791
4184 11790
4185 11789
4186 11788
4187 11787
4188 11786
4189 11354
4190 11353
4191 11352
4192 11351
4193 11350
4194 11349
4195 11348
4196 11347
4197 11346
4198 11345
4199 11344
4200 11343
4201 11342
4202 11467
4203 11466
4204 11465
4205 11464
4206 11463
4207 11462
4208 11461
4209 11460
4210 11536
4211 11535
4212 11534
4213 11533
4214 11532
4215 11531
4216 11530
4217 11529
4218 11528
4219 11215
4220 11214
4221 11213
4222 11212
4223 11211
4224 11210
4225 11209
4226 11208
4227 11207
4228 11206
4229 11205
4230 11204
4231 11203
4232 11202
4233 11201
4234 11200
4235 11199
4236 11198
4237 11197
4238 11196
4239 11195
4240 11194
4241 11193
4242 11192
4243 11191
4244 11190
4245 11189
4246 11188
4247 11187
4248 11186
4249 11185
4250 11184
4251 11183
4252 11182
4253 11181
4254 10692
4255 10691
4256 10690
4257 10689
4258 10688
4259 10687
4260 10686
4261 9032
4262 9031
4263 9030
4264 9029
4265 9028
4266 9027
4267 9026
4268 9025
4269 9024
4270 9023
4271 9022
4272 9021
4273 9020
4274 9019
4275 9018
4276 9017
4277 9016
4278 9015
4279 9014
4280 9013
4281 9012
4282 9011
4283 9010
4284 9009
4285 9008
4286 7445
4287 7444
4288 7443
4289 7442
4290 7441
4291 7440
4292 7439
4293 7438
4294 7437
4295 7436
4296 7435
4297 7434
4298 7433
4299 7586
4300 7585
4301 7584
4302 7583
4303 7582
4304 7581
4305 7580
4306 7579
4307 7290
4308 7289
4309 7288
4310 7287
4311 7286
4312 7285
4313 7284
4314 7283
4315 7106
4316 7105
4317 7104
4318 7103
4319 7102
4320 7101
4321 7100
4322 7099
4323 7098
4324 7097
4325 7096
4326 7095
4327 7094
4330 8441
4331 8440
4332 8439
4333 8438
4334 8437
4335 8436
4336 8435
4337 8434
4338 8433
4339 8432
4340 8431
4341 8430
4342 8429
4343 8428
4344 8427
4345 8426
4346 8425
4347 8424
4348 7594
4349 7593
4350 7592
4351 7591
4352 7590
4353 7589
4354 7588
4355 7587
4356 7432
4357 7431
4358 7430
4359 7429
4360 7428
4361 7427
4362 7426
4363 7425
4364 9098
4365 9097
4366 9096
4367 9095
4368 9094
4369 9093
4370 9092
4371 9091
4372 9090
4373 9089
4374 9088
4375 9087
4376 9086
4377 9085
4378 9084
4379 9041
4380 9040
4381 9039
4382 9038
4383 9037
4384 9036
4385 9035
4386 9034
4387 9033
4388 10685
4389 10684
4390 10683
4391 10682
4392 10681
4393 10680
4394 10679
4395 10678
4396 10677
4397 10676
4398 10675
4399 10674
4400 10673
4401 10532
4402 10531
4403 10530
4404 10529
4405 10528
4406 10527
4407 10526
4408 10525
4409 10524
4410 10523
4411 10522
4412 10521
4413 10520
4414 10519
4415 10518
4416 10517
4417 10516
4418 10515
4419 10514
4420 10513
4421 10512
4422 10511
4423 10510
4424 10509
4425 10508
4426 10507
4427 11632
4428 11631
4429 11630
4430 11629
4431 11628
4432 11627
4433 11626
4434 11625
4435 11624
4436 11623
4437 11622
4438 11621
4439 11620
4440 11619
4441 11618
4442 11733
4443 11732
4444 11731
4445 11730
4446 11729
4447 11728
4448 11727
4449 11726
4450 11725
4451 11724
4452 11723
4453 11722
4454 11721
4455 11720
4456 11719
4457 11718
4458 11717
4459 9436
4460 9435
4461 9434
4462 9433
4463 9432
4464 9431
4465 9430
4466 9429
4467 9428
4468 9427
4469 9426
4470 9425
4471 9424
4472 9297
4473 9296
4474 9295
4475 9294
4476 9293
4477 9292
4478 9291
4479 9290
4480 9289
4481 8549
4482 8548
4483 8547
4484 8546
4485 8545
4486 8544
4487 8543
4488 8542
4489 8541
4490 8540
4491 8539
4492 8538
4493 12070
4494 12069
4495 12068
4496 12067
4497 12066
4498 12065
4499 12064
4500 12063
4501 12062
4502 12724
4503 12723
4504 12722
4505 12721
4506 12720
4507 12719
4508 12718
4509 12717
4510 12716
4511 12715
4512 12714
4513 12713
4514 12712
4515 12711
4516 12710
4517 12709
4518 12708
4519 12707
4520 12706
4521 12705
4522 12704
4523 12703
4524 12594
4525 12593
4526 12592
4527 12591
4528 12590
4529 12589
4530 12588
4531 12587
4532 12586
4533 12585
4534 12584
4535 12627
4536 12626
4537 12625
4538 12624
4539 12623
4540 12622
4541 12621
4542 12620
4543 12619
4544 12618
4545 12617
4546 13032
4547 13031
4548 13030
4549 13029
4550 13028
4551 13027
4552 13026
4553 13025
4554 12368
4555 12367
4556 12366
4557 12365
4558 12364
4559 12363
4560 12362
4561 12361
4562 12360
4563 12359
4564 12358
4565 12357
4566 12356
4567 12355
4568 12354
4569 12353
4570 12352
4571 12351
4572 12350
4573 12349
4574 12348
4575 12347
4576 10343
4577 10342
4578 10341
4579 10340
4580 10339
4581 10338
4582 10337
4583 10336
4584 10335
4585 10334
4586 10333
4587 10332
4588 10331
4589 10330
4590 10329
4591 10328
4592 10327
4593 10326
4594 10325
4595 10324
4596 10323
4597 9962
4598 9961
4599 9960
4600 9959
4601 9958
4602 9957
4603 9956
4604 9955
4605 9954
4606 9953
4607 9952
4608 9951
4609 9756
4610 9755
4611 9754
4612 9753
4613 9752
4614 9751
4615 9750
4616 9749
4617 9748
4618 9747
4619 9746
4620 9745
4621 9744
4622 9743
4623 9742
4624 9741
4625 9740
4626 9739
4627 9738
4628 9737
4629 9736
4630 9735
4631 9734
4632 9733
4633 9732
4634 9731
4635 9730
4636 9729
4637 9728
4640 8585
4641 8584
4642 8583
4643 8582
4644 8581
4645 8580
4646 8579
4647 8578
4648 8577
4649 9776
4650 9775
4651 9774
4652 9773
4653 9772
4654 9771
4655 9770
4656 9769
4657 9768
4658 9767
4659 9766
4660 9765
4661 9764
4662 9763
4663 9762
4664 9761
4665 9760
4666 9759
4667 9758
4668 9757
4669 9950
4670 9949
4671 9948
4672 9947
4673 9946
4674 9945
4675 9944
4676 9943
4677 9942
4678 9941
4679 9940
4680 9939
4681 9938
4682 9937
4683 10361
4684 10360
4685 10359
4686 10358
4687 10357
4688 10356
4689 10355
4690 10354
4691 10353
4692 10352
4693 10351
4694 10350
4695 10349
4696 10348
4697 10347
4698 10346
4699 10345
4700 10344
4701 12346
4702 12345
4703 12344
4704 12343
4705 12342
4706 12341
4707 12340
4708 12339
4709 12338
4710 12337
4711 12336
4712 12335
4713 12334
4714 12376
4715 12375
4716 12374
4717 12373
4718 12372
4719 12371
4720 12370
4721 12369
4722 13024
4723 13023
4724 13022
4725 13021
4726 13020
4727 13019
4728 13018
4729 13017
4730 13016
4731 13015
4732 13014
4733 13013
4734 13012
4735 13011
4736 8842
4737 8841
4738 8840
4739 8839
4740 8838
4741 8837
4742 8836
4743 8835
4744 8834
4745 8833
4746 8832
4747 8831
4748 8830
4749 8829
4750 8828
4751 8827
4752 8826
4753 12744
4754 12743
4755 12742
4756 12741
4757 12740
4758 12739
4759 12738
4760 12737
4761 12736
4762 12735
4763 12734
4764 12733
4765 12732
4766 12731
4767 12730
4768 12729
4769 12728
4770 12727
4771 12726
4772 12725
4773 12061
4774 12060
4775 12059
4776 12058
4777 12057
4778 12056
4779 12055
4780 12054
4781 12053
4782 12052
4783 12051
4784 8558
4785 8557
4786 8556
4787 8555
4788 8554
4789 8553
4790 8552
4791 8551
4792 8550
4793 9288
4794 9287
4795 9286
4796 9285
4797 9284
4798 9283
4799 9282
4800 9281
4801 9280
4802 9279
4803 9278
4804 9447
4805 9446
4806 9445
4807 9444
4808 9443
4809 9442
4810 9441
4811 9440
4812 9439
4813 9438
4814 9437
4815 11716
4816 11715
4817 11714
4818 11713
4819 11712
4820 11711
4821 11710
4822 11709
4823 11708
4824 11707
4825 11706
4826 11705
4827 11704
4828 11703
4829 11702
4830 11648
4831 11647
4832 11646
4833 11645
4834 11644
4835 11643
4836 11642
4837 11641
4838 11640
4839 11639
4840 11638
4841 11637
4842 11636
4843 11635
4844 11634
4845 11633
4846 10506
4847 10505
4848 10504
4849 10503
4850 10502
4851 10501
4852 10500
4853 10499
4854 10498
4855 10497
4856 10496
4857 10495
4858 10494
4859 10493
4860 10492
4861 10491
4862 10490
4863 10489
4864 10488
4865 10487
4866 10486
4867 10485
4868 10484
4869 10483
4870 10482
4871 10481
4872 10958
4873 10957
4874 10956
4875 10955
4876 10954
4877 10953
4878 10952
4879 10951
4880 10950
4881 10949
4882 10948
4883 10947
4884 10946
4885 10945
4886 10944
4887 10943
4888 9119
4889 9118
4890 9117
4891 9116
4892 9115
4893 9114
4894 9113
4895 9112
4896 9111
4897 9110
4898 9109
4899 9108
4900 9107
4901 9106
4902 9105
4903 9104
4904 9103
4905 9102
4906 9101
4907 9100
4908 9099
4909 7424
4910 7423
4911 7422
4912 7421
4913 7420
4914 7419
4915 7418
4916 7417
4917 7416
4918 7415
4919 7414
4920 7413
4921 7412
4922 7411
4923 7410
4924 7409
4925 7408
4926 7407
4927 7406
4928 7405
4929 7404
4930 7403
4931 7402
4932 7401
4933 7400
4934 7399
4935 8869
4936 8868
4937 8867
4938 8866
4939 8865
4940 8864
4941 8863
4942 8862
4945 7059
4946 7058
4947 7057
4948 7056
4949 7055
4950 7054
4951 7053
4952 7052
4953 7051
4954 7050
4955 7049
4956 7048
4957 7047
4958 7326
4959 7325
4960 7324
4961 7323
4962 7322
4963 7321
4964 7320
4965 7319
4966 7318
4967 7317
4968 7316
4969 7315
4970 7558
4971 7557
4972 7556
4973 7555
4974 7554
4975 7553
4976 7552
4977 7551
4978 7550
4979 9148
4980 9147
4981 9146
4982 9145
4983 9144
4984 9143
4985 9142
4986 9141
4987 9140
4988 9139
4989 9138
4990 9137
4991 9136
4992 9135
4993 9134
4994 9133
4995 9132
4996 9131
4997 9130
4998 9129
4999 9128
5000 9127
5001 9126
5002 9125
5003 9124
5004 9123
5005 9122
5006 9121
5007 9120
5008 10942
5009 10941
5010 10940
5011 10939
5012 10938
5013 10937
5014 10936
5015 10935
5016 10934
5017 10933
5018 10932
5019 10931
5020 10930
5021 10929
5022 10928
5023 10927
5024 11027
5025 11026
5026 11025
5027 11024
5028 11023
5029 11022
5030 11021
5031 11020
5032 11019
5033 11018
5034 11017
5035 11016
5036 11015
5037 11014
5038 11013
5039 11012
5040 11011
5041 11010
5042 11252
5043 11251
5044 11250
5045 11249
5046 11248
5047 11247
5048 11246
5049 11245
5050 11244
5051 11243
5052 11242
5053 11241
5054 11240
5055 11239
5056 11238
5057 11237
5058 11506
5059 11505
5060 11504
5061 11503
5062 11502
5063 11501
5064 11500
5065 11499
5066 11498
5067 11497
5068 11496
5069 11495
5070 11494
5071 11493
5072 11492
5073 11491
5074 11490
5075 11489
5076 11319
5077 11318
5078 11317
5079 11316
5080 11315
5081 11314
5082 11313
5083 11312
5084 11859
5085 11858
5086 11857
5087 11856
5088 11855
5089 11854
5090 11853
5091 11852
5092 11851
5093 11850
5094 11849
5095 11848
5096 11847
5097 11846
5098 11845
5099 11844
5100 9460
5101 9459
5102 9458
5103 9457
5104 9456
5105 9455
5106 9454
5107 9453
5108 9452
5109 9451
5110 9450
5111 9449
5112 9448
5113 9277
5114 9276
5115 9275
5116 9274
5117 9273
5118 9272
5119 9271
5120 9270
5121 9269
5122 9268
5123 9267
5124 9266
5125 9265
5126 9264
5127 9263
5128 9262
5129 8566
5130 8565
5131 8564
5132 8563
5133 8562
5134 8561
5135 8560
5136 8559
5137 12050
5138 12049
5139 12048
5140 12047
5141 12046
5142 12045
5143 12044
5144 12043
5145 12042
5146 12041
5147 12040
5148 12132
5149 12131
5150 12130
5151 12129
5152 12128
5153 12127
5154 12126
5155 12125
5156 12124
5157 12123
5158 8682
5159 8681
5160 8680
5161 8679
5162 8678
5163 8677
5164 8676
5165 8675
5166 8674
5167 8673
5168 8672
5169 12751
5170 12750
5171 12749
5172 12748
5173 12747
5174 12746
5175 12745
5176 8825
5177 8824
5178 8823
5179 8822
5180 8821
5181 8820
5182 8819
5183 8818
5184 8817
5185 8816
5186 8815
5187 8814
5188 8813
5189 8812
5190 8811
5191 12926
5192 12925
5193 12924
5194 12923
5195 12922
5196 12921
5197 12920
5198 12919
5199 12918
5200 12917
5201 12916
5202 12494
5203 12493
5204 12492
5205 12491
5206 12490
5207 12489
5208 12488
5209 12487
5210 12486
5211 12485
5212 12484
5213 12483
5214 12482
5215 12481
5216 12480
5217 12479
5218 12478
5219 12477
5220 12476
5221 12475
5222 12474
5223 12473
5224 12472
5225 12471
5226 12470
5227 12469
5228 12468
5229 12467
5230 12466
5231 12465
5232 12464
5233 12463
5234 12462
5235 12461
5236 12460
5237 12459
5238 12458
5239 12457
5240 12456
5241 12455
5242 13198
5243 13197
5244 13196
5245 13195
5246 13194
5247 13193
5248 13192
5249 13191
5250 13190
5251 13189
5252 13188
5253 13187
5254 13186
5255 13229
5256 13228
5257 13227
5258 13226
5259 13225
5260 13224
5261 13223
5262 13222
5263 13221
5264 10074
5265 10073
5266 10072
5267 10071
5268 10070
5269 10069
5270 10068
5271 10067
5272 10066
5273 10065
5274 10064
5275 10063
5276 10062
5277 10061
5278 10060
5279 10059
5280 10058
5281 10057
5282 10056
5283 10055
5284 10054
5285 10053
5286 9792
5287 9791
5288 9790
5289 9789
5290 9788
5291 9787
5292 9786
5293 9785
5294 9784
5295 9783
5296 9782
5297 9781
5298 9780
5299 9779
5300 9778
5301 9777
5302 8576
5303 8575
5304 8574
5305 8573
5306 8572
5307 8571
5308 8570
5309 8569
5310 8568
5311 8567
5314 8469
5315 8468
5316 8467
5317 8466
5318 8465
5319 8464
5320 8463
5321 8462
5322 8461
5323 8460
5324 8459
5325 8458
5326 8457
5327 9906
5328 9905
5329 9904
5330 9903
5331 9902
5332 9901
5333 9900
5334 9899
5335 9898
5336 9897
5337 9896
5338 9895
5339 9894
5340 9893
5341 9892
5342 9891
5343 9890
5344 9889
5345 9888
5346 9887
5347 9886
5348 9885
5349 9884
5350 9883
5351 9882
5352 10084
5353 10083
5354 10082
5355 10081
5356 10080
5357 10079
5358 10078
5359 10077
5360 10076
5361 10075
5362 13220
5363 13219
5364 13218
5365 13217
5366 13216
5367 13215
5368 13214
5369 13213
5370 13212
5371 13211
5372 13210
5373 13209
5374 13208
5375 13207
5376 13206
5377 13205
5378 13204
5379 13203
5380 13202
5381 13201
5382 13200
5383 13199
5384 12454
5385 12453
5386 12452
5387 12451
5388 12450
5389 12449
5390 12448
5391 12325
5392 12324
5393 12323
5394 12322
5395 12321
5396 12320
5397 12319
5398 12318
5399 12317
5400 12316
5401 12315
5402 12314
5403 12313
5404 12312
5405 12311
5406 12310
5407 12309
5408 12308
5409 12307
5410 12306
5411 12305
5412 12304
5413 12303
5414 12302
5415 12301
5416 12945
5417 12944
5418 12943
5419 12942
5420 12941
5421 12940
5422 12939
5423 12938
5424 12937
5425 12936
5426 12935
5427 12934
5428 12933
5429 12932
5430 12931
5431 12930
5432 12929
5433 12928
5434 12927
5435 8861
5436 8860
5437 8859
5438 8858
5439 8857
5440 8856
5441 8855
5442 8854
5443 12765
5444 12764
5445 12763
5446 12762
5447 12761
5448 12760
5449 12759
5450 12758
5451 12757
5452 12756
5453 12755
5454 12754
5455 12753
5456 12752
5457 8766
5458 8765
5459 8764
5460 8763
5461 8762
5462 8761
5463 8760
5464 8759
5465 8758
5466 8757
5467 8756
5468 8755
5469 12140
5470 12139
5471 12138
5472 12137
5473 12136
5474 12135
5475 12134
5476 12133
5477 12039
5478 12038
5479 12037
5480 12036
5481 12035
5482 12034
5483 12033
5484 12032
5485 12031
5486 12030
5487 12029
5488 12028
5489 12027
5490 12026
5491 12025
5492 12024
5493 12023
5494 12022
5495 11968
5496 11967
5497 11966
5498 11965
5499 11964
5500 11963
5501 11962
5502 11961
5503 11960
5504 11959
5505 11958
5506 11957
5507 11956
5508 11955
5509 11954
5510 11953
5511 11952
5512 11951
5513 11950
5514 11949
5515 11948
5516 11947
5517 11946
5518 11945
5519 11944
5520 11943
5521 11942
5522 11941
5523 11940
5524 9588
5525 9587
5526 9586
5527 9585
5528 9584
5529 9583
5530 9582
5531 9581
5532 11867
5533 11866
5534 11865
5535 11864
5536 11863
5537 11862
5538 11861
5539 11860
5540 11311
5541 11310
5542 11309
5543 11308
5544 11307
5545 11306
5546 11305
5547 11304
5548 11303
5549 11302
5550 11301
5551 11300
5552 11299
5553 11298
5554 11297
5555 11296
5556 11295
5557 11294
5558 11293
5559 11292
5560 11291
5561 11290
5562 11289
5563 11288
5564 11287
5565 11286
5566 11268
5567 11267
5568 11266
5569 11265
5570 11264
5571 11263
5572 11262
5573 11261
5574 11260
5575 11259
5576 11258
5577 11257
5578 11256
5579 11255
5580 11254
5581 11253
5582 11009
5583 11008
5584 11007
5585 11006
5586 11005
5587 11004
5588 11003
5589 11073
5590 11072
5591 11071
5592 11070
5593 11069
5594 11068
5595 11067
5596 11066
5597 11065
5598 11064
5599 11063
5600 11062
5601 11061
5602 11060
5603 11059
5604 11058
5605 10894
5606 10893
5607 10892
5608 10891
5609 10890
5610 10889
5611 10888
5612 10887
5613 10886
5614 10885
5615 10884
5616 10883
5617 10882
5618 10881
5619 9174
5620 9173
5621 9172
5622 9171
5623 9170
5624 9169
5625 9168
5626 9167
5627 9166
5628 9165
5629 9164
5630 9163
5631 9162
5632 9161
5633 9160
5634 9159
5635 9158
5636 9157
5637 9156
5638 9155
5639 9154
5640 9153
5641 9152
5642 9151
5643 9150
5644 9149
5645 7549
5646 7548
5647 7547
5648 7546
5649 7545
5650 7544
5651 7543
5652 7542
5653 7541
5654 7540
5655 7539
5656 7538
5657 7537
5658 7334
5659 7333
5660 7332
5661 7331
5662 7330
5663 7329
5664 7328
5665 7327
5666 7046
5667 7045
5668 7044
5669 7043
5670 7042
5671 7041
5672 7040
5673 7039
5674 7038
5675 7037
5676 7036
5677 7035
5678 7034
5681 8877
5682 8876
5683 8875
5684 8874
5685 8873
5686 8872
5687 8871
5688 8870
5689 7398
5690 7397
5691 7396
5692 7395
5693 7394
5694 7393
5695 7392
5696 7391
5697 7390
5698 7389
5699 7388
5700 7387
5701 7386
5702 7385
5703 7384
5704 7383
5705 8901
5706 8900
5707 8899
5708 8898
5709 8897
5710 8896
5711 8895
5712 8894
5713 8893
5714 8892
5715 8923
5716 8922
5717 8921
5718 8920
5719 8919
5720 8918
5721 8917
5722 8916
5723 8915
5724 8914
5725 8913
5726 8943
5727 8942
5728 8941
5729 8940
5730 8939
5731 8938
5732 8937
5733 8936
5734 8935
5735 8934
5736 8963
5737 8962
5738 8961
5739 8960
5740 8959
5741 8958
5742 8957
5743 8956
5744 8955
5745 8954
5746 10964
5747 10963
5748 10962
5749 10961
5750 10960
5751 10959
5752 10480
5753 10479
5754 10478
5755 10477
5756 10476
5757 10475
5758 10474
5759 10473
5760 10472
5761 10471
5762 10470
5763 10469
5764 10468
5765 10467
5766 10466
5767 10465
5768 10464
5769 10463
5770 10462
5771 10461
5772 10460
5773 10459
5774 10458
5775 10457
5776 10456
5777 10455
5778 11664
5779 11663
5780 11662
5781 11661
5782 11660
5783 11659
5784 11658
5785 11657
5786 11656
5787 11655
5788 11654
5789 11653
5790 11652
5791 11651
5792 11650
5793 11649
5794 11701
5795 11700
5796 11699
5797 11698
5798 11697
5799 11696
5800 11695
5801 11694
5802 11693
5803 11692
5804 11691
5805 11690
5806 11689
5807 11688
5808 11687
5809 11686
5810 8985
5811 8984
5812 8983
5813 8982
5814 8981
5815 8980
5816 8979
5817 8978
5818 8977
5819 8976
5820 8975
5821 11980
5822 11979
5823 11978
5824 11977
5825 11976
5826 11975
5827 11974
5828 11973
5829 11972
5830 11971
5831 11970
5832 11969
5833 12021
5834 12020
5835 12019
5836 12018
5837 12017
5838 12016
5839 12015
5840 12014
5841 12800
5842 12799
5843 12798
5844 12797
5845 12796
5846 12795
5847 12794
5848 12793
5849 12792
5850 12791
5851 12790
5852 12789
5853 12788
5854 12787
5855 12786
5856 12785
5857 12784
5858 12783
5859 12782
5860 12781
5861 12780
5862 12779
5863 12778
5864 12777
5865 12776
5866 12775
5867 12774
5868 12773
5869 12772
5870 12771
5871 12770
5872 12769
5873 12768
5874 12767
5875 12766
5876 8853
5877 8852
5878 8851
5879 8850
5880 8849
5881 8848
5882 8847
5883 8846
5884 8845
5885 8844
5886 8843
5887 13010
5888 13009
5889 13008
5890 13007
5891 13006
5892 13005
5893 13004
5894 13003
5895 12390
5896 12389
5897 12388
5898 12387
5899 12386
5900 12385
5901 12384
5902 12383
5903 12382
5904 12381
5905 12380
5906 12379
5907 12378
5908 12377
5909 12333
5910 12332
5911 12331
5912 12330
5913 12329
5914 12328
5915 12327
5916 12326
5917 12447
5918 12446
5919 12445
5920 12444
5921 12443
5922 12442
5923 12441
5924 12440
5925 12439
5926 10375
5927 10374
5928 10373
5929 10372
5930 10371
5931 10370
5932 10369
5933 10368
5934 10367
5935 10366
5936 10365
5937 10364
5938 10363
5939 10362
5940 9936
5941 9935
5942 9934
5943 9933
5944 9932
5945 9931
5946 9930
5947 9929
5948 9928
5949 9927
5950 9926
5951 9925
5952 9924
5953 9923
5954 9922
5955 9921
5956 9920
5957 9919
5958 9918
5959 9917
5960 9916
5961 9915
5962 9914
5963 9913
5964 9912
5965 9911
5966 9910
5967 9909
5968 9908
5969 9907
5970 8456
5971 8455
5972 8454
5973 8453
5974 8452
5975 8451
5976 8450
5977 8449
5978 8448
5979 8447
5980 8446
5983 10430
5984 10429
5985 10428
5986 10427
5987 10426
5988 10425
5989 10424
5990 10423
5991 10422
5992 10421
5993 10420
5994 10419
5995 10418
5996 10417
5997 10416
5998 10415
5999 10414
6000 10413
6001 10412
6002 10411
6003 10410
6004 10409
6005 10408
6006 10407
6007 10406
6008 10405
6009 10404
6010 10403
6011 10402
6012 10401
6013 10400
6014 10399
6015 10398
6016 10397
6017 10396
6018 10395
6019 10394
6020 10393
6021 10392
6022 10391
6023 10390
6024 10389
6025 10388
6026 10387
6027 10386
6028 10385
6029 10384
6030 10383
6031 10382
6032 10381
6033 10380
6034 10379
6035 10378
6036 10377
6037 10376
6038 13303
6039 13302
6040 13301
6041 13300
6042 13299
6043 13298
6044 13297
6045 13296
6046 13295
6047 12411
6048 12410
6049 12409
6050 12408
6051 12407
6052 12406
6053 12405
6054 12404
6055 12403
6056 12402
6057 12401
6058 12400
6059 12399
6060 12398
6061 12397
6062 12396
6063 12395
6064 12394
6065 12393
6066 12392
6067 12391
6068 13002
6069 13001
6070 13000
6071 12999
6072 12998
6073 12997
6074 12996
6075 12995
6076 12994
6077 12993
6078 12992
6079 12991
6080 12259
6081 12258
6082 12257
6083 12256
6084 12255
6085 12254
6086 12253
6087 12252
6088 12251
6089 12832
6090 12831
6091 12830
6092 12829
6093 12828
6094 12827
6095 12826
6096 12825
6097 12824
6098 12823
6099 12822
6100 12821
6101 12820
6102 12819
6103 12818
6104 12817
6105 12816
6106 12815
6107 12814
6108 12813
6109 12812
6110 12811
6111 12810
6112 12809
6113 12808
6114 12807
6115 12806
6116 12805
6117 12804
6118 12803
6119 12802
6120 12801
6121 12250
6122 12249
6123 12248
6124 12247
6125 12246
6126 12245
6127 12244
6128 12243
6129 12242
6130 12241
6131 12240
6132 12239
6133 11988
6134 11987
6135 11986
6136 11985
6137 11984
6138 11983
6139 11982
6140 11981
6141 8974
6142 8973
6143 8972
6144 8971
6145 8970
6146 8969
6147 8968
6148 8967
6149 8966
6150 8965
6151 8964
6152 11939
6153 11938
6154 11937
6155 11936
6156 11935
6157 11934
6158 11933
6159 11932
6160 11931
6161 11930
6162 11929
6163 11928
6164 11927
6165 11926
6166 11925
6167 11924
6168 11923
6169 11922
6170 11921
6171 11920
6172 11919
6173 11918
6174 11917
6175 11672
6176 11671
6177 11670
6178 11669
6179 11668
6180 11667
6181 11666
6182 11665
6183 11285
6184 11284
6185 11283
6186 11282
6187 11281
6188 11280
6189 11279
6190 11278
6191 11277
6192 10987
6193 10986
6194 10985
6195 10984
6196 10983
6197 10982
6198 10981
6199 10980
6200 10979
6201 10978
6202 10977
6203 10976
6204 10975
6205 10974
6206 10973
6207 10972
6208 10971
6209 10970
6210 10969
6211 10968
6212 10967
6213 10966
6214 10965
6215 8953
6216 8952
6217 8951
6218 8950
6219 8949
6220 8948
6221 8947
6222 8946
6223 8945
6224 8944
6225 8933
6226 8932
6227 8931
6228 8930
6229 8929
6230 8928
6231 8927
6232 8926
6233 8925
6234 8924
6235 8912
6236 8911
6237 8910
6238 8909
6239 8908
6240 8907
6241 8906
6242 8905
6243 8904
6244 8903
6245 8902
6246 8891
6247 8890
6248 8889
6249 8888
6250 8887
6251 8886
6252 8885
6253 8884
6254 8883
6255 8882
6256 7382
6257 7381
6258 7380
6259 7379
6260 7378
6261 7377
6262 7376
6263 7375
6264 7374
6265 7373
6266 7372
6267 7371
6268 7370
6269 6987
6270 6986
6271 6985
6272 6984
6273 6983
6274 6982
6275 6981
6276 6980
6277 6979
6278 6978
6279 6977
6282 6999
6283 6998
6284 6997
6285 6996
6286 6995
6287 6994
6288 6993
6289 6992
6290 6991
6291 6990
6292 6989
6293 6988
6294 7369
6295 7368
6296 7367
6297 7366
6298 7365
6299 7364
6300 7363
6301 7362
6302 7361
6303 7360
6304 7359
6305 7358
6306 7517
6307 7516
6308 7515
6309 7514
6310 7513
6311 7512
6312 7511
6313 7510
6314 7509
6315 7508
6316 7507
6317 7506
6318 7505
6319 7504
6320 7503
6321 7502
6322 7501
6323 7500
6324 7499
6325 9191
6326 9190
6327 9189
6328 9188
6329 9187
6330 9186
6331 9185
6332 9184
6333 9183
6334 9182
6335 9181
6336 9180
6337 9179
6338 9178
6339 9177
6340 9176
6341 9175
6342 10880
6343 10879
6344 10878
6345 10877
6346 10876
6347 10875
6348 10874
6349 10873
6350 10872
6351 9218
6352 9217
6353 9216
6354 9215
6355 9214
6356 9213
6357 9212
6358 9211
6359 9210
6360 11085
6361 11084
6362 11083
6363 11082
6364 11081
6365 11080
6366 11079
6367 11078
6368 11077
6369 11076
6370 11075
6371 11074
6372 11002
6373 11001
6374 11000
6375 10999
6376 10998
6377 10997
6378 10996
6379 10995
6380 10994
6381 10993
6382 10992
6383 10991
6384 10990
6385 10989
6386 10988
6387 11276
6388 11275
6389 11274
6390 11273
6391 11272
6392 11271
6393 11270
6394 11269
6395 11685
6396 11684
6397 11683
6398 11682
6399 11681
6400 11680
6401 11679
6402 11678
6403 11677
6404 11676
6405 11675
6406 11674
6407 11673
6408 11916
6409 11915
6410 11914
6411 11913
6412 11912
6413 11911
6414 11910
6415 11909
6416 11908
6417 11907
6418 11906
6419 11905
6420 11904
6421 11903
6422 11902
6423 11901
6424 9600
6425 9599
6426 9598
6427 9597
6428 9596
6429 9595
6430 9594
6431 9593
6432 9592
6433 9591
6434 9590
6435 9589
6436 12013
6437 12012
6438 12011
6439 12010
6440 12009
6441 12008
6442 12007
6443 12006
6444 12005
6445 12004
6446 12003
6447 12002
6448 12001
6449 12000
6450 11999
6451 11998
6452 11997
6453 11996
6454 11995
6455 11994
6456 11993
6457 11992
6458 11991
6459 11990
6460 11989
6461 12238
6462 12237
6463 12236
6464 12235
6465 12234
6466 12233
6467 12232
6468 12231
6469 12230
6470 12229
6471 12228
6472 12227
6473 12226
6474 12225
6475 12224
6476 12181
6477 12180
6478 12179
6479 12178
6480 12177
6481 12176
6482 12175
6483 12174
6484 12173
6485 12172
6486 12171
6487 12170
6488 12169
6489 12168
6490 12167
6491 12166
6492 12165
6493 12164
6494 12163
6495 12850
6496 12849
6497 12848
6498 12847
6499 12846
6500 12845
6501 12844
6502 12843
6503 12842
6504 12841
6505 12840
6506 12839
6507 12838
6508 12837
6509 12836
6510 12835
6511 12834
6512 12833
6513 12271
6514 12270
6515 12269
6516 12268
6517 12267
6518 12266
6519 12265
6520 12264
6521 12263
6522 12262
6523 12261
6524 12260
6525 12990
6526 12989
6527 12988
6528 12987
6529 12986
6530 12985
6531 12984
6532 12983
6533 12982
6534 12981
6535 12980
6536 12979
6537 12978
6538 12977
6539 12438
6540 12437
6541 12436
6542 12435
6543 12434
6544 12433
6545 12432
6546 12431
6547 12430
6548 12429
6549 12428
6550 12427
6551 12426
6552 12425
6553 12424
6554 12423
6555 12422
6556 12421
6557 12420
6558 12419
6559 12418
6560 12417
6561 12416
6562 12415
6563 12414
6564 12413
6565 12412
6566 13294
6567 13293
6568 13292
6569 13291
6570 13290
6571 13289
6572 13288
6573 13287
6574 13286
6575 13285
6576 13284
6577 13283
6578 13282
6579 13281
6580 13280
6581 13279
6582 9661
6583 9660
6584 9659
6585 9658
6586 9657
6587 9656
6588 9655
6589 9654
6590 9653
6591 9652
6592 9681
6593 9680
6594 9679
6595 9678
6596 9677
6597 9676
6598 9675
6599 9674
6600 9673
6601 9672
6602 9702
6603 9701
6604 9700
6605 9699
6606 9698
6607 9697
6608 9696
6609 9695
6610 9694
6611 9693
6612 9858
6613 9857
6614 9856
6615 9855
6616 9854
6617 9853
6618 9852
6619 9851
6620 9850
6621 9849
6622 9848
6623 9847
6624 9846
6625 9845
6626 9844
6627 9843
6628 9842
6629 9841
6630 9840
6631 9839
6632 10443
6633 10442
6634 10441
6635 10440
6636 10439
6637 10438
6638 10437
6639 10436
6640 10435
