1 9729
2 9728
3 9727
4 9726
5 9725
6 9724
7 9723
8 9722
9 9721
10 9720
11 9719
12 9718
13 9717
14 9716
15 9715
16 9451
17 9450
18 9449
19 9448
20 9447
21 9446
22 9445
23 9444
24 9443
25 9442
26 9441
27 9440
28 9439
29 9438
30 9437
31 9436
32 9435
33 9434
34 9433
35 9926
36 9925
37 9924
38 9923
39 9922
40 9921
41 9920
42 9919
43 9918
44 10136
45 10135
46 10134
47 10133
48 10132
49 10131
50 10130
51 10129
52 10128
53 10127
54 10126
55 10125
56 10173
57 10172
58 10171
59 10170
60 10169
61 10168
62 10167
63 10166
64 10165
65 10164
66 10163
67 10162
68 10161
69 10160
70 10159
71 10158
72 10157
73 10156
74 10155
75 10154
76 10153
77 10152
78 10853
79 10852
80 10851
81 10850
82 10849
83 10848
84 10847
85 10846
86 10845
87 10844
88 8510
89 8509
90 8508
91 8507
92 8506
93 8505
94 8504
95 8503
96 8502
97 8501
98 10972
99 10971
100 10970
101 10969
102 10968
103 10967
104 10966
105 10965
106 10964
107 10963
108 10962
109 10961
110 10960
111 10959
112 11000
113 10999
114 10998
115 10997
116 10996
117 10995
118 10994
119 8595
120 8594
121 8593
122 8592
123 8591
124 8590
125 8589
126 8588
127 8587
128 8586
129 8585
130 8584
131 8583
132 8582
133 8581
134 8580
135 8579
136 8578
137 8577
138 8576
139 8575
140 8574
141 11318
142 11317
143 11316
144 11315
145 11314
146 11313
147 11312
148 11311
149 11310
150 11309
151 11308
152 11307
153 11306
154 11305
155 11304
156 11303
157 11302
158 11301
159 11300
160 11299
161 11298
162 11297
163 11296
164 9752
165 9751
166 9750
167 9749
168 9748
169 9747
170 9746
171 9745
172 9744
173 9743
174 9742
175 12473
176 12472
177 12471
178 12470
179 12469
180 12468
181 12467
182 12466
183 12465
184 12464
185 12463
186 12462
187 12461
188 12460
189 12459
190 12458
191 12457
192 12456
193 12174
194 12173
195 12172
196 12171
197 12170
198 12169
199 12168
200 12167
201 12166
202 12165
203 12164
204 12163
205 12162
206 12161
207 12160
208 12159
209 12158
210 12157
211 12156
212 12155
213 12154
214 12153
215 12152
216 12151
217 12150
218 12149
219 12148
220 12147
221 12146
222 12145
223 12144
224 12143
225 12142
226 9773
227 9772
228 9771
229 9770
230 9769
231 9768
232 9767
233 9766
234 9765
235 9764
236 13214
237 13213
238 13212
239 13211
240 13210
241 13209
242 13208
243 13207
244 13206
245 13205
246 13204
247 13203
248 13202
249 13201
250 13200
251 13199
252 13198
253 13197
254 13196
255 13195
256 13194
257 8701
258 8700
259 8699
260 8698
261 8697
262 8696
263 8695
264 8694
265 8693
266 8692
267 8691
268 8690
269 9794
270 9793
271 9792
272 9791
273 9790
274 9789
275 9788
276 9787
277 9786
278 9785
279 9815
280 9814
281 9813
282 9812
283 9811
284 9810
285 9809
286 9808
287 9807
288 9806
289 8828
290 8827
291 8826
292 8825
293 8824
294 8823
295 8822
296 8821
297 8820
298 8819
299 8860
300 8859
301 8858
302 8857
303 8856
304 8855
305 8854
306 8853
307 8852
308 8851
309 13288
310 13287
311 13286
312 13285
313 13284
314 13283
315 13282
316 13281
317 13280
320 8918
321 8917
322 8916
323 8915
324 8914
325 8913
326 8912
327 8911
328 8870
329 8869
330 8868
331 8867
332 8866
333 8865
334 8864
335 8863
336 8862
337 8861
338 8818
339 8817
340 8816
341 8815
342 8814
343 8813
344 8812
345 8811
346 8810
347 8809
348 8808
349 7812
350 7811
351 7810
352 7809
353 7808
354 7807
355 7806
356 7805
357 7804
358 7803
359 7802
360 7801
361 7800
362 7799
363 7798
364 7797
365 7796
366 7795
367 7794
368 8712
369 8711
370 8710
371 8709
372 8708
373 8707
374 8706
375 8705
376 8704
377 8703
378 8702
379 13193
380 13192
381 13191
382 13190
383 13189
384 13188
385 13187
386 13186
387 13185
388 13184
389 13183
390 13182
391 13181
392 13180
393 13179
394 13178
395 13177
396 13176
397 13175
398 13174
399 13173
400 13172
401 13171
402 12118
403 12117
404 12116
405 12115
406 12114
407 12113
408 12112
409 12111
410 12110
411 12109
412 12108
413 12107
414 12106
415 12105
416 12104
417 12103
418 12102
419 12101
420 12100
421 12099
422 12098
423 12097
424 12096
425 12095
426 12094
427 12093
428 12092
429 12091
430 12090
431 12089
432 12088
433 12087
434 12182
435 12181
436 12180
437 12179
438 12178
439 12177
440 12176
441 12175
442 12455
443 12454
444 12453
445 12452
446 12451
447 12450
448 12449
449 12448
450 12447
451 12446
452 12445
453 12444
454 12402
455 12401
456 12400
457 12399
458 12398
459 12397
460 12396
461 12395
462 12394
463 12393
464 12392
465 12391
466 12390
467 12389
468 12388
469 12387
470 12386
471 12385
472 12384
473 12383
474 12382
475 12381
476 12380
477 8978
478 8977
479 8976
480 8975
481 8974
482 8973
483 8972
484 8971
485 8970
486 11326
487 11325
488 11324
489 11323
490 11322
491 11321
492 11320
493 11319
494 8573
495 8572
496 8571
497 8570
498 8569
499 8568
500 8567
501 8566
502 8565
503 8564
504 8563
505 8562
506 8561
507 8518
508 8517
509 8516
510 8515
511 8514
512 8513
513 8512
514 8511
515 10993
516 10992
517 10991
518 10990
519 10989
520 10988
521 10987
522 10986
523 10985
524 10984
525 10983
526 10982
527 10981
528 10980
529 10979
530 10978
531 10977
532 10976
533 10975
534 10974
535 10973
536 8500
537 8499
538 8498
539 8497
540 8496
541 8495
542 8494
543 8493
544 8492
545 8491
546 10843
547 10842
548 10841
549 10840
550 10839
551 10838
552 10837
553 10836
554 10835
555 10834
556 10833
557 10832
558 10831
559 10830
560 10829
561 10828
562 10189
563 10188
564 10187
565 10186
566 10185
567 10184
568 10183
569 10182
570 10181
571 10180
572 10179
573 10178
574 10177
575 10176
576 10175
577 10174
578 10124
579 10123
580 10122
581 10121
582 10120
583 10119
584 9941
585 9940
586 9939
587 9938
588 9937
589 9936
590 9935
591 9934
592 9933
593 9932
594 9931
595 9930
596 9929
597 9928
598 9927
599 9432
600 9431
601 9430
602 9429
603 9428
604 9427
605 9426
606 9425
607 9424
608 9423
609 9422
610 9421
611 9420
612 9691
613 9690
614 9689
615 9688
616 9687
617 9686
618 9685
619 9684
620 9683
621 9682
622 9681
623 9680
624 9679
625 9678
626 9677
627 9676
628 9675
629 9674
630 9673
631 9672
632 9671
635 9354
636 9353
637 9352
638 9351
639 9350
640 9349
641 9348
642 9347
643 9706
644 9705
645 9704
646 9703
647 9702
648 9701
649 9700
650 9699
651 9698
652 9697
653 9696
654 9695
655 9694
656 9693
657 9692
658 9419
659 9418
660 9417
661 9416
662 9415
663 9414
664 9413
665 9412
666 9411
667 9410
668 9409
669 9849
670 9848
671 9847
672 9846
673 9845
674 9844
675 9843
676 9842
677 9841
678 9840
679 9839
680 9838
681 9837
682 9836
683 9835
684 9834
685 9833
686 9832
687 9831
688 9830
689 9829
690 9828
691 9827
692 9826
693 10227
694 10226
695 10225
696 10224
697 10223
698 10222
699 10221
700 10220
701 10219
702 10218
703 10217
704 10216
705 10215
706 10214
707 10213
708 10212
709 10211
710 10210
711 10374
712 10373
713 10372
714 10371
715 10370
716 10369
717 10368
718 10367
719 10366
720 10365
721 10364
722 10363
723 10362
724 10361
725 10360
726 10359
727 10358
728 10357
729 10356
730 10355
731 10354
732 10353
733 10352
734 10351
735 10350
736 10349
737 10348
738 10347
739 10346
740 10345
741 10344
742 10343
743 10342
744 10341
745 10340
746 10339
747 10338
748 10337
749 10336
750 10335
751 10334
752 10333
753 10332
754 10331
755 10330
756 10329
757 10328
758 10950
759 10949
760 10948
761 10947
762 10946
763 10945
764 10944
765 10943
766 8956
767 8955
768 8954
769 8953
770 8952
771 8951
772 8950
773 8949
774 8526
775 8525
776 8524
777 8523
778 8522
779 8521
780 8520
781 8519
782 8560
783 8559
784 8558
785 8557
786 8556
787 8555
788 8554
789 8553
790 8552
791 8551
792 8550
793 8549
794 8548
795 11338
796 11337
797 11336
798 11335
799 11334
800 11333
801 11332
802 11331
803 11330
804 11329
805 11328
806 11327
807 9038
808 9037
809 810
811 9034
812 9033
813 9032
814 9031
815 9030
816 9029
817 9028
818 9027
819 11651
820 11650
821 11649
822 11648
823 11647
824 11646
825 11645
826 11644
827 11643
828 11642
829 11641
830 11640
831 11639
832 11638
833 11637
834 11636
835 11635
836 11634
837 11633
838 12410
839 12409
840 12408
841 12407
842 12406
843 12405
844 12404
845 12403
846 12443
847 12442
848 12441
849 12440
850 12439
851 12438
852 12437
853 12436
854 12435
855 12434
856 857
858 12431
859 11838
860 11837
861 11836
862 11835
863 11834
864 11833
865 11832
866 11831
867 11830
868 11829
869 11828
870 11827
871 11826
872 11825
873 11824
874 11823
875 11822
876 11821
877 11820
878 11819
879 11818
880 11817
881 11816
882 12652
883 12651
884 12650
885 12649
886 12648
887 12647
888 12646
889 12645
890 12644
891 12643
892 12642
893 12134
894 12133
895 12132
896 12131
897 12130
898 12129
899 12128
900 12127
901 12126
902 12125
903 12124
904 12123
905 12122
906 12121
907 12120
908 12119
909 13170
910 13169
911 13168
912 13167
913 13166
914 13165
915 13164
916 13163
917 13162
918 13161
919 13160
920 13159
921 13158
922 13157
923 13156
924 13155
925 13154
926 13153
927 13152
928 13151
929 13150
930 13149
931 13148
932 13147
933 13146
934 8728
935 8727
936 8726
937 8725
938 8724
939 8723
940 8722
941 8721
942 8720
943 8719
944 8718
945 8717
946 8716
947 8715
948 8714
949 8713
950 7793
951 7792
952 7791
953 7790
954 7789
955 7788
956 7787
957 7786
958 7785
959 7784
960 7783
961 7782
962 7781
963 7780
964 7819
965 7818
966 7817
967 7816
968 7815
969 7814
970 7813
971 8807
972 8806
973 8805
974 8804
975 8803
976 8802
977 8801
978 8800
979 8799
980 8798
981 8797
982 8796
983 8795
984 8794
985 8793
986 8792
987 8878
988 8877
989 8876
990 8875
991 8874
992 8873
993 8872
994 8871
995 8910
996 8909
997 8908
998 8907
999 8906
1000 8905
1001 8904
1002 8903
1003 8902
1006 7433
1007 7432
1008 7431
1009 7430
1010 7429
1011 7428
1012 7427
1013 7426
1014 7425
1015 7424
1016 7472
1017 7471
1018 7470
1019 7469
1020 7468
1021 7467
1022 7466
1023 7465
1024 7464
1025 7463
1026 7462
1027 7461
1028 7460
1029 7459
1030 7835
1031 7834
1032 7833
1033 7832
1034 7831
1035 7830
1036 7829
1037 7828
1038 7827
1039 7826
1040 7825
1041 7824
1042 7823
1043 7822
1044 7821
1045 7820
1046 7779
1047 7778
1048 7777
1049 7776
1050 7775
1051 7774
1052 7773
1053 7772
1054 13061
1055 13060
1056 13059
1057 13058
1058 13057
1059 13056
1060 13055
1061 13054
1062 13053
1063 12750
1064 12749
1065 12748
1066 12747
1067 12746
1068 12745
1069 12744
1070 12743
1071 12742
1072 12741
1073 12740
1074 12739
1075 12738
1076 12737
1077 12736
1078 12735
1079 12734
1080 12733
1081 12732
1082 12731
1083 12730
1084 12729
1085 12728
1086 12727
1087 12726
1088 8483
1089 8482
1090 8481
1091 8480
1092 8479
1093 8478
1094 8477
1095 8476
1096 8475
1097 8474
1098 8473
1099 8472
1100 8471
1101 8470
1102 8469
1103 8468
1104 8467
1105 8466
1106 8383
1107 8382
1108 8381
1109 8380
1110 8379
1111 8378
1112 8377
1113 8376
1114 8375
1115 11726
1116 11725
1117 11724
1118 11723
1119 11722
1120 11721
1121 11720
1122 11719
1123 11718
1124 11717
1125 11716
1126 11715
1127 11714
1128 11713
1129 11712
1130 11711
1131 11710
1132 11709
1133 11708
1134 11707
1135 11706
1136 11705
1137 11704
1138 11703
1139 11702
1140 11701
1141 11848
1142 11847
1143 11846
1144 11845
1145 11844
1146 11843
1147 11842
1148 11841
1149 11840
1150 11839
1151 12430
1152 12429
1153 12428
1154 12427
1155 12426
1156 12425
1157 12424
1158 12423
1159 12422
1160 12421
1161 12420
1162 12419
1163 12418
1164 12417
1165 12416
1166 12415
1167 12414
1168 12413
1169 12412
1170 12411
1171 11632
1172 11631
1173 11630
1174 11629
1175 11628
1176 11627
1177 11626
1178 11625
1179 12369
1180 12368
1181 12367
1182 12366
1183 12365
1184 12364
1185 12363
1186 12362
1187 12361
1188 12360
1189 12359
1190 12358
1191 12357
1192 12356
1193 12355
1194 8994
1195 8993
1196 8992
1197 8991
1198 8990
1199 8989
1200 8988
1201 11350
1202 11349
1203 11348
1204 11347
1205 11346
1206 11345
1207 11344
1208 11343
1209 11342
1210 11341
1211 11340
1212 11339
1213 8547
1214 8546
1215 8545
1216 8544
1217 8543
1218 8542
1219 8541
1220 8540
1221 8539
1222 8538
1223 8537
1224 8536
1225 8535
1226 8534
1227 8533
1228 8532
1229 8531
1230 8530
1231 8529
1232 8528
1233 8527
1234 8948
1235 8947
1236 8946
1237 8945
1238 8944
1239 8943
1240 8942
1241 8941
1242 8940
1243 8939
1244 8938
1245 8937
1246 10610
1247 10609
1248 10608
1249 10607
1250 10606
1251 10605
1252 10604
1253 10603
1254 10602
1255 10601
1256 10600
1257 10599
1258 10598
1259 10597
1260 10596
1261 10595
1262 10594
1263 10593
1264 10592
1265 10591
1266 10590
1267 10589
1268 10588
1269 10587
1270 10586
1271 10585
1272 10584
1273 10583
1274 10582
1275 10581
1276 10580
1277 10579
1278 10578
1279 10577
1280 10819
1281 10818
1282 10817
1283 10816
1284 10815
1285 10814
1286 10813
1287 10812
1288 10811
1289 10382
1290 10381
1291 10380
1292 10379
1293 10378
1294 10377
1295 10376
1296 10375
1297 10209
1298 10208
1299 10207
1300 10206
1301 10205
1302 10204
1303 10203
1304 10202
1305 10108
1306 10107
1307 10106
1308 10105
1309 10104
1310 10103
1311 10102
1312 10101
1313 10100
1314 10099
1315 10098
1316 10097
1317 10096
1318 10095
1319 10094
1320 10093
1321 10092
1322 10091
1323 10090
1324 10089
1325 10088
1326 10087
1327 10086
1328 10085
1329 10084
1330 10083
1331 9857
1332 9856
1333 9855
1334 9854
1335 9853
1336 9852
1337 9851
1338 9850
1339 9408
1340 9407
1341 9406
1342 9405
1343 9404
1344 9403
1345 9402
1346 9401
1347 9400
1348 9399
1349 9398
1350 9397
1351 9396
1352 9395
1353 9394
1354 9393
1355 9392
1356 9391
1357 9390
1358 9389
1359 9388
1360 9387
1361 9386
1362 9385
1363 9384
1364 9383
1365 9382
1366 9381
1367 9380
1368 9379
1369 9378
1370 9377
1371 9376
1372 9375
1375 9666
1376 9665
1377 9664
1378 9663
1379 9662
1380 9661
1381 9660
1382 9659
1383 9658
1384 9657
1385 9656
1386 9655
1387 9654
1388 9653
1389 9652
1390 9651
1391 9650
1392 9649
1393 9648
1394 9647
1395 9646
1396 9645
1397 9644
1398 9643
1399 7043
1400 7042
1401 7041
1402 7040
1403 7039
1404 7038
1405 7037
1406 7036
1407 7035
1408 7034
1409 9956
1410 9955
1411 9954
1412 9953
1413 9952
1414 9951
1415 9950
1416 9949
1417 9948
1418 9947
1419 9946
1420 9945
1421 9944
1422 9943
1423 9942
1424 10118
1425 10117
1426 10116
1427 10115
1428 10114
1429 10113
1430 10112
1431 10111
1432 10110
1433 10109
1434 10201
1435 10200
1436 10199
1437 10198
1438 10197
1439 10196
1440 10195
1441 10194
1442 10193
1443 10192
1444 10191
1445 10190
1446 10827
1447 10826
1448 10825
1449 10824
1450 10823
1451 10822
1452 10821
1453 10820
1454 10576
1455 10575
1456 10574
1457 10573
1458 10572
1459 10571
1460 10570
1461 10569
1462 10568
1463 10567
1464 10566
1465 10565
1466 10564
1467 10563
1468 10562
1469 10561
1470 10560
1471 10559
1472 7063
1473 7062
1474 7061
1475 7060
1476 7059
1477 7058
1478 7057
1479 7056
1480 7055
1481 7054
1482 7236
1483 7235
1484 7234
1485 7233
1486 7232
1487 7231
1488 7230
1489 7229
1490 7228
1491 7227
1492 7226
1493 7225
1494 7224
1495 7223
1496 7222
1497 7221
1498 7220
1499 7219
1500 7218
1501 7217
1502 7216
1503 7215
1504 11365
1505 11364
1506 11363
1507 11362
1508 11361
1509 11360
1510 11359
1511 11358
1512 11357
1513 11356
1514 11355
1515 11354
1516 11353
1517 11352
1518 11351
1519 8987
1520 8986
1521 8985
1522 8984
1523 8983
1524 8982
1525 8981
1526 8980
1527 8979
1528 12379
1529 12378
1530 12377
1531 12376
1532 12375
1533 12374
1534 12373
1535 12372
1536 12371
1537 12370
1538 11624
1539 11623
1540 11622
1541 11621
1542 11620
1543 11619
1544 11618
1545 11617
1546 11616
1547 11615
1548 11614
1549 11613
1550 11612
1551 11611
1552 11610
1553 11609
1554 11608
1555 11607
1556 11606
1557 12195
1558 12194
1559 12193
1560 12192
1561 12191
1562 12190
1563 12189
1564 12188
1565 12187
1566 12186
1567 12185
1568 12184
1569 12183
1570 12086
1571 12085
1572 12084
1573 12083
1574 12082
1575 12081
1576 12080
1577 12079
1578 11738
1579 11737
1580 11736
1581 11735
1582 11734
1583 11733
1584 11732
1585 11731
1586 11730
1587 11729
1588 11728
1589 11727
1590 8374
1591 8373
1592 8372
1593 8371
1594 8370
1595 8369
1596 8368
1597 8367
1598 8366
1599 12784
1600 12783
1601 12782
1602 12781
1603 12780
1604 12779
1605 12778
1606 12777
1607 12776
1608 12775
1609 12774
1610 12773
1611 12772
1612 12771
1613 12770
1614 12769
1615 12768
1616 12767
1617 12766
1618 12765
1619 12764
1620 12763
1621 12762
1622 12761
1623 12760
1624 12759
1625 12758
1626 12757
1627 12756
1628 12755
1629 12754
1630 12753
1631 12752
1632 12751
1633 13052
1634 13051
1635 13050
1636 13049
1637 13048
1638 13047
1639 13046
1640 13045
1641 13044
1642 13043
1643 13042
1644 13041
1645 13040
1646 13039
1647 13038
1648 13037
1649 7848
1650 7847
1651 7846
1652 7845
1653 7844
1654 7843
1655 7842
1656 7841
1657 7840
1658 7839
1659 7838
1660 7837
1661 7836
1662 7458
1663 7457
1664 7456
1665 7455
1666 7454
1667 7453
1668 7452
1669 7451
1670 7450
1671 7449
1672 7448
1673 7447
1674 7446
1675 7445
1676 7444
1677 7443
1678 7442
1679 7441
1680 7440
1681 7439
1682 7438
1685 8034
1686 8033
1687 8032
1688 8031
1689 8030
1690 8029
1691 8028
1692 8027
1693 8026
1694 7980
1695 7979
1696 7978
1697 7977
1698 7976
1699 7975
1700 7974
1701 7973
1702 7972
1703 7971
1704 7970
1705 7969
1706 7862
1707 7861
1708 7860
1709 7859
1710 7858
1711 7857
1712 7856
1713 7855
1714 7854
1715 7853
1716 7852
1717 7851
1718 7850
1719 7849
1720 13036
1721 13035
1722 13034
1723 13033
1724 13032
1725 13031
1726 13030
1727 13029
1728 13028
1729 13027
1730 13026
1731 13025
1732 13024
1733 13023
1734 13022
1735 13021
1736 13020
1737 13019
1738 13018
1739 13017
1740 13016
1741 13015
1742 13014
1743 13013
1744 13012
1745 13011
1746 13010
1747 13009
1748 13008
1749 12802
1750 12801
1751 12800
1752 12799
1753 12798
1754 12797
1755 12796
1756 12795
1757 12794
1758 12793
1759 12792
1760 12791
1761 12790
1762 12789
1763 12788
1764 12787
1765 12786
1766 12785
1767 8365
1768 8364
1769 8363
1770 8362
1771 8361
1772 8360
1773 8359
1774 8358
1775 8357
1776 8356
1777 8355
1778 8354
1779 8353
1780 8352
1781 11745
1782 11744
1783 11743
1784 11742
1785 11741
1786 11740
1787 11739
1788 12078
1789 12077
1790 12076
1791 12075
1792 12074
1793 12073
1794 12072
1795 12071
1796 12070
1797 12069
1798 12205
1799 12204
1800 12203
1801 12202
1802 12201
1803 12200
1804 12199
1805 12198
1806 12197
1807 12196
1808 11605
1809 11604
1810 11603
1811 11602
1812 11601
1813 11600
1814 11599
1815 11598
1816 11597
1817 11596
1818 11595
1819 11594
1820 11593
1821 11592
1822 11591
1823 11590
1824 11589
1825 11588
1826 11587
1827 11586
1828 11585
1829 11584
1830 11583
1831 11582
1832 11581
1833 11580
1834 11579
1835 11578
1836 11577
1837 11576
1838 11575
1839 11574
1840 11385
1841 11384
1842 11383
1843 11382
1844 11381
1845 11380
1846 11379
1847 11378
1848 11377
1849 11376
1850 11375
1851 11374
1852 11373
1853 11372
1854 11371
1855 11370
1856 11369
1857 11368
1858 11367
1859 11366
1860 7214
1861 7213
1862 7212
1863 7211
1864 7210
1865 7209
1866 7208
1867 7207
1868 7206
1869 7205
1870 7204
1871 7203
1872 7202
1873 7201
1874 7200
1875 7069
1876 7068
1877 7067
1878 7066
1879 7065
1880 7064
1881 7053
1882 7052
1883 7051
1884 7050
1885 7049
1886 7048
1887 7047
1888 7046
1889 7045
1890 7044
1891 10558
1892 10557
1893 10556
1894 10555
1895 10554
1896 10553
1897 10552
1898 10448
1899 10447
1900 10446
1901 10445
1902 10444
1903 10443
1904 10442
1905 10441
1906 10440
1907 10439
1908 10438
1909 10437
1910 10436
1911 10435
1912 10434
1913 10433
1914 10432
1915 10431
1916 10430
1917 10429
1918 10428
1919 10427
1920 10426
1921 10425
1922 10424
1923 10423
1924 8148
1925 8147
1926 8146
1927 8145
1928 8144
1929 8143
1930 8142
1931 8141
1932 8140
1933 8139
1934 8138
1935 8137
1936 8136
1937 8135
1938 8134
1939 8133
1940 9970
1941 9969
1942 9968
1943 9967
1944 9966
1945 9965
1946 9964
1947 9963
1948 9962
1949 9961
1950 9960
1951 9959
1952 9958
1953 9957
1954 7033
1955 7032
1956 7031
1957 7030
1958 7029
1959 7028
1960 7027
1961 7026
1962 7025
1963 7024
1964 9642
1965 9641
1966 9640
1967 9639
1968 9638
1969 9637
1970 9636
1971 9635
1972 9634
1973 9633
1974 9632
1975 9631
1976 9630
1977 9629
1978 9628
1979 9627
1980 7023
1981 7022
1982 7021
1983 7020
1984 7019
1985 7018
1986 7017
1987 7016
1990 9288
1991 9287
1992 9286
1993 9285
1994 9284
1995 9283
1996 9282
1997 9281
1998 9280
1999 9279
2000 9278
2001 9277
2002 9276
2003 9545
2004 9544
2005 9543
2006 9542
2007 9541
2008 9540
2009 9539
2010 9538
2011 9537
2012 9536
2013 9535
2014 9534
2015 10046
2016 10045
2017 10044
2018 10043
2019 10042
2020 10041
2021 10040
2022 10039
2023 10038
2024 10037
2025 10036
2026 10035
2027 10034
2028 10033
2029 10032
2030 10031
2031 10030
2032 10029
2033 10028
2034 10027
2035 10026
2036 10025
2037 10024
2038 10023
2039 10022
2040 10021
2041 10020
2042 10019
2043 10018
2044 10017
2045 8167
2046 8166
2047 8165
2048 8164
2049 8163
2050 8162
2051 8161
2052 8160
2053 8159
2054 8158
2055 8157
2056 8156
2057 8155
2058 8154
2059 8153
2060 8152
2061 8151
2062 8150
2063 8149
2064 10422
2065 10421
2066 10420
2067 10419
2068 10418
2069 10417
2070 10416
2071 10415
2072 10414
2073 10413
2074 10412
2075 10411
2076 10410
2077 10409
2078 10408
2079 7402
2080 7401
2081 7400
2082 7399
2083 7398
2084 7397
2085 7396
2086 7395
2087 10706
2088 10705
2089 10704
2090 10703
2091 10702
2092 10701
2093 10700
2094 10699
2095 10698
2096 10697
2097 10696
2098 10695
2099 10694
2100 10693
2101 10692
2102 10651
2103 10650
2104 10649
2105 10648
2106 10647
2107 10646
2108 10645
2109 10644
2110 10643
2111 10642
2112 10641
2113 10640
2114 10639
2115 10638
2116 10637
2117 10636
2118 10635
2119 10634
2120 10633
2121 11177
2122 11176
2123 11175
2124 11174
2125 11173
2126 11172
2127 11171
2128 11170
2129 11129
2130 11128
2131 11127
2132 11126
2133 11125
2134 11124
2135 11123
2136 11122
2137 11121
2138 11120
2139 11119
2140 11118
2141 11117
2142 11116
2143 11115
2144 11114
2145 11113
2146 11112
2147 11111
2148 11110
2149 11109
2150 11404
2151 11403
2152 11402
2153 11401
2154 11400
2155 11399
2156 11398
2157 11397
2158 11396
2159 11395
2160 11394
2161 11393
2162 11392
2163 11391
2164 11390
2165 11389
2166 11388
2167 11387
2168 11386
2169 11573
2170 11572
2171 11571
2172 11570
2173 11569
2174 11568
2175 11567
2176 11566
2177 11565
2178 11564
2179 11563
2180 11562
2181 11561
2182 11560
2183 11559
2184 12319
2185 12318
2186 12317
2187 12316
2188 12315
2189 12314
2190 12313
2191 12312
2192 12311
2193 11922
2194 11921
2195 11920
2196 11919
2197 11918
2198 11917
2199 11916
2200 11915
2201 11914
2202 11913
2203 11912
2204 11911
2205 11910
2206 11909
2207 11908
2208 11907
2209 11906
2210 11905
2211 11904
2212 11903
2213 11902
2214 12212
2215 12211
2216 12210
2217 12209
2218 12208
2219 12207
2220 12206
2221 12068
2222 12067
2223 12066
2224 12065
2225 12064
2226 12063
2227 12062
2228 12061
2229 12060
2230 12059
2231 12058
2232 12057
2233 12056
2234 12055
2235 12054
2236 12053
2237 11781
2238 11780
2239 11779
2240 11778
2241 11777
2242 11776
2243 11775
2244 11774
2245 12912
2246 12911
2247 12910
2248 12909
2249 12908
2250 12907
2251 12906
2252 12905
2253 12904
2254 12903
2255 12902
2256 12901
2257 12900
2258 8437
2259 8436
2260 8435
2261 8434
2262 8433
2263 8432
2264 8431
2265 8430
2266 8429
2267 8428
2268 8427
2269 8426
2270 8425
2271 8424
2272 8423
2273 8422
2274 8421
2275 8420
2276 8419
2277 8418
2278 8417
2279 8416
2280 8415
2281 13120
2282 13119
2283 13118
2284 13117
2285 13116
2286 13115
2287 13114
2288 13113
2289 13112
2290 13111
2291 13110
2292 13109
2293 13108
2294 13107
2295 13106
2296 13105
2297 13104
2298 13103
2299 13102
2300 7728
2301 7727
2302 7726
2303 7725
2304 7724
2305 7723
2306 7722
2307 7721
2308 7720
2309 7719
2310 7718
2311 7717
2312 7716
2313 7715
2314 7714
2315 7713
2316 7712
2317 7711
2318 7710
2319 7518
2320 7517
2321 7516
2322 7515
2323 7514
2324 7513
2325 7512
2326 7511
2327 7510
2328 7509
2329 7508
2330 7507
2331 7996
2332 7995
2333 7994
2334 7993
2335 7992
2336 7991
2337 7990
2338 7989
2339 7988
2340 7987
2341 7986
2342 7985
2343 7984
2344 7983
2345 7982
2346 7981
2347 8048
2348 8047
2349 8046
2350 8045
2351 8044
2352 8043
2353 8042
2354 8041
2355 8040
2356 8039
2359 6900
2360 6899
2361 6898
2362 6897
2363 6896
2364 6895
2365 6894
2366 6893
2367 6892
2368 6891
2369 6890
2370 6889
2371 6888
2372 7959
2373 7958
2374 7957
2375 7956
2376 7955
2377 7954
2378 7953
2379 7952
2380 7951
2381 7950
2382 7949
2383 7948
2384 7947
2385 7946
2386 7945
2387 7944
2388 7527
2389 7526
2390 7525
2391 7524
2392 7523
2393 7522
2394 7521
2395 7520
2396 7519
2397 7709
2398 7708
2399 7707
2400 7706
2401 7705
2402 7704
2403 7703
2404 7702
2405 7701
2406 7700
2407 7699
2408 7698
2409 7697
2410 7696
2411 7695
2412 7694
2413 7693
2414 7692
2415 7691
2416 7690
2417 7689
2418 7688
2419 7687
2420 7686
2421 7685
2422 7684
2423 7683
2424 7682
2425 13000
2426 12999
2427 12998
2428 12997
2429 12996
2430 12995
2431 12994
2432 12993
2433 12992
2434 12991
2435 12990
2436 12989
2437 12988
2438 12987
2439 12986
2440 12985
2441 12984
2442 12983
2443 12982
2444 12981
2445 12980
2446 12979
2447 12978
2448 12977
2449 12976
2450 12975
2451 12932
2452 12931
2453 12930
2454 12929
2455 12928
2456 12927
2457 12926
2458 12925
2459 12924
2460 12923
2461 12922
2462 12921
2463 12920
2464 12919
2465 12918
2466 12917
2467 12916
2468 12915
2469 12914
2470 12913
2471 11773
2472 11772
2473 11771
2474 11770
2475 11769
2476 11768
2477 11767
2478 11766
2479 11765
2480 11764
2481 11763
2482 11762
2483 11761
2484 11760
2485 11759
2486 11758
2487 11757
2488 12226
2489 12225
2490 12224
2491 12223
2492 12222
2493 12221
2494 12220
2495 12219
2496 12218
2497 12217
2498 12216
2499 12215
2500 12214
2501 12213
2502 11901
2503 11900
2504 11899
2505 11898
2506 11897
2507 11896
2508 11895
2509 11894
2510 11893
2511 11892
2512 11891
2513 11890
2514 11930
2515 11929
2516 11928
2517 11927
2518 11926
2519 11925
2520 11924
2521 11923
2522 12310
2523 12309
2524 12308
2525 12307
2526 12306
2527 12305
2528 12304
2529 12303
2530 12302
2531 12301
2532 6995
2533 6994
2534 6993
2535 6992
2536 6991
2537 6990
2538 6989
2539 6988
2540 11428
2541 11427
2542 11426
2543 11425
2544 11424
2545 11423
2546 11422
2547 11421
2548 11420
2549 11419
2550 11418
2551 11417
2552 11416
2553 11415
2554 11414
2555 11413
2556 11412
2557 11411
2558 11410
2559 11409
2560 11408
2561 11407
2562 11406
2563 11405
2564 11108
2565 11107
2566 11106
2567 11105
2568 11104
2569 11103
2570 11102
2571 11101
2572 11100
2573 11099
2574 11098
2575 11097
2576 11096
2577 11137
2578 11136
2579 11135
2580 11134
2581 11133
2582 11132
2583 11131
2584 11130
2585 11169
2586 11168
2587 11167
2588 11166
2589 11165
2590 11164
2591 11163
2592 11162
2593 11161
2594 11160
2595 11159
2596 7090
2597 7089
2598 7088
2599 7087
2600 7086
2601 7085
2602 7084
2603 7083
2604 10541
2605 10540
2606 10539
2607 10538
2608 10537
2609 10536
2610 10535
2611 10534
2612 10533
2613 10532
2614 10719
2615 10718
2616 10717
2617 10716
2618 10715
2619 10714
2620 10713
2621 10712
2622 10711
2623 10710
2624 10709
2625 10708
2626 10707
2627 7394
2628 7393
2629 7392
2630 7391
2631 7390
2632 7389
2633 7388
2634 7387
2635 7386
2636 7385
2637 7384
2638 7383
2639 7382
2640 7381
2641 7380
2642 7379
2643 7378
2644 7377
2645 7376
2646 7375
2647 7374
2648 7373
2649 7372
2650 8186
2651 8185
2652 8184
2653 8183
2654 8182
2655 8181
2656 8180
2657 8179
2658 8178
2659 8177
2660 8176
2661 8175
2662 8174
2663 8173
2664 8172
2665 8171
2666 8170
2667 8169
2668 8168
2669 10016
2670 10015
2671 10014
2672 10013
2673 10012
2674 10011
2675 10010
2676 10009
2677 10008
2678 10007
2679 10006
2680 10005
2681 10004
2682 10003
2683 10002
2684 10001
2685 9571
2686 9570
2687 9569
2688 9568
2689 9567
2690 9566
2691 9565
2692 9564
2693 9563
2694 9562
2695 9561
2696 9560
2697 9559
2698 9558
2699 9557
2700 9556
2701 9555
2702 9554
2703 9553
2704 9552
2705 9551
2706 9550
2707 9549
2708 9548
2709 9547
2710 9546
2711 9275
2712 9274
2713 9273
2714 9272
2715 9271
2716 9270
2717 9269
2718 9268
2719 9267
2720 9266
2721 9265
2722 9264
2723 9263
2726 7011
2727 7010
2728 7009
2729 7008
2730 7007
2731 7006
2732 7005
2733 7004
2734 9626
2735 9625
2736 9624
2737 9623
2738 9622
2739 9621
2740 9620
2741 9619
2742 9618
2743 9617
2744 9616
2745 9615
2746 9614
2747 9613
2748 9612
2749 9611
2750 9610
2751 9609
2752 9608
2753 9607
2754 9606
2755 9605
2756 9604
2757 9603
2758 9602
2759 9601
2760 9984
2761 9983
2762 9982
2763 9981
2764 9980
2765 9979
2766 9978
2767 9977
2768 9976
2769 9975
2770 9974
2771 9973
2772 9972
2773 9971
2774 8132
2775 8131
2776 8130
2777 8129
2778 8128
2779 8127
2780 8126
2781 7308
2782 7307
2783 7306
2784 7305
2785 7304
2786 7303
2787 7302
2788 7301
2789 7300
2790 7299
2791 7298
2792 7297
2793 7296
2794 7295
2795 7294
2796 7293
2797 7292
2798 7291
2799 7290
2800 7289
2801 7288
2802 10462
2803 10461
2804 10460
2805 10459
2806 10458
2807 10457
2808 10456
2809 10455
2810 10454
2811 10453
2812 10452
2813 10451
2814 10450
2815 10449
2816 10551
2817 10550
2818 10549
2819 10548
2820 10547
2821 10546
2822 10545
2823 10544
2824 10543
2825 10542
2826 7082
2827 7081
2828 7080
2829 7079
2830 7078
2831 7077
2832 7076
2833 7075
2834 7074
2835 7073
2836 7072
2837 7071
2838 7070
2839 7199
2840 7198
2841 7197
2842 7196
2843 7195
2844 7194
2845 7193
2846 7192
2847 7191
2848 7190
2849 7189
2850 7188
2851 7187
2852 7186
2853 7185
2854 7184
2855 7183
2856 7182
2857 7181
2858 7180
2859 7179
2860 7178
2861 7177
2862 7176
2863 7175
2864 7174
2865 7173
2866 11440
2867 11439
2868 11438
2869 11437
2870 11436
2871 11435
2872 11434
2873 11433
2874 11432
2875 11431
2876 11430
2877 11429
2878 6987
2879 6986
2880 6985
2881 6984
2882 6983
2883 6982
2884 6981
2885 6980
2886 12261
2887 12260
2888 12259
2889 12258
2890 12257
2891 12256
2892 12255
2893 12254
2894 12253
2895 12252
2896 12251
2897 12250
2898 12249
2899 12248
2900 12247
2901 12246
2902 12245
2903 12244
2904 12243
2905 12242
2906 12241
2907 12240
2908 12239
2909 12238
2910 12237
2911 12236
2912 12235
2913 12234
2914 12233
2915 12232
2916 12231
2917 12230
2918 12229
2919 12228
2920 12227
2921 11756
2922 11755
2923 11754
2924 11753
2925 11752
2926 11751
2927 11750
2928 11749
2929 11748
2930 11747
2931 11746
2932 8351
2933 8350
2934 8349
2935 8348
2936 8347
2937 8346
2938 8345
2939 8344
2940 12826
2941 12825
2942 12824
2943 12823
2944 12822
2945 12821
2946 12820
2947 12819
2948 12818
2949 12817
2950 12816
2951 12815
2952 12814
2953 12813
2954 12812
2955 12811
2956 12810
2957 12809
2958 12808
2959 12807
2960 12806
2961 12805
2962 12804
2963 12803
2964 13007
2965 13006
2966 13005
2967 13004
2968 13003
2969 13002
2970 13001
2971 7681
2972 7680
2973 7679
2974 7678
2975 7677
2976 7676
2977 7675
2978 7674
2979 7673
2980 7672
2981 7671
2982 7670
2983 7669
2984 7668
2985 7667
2986 7666
2987 7665
2988 7664
2989 7663
2990 7662
2991 7661
2992 7660
2993 7659
2994 7874
2995 7873
2996 7872
2997 7871
2998 7870
2999 7869
3000 7868
3001 7867
3002 7866
3003 7865
3004 7864
3005 7863
3006 7968
3007 7967
3008 7966
3009 7965
3010 7964
3011 7963
3012 7962
3013 7961
3014 7960
3015 6887
3016 6886
3017 6885
3018 6884
3019 6883
3020 6882
3021 6881
3022 6880
3023 6879
3024 6878
3025 6877
3028 6756
3029 6755
3030 6754
3031 6753
3032 6752
3033 6751
3034 6750
3035 6749
3036 6748
3037 6747
3038 6746
3039 6745
3040 7894
3041 7893
3042 7892
3043 7891
3044 7890
3045 7889
3046 7888
3047 7887
3048 7886
3049 7885
3050 7884
3051 7883
3052 7882
3053 7881
3054 7880
3055 7879
3056 7878
3057 7877
3058 7876
3059 7875
3060 7658
3061 7657
3062 7656
3063 7655
3064 7654
3065 7653
3066 7652
3067 7651
3068 7650
3069 7649
3070 7648
3071 7647
3072 7646
3073 7645
3074 7644
3075 7643
3076 7642
3077 7641
3078 7640
3079 7639
3080 7638
3081 7637
3082 7636
3083 6671
3084 6670
3085 6669
3086 6668
3087 6667
3088 6666
3089 6665
3090 6664
3091 6663
3092 12847
3093 12846
3094 12845
3095 12844
3096 12843
3097 12842
3098 12841
3099 12840
3100 12839
3101 12838
3102 12837
3103 12836
3104 12835
3105 12834
3106 12833
3107 12832
3108 12831
3109 12830
3110 12829
3111 12828
3112 12827
3113 8343
3114 8342
3115 8341
3116 8340
3117 8339
3118 8338
3119 8337
3120 8336
3121 8335
3122 8334
3123 8333
3124 8332
3125 6650
3126 6649
3127 6648
3128 6647
3129 6646
3130 6645
3131 6644
3132 6643
3133 6642
3134 11983
3135 11982
3136 11981
3137 11980
3138 11979
3139 11978
3140 11977
3141 11976
3142 11975
3143 11974
3144 11973
3145 11972
3146 11971
3147 11970
3148 11969
3149 11968
3150 11967
3151 11966
3152 11965
3153 11964
3154 11963
3155 11962
3156 11961
3157 12270
3158 12269
3159 12268
3160 12267
3161 12266
3162 12265
3163 12264
3164 12263
3165 12262
3166 6979
3167 6978
3168 6977
3169 6976
3170 6975
3171 6974
3172 6973
3173 6972
3174 6971
3175 6970
3176 6969
3177 6968
3178 11448
3179 11447
3180 11446
3181 11445
3182 11444
3183 11443
3184 11442
3185 11441
3186 7172
3187 7171
3188 7170
3189 7169
3190 7168
3191 7167
3192 7166
3193 7165
3194 7164
3195 7163
3196 7162
3197 7161
3198 7160
3199 7159
3200 7158
3201 7157
3202 7156
3203 7155
3204 7154
3205 7153
3206 7152
3207 7151
3208 7150
3209 7149
3210 7148
3211 7147
3212 7146
3213 7145
3214 7144
3215 7143
3216 7142
3217 7141
3218 7140
3219 7139
3220 10491
3221 10490
3222 10489
3223 10488
3224 10487
3225 10486
3226 10485
3227 10484
3228 10483
3229 10482
3230 10481
3231 10480
3232 10479
3233 10478
3234 10477
3235 10476
3236 10475
3237 10474
3238 10473
3239 10472
3240 10471
3241 10470
3242 10469
3243 10468
3244 10467
3245 10466
3246 10465
3247 10464
3248 10463
3249 7287
3250 7286
3251 7285
3252 7284
3253 7283
3254 7282
3255 7281
3256 7280
3257 7279
3258 7278
3259 7277
3260 7276
3261 7275
3262 7316
3263 7315
3264 7314
3265 7313
3266 7312
3267 7311
3268 7310
3269 7309
3270 8125
3271 8124
3272 8123
3273 8122
3274 8121
3275 8120
3276 8119
3277 8118
3278 8117
3279 8116
3280 8115
3281 8114
3282 8113
3283 9992
3284 9991
3285 9990
3286 9989
3287 9988
3288 9987
3289 9986
3290 9985
3291 9600
3292 9599
3293 9598
3294 9597
3295 9596
3296 9595
3297 9594
3298 9593
3299 9592
3300 9591
3301 9590
3302 9589
3303 9588
3304 9205
3305 9204
3306 9203
3307 9202
3308 9201
3309 9200
3310 9199
3311 9198
3312 9197
3313 9196
3314 9195
3315 9194
3316 9193
3317 9192
3318 9191
3319 9190
3320 9189
3321 9188
3322 9187
3323 9186
3324 9185
3327 9228
3328 9227
3329 9226
3330 9225
3331 9224
3332 9223
3333 9222
3334 9221
3335 9220
3336 9219
3337 9218
3338 9217
3339 9216
3340 9215
3341 9214
3342 9213
3343 9212
3344 9211
3345 9210
3346 9209
3347 9208
3348 9207
3349 9206
3350 9587
3351 9586
3352 9585
3353 9584
3354 9583
3355 9582
3356 9581
3357 9580
3358 9579
3359 9578
3360 9577
3361 9576
3362 9575
3363 9574
3364 9573
3365 9572
3366 10000
3367 9999
3368 9998
3369 9997
3370 9996
3371 9995
3372 9994
3373 9993
3374 8112
3375 8111
3376 8110
3377 8109
3378 8108
3379 8107
3380 8106
3381 8105
3382 8104
3383 8103
3384 8102
3385 8101
3386 7331
3387 7330
3388 7329
3389 7328
3390 7327
3391 7326
3392 7325
3393 7324
3394 7323
3395 7322
3396 7321
3397 7320
3398 7319
3399 7318
3400 7317
3401 7274
3402 7273
3403 7272
3404 7271
3405 7270
3406 7269
3407 7268
3408 7267
3409 7266
3410 7265
3411 7264
3412 7263
3413 7262
3414 7261
3415 7260
3416 10758
3417 10757
3418 10756
3419 10755
3420 10754
3421 10753
3422 10752
3423 10751
3424 10750
3425 10749
3426 10748
3427 10747
3428 10746
3429 10745
3430 10744
3431 10743
3432 10742
3433 10741
3434 10740
3435 10739
3436 10738
3437 10737
3438 10506
3439 10505
3440 10504
3441 10503
3442 10502
3443 10501
3444 10500
3445 10499
3446 10498
3447 10497
3448 10496
3449 10495
3450 10494
3451 10493
3452 10492
3453 7138
3454 7137
3455 7136
3456 7135
3457 7134
3458 7133
3459 7132
3460 7131
3461 7130
3462 7129
3463 7128
3464 7127
3465 7126
3466 7125
3467 7124
3468 7123
3469 6703
3470 6702
3471 6701
3472 6700
3473 6699
3474 6698
3475 6697
3476 6696
3477 6695
3478 11476
3479 11475
3480 11474
3481 11473
3482 11472
3483 11471
3484 11470
3485 11469
3486 11468
3487 11467
3488 11466
3489 11465
3490 11464
3491 11463
3492 11462
3493 11461
3494 11460
3495 11459
3496 11458
3497 11457
3498 11456
3499 11455
3500 11454
3501 11453
3502 11452
3503 11451
3504 11450
3505 11449
3506 6967
3507 6966
3508 6965
3509 6964
3510 6963
3511 6962
3512 6961
3513 6960
3514 6959
3515 6958
3516 6957
3517 6956
3518 6955
3519 6954
3520 6953
3521 6952
3522 12278
3523 12277
3524 12276
3525 12275
3526 12274
3527 12273
3528 12272
3529 12271
3530 11960
3531 11959
3532 11958
3533 11957
3534 11956
3535 11955
3536 11954
3537 11953
3538 11952
3539 11951
3540 12001
3541 12000
3542 11999
3543 11998
3544 11997
3545 11996
3546 11995
3547 11994
3548 11993
3549 11992
3550 11991
3551 11990
3552 11989
3553 11988
3554 11987
3555 11986
3556 11985
3557 11984
3558 6662
3559 6661
3560 6660
3561 6659
3562 6658
3563 6657
3564 6656
3565 6655
3566 6654
3567 6653
3568 6652
3569 6651
3570 8331
3571 8330
3572 8329
3573 8328
3574 8327
3575 8326
3576 8325
3577 8324
3578 8323
3579 8322
3580 8321
3581 8320
3582 8319
3583 8318
3584 12874
3585 12873
3586 12872
3587 12871
3588 12870
3589 12869
3590 12868
3591 12867
3592 12866
3593 12865
3594 12864
3595 12863
3596 12862
3597 12861
3598 12860
3599 12859
3600 12858
3601 12857
3602 12856
3603 12855
3604 12854
3605 12853
3606 12852
3607 12851
3608 12850
3609 12849
3610 12848
3611 6683
3612 6682
3613 6681
3614 6680
3615 6679
3616 6678
3617 6677
3618 6676
3619 6675
3620 6674
3621 6673
3622 6672
3623 7635
3624 7634
3625 7633
3626 7632
3627 7631
3628 7630
3629 7629
3630 7628
3631 7627
3632 7626
3633 7625
3634 7624
3635 7623
3636 7622
3637 6723
3638 6722
3639 6721
3640 6720
3641 6719
3642 6718
3643 6717
3644 6716
3645 6715
3646 6714
3647 6744
3648 6743
3649 6742
3650 6741
3651 6740
3652 6739
3653 6738
3654 6737
3655 6736
3656 6735
3657 7911
3658 7910
3659 7909
3660 7908
3661 7907
3662 7906
3663 7905
3664 7904
3665 7903
3666 7902
3667 7901
3668 7900
3669 7899
3670 7898
3671 7897
3672 7896
3673 7895
3674 6772
3675 6771
3676 6770
3677 6769
3678 6768
3679 6767
3680 6766
3681 6765
3682 6764
3683 6763
3684 6762
3685 6761
3688 6937
3689 6936
3690 6935
3691 6934
3692 6933
3693 6932
3694 3695
3696 6929
3697 6928
3698 6927
3699 6926
3700 6925
3701 6924
3702 6923
3703 6922
3704 7928
3705 7927
3706 3707
3708 7924
3709 7923
3710 7922
3711 7921
3712 7920
3713 7919
3714 7918
3715 7917
3716 7916
3717 3718
3719 7913
3720 7912
3721 6734
3722 6733
3723 6732
3724 6731
3725 6730
3726 6729
3727 6728
3728 3729
3730 6725
3731 6724
3732 6713
3733 6712
3734 6711
3735 6710
3736 6709
3737 6708
3738 6707
3739 6706
3740 6705
3741 6704
3742 3743
3744 7619
3745 7618
3746 7617
3747 7616
3748 7615
3749 7614
3750 3751
3752 7611
3753 7610
3754 7609
3755 7608
3756 7607
3757 3758
3759 7604
3760 7603
3761 7602
3762 7601
3763 3764
3765 7598
3766 7597
3767 7596
3768 7595
3769 7594
3770 3771
3772 7591
3773 7590
3774 7589
3775 7588
3776 7587
3777 3778
3779 12958
3780 12957
3781 12956
3782 12955
3783 3784
3785 12952
3786 12951
3787 12950
3788 12949
3789 12948
3790 12947
3791 12946
3792 3793
3794 12943
3795 12942
3796 12941
3797 12940
3798 12881
3799 3800
3801 12878
3802 12877
3803 12876
3804 12875
3805 8317
3806 3807
3808 8314
3809 8313
3810 8312
3811 8311
3812 8310
3813 8309
3814 3815
3816 8306
3817 8305
3818 8304
3819 8303
3820 8302
3821 3822
3823 8299
3824 8298
3825 8297
3826 8296
3827 8295
3828 3829
3830 8292
3831 8291
3832 8290
3833 8289
3834 8288
3835 8287
3836 3837
3838 8284
3839 8283
3840 8282
3841 12018
3842 12017
3843 12016
3844 12015
3845 12014
3846 12013
3847 12012
3848 12011
3849 3850
3851 12008
3852 12007
3853 12006
3854 12005
3855 12004
3856 3857
3858 11950
3859 11949
3860 11948
3861 11947
3862 11946
3863 11945
3864 3865
3866 11942
3867 11941
3868 11940
3869 11939
3870 11938
3871 12286
3872 3873
3874 12283
3875 12282
3876 12281
3877 12280
3878 12279
3879 6951
3880 3881
3882 6948
3883 6947
3884 6946
3885 6945
3886 6944
3887 6943
3888 3889
3890 6940
3891 6939
3892 6938
3893 6866
3894 6865
3895 6864
3896 6863
3897 6862
3898 6861
3899 6860
3900 6859
3901 3902
3903 11504
3904 11503
3905 11502
3906 11501
3907 11500
3908 11499
3909 3910
3911 11496
3912 11495
3913 11494
3914 11493
3915 11492
3916 3917
3918 11489
3919 11488
3920 11487
3921 11486
3922 11485
3923 11484
3924 3925
3926 11481
3927 11480
3928 11479
3929 11478
3930 11477
3931 6694
3932 3933
3934 6691
3935 6690
3936 6689
3937 6688
3938 6687
3939 6686
3940 3941
3942 7122
3943 7121
3944 7120
3945 7119
3946 7118
3947 7117
3948 7116
3949 7115
3950 7114
3951 3952
3953 7111
3954 7110
3955 7109
3956 7108
3957 7107
3958 3959
3960 7104
3961 7103
3962 7102
3963 7101
3964 7100
3965 7099
3966 3967
3968 10516
3969 10515
3970 10514
3971 10513
3972 10512
3973 3974
3975 10509
3976 10508
3977 10507
3978 10736
3979 10735
3980 3981
3982 10732
3983 10731
3984 10730
3985 10729
3986 10728
3987 3988
3989 10772
3990 10771
3991 10770
3992 10769
3993 10768
3994 3995
3996 10765
3997 10764
3998 10763
3999 10762
4000 10761
4001 10760
4002 10759
4003 7259
4004 4005
4006 7256
4007 7255
4008 7254
4009 7253
4010 7360
4011 4012
4013 7357
4014 7356
4015 7355
4016 7354
4017 4018
4019 7351
4020 7350
4021 7349
4022 7348
4023 4024
4025 7345
4026 7344
4027 7343
4028 7342
4029 4030
4031 7339
4032 7338
4033 7337
4034 7336
4035 4036
4037 7333
4038 7332
4039 8100
4040 8099
4041 4042
4043 8096
4044 8095
4045 8094
4046 8093
4047 8092
4048 4049
4050 6846
4051 6845
4052 6844
4053 6843
4054 6842
4055 6841
4056 6840
4057 6839
4058 6838
4059 6837
4060 4061
4062 6823
4063 6822
4064 6821
4065 6820
4066 6819
4067 6818
4068 4069
4070 6815
4071 6804
4072 6803
4073 6802
4074 6801
4075 6800
4076 6799
4077 4078
4079 6796
4080 6795
4081 6783
4082 6782
4083 6781
4084 6780
4085 6779
4086 4087
4088 6776
4089 6775
4090 6774
4091 6773
4092 9245
4093 9244
4094 9243
4095 9242
4096 4097
4098 9239
4099 9238
4100 9237
4101 9236
4102 9235
4103 9234
4104 9233
4107 9258
4108 9257
4109 9256
4110 9255
4111 9254
4112 9253
4113 9252
4114 4115
4116 9249
4117 9248
4118 9247
4119 9246
4120 6794
4121 6793
4122 6792
4123 6791
4124 4125
4126 6788
4127 6787
4128 6786
4129 6785
4130 6784
4131 6814
4132 6813
4133 4134
4135 6810
4136 6809
4137 6808
4138 6807
4139 6806
4140 6805
4141 6836
4142 4143
4144 6833
4145 6832
4146 6831
4147 6830
4148 6829
4149 6828
4150 4151
4152 6856
4153 6855
4154 6854
4155 6853
4156 6852
4157 6851
4158 6850
4159 6849
4160 6848
4161 6847
4162 4163
4164 8087
4165 8086
4166 8085
4167 8084
4168 4169
4170 8081
4171 8080
4172 8079
4173 8078
4174 8077
4175 4176
4177 8074
4178 8199
4179 8198
4180 8197
4181 4182
4183 8194
4184 8193
4185 8192
4186 8191
4187 4188
4189 8188
4190 8187
4191 7371
4192 4193
4194 7368
4195 7367
4196 7366
4197 7365
4198 4199
4200 7362
4201 7361
4202 7252
4203 7251
4204 4205
4206 7248
4207 7247
4208 7246
4209 7245
4210 7244
4211 7243
4212 7242
4213 7241
4214 7240
4215 7239
4216 4217
4218 10781
4219 10780
4220 10779
4221 10778
4222 4223
4224 10775
4225 10727
4226 10726
4227 10725
4228 10724
4229 4230
4231 10721
4232 10720
4233 10531
4234 10530
4235 10529
4236 4237
4238 10526
4239 10525
4240 10524
4241 10523
4242 4243
4244 10520
4245 10519
4246 7098
4247 7097
4248 7096
4249 4250
4251 7093
4252 7092
4253 7091
4254 11158
4255 11157
4256 4257
4258 11154
4259 11153
4260 11152
4261 11151
4262 11150
4263 11149
4264 11148
4265 11147
4266 11146
4267 11145
4268 11144
4269 4270
4271 11141
4272 11140
4273 11139
4274 11138
4275 11095
4276 4277
4278 11092
4279 11091
4280 11090
4281 11089
4282 11088
4283 11087
4284 4285
4286 11084
4287 11083
4288 11082
4289 11081
4290 11080
4291 4292
4293 11521
4294 11520
4295 11519
4296 11518
4297 11517
4298 4299
4300 11514
4301 11513
4302 11512
4303 11511
4304 11510
4305 4306
4307 11507
4308 11506
4309 11505
4310 6876
4311 6875
4312 4313
4314 6872
4315 6871
4316 6870
4317 6869
4318 6868
4319 6867
4320 7003
4321 7002
4322 7001
4323 4324
4325 6998
4326 6997
4327 6996
4328 12300
4329 12299
4330 4331
4332 12296
4333 12295
4334 12294
4335 12293
4336 12292
4337 4338
4339 12289
4340 12288
4341 12287
4342 11937
4343 11936
4344 4345
4346 11933
4347 11932
4348 11931
4349 11889
4350 11888
4351 4352
4353 11885
4354 11884
4355 11883
4356 11882
4357 11881
4358 4359
4360 11878
4361 11877
4362 11876
4363 11875
4364 11874
4365 4366
4367 12024
4368 12023
4369 12022
4370 12021
4371 12020
4372 12019
4373 8281
4374 8280
4375 8279
4376 4377
4378 8276
4379 8275
4380 8274
4381 8273
4382 8272
4383 4384
4385 8269
4386 8268
4387 8267
4388 8266
4389 4390
4391 8263
4392 8262
4393 8261
4394 8260
4395 8259
4396 4397
4398 8256
4399 8255
4400 8254
4401 8253
4402 8252
4403 4404
4405 8249
4406 8248
4407 12890
4408 12889
4409 12888
4410 4411
4412 12885
4413 12884
4414 12883
4415 12882
4416 4417
4418 12937
4419 12936
4420 12935
4421 12934
4422 12933
4423 12974
4424 12973
4425 12972
4426 12971
4427 12970
4428 4429
4430 12967
4431 12966
4432 12965
4433 12964
4434 12963
4435 4436
4437 7586
4438 7585
4439 7584
4440 7583
4441 4442
4443 7580
4444 7579
4445 7578
4446 7577
4447 4448
4449 7574
4450 7573
4451 7572
4452 7571
4453 4454
4455 7568
4456 7567
4457 7566
4458 7565
4459 7564
4460 4461
4462 7561
4463 7560
4464 7559
4465 7558
4466 4467
4468 7555
4469 7554
4470 7553
4471 7552
4472 7551
4473 7550
4474 4475
4476 7547
4477 7546
4478 7545
4479 7544
4480 7543
4481 7542
4482 7541
4483 7540
4484 7539
4485 4486
4487 7536
4488 7535
4489 7534
4490 7533
4491 7532
4492 7531
4493 7530
4494 4495
4496 7943
4497 7942
4498 7941
4499 7940
4500 7939
4501 7938
4502 7937
4503 7936
4504 4505
4506 7933
4507 7932
4508 7931
4509 7930
4510 7929
4511 6921
4512 6920
4513 6919
4514 6918
4515 4516
4517 6915
4518 6914
4519 6913
4520 6912
4521 6911
4522 6910
4523 6909
4524 6908
4525 4526
4527 6905
4530 8025
4531 8024
4532 8023
4533 8022
4534 4535
4536 8019
4537 8018
4538 8017
4539 8016
4540 8015
4541 8014
4542 8013
4543 8012
4544 4545
4546 8009
4547 8008
4548 8007
4549 8006
4550 8005
4551 8004
4552 8003
4553 8002
4554 4555
4556 7999
4557 7998
4558 7997
4559 7506
4560 7505
4561 7504
4562 7503
4563 7502
4564 4565
4566 7499
4567 7755
4568 7754
4569 7753
4570 7752
4571 7751
4572 4573
4574 7748
4575 7747
4576 7746
4577 7745
4578 7744
4579 7743
4580 7742
4581 7741
4582 7740
4583 7739
4584 7738
4585 7737
4586 4587
4588 7734
4589 7733
4590 7732
4591 7731
4592 4593
4594 13101
4595 13100
4596 13099
4597 13098
4598 4599
4600 13095
4601 13094
4602 13093
4603 13092
4604 4605
4606 13089
4607 13088
4608 13128
4609 13127
4610 4611
4612 13124
4613 13123
4614 13122
4615 13121
4616 4617
4618 8412
4619 8411
4620 8410
4621 8409
4622 4623
4624 8406
4625 8405
4626 8404
4627 8403
4628 4629
4630 8450
4631 8449
4632 8448
4633 8447
4634 8446
4635 8445
4636 8444
4637 4638
4639 8441
4640 8440
4641 8439
4642 8438
4643 12899
4644 4645
4646 12896
4647 12895
4648 12894
4649 12893
4650 4651
4652 8247
4653 8246
4654 8245
4655 8244
4656 4657
4658 8241
4659 8240
4660 8239
4661 11788
4662 11787
4663 4664
4665 11784
4666 11783
4667 11782
4668 12052
4669 4670
4671 12049
4672 12048
4673 12047
4674 12046
4675 4676
4677 12043
4678 12042
4679 12041
4680 12040
4681 12039
4682 4683
4684 12036
4685 12035
4686 12034
4687 12033
4688 12032
4689 12031
4690 12030
4691 4692
4693 12027
4694 11873
4695 11872
4696 11871
4697 4698
4699 11868
4700 11867
4701 11866
4702 12550
4703 4704
4705 12547
4706 12546
4707 12545
4708 12544
4709 12543
4710 4711
4712 12540
4713 12539
4714 12538
4715 12537
4716 4717
4718 12534
4719 12533
4720 12532
4721 12531
4722 12328
4723 4724
4725 12325
4726 12324
4727 12323
4728 12322
4729 4730
4731 11558
4732 11557
4733 11556
4734 11555
4735 11554
4736 4737
4738 11551
4739 11550
4740 11549
4741 11548
4742 11547
4743 11546
4744 11545
4745 4746
4747 11542
4748 11541
4749 11540
4750 11539
4751 4752
4753 11536
4754 11535
4755 11534
4756 11533
4757 11532
4758 4759
4760 11529
4761 11528
4762 11527
4763 11526
4764 4765
4766 11523
4767 11522
4768 11077
4769 11076
4770 11075
4771 4772
4773 11072
4774 11071
4775 11206
4776 11205
4777 4778
4779 11202
4780 11201
4781 11200
4782 11199
4783 11198
4784 4785
4786 11195
4787 11194
4788 11193
4789 11192
4790 4791
4792 11189
4793 11188
4794 11187
4795 11186
4796 11185
4797 11184
4798 11183
4799 11182
4800 4801
4802 11179
4803 11178
4804 10632
4805 10631
4806 10630
4807 4808
4809 10627
4810 10626
4811 10625
4812 10624
4813 4814
4815 10621
4816 10620
4817 10660
4818 10659
4819 4820
4821 10656
4822 10655
4823 10654
4824 10653
4825 10652
4826 4827
4828 10689
4829 10688
4830 10687
4831 10686
4832 4833
4834 10683
4835 10682
4836 10681
4837 10788
4838 4839
4840 10785
4841 10784
4842 10783
4843 10782
4844 7412
4845 4846
4847 7409
4848 7408
4849 7407
4850 7406
4851 7405
4852 4853
4854 10407
4855 10406
4856 10405
4857 10404
4858 4859
4860 10401
4861 10400
4862 10399
4863 4864
4865 10396
4866 10395
4867 10394
4868 10393
4869 4870
4871 8213
4872 8212
4873 8211
4874 8210
4875 4876
4877 8207
4878 8206
4879 8205
4880 8204
4881 4882
4883 8201
4884 8200
4885 8073
4886 8072
4887 4888
4889 8069
4890 8068
4891 8067
4892 8057
4893 4894
4895 8054
4896 8053
4897 8052
4898 8051
4899 4900
4901 10074
4902 10073
4903 10072
4904 10071
4905 10070
4906 10069
4907 10068
4908 10067
4909 10066
4910 10065
4911 4912
4913 10062
4914 10061
4915 10060
4916 10059
4917 10058
4918 10057
4919 4920
4921 10054
4922 10053
4923 10052
4924 10051
4925 10050
4926 10049
4927 4928
4929 9533
4930 9532
4931 9531
4932 9530
4933 9529
4934 9528
4935 9527
4936 9526
4937 4938
4939 9523
4940 9522
4941 9521
4942 9306
4943 9305
4944 9304
4945 9303
4946 9302
4947 4948
4949 9299
4950 9298
4951 9297
4952 9296
4953 9295
4954 9294
4955 9293
4958 9370
4959 9369
4960 9368
4961 9367
4962 9366
4963 9365
4964 9314
4965 9313
4966 4967
4968 9310
4969 9309
4970 9308
4971 9307
4972 9520
4973 9519
4974 9518
4975 4976
4977 9515
4978 9514
4979 9513
4980 9512
4981 9511
4982 9510
4983 9509
4984 9508
4985 4986
4987 9875
4988 9874
4989 9873
4990 9872
4991 9871
4992 9870
4993 4994
4995 9867
4996 9866
4997 9865
4998 9864
4999 9863
5000 9862
5001 5002
5003 9859
5004 9858
5005 10082
5006 10081
5007 10080
5008 10079
5009 10078
5010 10077
5011 10076
5012 10075
5013 5014
5015 8064
5016 8063
5017 8062
5018 8061
5019 5020
5021 8058
5022 8238
5023 8237
5024 8236
5025 5026
5027 8233
5028 8232
5029 8231
5030 8230
5031 5032
5033 8227
5034 8226
5035 8225
5036 5037
5038 8222
5039 8221
5040 8220
5041 8219
5042 5043
5044 8216
5045 10392
5046 10391
5047 10390
5048 5049
5050 10387
5051 10386
5052 10385
5053 5054
5055 10810
5056 10809
5057 10808
5058 10807
5059 5060
5061 10804
5062 10803
5063 10802
5064 10801
5065 10800
5066 10799
5067 5068
5069 10796
5070 10795
5071 10794
5072 10793
5073 5074
5075 10790
5076 10789
5077 10680
5078 10679
5079 5080
5081 10676
5082 10675
5083 10674
5084 10673
5085 5086
5087 10670
5088 10669
5089 10668
5090 10667
5091 5092
5093 10664
5094 10663
5095 10662
5096 10661
5097 5098
5099 10617
5100 10616
5101 10615
5102 10614
5103 5104
5105 10611
5106 8936
5107 8935
5108 8934
5109 5110
5111 8931
5112 8930
5113 8929
5114 8928
5115 5116
5117 8925
5118 8924
5119 8923
5120 8922
5121 8921
5122 5123
5124 11222
5125 11221
5126 11220
5127 11219
5128 5129
5130 11216
5131 11215
5132 11214
5133 11213
5134 5135
5136 11210
5137 11209
5138 11208
5139 11207
5140 5141
5142 11068
5143 11067
5144 11066
5145 11065
5146 5147
5148 11062
5149 11061
5150 11060
5151 11059
5152 5153
5154 11056
5155 9007
5156 9006
5157 9005
5158 5159
5160 9002
5161 9001
5162 9000
5163 8999
5164 5165
5166 8996
5167 8995
5168 12354
5169 12353
5170 5171
5172 12350
5173 12349
5174 12348
5175 12347
5176 12346
5177 12345
5178 5179
5180 12342
5181 12341
5182 12340
5183 12339
5184 5185
5186 12336
5187 12335
5188 12334
5189 12333
5190 5191
5192 12330
5193 12329
5194 12530
5195 12529
5196 5197
5198 12526
5199 12525
5200 12524
5201 12523
5202 5203
5204 12520
5205 12519
5206 12558
5207 12557
5208 5209
5210 12554
5211 12553
5212 12552
5213 12551
5214 5215
5216 11863
5217 11862
5218 11861
5219 11860
5220 5221
5222 11857
5223 11856
5224 11855
5225 11854
5226 5227
5228 11851
5229 11850
5230 11849
5231 11700
5232 11699
5233 5234
5235 11696
5236 11695
5237 11694
5238 11806
5239 5240
5241 11803
5242 11802
5243 11801
5244 11800
5245 5246
5247 11797
5248 11796
5249 11795
5250 11794
5251 5252
5253 11791
5254 11790
5255 11789
5256 8400
5257 5258
5259 8397
5260 8396
5261 8395
5262 8394
5263 5264
5265 8391
5266 8390
5267 8389
5268 8388
5269 5270
5271 8385
5272 8384
5273 8465
5274 8464
5275 5276
5277 8461
5278 8460
5279 8459
5280 5281
5282 8456
5283 8455
5284 8454
5285 8453
5286 8452
5287 8451
5288 5289
5290 8488
5291 8487
5292 8486
5293 5294
5295 12725
5296 12724
5297 12723
5298 12722
5299 5300
5301 13137
5302 13136
5303 13135
5304 13134
5305 5306
5307 13131
5308 13130
5309 13129
5310 5311
5312 13085
5313 13084
5314 13083
5315 13082
5316 5317
5318 13079
5319 13078
5320 13077
5321 13076
5322 5323
5324 13073
5325 13072
5326 13071
5327 5328
5329 13068
5330 13067
5331 13066
5332 13065
5333 13064
5334 5335
5336 7771
5337 7770
5338 7769
5339 7768
5340 7767
5341 7766
5342 7765
5343 7764
5344 5345
5346 7761
5347 7760
5348 7759
5349 7758
5350 7757
5351 7756
5352 5353
5354 7496
5355 7495
5356 7494
5357 7493
5358 7492
5359 7491
5360 7490
5361 5362
5363 7487
5364 7486
5365 7485
5366 7484
5367 7483
5368 7482
5369 7481
5370 5371
5372 7478
5373 7477
5374 7476
5375 7475
5376 7474
5377 7473
5378 7423
5379 5380
5381 7420
5382 7419
5383 7418
5384 7417
5385 7416
5386 7415
5387 7414
5388 7413
5391 8897
5392 8896
5393 8895
5394 5395
5396 8892
5397 8891
5398 8890
5399 8889
5400 8888
5401 8887
5402 8886
5403 5404
5405 8883
5406 8882
5407 8881
5408 8880
5409 8879
5410 8791
5411 5412
5413 8788
5414 8787
5415 8786
5416 8785
5417 8784
5418 8783
5419 8782
5420 5421
5422 8779
5423 8778
5424 8777
5425 8776
5426 8775
5427 8774
5428 5429
5430 8771
5431 8770
5432 8769
5433 8768
5434 8767
5435 5436
5437 8764
5438 8763
5439 8762
5440 8761
5441 8760
5442 8759
5443 5444
5445 8756
5446 8755
5447 8754
5448 8753
5449 5450
5451 8750
5452 8749
5453 8748
5454 8747
5455 5456
5457 8744
5458 8743
5459 8742
5460 5461
5462 8739
5463 8738
5464 8737
5465 8736
5466 5467
5468 8733
5469 8732
5470 8731
5471 5472
5473 13145
5474 13144
5475 13143
5476 13142
5477 5478
5479 13139
5480 13138
5481 12719
5482 5483
5484 12716
5485 12715
5486 12714
5487 5488
5489 12711
5490 12710
5491 12709
5492 12708
5493 5494
5495 12705
5496 12704
5497 12703
5498 12702
5499 12701
5500 12700
5501 12699
5502 5503
5504 12696
5505 12695
5506 12694
5507 12693
5508 5509
5510 9172
5511 9171
5512 9170
5513 9169
5514 5515
5516 9166
5517 9165
5518 12669
5519 5520
5521 12666
5522 12665
5523 12664
5524 12663
5525 5526
5527 12660
5528 12659
5529 12658
5530 12657
5531 5532
5533 12654
5534 12653
5535 11815
5536 5537
5538 11812
5539 11811
5540 11810
5541 11809
5542 5543
5544 11693
5545 11692
5546 11691
5547 11690
5548 5549
5550 11687
5551 12582
5552 12581
5553 12580
5554 12579
5555 12578
5556 12577
5557 12576
5558 5559
5560 12573
5561 12572
5562 12571
5563 12570
5564 5565
5566 12567
5567 12566
5568 12565
5569 5570
5571 12562
5572 12561
5573 12560
5574 12559
5575 5576
5577 12516
5578 12515
5579 12514
5580 5581
5582 9154
5583 9153
5584 9152
5585 9151
5586 5587
5588 9148
5589 9147
5590 9146
5591 5592
5593 9132
5594 9131
5595 9130
5596 9129
5597 5598
5599 9126
5600 9125
5601 9124
5602 11658
5603 5604
5605 11655
5606 11654
5607 11653
5608 11652
5609 5610
5611 9024
5612 9023
5613 9022
5614 5615
5616 9019
5617 9018
5618 9017
5619 9016
5620 5621
5622 9013
5623 9012
5624 9011
5625 9010
5626 5627
5628 11055
5629 11054
5630 11053
5631 5632
5633 11050
5634 9112
5635 9111
5636 9110
5637 5638
5639 9107
5640 9106
5641 9105
5642 5643
5644 9102
5645 11236
5646 11235
5647 11234
5648 5649
5650 11231
5651 11230
5652 11229
5653 5654
5655 11226
5656 11225
5657 11224
5658 11223
5659 5660
5661 8967
5662 8966
5663 8965
5664 8964
5665 8963
5666 8962
5667 8961
5668 8960
5669 5670
5671 8957
5672 10942
5673 10941
5674 5675
5676 10938
5677 10937
5678 10936
5679 10935
5680 5681
5682 10932
5683 10931
5684 10930
5685 10929
5686 5687
5688 10900
5689 10899
5690 10898
5691 5692
5693 10895
5694 10894
5695 10893
5696 10892
5697 5698
5699 10889
5700 10888
5701 10887
5702 10886
5703 5704
5705 10883
5706 10882
5707 9091
5708 5709
5710 9088
5711 9087
5712 9086
5713 9085
5714 5715
5716 9082
5717 9070
5718 9069
5719 9068
5720 9067
5721 9066
5722 9065
5723 5724
5725 9062
5726 9061
5727 9060
5728 10299
5729 5730
5731 10296
5732 10295
5733 10294
5734 5735
5736 10291
5737 10290
5738 10289
5739 10288
5740 5741
5742 10285
5743 10284
5744 10283
5745 5746
5747 10280
5748 10279
5749 10238
5750 10237
5751 5752
5753 10234
5754 10233
5755 10232
5756 5757
5758 10229
5759 10228
5760 9825
5761 9824
5762 5763
5764 9821
5765 9820
5766 9819
5767 9818
5768 5769
5770 9048
5771 9047
5772 9046
5773 9045
5774 9044
5775 9043
5776 9042
5777 9041
5778 9040
5779 9039
5780 5781
5782 9889
5783 9888
5784 9887
5785 9886
5786 9885
5787 5788
5789 9882
5790 9881
5791 9880
5792 9879
5793 9878
5794 9877
5795 9876
5796 5797
5798 9503
5799 9502
5800 9501
5801 9500
5802 9499
5803 9498
5804 9497
5805 5806
5807 9494
5808 9493
5809 9492
5810 9491
5811 9490
5812 9321
5813 9320
5814 9319
5815 5816
5817 9316
5818 9315
5819 9364
5820 9363
5821 9362
5822 9361
5823 9360
5824 9359
5827 9334
5828 9333
5829 9332
5830 9331
5831 9330
5832 9329
5833 9328
5834 9327
5835 5836
5837 9324
5838 9323
5839 9322
5840 9489
5841 9488
5842 9487
5843 9486
5844 9485
5845 5846
5847 9482
5848 9481
5849 9480
5850 9479
5851 9478
5852 9477
5853 9476
5854 5855
5856 9473
5857 9472
5858 9471
5859 9470
5860 9469
5861 9468
5862 9901
5863 5864
5865 9898
5866 9897
5867 9896
5868 9895
5869 9894
5870 5871
5872 9059
5873 9058
5874 9057
5875 9056
5876 9055
5877 9054
5878 9053
5879 9052
5880 9051
5881 5882
5883 10151
5884 10150
5885 10149
5886 10148
5887 5888
5889 10145
5890 10251
5891 10250
5892 10249
5893 5894
5895 10246
5896 10245
5897 10244
5898 10243
5899 5900
5901 10240
5902 10239
5903 10278
5904 5905
5906 10275
5907 10274
5908 10273
5909 10272
5910 5911
5912 10311
5913 10310
5914 10309
5915 5916
5917 10306
5918 10305
5919 10304
5920 10303
5921 5922
5923 10300
5924 9081
5925 9080
5926 5927
5928 9077
5929 9076
5930 9075
5931 9074
5932 9073
5933 9072
5934 9071
5935 9101
5936 5937
5938 9098
5939 9097
5940 9096
5941 5942
5943 9093
5944 9092
5945 10881
5946 10880
5947 5948
5949 10877
5950 10876
5951 10875
5952 5953
5954 10914
5955 10913
5956 10912
5957 10911
5958 5959
5960 10908
5961 10907
5962 10906
5963 5964
5965 10903
5966 11049
5967 11048
5968 5969
5970 11045
5971 11044
5972 11043
5973 11042
5974 5975
5976 11039
5977 11038
5978 11037
5979 5980
5981 11034
5982 11033
5983 11032
5984 5985
5986 11029
5987 11028
5988 11027
5989 11026
5990 11025
5991 11024
5992 5993
5994 11021
5995 11020
5996 11019
5997 5998
5999 11246
6000 11245
6001 11244
6002 6003
6004 11241
6005 11240
6006 11239
6007 6008
6009 9123
6010 9122
6011 9121
6012 9120
6013 6014
6015 9117
6016 9116
6017 9115
6018 6019
6020 11295
6021 11294
6022 11293
6023 6024
6025 11290
6026 11289
6027 11288
6028 6029
6030 11285
6031 11284
6032 11283
6033 11282
6034 6035
6036 11279
6037 11672
6038 11671
6039 6040
6041 11668
6042 11667
6043 11666
6044 11665
6045 11664
6046 11663
6047 11662
6048 6049
6050 11659
6051 9145
6052 9144
6053 6054
6055 9141
6056 9140
6057 9139
6058 6059
6060 9136
6061 9135
6062 9164
6063 9163
6064 6065
6066 9160
6067 9159
6068 9158
6069 6070
6071 9155
6072 12511
6073 12510
6074 6075
6076 12507
6077 12506
6078 12505
6079 6080
6081 12502
6082 12501
6083 12500
6084 12499
6085 6086
6087 12496
6088 12495
6089 12494
6090 6091
6092 12593
6093 12592
6094 12591
6095 6096
6097 12588
6098 12587
6099 12586
6100 12585
6101 12584
6102 12583
6103 12621
6104 6105
6106 12618
6107 12617
6108 12616
6109 6110
6111 12641
6112 12640
6113 12639
6114 12638
6115 6116
6117 12635
6118 12634
6119 12633
6120 6121
6122 12683
6123 12682
6124 12681
6125 12680
6126 6127
6128 12677
6129 12676
6130 12675
6131 6132
6133 12672
6134 12671
6135 12670
6136 6137
6138 9182
6139 9181
6140 9180
6141 9179
6142 6143
6144 9176
6145 9175
6146 13259
6147 6148
6149 13256
6150 13255
6151 13254
6152 6153
6154 13251
6155 13250
6156 13249
6157 13248
6158 13247
6159 13246
6160 6161
6162 13243
6163 13242
6164 13241
6165 6166
6167 13238
6168 13237
6169 13236
6170 6171
6172 13233
6173 13232
6174 13279
6175 6176
6177 13276
6178 13275
6179 13274
6180 13273
6181 6182
6183 13270
6184 13269
6185 8674
6186 6187
6188 8671
6189 8670
6190 8669
6191 6192
6193 8666
6194 8665
6195 8664
6196 6197
6198 8661
6199 8660
6200 8659
6201 6202
6203 8656
6204 8655
6205 8654
6206 8653
6207 6208
6209 8650
6210 8649
6211 8648
6212 8647
6213 8646
6214 8645
6215 8644
6216 8643
6217 8642
6218 6219
6220 8639
6221 8638
6222 8637
6223 8636
6224 6225
6226 8633
6227 8632
6228 8631
6229 8630
6230 8629
6231 8628
6232 6233
6234 8625
6235 8624
6236 8623
6237 8622
6238 8621
6239 8620
6240 6241
6242 8617
6243 8616
6244 8615
6245 8614
6246 8613
6247 8612
6248 6249
6250 8609
6251 8608
6252 8607
6253 8606
6254 8605
6255 8604
6256 6257
6258 8601
6259 8600
6260 8599
6261 8598
6262 8597
6263 8596
6266 13299
6267 13298
6268 13297
6269 13296
6270 13295
6271 13294
6272 6273
6274 13291
6275 13290
6276 13289
6277 8850
6278 8849
6279 8848
6280 8847
6281 8846
6282 8845
6283 8844
6284 8843
6285 8842
6286 8841
6287 8840
6288 8839
6289 8838
6290 8837
6291 8836
6292 8835
6293 8834
6294 8833
6295 8832
6296 8831
6297 8830
6298 8829
6299 9805
6300 9804
6301 9803
6302 9802
6303 9801
6304 9800
6305 9799
6306 9798
6307 9797
6308 9796
6309 9795
6310 9784
6311 9783
6312 9782
6313 9781
6314 9780
6315 9779
6316 9778
6317 9777
6318 9776
6319 9775
6320 9774
6321 8689
6322 8688
6323 8687
6324 8686
6325 8685
6326 8684
6327 8683
6328 6329
6330 8680
6331 8679
6332 8678
6333 8677
6334 8676
6335 8675
6336 13268
6337 13267
6338 13266
6339 13265
6340 13264
6341 13263
6342 13262
6343 13261
6344 13260
6345 13231
6346 13230
6347 13229
6348 13228
6349 13227
6350 13226
6351 13225
6352 13224
6353 13223
6354 13222
6355 13221
6356 13220
6357 13219
6358 13218
6359 13217
6360 13216
6361 13215
6362 9763
6363 9762
6364 9761
6365 9760
6366 9759
6367 9758
6368 9757
6369 9756
6370 9755
6371 9754
6372 9753
6373 12141
6374 12140
6375 12139
6376 12138
6377 12137
6378 6379
6380 12692
6381 12691
6382 12690
6383 12689
6384 12688
6385 12687
6386 12686
6387 12685
6388 12684
6389 12630
6390 12629
6391 12628
6392 12627
6393 12626
6394 12625
6395 12624
6396 12623
6397 12622
6398 12613
6399 12612
6400 12611
6401 12610
6402 12609
6403 12608
6404 12607
6405 12606
6406 12605
6407 6408
6409 12602
6410 12601
6411 12600
6412 12599
6413 12598
6414 12597
6415 12596
6416 12493
6417 12492
6418 12491
6419 12490
6420 12489
6421 12488
6422 12487
6423 12486
6424 12485
6425 12484
6426 12483
6427 12482
6428 12481
6429 12480
6430 12479
6431 6432
6433 12476
6434 12475
6435 12474
6436 9741
6437 9740
6438 9739
6439 9738
6440 9737
6441 9736
6442 9735
6443 9734
6444 9733
6445 9732
6446 9731
6447 9730
6448 11686
6449 11685
6450 11684
6451 11683
6452 11682
6453 11681
6454 11680
6455 11679
6456 6457
6458 11676
6459 11675
6460 11674
6461 11673
6462 11278
6463 11277
6464 11276
6465 11275
6466 11274
6467 11273
6468 11272
6469 11271
6470 11270
6471 11269
6472 11268
6473 11267
6474 11266
6475 11265
6476 11264
6477 11263
6478 11262
6479 6480
6481 11259
6482 11258
6483 11257
6484 11256
6485 11255
6486 11254
6487 11253
6488 11252
6489 11251
6490 11250
6491 11249
6492 11248
6493 11247
6494 11016
6495 11015
6496 11014
6497 11013
6498 11012
6499 11011
6500 11010
6501 11009
6502 11008
6503 11007
6504 11006
6505 11005
6506 11004
6507 11003
6508 11002
6509 11001
6510 10958
6511 10957
6512 10956
6513 10955
6514 10954
6515 10953
6516 6517
6518 10928
6519 10927
6520 10926
6521 10925
6522 10924
6523 10923
6524 10922
6525 10921
6526 10920
6527 10919
6528 10918
6529 10917
6530 10916
6531 10915
6532 10872
6533 10871
6534 10870
6535 10869
6536 10868
6537 10867
6538 10866
6539 10865
6540 10864
6541 10863
6542 10862
6543 10861
6544 10860
6545 10859
6546 10858
6547 10857
6548 10856
6549 10855
6550 10854
6551 10327
6552 10326
6553 10325
6554 10324
6555 10323
6556 10322
6557 10321
6558 10320
6559 10319
6560 10318
6561 10317
6562 10316
6563 10315
6564 10314
6565 10313
6566 10312
6567 10269
6568 10268
6569 10267
6570 10266
6571 10265
6572 10264
6573 10263
6574 10262
6575 10261
6576 10260
6577 10259
6578 10258
6579 10257
6580 10256
6581 10255
6582 10254
6583 10253
6584 10252
6585 10144
6586 10143
6587 10142
6588 10141
6589 10140
6590 10139
6591 10138
6592 10137
6593 9917
6594 9916
6595 9915
6596 9914
6597 9913
6598 9912
6599 9911
6600 9910
6601 9909
6602 9908
6603 9907
6604 9906
6605 9905
6606 9904
6607 9903
6608 9902
6609 9467
6610 9466
6611 9465
6612 9464
6613 9463
6614 9462
6615 9461
6616 9460
6617 9459
6618 9458
6619 9457
6620 9456
6621 9455
6622 9454
6623 9453
6624 9452
6625 9714
6626 9713
6627 9712
6628 9711
6629 9710
6630 9709
6631 9708
6632 9707
6633 9346
6634 9345
6635 9344
6636 9343
6637 9342
6638 9341
6639 9340
6640 9339
