0 12894
1 12893
2 12892
3 12891
4 12890
5 12889
6 12888
7 12887
8 12886
9 12885
10 12884
11 12883
12 12882
13 12881
14 12880
15 12879
16 12878
17 12877
18 12234
19 12233
20 12232
21 12231
22 12230
23 12229
24 12228
25 12227
26 11616
27 11615
28 11614
29 11613
30 11612
31 11611
32 11610
33 11609
34 11671
35 11670
36 11669
37 11668
38 11667
39 11666
40 11665
41 11664
42 11663
43 11662
44 11661
45 11660
46 11659
47 11658
48 11657
49 11656
50 11655
51 11654
52 11653
53 11652
54 11651
55 11650
56 11649
57 11648
58 11702
59 11701
60 11700
61 11699
62 11698
63 11697
64 11696
65 11695
66 11312
67 11311
68 11310
69 11309
70 11308
71 11307
72 11306
73 11305
74 11304
75 11303
76 11302
77 11301
78 11300
79 11299
80 11298
81 11297
82 10782
83 10781
84 10780
85 10779
86 10778
87 10777
88 10776
89 10775
90 10774
91 10773
92 10772
93 10771
94 10770
95 10769
96 10768
97 10767
98 10766
99 10765
100 10764
101 10763
102 10762
103 10761
104 10760
105 10759
106 10758
107 10757
108 10756
109 10755
110 10754
111 10753
112 10752
113 10527
114 10526
115 10525
116 10524
117 10523
118 10522
119 10521
120 10520
121 10032
122 10031
123 10030
124 10029
125 10028
126 10027
127 10026
128 10025
129 10024
130 10023
131 10022
132 10021
133 10020
134 10019
135 10018
136 10017
137 10016
138 10015
139 9926
140 9925
141 9924
142 9923
143 9922
144 9921
145 9920
146 9919
147 9918
148 9917
149 9916
150 9915
151 9914
152 9913
153 10338
154 10337
155 10336
156 10335
157 10334
158 10333
159 10332
160 10331
161 9611
162 9610
163 9609
164 9608
165 9607
166 9606
167 9605
168 9604
169 9603
170 9602
171 9601
172 9600
173 9599
174 9598
175 9597
176 9596
177 9433
178 9432
179 9431
180 9430
181 9429
182 9428
183 9427
184 9426
185 9425
186 9424
187 9423
188 9422
189 9421
190 9420
191 9419
192 9418
193 9417
194 9416
195 9415
196 9414
197 9413
198 9412
199 9411
200 9410
201 9409
202 9408
203 9407
204 9406
205 9405
206 9404
207 9403
208 9060
209 9059
210 9058
211 9057
212 9056
213 9055
214 9054
215 9053
216 8607
217 8606
218 8605
219 8604
220 8603
221 8602
222 8601
223 8600
224 8599
225 8598
226 8597
227 8596
228 8595
229 8594
230 8593
231 8592
232 9108
233 9107
234 9106
235 9105
236 9104
237 9103
238 9102
239 9101
240 8282
241 8281
242 8280
243 8279
244 8278
245 8277
246 8276
247 8275
248 7977
249 7976
250 7975
251 7974
252 7973
253 7972
254 7971
255 7970
256 7901
257 7900
258 7899
259 7898
260 7897
261 7896
262 7895
263 7894
264 7893
265 7892
266 7891
267 7890
268 7889
269 7888
270 7887
271 7886
272 7559
273 7558
274 7557
275 7556
276 7555
277 7554
278 7553
279 7858
280 7857
281 7856
282 7855
283 7854
284 7853
285 7852
286 7851
287 7850
288 7849
289 7848
290 7847
291 7846
292 7845
293 7844
294 7843
295 7842
296 7841
297 7840
298 7839
299 7838
300 7837
301 7836
302 7835
303 7834
304 7116
305 7115
306 7114
307 7113
308 7112
309 7111
310 7110
311 7109
312 6922
313 6921
314 6920
315 6919
316 6918
317 6917
318 6916
319 6915
320 6914
321 6913
322 6912
323 6911
324 6910
325 6909
326 6908
327 6907
328 6906
331 7070
332 7069
333 7068
334 7067
335 7066
336 7065
337 7064
338 7063
339 7062
340 7061
341 7060
342 7059
343 7058
344 7057
345 7056
346 7055
347 7204
348 7203
349 7202
350 7201
351 7200
352 7199
353 7198
354 7197
355 7196
356 7195
357 7194
358 7193
359 7239
360 7238
361 7237
362 7236
363 7235
364 7234
365 7233
366 7232
367 7231
368 7230
369 7229
370 7246
371 7245
372 7244
373 7243
374 7242
375 7241
376 7240
377 7969
378 7968
379 7967
380 7966
381 7965
382 7964
383 7963
384 7962
385 7961
386 7960
387 7959
388 7958
389 7957
390 7956
391 7955
392 7954
393 7953
394 7952
395 7951
396 7950
397 8186
398 8185
399 8184
400 8183
401 8182
402 8181
403 8180
404 8179
405 8178
406 8177
407 8176
408 8175
409 8174
410 8173
411 8172
412 8171
413 8170
414 8169
415 8168
416 8167
417 8166
418 8165
419 8164
420 8163
421 8162
422 8161
423 8160
424 8159
425 8673
426 8672
427 8671
428 8670
429 8669
430 8668
431 8667
432 8666
433 8665
434 8664
435 8663
436 8709
437 8708
438 8707
439 8706
440 8705
441 8704
442 8703
443 8702
444 8701
445 8700
446 8699
447 8698
448 8697
449 8716
450 8715
451 8714
452 8713
453 8712
454 8711
455 8710
456 10330
457 10329
458 10328
459 10327
460 10326
461 10325
462 10324
463 10323
464 10322
465 10321
466 10320
467 10319
468 10318
469 10317
470 10316
471 10315
472 10314
473 10313
474 10312
475 10311
476 10310
477 10309
478 10308
479 10307
480 10306
481 10305
482 10304
483 10303
484 10302
485 10301
486 10300
487 10299
488 10298
489 10297
490 10296
491 10295
492 10294
493 10293
494 10292
495 10291
496 10290
497 10289
498 10288
499 10287
500 10286
501 10285
502 10284
503 11202
504 11201
505 11200
506 11199
507 11198
508 11197
509 11196
510 11195
511 11194
512 11193
513 11192
514 11191
515 11190
516 11189
517 11188
518 11187
519 11186
520 11185
521 11184
522 11183
523 11182
524 11181
525 11180
526 11179
527 10804
528 10803
529 10802
530 10801
531 10800
532 10799
533 10798
534 11694
535 11693
536 11692
537 11691
538 11690
539 11689
540 11688
541 11687
542 11686
543 11685
544 11684
545 11683
546 11682
547 11681
548 11680
549 11679
550 11678
551 11677
552 11676
553 11675
554 11674
555 11673
556 11672
557 11608
558 11607
559 11606
560 11605
561 11604
562 11603
563 11602
564 11601
565 11600
566 11599
567 11598
568 11597
569 11596
570 11595
571 11594
572 11593
573 11592
574 11591
575 11590
576 11589
577 11588
578 11587
579 11586
580 11585
581 12941
582 12940
583 12939
584 12938
585 12937
586 12936
587 12935
588 13131
589 13130
590 13129
591 13128
592 13127
593 13126
594 13125
595 13124
596 13123
597 13122
598 13121
599 13120
600 13119
601 13118
602 13117
603 13116
604 13115
605 13197
606 13196
607 13195
608 13194
609 13193
610 13192
611 13191
612 12353
613 12352
614 12351
615 12350
616 12349
617 12348
618 12347
619 12346
620 12345
621 12344
622 12343
623 12342
624 12341
625 12340
626 12339
627 12338
628 12337
631 12310
632 12309
633 12308
634 12307
635 12306
636 12305
637 12304
638 12303
639 12302
640 13213
641 13212
642 13211
643 13210
644 13209
645 13208
646 13207
647 13206
648 13205
649 13204
650 13203
651 13202
652 13201
653 13200
654 13199
655 13198
656 13114
657 13113
658 13112
659 13111
660 13110
661 13109
662 13108
663 13107
664 12956
665 12955
666 12954
667 12953
668 12952
669 12951
670 12950
671 12949
672 12948
673 12947
674 12946
675 12945
676 12944
677 12943
678 12942
679 11584
680 11583
681 11582
682 11581
683 11580
684 11579
685 11578
686 11577
687 12218
688 12217
689 12216
690 12215
691 12214
692 12213
693 12212
694 12211
695 11892
696 11891
697 11890
698 11889
699 11888
700 11887
701 11886
702 11885
703 11884
704 11883
705 11882
706 11881
707 11880
708 11879
709 11878
710 11877
711 11876
712 11875
713 11874
714 11873
715 11872
716 11871
717 11870
718 11869
719 10820
720 10819
721 10818
722 10817
723 10816
724 10815
725 10814
726 10813
727 10812
728 10811
729 10810
730 10809
731 10808
732 10807
733 10806
734 10805
735 11178
736 11177
737 11176
738 11175
739 11174
740 11173
741 11172
742 11171
743 11217
744 11216
745 11215
746 11214
747 11213
748 11212
749 11211
750 11210
751 11209
752 11208
753 11207
754 11206
755 11205
756 11204
757 11203
758 10283
759 10282
760 10281
761 10280
762 10279
763 10278
764 10277
765 10276
766 10275
767 10274
768 10273
769 10272
770 10271
771 10270
772 10269
773 10268
774 9885
775 9884
776 9883
777 9882
778 9881
779 9880
780 9879
781 9878
782 9877
783 9876
784 9875
785 9874
786 9873
787 9872
788 9871
789 9870
790 9869
791 9868
792 9867
793 9866
794 9865
795 9864
796 9863
797 9862
798 8732
799 8731
800 8730
801 8729
802 8728
803 8727
804 8726
805 8725
806 8724
807 8723
808 8722
809 8721
810 8720
811 8719
812 8718
813 8717
814 8696
815 8695
816 8694
817 8693
818 8692
819 8691
820 8690
821 8689
822 8688
823 8687
824 8686
825 8685
826 8684
827 8683
828 8682
829 8681
830 8680
831 8679
832 8678
833 8677
834 8676
835 8675
836 8674
837 8158
838 8157
839 8156
840 8155
841 8154
842 8153
843 8152
844 8151
845 9044
846 9043
847 9042
848 9041
849 9040
850 9039
851 9038
852 9037
853 7937
854 7936
855 7935
856 7934
857 7933
858 7932
859 7931
860 7930
861 7929
862 7928
863 7927
864 7926
865 7925
866 7924
867 7923
868 7922
869 7921
870 7920
871 7919
872 7918
873 7917
874 7916
875 7915
876 7914
877 7262
878 7261
879 7260
880 7259
881 7258
882 7257
883 7256
884 7255
885 7254
886 7253
887 7252
888 7251
889 7250
890 7249
891 7248
892 7247
893 7228
894 7227
895 7226
896 7225
897 7224
898 7223
899 7222
900 7221
901 7220
902 7219
903 7218
904 7217
905 7216
906 7215
907 7214
908 7213
909 7212
910 7211
911 7210
912 7209
913 7208
914 7207
915 7206
916 7205
917 7054
918 7053
919 7052
920 7051
921 7050
922 7049
923 7048
924 7047
925 7100
926 7099
927 7098
928 7097
929 7096
930 7095
931 7094
932 7093
935 7092
936 7091
937 7090
938 7089
939 7088
940 7087
941 7086
942 7085
943 7084
944 6930
945 6929
946 6928
947 6927
948 6926
949 6925
950 6924
951 6923
952 7108
953 7107
954 7106
955 7105
956 7104
957 7103
958 7102
959 7101
960 7046
961 7045
962 7044
963 7043
964 7042
965 7041
966 7040
967 7039
968 7605
969 7604
970 7603
971 7602
972 7601
973 7600
974 7599
975 7539
976 7538
977 7537
978 7536
979 7535
980 7534
981 7533
982 7532
983 7531
984 7530
985 7529
986 7528
987 7527
988 7526
989 7525
990 7524
991 7523
992 7522
993 7521
994 7520
995 7519
996 7518
997 7517
998 7516
999 8320
1000 8319
1001 8318
1002 8317
1003 8316
1004 8315
1005 8314
1006 7985
1007 7984
1008 7983
1009 7982
1010 7981
1011 7980
1012 7979
1013 7978
1014 8274
1015 8273
1016 8272
1017 8271
1018 8270
1019 8269
1020 8268
1021 8267
1022 8266
1023 8265
1024 8264
1025 8263
1026 8262
1027 8261
1028 8260
1029 8259
1030 8258
1031 8257
1032 8256
1033 8255
1034 8254
1035 8253
1036 8252
1037 8251
1038 8615
1039 8614
1040 8613
1041 8612
1042 8611
1043 8610
1044 8609
1045 8608
1046 9052
1047 9051
1048 9050
1049 9049
1050 9048
1051 9047
1052 9046
1053 9045
1054 8150
1055 8149
1056 8148
1057 8147
1058 8146
1059 8145
1060 8144
1061 8143
1062 9552
1063 9551
1064 9550
1065 9549
1066 9548
1067 9547
1068 9546
1069 9545
1070 9453
1071 9452
1072 9451
1073 9450
1074 9449
1075 9448
1076 9447
1077 9518
1078 9517
1079 9516
1080 9515
1081 9514
1082 9513
1083 9512
1084 9511
1085 9510
1086 9509
1087 9508
1088 9507
1089 9506
1090 9505
1091 9504
1092 9503
1093 9502
1094 10088
1095 10087
1096 10086
1097 10085
1098 10084
1099 10083
1100 10082
1101 10346
1102 10345
1103 10344
1104 10343
1105 10342
1106 10341
1107 10340
1108 10339
1109 9912
1110 9911
1111 9910
1112 9909
1113 9908
1114 9907
1115 9906
1116 9905
1117 9904
1118 9903
1119 9902
1120 9901
1121 9900
1122 9899
1123 9949
1124 9948
1125 9947
1126 9946
1127 9945
1128 9944
1129 9943
1130 9942
1131 9941
1132 10040
1133 10039
1134 10038
1135 10037
1136 10036
1137 10035
1138 10034
1139 10033
1140 10519
1141 10518
1142 10517
1143 10516
1144 10515
1145 10514
1146 10513
1147 10512
1148 10511
1149 10510
1150 10509
1151 10508
1152 10507
1153 10506
1154 10505
1155 10504
1156 11241
1157 11240
1158 11239
1159 11238
1160 11237
1161 11236
1162 11235
1163 11234
1164 11233
1165 11232
1166 11231
1167 11230
1168 11229
1169 11228
1170 11227
1171 11226
1172 11225
1173 11224
1174 11223
1175 11222
1176 11221
1177 11220
1178 11219
1179 11218
1180 11170
1181 11169
1182 11168
1183 11167
1184 11166
1185 11165
1186 11164
1187 11163
1188 11993
1189 11992
1190 11991
1191 11990
1192 11989
1193 11988
1194 11987
1195 11710
1196 11709
1197 11708
1198 11707
1199 11706
1200 11705
1201 11704
1202 11703
1203 11647
1204 11646
1205 11645
1206 11644
1207 11643
1208 11642
1209 11641
1210 11640
1211 11639
1212 11638
1213 11637
1214 11636
1215 11635
1216 11634
1217 11633
1218 11632
1219 11631
1220 11630
1221 11629
1222 11628
1223 11627
1224 11626
1225 11625
1226 11320
1227 11319
1228 11318
1229 11317
1230 11316
1231 11315
1232 11314
1233 11313
1234 12226
1235 12225
1236 12224
1237 12223
1238 12222
1239 12221
1240 12220
1241 12219
1242 11576
1243 11575
1244 11574
1245 11573
1246 11572
1247 11571
1248 11570
1249 11569
1250 13320
1251 13319
1252 13318
1253 13317
1254 13316
1255 13315
1256 13314
1257 13313
1258 13312
1259 13311
1260 13310
1261 12969
1262 12968
1263 12967
1264 12966
1265 12965
1266 12964
1267 12963
1268 12962
1269 12961
1270 12960
1271 12959
1272 12958
1273 12957
1274 13106
1275 13105
1276 13104
1277 13103
1278 13102
1279 13101
1280 13100
1281 13099
1282 12565
1283 12564
1284 12563
1285 12562
1286 12561
1287 12560
1288 12559
1289 12369
1290 12368
1291 12367
1292 12366
1293 12365
1294 12364
1295 12363
1296 12362
1297 12323
1298 12322
1299 12321
1300 12320
1301 12319
1302 12318
1303 12317
1304 12316
1305 12315
1306 12314
1307 12313
1308 12312
1309 12311
1312 12292
1313 12291
1314 12290
1315 12289
1316 12288
1317 12287
1318 12286
1319 12285
1320 12284
1321 12283
1322 12282
1323 12281
1324 12280
1325 13229
1326 13228
1327 13227
1328 13226
1329 13225
1330 13224
1331 13223
1332 13222
1333 12573
1334 12572
1335 12571
1336 12570
1337 12569
1338 12568
1339 12567
1340 12566
1341 13098
1342 13097
1343 13096
1344 13095
1345 13094
1346 13093
1347 13092
1348 13091
1349 13343
1350 13342
1351 13341
1352 13340
1353 13339
1354 13338
1355 13337
1356 13336
1357 13335
1358 13334
1359 13333
1360 13332
1361 13331
1362 13330
1363 13329
1364 13328
1365 13327
1366 13326
1367 13325
1368 13324
1369 13323
1370 13322
1371 13321
1372 11568
1373 11567
1374 11566
1375 11565
1376 11564
1377 11563
1378 11562
1379 11561
1380 12844
1381 12843
1382 12842
1383 12841
1384 12840
1385 12839
1386 12838
1387 12837
1388 11414
1389 11413
1390 11412
1391 11411
1392 11410
1393 11409
1394 11408
1395 11407
1396 11406
1397 11405
1398 11404
1399 11403
1400 11402
1401 11401
1402 11400
1403 11399
1404 11398
1405 11397
1406 11396
1407 11395
1408 11931
1409 11930
1410 11929
1411 11928
1412 11927
1413 11926
1414 11925
1415 11924
1416 11923
1417 11922
1418 11921
1419 11920
1420 10836
1421 10835
1422 10834
1423 10833
1424 10832
1425 10831
1426 10830
1427 10829
1428 12001
1429 12000
1430 11999
1431 11998
1432 11997
1433 11996
1434 11995
1435 11994
1436 11162
1437 11161
1438 11160
1439 11159
1440 11158
1441 11157
1442 11156
1443 11155
1444 11264
1445 11263
1446 11262
1447 11261
1448 11260
1449 11259
1450 11258
1451 11257
1452 11256
1453 11255
1454 11254
1455 11253
1456 11252
1457 11251
1458 11250
1459 11249
1460 11248
1461 11247
1462 11246
1463 11245
1464 11244
1465 11243
1466 11242
1467 10503
1468 10502
1469 10501
1470 10500
1471 10499
1472 10498
1473 10497
1474 10496
1475 10719
1476 10718
1477 10717
1478 10716
1479 10715
1480 10714
1481 10713
1482 10712
1483 9755
1484 9754
1485 9753
1486 9752
1487 9751
1488 9750
1489 9749
1490 9748
1491 9747
1492 9746
1493 9745
1494 9744
1495 9743
1496 9742
1497 9741
1498 9740
1499 9739
1500 9738
1501 9737
1502 9736
1503 9735
1504 9734
1505 9733
1506 9732
1507 9731
1508 9730
1509 9729
1510 9728
1511 9727
1512 9726
1513 9725
1514 9724
1515 8748
1516 8747
1517 8746
1518 8745
1519 8744
1520 8743
1521 8742
1522 8741
1523 10096
1524 10095
1525 10094
1526 10093
1527 10092
1528 10091
1529 10090
1530 10089
1531 9501
1532 9500
1533 9499
1534 9498
1535 9497
1536 9496
1537 9495
1538 9494
1539 8957
1540 8956
1541 8955
1542 8954
1543 8953
1544 8952
1545 8951
1546 8950
1547 8949
1548 9566
1549 9565
1550 9564
1551 9563
1552 9562
1553 9561
1554 9560
1555 9559
1556 9558
1557 9557
1558 9556
1559 9555
1560 9554
1561 9553
1562 8142
1563 8141
1564 8140
1565 8139
1566 8138
1567 8137
1568 8136
1569 8135
1570 9370
1571 9369
1572 9368
1573 9367
1574 9366
1575 9365
1576 9364
1577 9363
1578 9124
1579 9123
1580 9122
1581 9121
1582 9120
1583 9119
1584 9118
1585 9117
1586 9116
1587 9115
1588 9114
1589 9113
1590 9112
1591 9111
1592 9110
1593 9109
1594 8515
1595 8514
1596 8513
1597 8512
1598 8511
1599 8510
1600 8509
1601 8508
1602 8563
1603 8562
1604 8561
1605 8560
1606 8559
1607 8558
1608 8557
1609 8556
1610 7278
1611 7277
1612 7276
1613 7275
1614 7274
1615 7273
1616 7272
1617 7271
1618 8328
1619 8327
1620 8326
1621 8325
1622 8324
1623 8323
1624 8322
1625 8321
1626 7515
1627 7514
1628 7513
1629 7512
1630 7511
1631 7510
1632 7509
1633 7508
1634 7629
1635 7628
1636 7627
1637 7626
1638 7625
1639 7624
1640 7623
1641 7622
1642 7621
1643 7620
1644 7619
1645 7618
1646 7617
1647 7616
1648 7615
1649 7614
1650 7613
1651 7612
1652 7611
1653 7610
1654 7609
1655 7608
1656 7607
1657 7606
1658 7038
1659 7037
1660 7036
1661 7035
1662 7034
1663 7033
1664 7032
1665 7031
1666 7801
1667 7800
1668 7799
1669 7798
1670 7797
1671 7796
1672 7795
1673 7794
1674 6878
1675 6877
1676 6876
1677 6875
1678 6874
1679 6873
1680 6872
1681 6871
1682 6870
1683 6869
1684 6868
1685 6867
1686 6866
1687 6865
1688 6864
1689 6863
1690 6862
1693 6861
1694 6860
1695 6859
1696 6858
1697 6857
1698 6856
1699 6855
1700 6854
1701 6853
1702 6852
1703 6851
1704 6850
1705 6849
1706 6848
1707 6847
1708 6846
1709 6845
1710 6844
1711 6843
1712 6842
1713 6841
1714 6840
1715 6839
1716 6838
1717 6837
1718 6836
1719 6835
1720 6834
1721 6833
1722 7157
1723 7156
1724 7155
1725 7154
1726 7153
1727 7152
1728 7151
1729 7150
1730 7149
1731 7148
1732 7147
1733 7146
1734 7192
1735 7191
1736 7190
1737 7189
1738 7188
1739 7187
1740 7186
1741 7185
1742 7184
1743 7183
1744 7182
1745 8335
1746 8334
1747 8333
1748 8332
1749 8331
1750 8330
1751 8329
1752 7270
1753 7269
1754 7268
1755 7267
1756 7266
1757 7265
1758 7264
1759 7263
1760 7913
1761 7912
1762 7911
1763 7910
1764 7909
1765 7908
1766 7907
1767 7906
1768 7905
1769 7904
1770 7903
1771 7902
1772 7949
1773 7948
1774 7947
1775 7946
1776 7945
1777 7944
1778 7943
1779 7942
1780 7941
1781 7940
1782 7939
1783 7938
1784 9036
1785 9035
1786 9034
1787 9033
1788 9032
1789 9031
1790 9030
1791 9029
1792 9028
1793 9027
1794 9026
1795 9025
1796 9024
1797 9023
1798 9022
1799 9021
1800 8626
1801 8625
1802 8624
1803 8623
1804 8622
1805 8621
1806 8620
1807 8619
1808 8618
1809 8617
1810 8616
1811 8662
1812 8661
1813 8660
1814 8659
1815 8658
1816 8657
1817 8656
1818 8655
1819 8654
1820 8653
1821 8652
1822 8651
1823 8650
1824 10103
1825 10102
1826 10101
1827 10100
1828 10099
1829 10098
1830 10097
1831 8740
1832 8739
1833 8738
1834 8737
1835 8736
1836 8735
1837 8734
1838 8733
1839 9861
1840 9860
1841 9859
1842 9858
1843 9857
1844 9856
1845 9855
1846 9854
1847 9853
1848 9852
1849 9898
1850 9897
1851 9896
1852 9895
1853 9894
1854 9893
1855 9892
1856 9891
1857 9890
1858 9889
1859 9888
1860 9887
1861 9886
1862 10267
1863 10266
1864 10265
1865 10264
1866 10263
1867 10262
1868 10261
1869 10260
1870 10259
1871 10258
1872 10257
1873 10256
1874 10255
1875 10254
1876 10253
1877 10252
1878 11060
1879 11059
1880 11058
1881 11057
1882 11056
1883 11055
1884 11054
1885 11053
1886 11052
1887 11051
1888 11050
1889 11049
1890 11048
1891 11047
1892 11046
1893 11045
1894 11044
1895 11043
1896 11042
1897 11041
1898 11040
1899 11039
1900 11038
1901 11037
1902 12008
1903 12007
1904 12006
1905 12005
1906 12004
1907 12003
1908 12002
1909 10828
1910 10827
1911 10826
1912 10825
1913 10824
1914 10823
1915 10822
1916 10821
1917 11868
1918 11867
1919 11866
1920 11865
1921 11864
1922 11863
1923 11862
1924 11861
1925 11907
1926 11906
1927 11905
1928 11904
1929 11903
1930 11902
1931 11901
1932 11900
1933 11899
1934 11898
1935 11897
1936 11896
1937 11895
1938 11894
1939 11893
1940 12210
1941 12209
1942 12208
1943 12207
1944 12206
1945 12205
1946 12204
1947 12203
1948 12202
1949 12201
1950 12200
1951 12199
1952 12198
1953 12197
1954 12196
1955 12195
1956 12706
1957 12705
1958 12704
1959 12703
1960 12702
1961 12701
1962 12700
1963 13309
1964 13308
1965 13307
1966 13306
1967 13305
1968 13304
1969 13303
1970 13302
1971 13301
1972 13300
1973 13299
1974 13298
1975 13297
1976 13296
1977 13295
1978 13294
1979 13293
1980 12580
1981 12579
1982 12578
1983 12577
1984 12576
1985 12575
1986 12574
1987 13221
1988 13220
1989 13219
1990 13218
1991 13217
1992 13216
1993 13215
1994 13214
1995 12301
1996 12300
1997 12299
1998 12298
1999 12297
2000 12296
2001 12295
2002 12294
2003 12293
2006 12266
2007 12265
2008 12264
2009 12263
2010 12262
2011 12261
2012 12260
2013 12259
2014 12258
2015 12596
2016 12595
2017 12594
2018 12593
2019 12592
2020 12591
2021 12590
2022 12589
2023 12588
2024 12587
2025 12586
2026 12585
2027 12584
2028 12583
2029 12582
2030 12581
2031 13292
2032 13291
2033 13290
2034 13289
2035 13288
2036 13287
2037 13286
2038 13285
2039 12721
2040 12720
2041 12719
2042 12718
2043 12717
2044 12716
2045 12715
2046 12714
2047 12713
2048 12712
2049 12711
2050 12710
2051 12709
2052 12708
2053 12707
2054 12194
2055 12193
2056 12192
2057 12191
2058 12190
2059 12189
2060 12188
2061 12187
2062 12828
2063 12827
2064 12826
2065 12825
2066 12824
2067 12823
2068 12822
2069 12821
2070 12114
2071 12113
2072 12112
2073 12111
2074 12110
2075 12109
2076 12108
2077 12107
2078 12106
2079 12105
2080 12104
2081 12103
2082 12102
2083 12101
2084 12100
2085 12099
2086 12098
2087 12097
2088 12096
2089 12095
2090 12094
2091 12093
2092 12092
2093 12091
2094 12024
2095 12023
2096 12022
2097 12021
2098 12020
2099 12019
2100 12018
2101 12017
2102 12016
2103 12015
2104 12014
2105 12013
2106 12012
2107 12011
2108 12010
2109 12009
2110 11036
2111 11035
2112 11034
2113 11033
2114 11032
2115 11031
2116 11030
2117 11029
2118 11075
2119 11074
2120 11073
2121 11072
2122 11071
2123 11070
2124 11069
2125 11068
2126 11067
2127 11066
2128 11065
2129 11064
2130 11063
2131 11062
2132 11061
2133 10251
2134 10250
2135 10249
2136 10248
2137 10247
2138 10246
2139 10245
2140 10244
2141 10703
2142 10702
2143 10701
2144 10700
2145 10699
2146 10698
2147 10697
2148 10696
2149 9696
2150 9695
2151 9694
2152 9693
2153 9692
2154 9691
2155 9690
2156 9689
2157 9688
2158 9687
2159 9686
2160 9685
2161 9684
2162 9683
2163 9682
2164 9681
2165 9680
2166 9679
2167 9678
2168 9677
2169 9676
2170 9675
2171 9674
2172 9673
2173 10119
2174 10118
2175 10117
2176 10116
2177 10115
2178 10114
2179 10113
2180 10112
2181 10111
2182 10110
2183 10109
2184 10108
2185 10107
2186 10106
2187 10105
2188 10104
2189 8649
2190 8648
2191 8647
2192 8646
2193 8645
2194 8644
2195 8643
2196 8642
2197 8641
2198 8640
2199 8639
2200 8638
2201 8637
2202 8636
2203 8635
2204 8634
2205 8633
2206 8632
2207 8631
2208 8630
2209 8629
2210 8628
2211 8627
2212 9020
2213 9019
2214 9018
2215 9017
2216 9016
2217 9015
2218 9014
2219 9013
2220 9354
2221 9353
2222 9352
2223 9351
2224 9350
2225 9349
2226 9348
2227 9347
2228 8527
2229 8526
2230 8525
2231 8524
2232 8523
2233 8522
2234 8521
2235 8520
2236 8519
2237 8518
2238 8517
2239 8516
2240 8238
2241 8237
2242 8236
2243 8235
2244 8234
2245 8233
2246 8232
2247 8231
2248 8230
2249 8229
2250 8228
2251 8227
2252 8351
2253 8350
2254 8349
2255 8348
2256 8347
2257 8346
2258 8345
2259 8344
2260 8343
2261 8342
2262 8341
2263 8340
2264 8339
2265 8338
2266 8337
2267 8336
2268 7181
2269 7180
2270 7179
2271 7178
2272 7177
2273 7176
2274 7175
2275 7174
2276 7173
2277 7172
2278 7171
2279 7170
2280 7169
2281 7168
2282 7167
2283 7166
2284 7165
2285 7164
2286 7163
2287 7162
2288 7161
2289 7160
2290 7159
2291 7158
2292 6832
2293 6831
2294 6830
2295 6829
2296 6828
2297 6827
2298 6826
2299 6825
2300 7785
2301 7784
2302 7783
2303 7782
2304 7781
2305 7780
2306 7779
2307 7778
2308 6738
2309 6737
2310 6736
2311 6735
2312 6734
2313 6733
2314 6732
2315 6731
2316 6730
2317 6729
2318 6728
2319 6727
2320 6726
2323 6725
2324 6724
2325 6723
2326 6722
2327 6721
2328 6720
2329 6719
2330 6718
2331 6717
2332 6886
2333 6885
2334 6884
2335 6883
2336 6882
2337 6881
2338 6880
2339 6879
2340 7793
2341 7792
2342 7791
2343 7790
2344 7789
2345 7788
2346 7787
2347 7786
2348 6824
2349 6823
2350 6822
2351 6821
2352 6820
2353 6819
2354 6818
2355 6817
2356 7675
2357 7674
2358 7673
2359 7672
2360 7671
2361 7670
2362 7669
2363 7467
2364 7466
2365 7465
2366 7464
2367 7463
2368 7462
2369 7461
2370 7460
2371 7459
2372 7411
2373 7410
2374 7409
2375 7408
2376 7407
2377 7406
2378 7405
2379 7404
2380 7403
2381 7402
2382 7401
2383 7400
2384 7399
2385 7398
2386 7397
2387 8023
2388 8022
2389 8021
2390 8020
2391 8019
2392 8018
2393 8017
2394 7286
2395 7285
2396 7284
2397 7283
2398 7282
2399 7281
2400 7280
2401 7279
2402 8555
2403 8554
2404 8553
2405 8552
2406 8551
2407 8550
2408 8549
2409 8548
2410 8547
2411 8546
2412 8545
2413 8544
2414 8543
2415 8542
2416 8541
2417 8540
2418 8495
2419 8494
2420 8493
2421 8492
2422 8491
2423 8490
2424 8489
2425 8488
2426 9132
2427 9131
2428 9130
2429 9129
2430 9128
2431 9127
2432 9126
2433 9125
2434 9362
2435 9361
2436 9360
2437 9359
2438 9358
2439 9357
2440 9356
2441 9355
2442 9012
2443 9011
2444 9010
2445 9009
2446 9008
2447 9007
2448 9006
2449 9005
2450 9004
2451 9003
2452 9002
2453 9001
2454 9000
2455 8999
2456 8998
2457 8997
2458 8937
2459 8936
2460 8935
2461 8934
2462 8933
2463 8932
2464 8931
2465 8930
2466 8929
2467 8928
2468 8927
2469 8926
2470 8925
2471 8924
2472 8923
2473 8922
2474 8921
2475 8920
2476 8919
2477 8918
2478 8917
2479 8916
2480 8915
2481 8914
2482 10384
2483 10383
2484 10382
2485 10381
2486 10380
2487 10379
2488 10378
2489 8756
2490 8755
2491 8754
2492 8753
2493 8752
2494 8751
2495 8750
2496 8749
2497 9723
2498 9722
2499 9721
2500 9720
2501 9719
2502 9718
2503 9717
2504 9716
2505 9715
2506 9714
2507 9713
2508 9712
2509 9711
2510 9710
2511 9851
2512 9850
2513 9849
2514 9848
2515 9847
2516 9846
2517 9845
2518 9844
2519 9843
2520 9763
2521 9762
2522 9761
2523 9760
2524 9759
2525 9758
2526 9757
2527 9756
2528 10711
2529 10710
2530 10709
2531 10708
2532 10707
2533 10706
2534 10705
2535 10704
2536 10243
2537 10242
2538 10241
2539 10240
2540 10239
2541 10238
2542 10237
2543 10236
2544 11099
2545 11098
2546 11097
2547 11096
2548 11095
2549 11094
2550 11093
2551 11092
2552 11091
2553 11090
2554 11089
2555 11088
2556 11087
2557 11086
2558 11085
2559 11084
2560 11083
2561 11082
2562 11081
2563 11080
2564 11079
2565 11078
2566 11077
2567 11076
2568 11028
2569 11027
2570 11026
2571 11025
2572 11024
2573 11023
2574 11022
2575 11021
2576 11748
2577 11747
2578 11746
2579 11745
2580 11744
2581 11743
2582 11742
2583 10844
2584 10843
2585 10842
2586 10841
2587 10840
2588 10839
2589 10838
2590 10837
2591 11919
2592 11918
2593 11917
2594 11916
2595 11915
2596 11914
2597 11913
2598 11912
2599 11911
2600 11910
2601 11909
2602 11908
2603 11362
2604 11361
2605 11360
2606 11359
2607 11358
2608 11357
2609 11356
2610 11355
2611 11354
2612 11353
2613 11352
2614 11422
2615 11421
2616 11420
2617 11419
2618 11418
2619 11417
2620 11416
2621 11415
2622 12836
2623 12835
2624 12834
2625 12833
2626 12832
2627 12831
2628 12830
2629 12829
2630 12186
2631 12185
2632 12184
2633 12183
2634 12182
2635 12181
2636 12180
2637 12179
2638 12745
2639 12744
2640 12743
2641 12742
2642 12741
2643 12740
2644 12739
2645 12738
2646 12737
2647 12736
2648 12735
2649 12734
2650 12733
2651 12732
2652 12731
2653 12730
2654 12729
2655 12728
2656 12727
2657 12726
2658 12725
2659 12724
2660 12723
2661 12722
2662 13284
2663 13283
2664 13282
2665 13281
2666 13280
2667 13279
2668 13278
2669 13277
2670 12407
2671 12406
2672 12405
2673 12404
2674 12403
2675 12402
2676 12401
2677 13237
2678 13236
2679 13235
2680 13234
2681 13233
2682 13232
2683 13231
2684 13230
2685 12279
2686 12278
2687 12277
2688 12276
2689 12275
2690 12274
2691 12273
2692 12272
2693 12271
2694 12270
2695 12269
2696 12268
2697 12267
2700 12671
2701 12670
2702 12669
2703 12668
2704 12667
2705 12666
2706 12665
2707 12664
2708 12663
2709 12662
2710 12661
2711 12660
2712 12659
2713 12612
2714 12611
2715 12610
2716 12609
2717 12608
2718 12607
2719 12606
2720 12605
2721 12415
2722 12414
2723 12413
2724 12412
2725 12411
2726 12410
2727 12409
2728 12408
2729 13276
2730 13275
2731 13274
2732 13273
2733 13272
2734 13271
2735 13270
2736 13269
2737 13058
2738 13057
2739 13056
2740 13055
2741 13054
2742 13053
2743 13052
2744 13051
2745 13050
2746 13049
2747 13048
2748 13047
2749 13046
2750 12755
2751 12754
2752 12753
2753 12752
2754 12751
2755 12750
2756 12749
2757 12748
2758 12747
2759 12746
2760 12178
2761 12177
2762 12176
2763 12175
2764 12174
2765 12173
2766 12172
2767 12171
2768 11528
2769 11527
2770 11526
2771 11525
2772 11524
2773 11523
2774 11522
2775 11521
2776 12130
2777 12129
2778 12128
2779 12127
2780 12126
2781 12125
2782 12124
2783 12123
2784 12075
2785 12074
2786 12073
2787 12072
2788 12071
2789 12070
2790 12069
2791 12068
2792 12067
2793 12066
2794 12065
2795 12064
2796 11488
2797 11487
2798 11486
2799 11485
2800 11484
2801 11483
2802 11482
2803 11481
2804 11480
2805 11479
2806 11478
2807 11477
2808 11764
2809 11763
2810 11762
2811 11761
2812 11760
2813 11759
2814 11758
2815 11757
2816 11756
2817 11755
2818 11754
2819 11753
2820 11752
2821 11751
2822 11750
2823 11749
2824 11020
2825 11019
2826 11018
2827 11017
2828 11016
2829 11015
2830 11014
2831 11013
2832 11122
2833 11121
2834 11120
2835 11119
2836 11118
2837 11117
2838 11116
2839 11115
2840 11114
2841 11113
2842 11112
2843 11111
2844 11110
2845 11109
2846 11108
2847 11107
2848 11106
2849 11105
2850 11104
2851 11103
2852 11102
2853 11101
2854 11100
2855 10235
2856 10234
2857 10233
2858 10232
2859 10231
2860 10230
2861 10229
2862 10228
2863 10463
2864 10462
2865 10461
2866 10460
2867 10459
2868 10458
2869 10457
2870 10456
2871 10187
2872 10186
2873 10185
2874 10184
2875 10183
2876 10182
2877 10181
2878 10180
2879 10179
2880 10178
2881 10177
2882 10176
2883 10175
2884 10174
2885 10173
2886 10172
2887 10171
2888 10170
2889 9639
2890 9638
2891 9637
2892 9636
2893 9635
2894 9634
2895 9633
2896 9632
2897 9631
2898 9630
2899 9629
2900 9628
2901 9627
2902 9626
2903 10135
2904 10134
2905 10133
2906 10132
2907 10131
2908 10130
2909 10129
2910 10128
2911 10392
2912 10391
2913 10390
2914 10389
2915 10388
2916 10387
2917 10386
2918 10385
2919 8913
2920 8912
2921 8911
2922 8910
2923 8909
2924 8908
2925 8907
2926 8906
2927 9267
2928 9266
2929 9265
2930 9264
2931 9263
2932 9262
2933 9261
2934 9260
2935 9259
2936 9258
2937 9257
2938 9256
2939 9255
2940 9254
2941 9253
2942 9252
2943 9251
2944 9250
2945 9249
2946 9248
2947 9247
2948 9246
2949 9245
2950 9244
2951 9243
2952 9242
2953 9241
2954 9240
2955 9239
2956 9238
2957 9237
2958 8102
2959 8101
2960 8100
2961 8099
2962 8098
2963 8097
2964 8096
2965 8095
2966 9196
2967 9195
2968 9194
2969 9193
2970 9192
2971 9191
2972 9190
2973 9189
2974 9188
2975 9187
2976 9186
2977 9185
2978 9184
2979 9183
2980 9182
2981 9181
2982 9180
2983 9179
2984 9178
2985 9177
2986 9176
2987 9175
2988 9174
2989 9173
2990 8447
2991 8446
2992 8445
2993 8444
2994 8443
2995 8442
2996 8441
2997 8440
2998 8367
2999 8366
3000 8365
3001 8364
3002 8363
3003 8362
3004 8361
3005 8360
3006 8031
3007 8030
3008 8029
3009 8028
3010 8027
3011 8026
3012 8025
3013 8024
3014 7396
3015 7395
3016 7394
3017 7393
3018 7392
3019 7391
3020 7390
3021 7389
3022 7699
3023 7698
3024 7697
3025 7696
3026 7695
3027 7694
3028 7693
3029 7692
3030 7691
3031 7690
3032 7689
3033 7688
3034 7687
3035 7686
3036 7685
3037 7684
3038 7683
3039 7682
3040 7681
3041 7680
3042 7679
3043 7678
3044 7677
3045 7676
3046 6816
3047 6815
3048 6814
3049 6813
3050 6812
3051 6811
3052 6810
3053 6809
3054 6998
3055 6997
3056 6996
3057 6995
3058 6994
3059 6993
3060 6992
3061 6991
3062 6768
3063 6767
3064 6766
3065 6765
3066 6764
3067 6763
3068 6762
3069 6761
3070 6760
3071 6759
3072 6758
3073 6757
3074 6756
3075 6755
3076 6754
3077 6753
3078 6752
3081 6751
3082 6750
3083 6749
3084 6748
3085 6747
3086 6746
3087 6745
3088 6744
3089 6743
3090 6742
3091 6741
3092 6740
3093 6739
3094 7777
3095 7776
3096 7775
3097 7774
3098 7773
3099 7772
3100 7771
3101 7770
3102 7769
3103 7768
3104 7767
3105 7766
3106 7765
3107 7764
3108 7763
3109 7762
3110 7423
3111 7422
3112 7421
3113 7420
3114 7419
3115 7418
3116 7417
3117 7416
3118 7415
3119 7414
3120 7413
3121 7412
3122 7458
3123 7457
3124 7456
3125 7455
3126 7454
3127 7453
3128 7452
3129 7451
3130 7450
3131 7449
3132 7448
3133 8038
3134 8037
3135 8036
3136 8035
3137 8034
3138 8033
3139 8032
3140 8359
3141 8358
3142 8357
3143 8356
3144 8355
3145 8354
3146 8353
3147 8352
3148 8226
3149 8225
3150 8224
3151 8223
3152 8222
3153 8221
3154 8220
3155 8219
3156 8218
3157 8217
3158 8216
3159 8215
3160 8539
3161 8538
3162 8537
3163 8536
3164 8535
3165 8534
3166 8533
3167 8532
3168 8531
3169 8530
3170 8529
3171 8528
3172 9346
3173 9345
3174 9344
3175 9343
3176 9342
3177 9341
3178 9340
3179 9339
3180 9338
3181 9337
3182 9336
3183 9335
3184 9334
3185 9333
3186 9332
3187 9331
3188 8822
3189 8821
3190 8820
3191 8819
3192 8818
3193 8817
3194 8816
3195 8815
3196 8814
3197 8813
3198 8812
3199 8858
3200 8857
3201 8856
3202 8855
3203 8854
3204 8853
3205 8852
3206 8851
3207 8850
3208 8849
3209 8848
3210 8847
3211 8846
3212 10399
3213 10398
3214 10397
3215 10396
3216 10395
3217 10394
3218 10393
3219 10127
3220 10126
3221 10125
3222 10124
3223 10123
3224 10122
3225 10121
3226 10120
3227 9672
3228 9671
3229 9670
3230 9669
3231 9668
3232 9667
3233 9666
3234 9665
3235 9664
3236 9663
3237 9709
3238 9708
3239 9707
3240 9706
3241 9705
3242 9704
3243 9703
3244 9702
3245 9701
3246 9700
3247 9699
3248 9698
3249 9697
3250 10695
3251 10694
3252 10693
3253 10692
3254 10691
3255 10690
3256 10689
3257 10688
3258 10687
3259 10686
3260 10685
3261 10684
3262 10683
3263 10682
3264 10681
3265 10680
3266 10922
3267 10921
3268 10920
3269 10919
3270 10918
3271 10917
3272 10916
3273 10915
3274 10914
3275 10913
3276 10912
3277 10911
3278 10910
3279 10909
3280 10908
3281 10907
3282 10906
3283 10905
3284 10904
3285 10903
3286 10902
3287 10901
3288 10900
3289 10899
3290 12039
3291 12038
3292 12037
3293 12036
3294 12035
3295 12034
3296 12033
3297 12032
3298 12031
3299 12030
3300 12029
3301 12028
3302 12027
3303 12026
3304 12025
3305 12090
3306 12089
3307 12088
3308 12087
3309 12086
3310 12085
3311 12084
3312 12083
3313 12082
3314 12081
3315 12080
3316 12079
3317 12078
3318 12077
3319 12076
3320 12122
3321 12121
3322 12120
3323 12119
3324 12118
3325 12117
3326 12116
3327 12115
3328 12820
3329 12819
3330 12818
3331 12817
3332 12816
3333 12815
3334 12814
3335 12813
3336 12812
3337 12811
3338 12810
3339 12809
3340 12808
3341 12807
3342 12806
3343 12805
3344 12470
3345 12469
3346 12468
3347 12467
3348 12466
3349 12465
3350 12464
3351 12463
3352 12462
3353 12461
3354 12460
3355 12459
3356 12458
3357 12457
3358 12456
3359 12455
3360 12454
3361 12453
3362 12452
3363 12451
3364 12450
3365 12449
3366 12448
3367 12447
3368 12422
3369 12421
3370 12420
3371 12419
3372 12418
3373 12417
3374 12416
3375 12604
3376 12603
3377 12602
3378 12601
3379 12600
3380 12599
3381 12598
3382 12597
3385 12438
3386 12437
3387 12436
3388 12435
3389 12434
3390 12433
3391 12432
3392 12431
3393 12430
3394 12429
3395 12428
3396 12427
3397 12426
3398 12425
3399 12424
3400 12423
3401 12446
3402 12445
3403 12444
3404 12443
3405 12442
3406 12441
3407 12440
3408 12439
3409 12764
3410 12763
3411 12762
3412 12761
3413 12760
3414 12759
3415 12758
3416 12757
3417 12756
3418 12476
3419 12475
3420 12474
3421 12473
3422 12472
3423 12471
3424 12804
3425 12803
3426 12802
3427 12801
3428 12800
3429 12799
3430 12798
3431 12797
3432 11512
3433 11511
3434 11510
3435 11509
3436 11508
3437 11507
3438 11506
3439 11505
3440 11504
3441 11503
3442 11502
3443 11501
3444 11500
3445 11499
3446 11498
3447 11497
3448 11496
3449 11495
3450 11494
3451 11493
3452 11492
3453 11491
3454 11490
3455 11489
3456 12063
3457 12062
3458 12061
3459 12060
3460 12059
3461 12058
3462 12057
3463 12056
3464 12055
3465 12054
3466 12053
3467 12052
3468 12051
3469 12050
3470 12049
3471 12048
3472 12047
3473 12046
3474 12045
3475 12044
3476 12043
3477 12042
3478 12041
3479 12040
3480 10898
3481 10897
3482 10896
3483 10895
3484 10894
3485 10893
3486 10892
3487 10891
3488 10937
3489 10936
3490 10935
3491 10934
3492 10933
3493 10932
3494 10931
3495 10930
3496 10929
3497 10928
3498 10927
3499 10926
3500 10925
3501 10924
3502 10923
3503 10679
3504 10678
3505 10677
3506 10676
3507 10675
3508 10674
3509 10673
3510 10672
3511 10447
3512 10446
3513 10445
3514 10444
3515 10443
3516 10442
3517 10441
3518 10440
3519 10439
3520 10438
3521 10437
3522 10436
3523 10435
3524 10434
3525 10433
3526 10432
3527 10431
3528 10430
3529 10429
3530 10428
3531 10427
3532 10426
3533 10425
3534 10424
3535 10423
3536 10422
3537 10421
3538 10420
3539 10419
3540 10418
3541 10417
3542 10416
3543 10415
3544 10414
3545 10413
3546 10412
3547 10411
3548 10410
3549 10409
3550 10408
3551 10407
3552 10406
3553 10405
3554 10404
3555 10403
3556 10402
3557 10401
3558 10400
3559 8845
3560 8844
3561 8843
3562 8842
3563 8841
3564 8840
3565 8839
3566 8838
3567 8837
3568 8836
3569 8835
3570 8834
3571 8833
3572 8832
3573 8831
3574 8830
3575 8829
3576 8828
3577 8827
3578 8826
3579 8825
3580 8824
3581 8823
3582 9330
3583 9329
3584 9328
3585 9327
3586 9326
3587 9325
3588 9324
3589 9323
3590 8086
3591 8085
3592 8084
3593 8083
3594 8082
3595 8081
3596 8080
3597 8079
3598 8078
3599 8077
3600 8076
3601 8075
3602 8074
3603 8073
3604 8072
3605 8071
3606 8070
3607 8069
3608 8068
3609 8067
3610 8066
3611 8065
3612 8064
3613 8063
3614 8062
3615 8061
3616 8060
3617 8059
3618 8058
3619 8057
3620 8056
3621 8055
3622 8054
3623 8053
3624 8052
3625 8051
3626 8050
3627 8049
3628 8048
3629 8047
3630 8046
3631 8045
3632 8044
3633 8043
3634 8042
3635 8041
3636 8040
3637 8039
3638 7447
3639 7446
3640 7445
3641 7444
3642 7443
3643 7442
3644 7441
3645 7440
3646 7439
3647 7438
3648 7437
3649 7436
3650 7435
3651 7434
3652 7433
3653 7432
3654 7431
3655 7430
3656 7429
3657 7428
3658 7427
3659 7426
3660 7425
3661 7424
3662 7761
3663 7760
3664 7759
3665 7758
3666 7757
3667 7756
3668 7755
3669 7754
3670 6982
3671 6981
3672 6980
3673 6979
3674 6978
3675 6977
3676 6976
3677 6975
3678 6974
3679 6973
3680 6972
3681 6971
3682 6970
3683 6969
3684 6968
3685 6967
3686 6966
3687 6965
3688 6964
3689 6963
3690 6962
3693 6961
3694 6960
3695 6959
3696 6958
3697 6957
3698 6956
3699 6955
3700 6954
3701 6953
3702 6776
3703 6775
3704 6774
3705 6773
3706 6772
3707 6771
3708 6770
3709 6769
3710 6990
3711 6989
3712 6988
3713 6987
3714 6986
3715 6985
3716 6984
3717 6983
3718 7753
3719 7752
3720 7751
3721 7750
3722 7749
3723 7748
3724 7747
3725 7746
3726 7745
3727 7744
3728 7743
3729 7742
3730 7741
3731 7740
3732 7739
3733 7348
3734 7347
3735 7346
3736 7345
3737 7344
3738 7343
3739 7342
3740 7341
3741 7340
3742 7339
3743 7338
3744 7337
3745 7336
3746 7335
3747 7334
3748 7333
3749 7332
3750 7331
3751 7330
3752 7329
3753 7328
3754 7327
3755 7326
3756 7325
3757 7324
3758 7323
3759 7322
3760 7321
3761 7320
3762 7319
3763 7318
3764 8375
3765 8374
3766 8373
3767 8372
3768 8371
3769 8370
3770 8369
3771 8368
3772 8439
3773 8438
3774 8437
3775 8436
3776 8435
3777 8434
3778 8433
3779 8432
3780 8431
3781 8430
3782 8429
3783 8428
3784 8427
3785 8426
3786 8425
3787 8424
3788 8423
3789 8422
3790 8421
3791 8420
3792 8419
3793 8418
3794 8417
3795 8416
3796 9204
3797 9203
3798 9202
3799 9201
3800 9200
3801 9199
3802 9198
3803 9197
3804 8094
3805 8093
3806 8092
3807 8091
3808 8090
3809 8089
3810 8088
3811 8087
3812 9322
3813 9321
3814 9320
3815 9319
3816 9318
3817 9317
3818 9316
3819 9315
3820 9314
3821 9313
3822 9312
3823 9311
3824 9310
3825 9309
3826 9308
3827 9307
3828 8865
3829 8864
3830 8863
3831 8862
3832 8861
3833 8860
3834 8859
3835 8811
3836 8810
3837 8809
3838 8808
3839 8807
3840 8806
3841 8805
3842 8804
3843 8803
3844 8802
3845 8801
3846 8800
3847 8799
3848 8798
3849 8797
3850 8796
3851 8795
3852 8794
3853 8793
3854 8792
3855 8791
3856 8790
3857 8789
3858 8788
3859 10143
3860 10142
3861 10141
3862 10140
3863 10139
3864 10138
3865 10137
3866 10136
3867 9625
3868 9624
3869 9623
3870 9622
3871 9621
3872 9620
3873 9619
3874 9618
3875 9617
3876 9616
3877 9615
3878 9614
3879 9613
3880 9612
3881 9662
3882 9661
3883 9660
3884 9659
3885 9658
3886 9657
3887 9656
3888 9655
3889 9654
3890 10195
3891 10194
3892 10193
3893 10192
3894 10191
3895 10190
3896 10189
3897 10188
3898 10455
3899 10454
3900 10453
3901 10452
3902 10451
3903 10450
3904 10449
3905 10448
3906 10671
3907 10670
3908 10669
3909 10668
3910 10667
3911 10666
3912 10665
3913 10664
3914 10663
3915 10662
3916 10661
3917 10660
3918 10659
3919 10658
3920 10657
3921 10656
3922 10655
3923 10654
3924 10653
3925 10652
3926 10651
3927 10948
3928 10947
3929 10946
3930 10945
3931 10944
3932 10943
3933 10942
3934 10941
3935 10940
3936 10939
3937 10938
3938 10890
3939 10889
3940 10888
3941 10887
3942 10886
3943 10885
3944 10884
3945 10883
3946 10882
3947 10881
3948 10880
3949 10879
3950 10878
3951 10877
3952 10876
3953 11772
3954 11771
3955 11770
3956 11769
3957 11768
3958 11767
3959 11766
3960 11765
3961 11476
3962 11475
3963 11474
3964 11473
3965 11472
3966 11471
3967 11470
3968 11469
3969 11468
3970 11467
3971 11466
3972 11465
3973 11464
3974 11463
3975 11462
3976 11461
3977 11460
3978 11459
3979 11458
3980 11457
3981 11456
3982 11455
3983 11454
3984 12138
3985 12137
3986 12136
3987 12135
3988 12134
3989 12133
3990 12132
3991 12131
3992 11520
3993 11519
3994 11518
3995 11517
3996 11516
3997 11515
3998 11514
3999 11513
4000 12796
4001 12795
4002 12794
4003 12793
4004 12792
4005 12791
4006 12790
4007 12789
4008 12788
4009 12787
4010 12786
4011 12785
4012 12784
4013 12783
4014 12782
4015 12781
4016 12780
4017 12779
4018 12778
4019 12777
4020 12776
4021 12775
4022 12774
4023 12773
4024 12772
4025 12771
4026 12770
4027 12769
4028 12768
4029 12767
4030 12766
4031 12765
4032 12524
4033 12523
4034 12522
4035 12521
4036 12520
4037 12519
4038 12518
4039 12517
4040 12516
4041 12515
4042 12514
4043 12513
4044 12512
4045 12511
4046 12510
4047 12620
4048 12619
4049 12618
4050 12617
4051 12616
4052 12615
4053 12614
4054 12613
4055 12658
4056 12657
4057 12656
4058 12655
4059 12654
4060 12653
4061 12652
4062 12651
4063 12650
4064 12649
4065 12648
4066 12647
4067 12646
4070 12645
4071 12644
4072 12643
4073 12642
4074 12641
4075 12640
4076 12639
4077 12638
4078 12637
4079 12636
4080 12635
4081 12634
4082 12633
4083 12632
4084 12631
4085 12630
4086 12629
4087 12628
4088 12627
4089 12626
4090 12625
4091 12624
4092 12623
4093 12622
4094 12621
4095 12509
4096 12508
4097 12507
4098 12506
4099 12505
4100 12504
4101 12503
4102 12502
4103 12501
4104 12500
4105 12499
4106 12498
4107 12497
4108 12496
4109 12495
4110 12494
4111 12493
4112 12492
4113 12491
4114 12490
4115 12489
4116 12488
4117 12487
4118 12486
4119 12485
4120 12484
4121 12483
4122 12482
4123 12481
4124 12480
4125 12479
4126 12478
4127 12477
4128 13045
4129 13044
4130 13043
4131 13042
4132 13041
4133 13040
4134 13039
4135 13038
4136 13037
4137 13036
4138 13035
4139 13034
4140 13033
4141 13032
4142 12162
4143 12161
4144 12160
4145 12159
4146 12158
4147 12157
4148 12156
4149 12155
4150 12154
4151 12153
4152 12152
4153 12151
4154 12150
4155 12149
4156 12148
4157 12147
4158 12146
4159 12145
4160 12144
4161 12143
4162 12142
4163 12141
4164 12140
4165 12139
4166 11453
4167 11452
4168 11451
4169 11450
4170 11449
4171 11448
4172 11447
4173 11446
4174 11804
4175 11803
4176 11802
4177 11801
4178 11800
4179 11799
4180 11798
4181 11797
4182 11796
4183 11795
4184 11794
4185 11793
4186 11792
4187 11791
4188 11790
4189 11789
4190 11788
4191 11787
4192 11786
4193 11785
4194 11784
4195 11783
4196 11782
4197 11781
4198 11780
4199 11779
4200 11778
4201 11777
4202 11776
4203 11775
4204 11774
4205 11773
4206 10875
4207 10874
4208 10873
4209 10872
4210 10871
4211 10870
4212 10869
4213 10868
4214 11004
4215 11003
4216 11002
4217 11001
4218 11000
4219 10999
4220 10998
4221 10997
4222 10996
4223 10995
4224 10994
4225 10993
4226 10992
4227 10991
4228 10990
4229 10989
4230 10988
4231 10987
4232 10986
4233 10985
4234 10984
4235 10983
4236 10982
4237 10981
4238 10980
4239 10979
4240 10978
4241 10977
4242 10976
4243 10975
4244 10974
4245 10973
4246 10972
4247 10971
4248 10970
4249 10969
4250 10968
4251 10967
4252 10966
4253 10219
4254 10218
4255 10217
4256 10216
4257 10215
4258 10214
4259 10213
4260 10212
4261 10211
4262 10210
4263 10209
4264 10208
4265 10207
4266 10206
4267 10205
4268 10204
4269 10203
4270 10202
4271 10201
4272 10200
4273 10199
4274 10198
4275 10197
4276 10196
4277 9653
4278 9652
4279 9651
4280 9650
4281 9649
4282 9648
4283 9647
4284 9646
4285 9645
4286 9644
4287 9643
4288 9642
4289 9641
4290 9640
4291 10169
4292 10168
4293 10167
4294 10166
4295 10165
4296 10164
4297 10163
4298 10162
4299 10161
4300 10160
4301 10159
4302 10158
4303 10157
4304 10156
4305 10155
4306 10154
4307 10153
4308 10152
4309 10151
4310 10150
4311 10149
4312 10148
4313 10147
4314 10146
4315 10145
4316 10144
4317 8787
4318 8786
4319 8785
4320 8784
4321 8783
4322 8782
4323 8781
4324 8780
4325 8897
4326 8896
4327 8895
4328 8894
4329 8893
4330 8892
4331 8891
4332 8890
4333 8889
4334 8888
4335 8887
4336 8886
4337 8885
4338 8884
4339 8883
4340 8882
4341 8881
4342 8880
4343 8879
4344 8878
4345 8877
4346 8876
4347 8875
4348 8874
4349 8873
4350 8872
4351 8871
4352 8870
4353 8869
4354 8868
4355 8867
4356 8866
4357 9306
4358 9305
4359 9304
4360 9303
4361 9302
4362 9301
4363 9300
4364 9228
4365 9227
4366 9226
4367 9225
4368 9224
4369 9223
4370 9222
4371 9221
4372 9220
4373 9219
4374 9218
4375 9217
4376 9216
4377 9215
4378 9214
4379 9213
4380 9212
4381 9211
4382 9210
4383 9209
4384 9208
4385 9207
4386 9206
4387 9205
4388 8415
4389 8414
4390 8413
4391 8412
4392 8411
4393 8410
4394 8409
4395 8408
4396 8407
4397 8406
4398 8405
4399 8404
4400 8403
4401 8402
4402 8401
4403 8400
4404 8399
4405 8398
4406 8397
4407 8396
4408 8395
4409 8394
4410 8393
4411 8392
4412 8391
4413 8390
4414 8389
4415 8388
4416 8387
4417 8386
4418 8385
4419 8384
4420 8383
4421 8382
4422 8381
4423 8380
4424 8379
4425 8378
4426 8377
4427 8376
4428 7317
4429 7316
4430 7315
4431 7314
4432 7313
4433 7312
4434 7311
4435 7310
4436 7380
4437 7379
4438 7378
4439 7377
4440 7376
4441 7375
4442 7374
4443 7373
4444 7372
4445 7371
4446 7370
4447 7369
4448 7368
4449 7367
4450 7366
4451 7365
4452 7364
4453 7363
4454 7362
4455 7361
4456 7360
4457 7359
4458 7358
4459 7357
4460 7356
4461 7355
4462 7354
4463 7353
4464 7352
4465 7351
4466 7350
4467 7349
4468 7738
4469 7737
4470 7736
4471 7735
4472 7734
4473 7733
4474 7732
4475 7731
4476 6800
4477 6799
4478 6798
4479 6797
4480 6796
4481 6795
4482 6794
4483 6793
4484 6792
4485 6791
4486 6790
4487 6789
4488 6788
4489 6787
4490 6786
4491 6785
4492 6784
4493 6783
4494 6782
4495 6781
4496 6780
4497 6779
4498 6778
4499 6777
4500 6952
4501 6951
4502 6950
4505 6905
4506 6904
4507 6903
4508 6902
4509 6901
4510 6900
4511 6899
4512 6898
4513 6897
4514 6896
4515 6895
4516 7006
4517 7005
4518 7004
4519 7003
4520 7002
4521 7001
4522 7000
4523 6999
4524 6808
4525 6807
4526 6806
4527 6805
4528 6804
4529 6803
4530 6802
4531 6801
4532 7730
4533 7729
4534 7728
4535 7727
4536 7726
4537 7725
4538 7724
4539 7723
4540 7722
4541 7721
4542 7720
4543 7719
4544 7718
4545 7717
4546 7716
4547 7715
4548 7714
4549 7713
4550 7712
4551 7711
4552 7710
4553 7709
4554 7708
4555 7707
4556 7706
4557 7705
4558 7704
4559 7703
4560 7702
4561 7701
4562 7700
4563 7388
4564 7387
4565 7386
4566 7385
4567 7384
4568 7383
4569 7382
4570 7381
4571 7309
4572 7308
4573 7307
4574 7306
4575 7305
4576 7304
4577 7303
4578 7302
4579 7301
4580 7300
4581 7299
4582 7298
4583 7297
4584 7296
4585 7295
4586 8455
4587 8454
4588 8453
4589 8452
4590 8451
4591 8450
4592 8449
4593 8448
4594 9172
4595 9171
4596 9170
4597 9169
4598 9168
4599 9167
4600 9166
4601 9165
4602 9164
4603 9163
4604 9162
4605 9161
4606 9160
4607 9159
4608 9158
4609 9157
4610 9156
4611 9155
4612 9154
4613 9153
4614 9152
4615 9151
4616 9150
4617 9149
4618 9148
4619 9147
4620 9146
4621 9145
4622 9144
4623 9143
4624 9142
4625 9141
4626 8110
4627 8109
4628 8108
4629 8107
4630 8106
4631 8105
4632 8104
4633 8103
4634 9236
4635 9235
4636 9234
4637 9233
4638 9232
4639 9231
4640 9230
4641 9229
4642 9299
4643 9298
4644 9297
4645 9296
4646 9295
4647 9294
4648 9293
4649 9292
4650 9291
4651 9290
4652 9289
4653 9288
4654 9287
4655 9286
4656 9285
4657 9284
4658 9283
4659 9282
4660 9281
4661 9280
4662 9279
4663 9278
4664 9277
4665 9276
4666 9275
4667 9274
4668 9273
4669 9272
4670 9271
4671 9270
4672 9269
4673 9268
4674 8905
4675 8904
4676 8903
4677 8902
4678 8901
4679 8900
4680 8899
4681 8898
4682 8779
4683 8778
4684 8777
4685 8776
4686 8775
4687 8774
4688 8773
4689 8772
4690 8771
4691 8770
4692 8769
4693 8768
4694 8767
4695 8766
4696 8765
4697 9810
4698 9809
4699 9808
4700 9807
4701 9806
4702 9805
4703 9804
4704 9803
4705 9802
4706 9801
4707 9800
4708 9799
4709 9798
4710 9797
4711 9796
4712 9795
4713 9794
4714 9793
4715 9792
4716 9791
4717 9790
4718 9789
4719 9788
4720 9787
4721 9786
4722 9785
4723 9784
4724 9783
4725 9782
4726 9781
4727 9780
4728 9779
4729 9778
4730 9777
4731 9776
4732 9775
4733 9774
4734 9773
4735 9772
4736 10471
4737 10470
4738 10469
4739 10468
4740 10467
4741 10466
4742 10465
4743 10464
4744 10227
4745 10226
4746 10225
4747 10224
4748 10223
4749 10222
4750 10221
4751 10220
4752 10965
4753 10964
4754 10963
4755 10962
4756 10961
4757 10960
4758 10959
4759 10958
4760 10957
4761 10956
4762 10955
4763 10954
4764 10953
4765 10952
4766 10951
4767 10950
4768 10949
4769 10650
4770 10649
4771 10648
4772 10647
4773 10646
4774 10645
4775 10644
4776 11130
4777 11129
4778 11128
4779 11127
4780 11126
4781 11125
4782 11124
4783 11123
4784 11012
4785 11011
4786 11010
4787 11009
4788 11008
4789 11007
4790 11006
4791 11005
4792 10867
4793 10866
4794 10865
4795 10864
4796 10863
4797 10862
4798 10861
4799 10860
4800 10859
4801 10858
4802 10857
4803 10856
4804 10855
4805 10854
4806 10853
4807 11828
4808 11827
4809 11826
4810 11825
4811 11824
4812 11823
4813 11822
4814 11821
4815 11820
4816 11819
4817 11818
4818 11817
4819 11816
4820 11815
4821 11814
4822 11813
4823 11812
4824 11811
4825 11810
4826 11809
4827 11808
4828 11807
4829 11806
4830 11805
4831 11445
4832 11444
4833 11443
4834 11442
4835 11441
4836 11440
4837 11439
4838 11438
4839 11437
4840 11436
4841 11435
4842 11434
4843 11433
4844 11432
4845 11431
4846 11536
4847 11535
4848 11534
4849 11533
4850 11532
4851 11531
4852 11530
4853 11529
4854 12170
4855 12169
4856 12168
4857 12167
4858 12166
4859 12165
4860 12164
4861 12163
4862 13031
4863 13030
4864 13029
4865 13028
4866 13027
4867 13026
4868 13025
4869 13024
4870 13023
4871 13022
4872 13021
4873 13020
4874 13019
4875 13018
4876 13017
4877 13016
4878 13015
4879 13014
4880 13013
4881 13012
4882 13011
4883 13010
4884 13009
4885 13008
4886 13066
4887 13065
4888 13064
4889 13063
4890 13062
4891 13061
4892 13060
4893 13059
4894 13268
4895 13267
4896 13266
4897 13265
4898 13264
4899 13263
4900 13262
4901 13261
4902 13260
4903 13259
4904 13258
4905 13257
4906 13256
4907 13255
4908 13254
4909 13253
4910 13252
4911 13251
4912 13250
4913 13249
4914 13248
4915 13247
4916 13246
4917 12688
4918 12687
4919 12686
4920 12685
4921 12684
4922 12683
4923 12682
4924 12681
4925 12680
4926 12679
4927 12678
4928 12677
4929 12676
4930 12675
4931 12674
4932 12673
4933 12672
4936 12699
4937 12698
4938 12697
4939 12696
4940 12695
4941 12694
4942 12693
4943 12692
4944 12691
4945 12690
4946 12689
4947 13245
4948 13244
4949 13243
4950 13242
4951 13241
4952 13240
4953 13239
4954 13238
4955 12400
4956 12399
4957 12398
4958 12397
4959 12396
4960 12395
4961 12394
4962 12393
4963 13082
4964 13081
4965 13080
4966 13079
4967 13078
4968 13077
4969 13076
4970 13075
4971 13074
4972 13073
4973 13072
4974 13071
4975 13070
4976 13069
4977 13068
4978 13067
4979 13007
4980 13006
4981 13005
4982 13004
4983 13003
4984 13002
4985 13001
4986 13000
4987 12999
4988 12998
4989 12997
4990 12996
4991 12995
4992 12994
4993 12993
4994 12992
4995 12991
4996 12990
4997 12989
4998 12988
4999 12987
5000 12986
5001 12985
5002 11552
5003 11551
5004 11550
5005 11549
5006 11548
5007 11547
5008 11546
5009 11545
5010 11544
5011 11543
5012 11542
5013 11541
5014 11540
5015 11539
5016 11538
5017 11537
5018 11430
5019 11429
5020 11428
5021 11427
5022 11426
5023 11425
5024 11424
5025 11423
5026 11351
5027 11350
5028 11349
5029 11348
5030 11347
5031 11346
5032 11345
5033 11344
5034 11852
5035 11851
5036 11850
5037 11849
5038 11848
5039 11847
5040 11846
5041 11845
5042 11844
5043 11843
5044 11842
5045 11841
5046 11840
5047 11839
5048 11838
5049 11837
5050 11836
5051 11835
5052 11834
5053 11833
5054 11832
5055 11831
5056 11830
5057 11829
5058 10852
5059 10851
5060 10850
5061 10849
5062 10848
5063 10847
5064 10846
5065 10845
5066 11741
5067 11740
5068 11739
5069 11738
5070 11737
5071 11736
5072 11735
5073 11734
5074 11146
5075 11145
5076 11144
5077 11143
5078 11142
5079 11141
5080 11140
5081 11139
5082 11138
5083 11137
5084 11136
5085 11135
5086 11134
5087 11133
5088 11132
5089 11131
5090 10643
5091 10642
5092 10641
5093 10640
5094 10639
5095 10638
5096 10637
5097 10636
5098 10635
5099 10634
5100 10633
5101 10632
5102 10631
5103 10630
5104 10629
5105 10628
5106 10627
5107 10626
5108 10625
5109 10624
5110 10623
5111 10622
5112 10621
5113 10487
5114 10486
5115 10485
5116 10484
5117 10483
5118 10482
5119 10481
5120 10480
5121 10479
5122 10478
5123 10477
5124 10476
5125 10475
5126 10474
5127 10473
5128 10472
5129 9771
5130 9770
5131 9769
5132 9768
5133 9767
5134 9766
5135 9765
5136 9764
5137 9842
5138 9841
5139 9840
5140 9839
5141 9838
5142 9837
5143 9836
5144 9835
5145 9834
5146 9833
5147 9832
5148 9831
5149 9830
5150 9829
5151 9828
5152 9827
5153 9826
5154 9825
5155 9824
5156 9823
5157 9822
5158 9821
5159 9820
5160 9819
5161 9818
5162 9817
5163 9816
5164 9815
5165 9814
5166 9813
5167 9812
5168 9811
5169 8764
5170 8763
5171 8762
5172 8761
5173 8760
5174 8759
5175 8758
5176 8757
5177 10377
5178 10376
5179 10375
5180 10374
5181 10373
5182 10372
5183 10371
5184 10370
5185 9485
5186 9484
5187 9483
5188 9482
5189 9481
5190 9480
5191 9479
5192 9478
5193 9477
5194 9476
5195 9475
5196 9474
5197 9473
5198 9472
5199 9471
5200 9470
5201 9469
5202 9468
5203 9467
5204 9466
5205 9465
5206 8948
5207 8947
5208 8946
5209 8945
5210 8944
5211 8943
5212 8942
5213 8941
5214 8940
5215 8939
5216 8938
5217 8996
5218 8995
5219 8994
5220 8993
5221 8992
5222 8991
5223 8990
5224 8126
5225 8125
5226 8124
5227 8123
5228 8122
5229 8121
5230 8120
5231 8119
5232 8118
5233 8117
5234 8116
5235 8115
5236 8114
5237 8113
5238 8112
5239 8111
5240 9140
5241 9139
5242 9138
5243 9137
5244 9136
5245 9135
5246 9134
5247 9133
5248 8487
5249 8486
5250 8485
5251 8484
5252 8483
5253 8482
5254 8481
5255 8480
5256 8479
5257 8478
5258 8477
5259 8476
5260 8475
5261 8474
5262 8473
5263 8472
5264 8471
5265 8470
5266 8469
5267 8468
5268 8467
5269 8466
5270 8465
5271 8464
5272 8463
5273 8462
5274 8461
5275 8460
5276 8459
5277 8458
5278 8457
5279 8456
5280 7294
5281 7293
5282 7292
5283 7291
5284 7290
5285 7289
5286 7288
5287 7287
5288 8016
5289 8015
5290 8014
5291 8013
5292 8012
5293 8011
5294 8010
5295 8009
5296 7499
5297 7498
5298 7497
5299 7496
5300 7495
5301 7494
5302 7493
5303 7492
5304 7491
5305 7490
5306 7489
5307 7488
5308 7487
5309 7486
5310 7485
5311 7484
5312 7483
5313 7482
5314 7481
5315 7480
5316 7479
5317 7478
5318 7477
5319 7476
5320 7475
5321 7474
5322 7473
5323 7472
5324 7471
5325 7470
5326 7469
5327 7468
5328 7668
5329 7667
5330 7666
5331 7665
5332 7664
5333 7663
5334 7662
5335 7661
5336 7022
5337 7021
5338 7020
5339 7019
5340 7018
5341 7017
5342 7016
5343 7015
5344 7014
5345 7013
5346 7012
5347 7011
5348 7010
5349 7009
5350 7008
5351 7007
5352 6894
5353 6893
5354 6892
5355 6891
5356 6890
5357 6889
5358 6888
5359 6887
5360 6716
5361 6715
5362 6714
5365 6949
5366 6948
5367 6947
5368 6946
5369 6945
5370 6944
5371 6943
5372 6942
5373 6941
5374 6940
5375 6939
5376 7809
5377 7808
5378 7807
5379 7806
5380 7805
5381 7804
5382 7803
5383 7802
5384 7030
5385 7029
5386 7028
5387 7027
5388 7026
5389 7025
5390 7024
5391 7023
5392 7660
5393 7659
5394 7658
5395 7657
5396 7656
5397 7655
5398 7654
5399 7653
5400 7652
5401 7651
5402 7650
5403 7649
5404 7648
5405 7647
5406 7646
5407 7645
5408 7644
5409 7643
5410 7642
5411 7641
5412 7640
5413 7639
5414 7638
5415 7637
5416 7636
5417 7635
5418 7634
5419 7633
5420 7632
5421 7631
5422 7630
5423 7507
5424 7506
5425 7505
5426 7504
5427 7503
5428 7502
5429 7501
5430 7500
5431 8008
5432 8007
5433 8006
5434 8005
5435 8004
5436 8003
5437 8002
5438 8001
5439 8000
5440 7999
5441 7998
5442 7997
5443 7996
5444 7995
5445 7994
5446 8571
5447 8570
5448 8569
5449 8568
5450 8567
5451 8566
5452 8565
5453 8564
5454 8507
5455 8506
5456 8505
5457 8504
5458 8503
5459 8502
5460 8501
5461 8500
5462 8499
5463 8498
5464 8497
5465 8496
5466 8214
5467 8213
5468 8212
5469 8211
5470 8210
5471 8209
5472 8208
5473 8207
5474 8206
5475 8205
5476 8204
5477 8203
5478 8202
5479 8201
5480 8200
5481 8199
5482 8198
5483 8197
5484 8196
5485 8195
5486 9378
5487 9377
5488 9376
5489 9375
5490 9374
5491 9373
5492 9372
5493 9371
5494 8134
5495 8133
5496 8132
5497 8131
5498 8130
5499 8129
5500 8128
5501 8127
5502 8989
5503 8988
5504 8987
5505 8986
5506 8985
5507 8984
5508 8983
5509 8982
5510 8981
5511 8980
5512 8979
5513 8978
5514 8977
5515 8976
5516 8975
5517 8974
5518 8973
5519 8972
5520 8971
5521 8970
5522 8969
5523 8968
5524 8967
5525 8966
5526 8965
5527 8964
5528 8963
5529 8962
5530 8961
5531 8960
5532 8959
5533 8958
5534 9493
5535 9492
5536 9491
5537 9490
5538 9489
5539 9488
5540 9487
5541 9486
5542 10369
5543 10368
5544 10367
5545 10366
5546 10365
5547 10364
5548 10363
5549 10362
5550 10361
5551 10360
5552 10359
5553 10358
5554 10357
5555 10356
5556 10355
5557 9996
5558 9995
5559 9994
5560 9993
5561 9992
5562 9991
5563 9990
5564 9989
5565 9988
5566 9987
5567 9986
5568 9985
5569 9984
5570 9983
5571 9982
5572 9981
5573 9980
5574 9979
5575 9978
5576 9977
5577 9976
5578 9975
5579 9974
5580 9973
5581 9972
5582 9971
5583 9970
5584 9969
5585 9968
5586 9967
5587 9966
5588 9965
5589 9964
5590 9963
5591 9962
5592 9961
5593 9960
5594 9959
5595 9958
5596 10727
5597 10726
5598 10725
5599 10724
5600 10723
5601 10722
5602 10721
5603 10720
5604 10495
5605 10494
5606 10493
5607 10492
5608 10491
5609 10490
5610 10489
5611 10488
5612 10620
5613 10619
5614 10618
5615 10617
5616 10616
5617 10615
5618 10614
5619 10613
5620 10612
5621 10611
5622 10610
5623 10609
5624 10608
5625 10607
5626 10606
5627 10605
5628 10604
5629 10603
5630 10602
5631 10601
5632 10600
5633 10599
5634 10598
5635 10597
5636 11272
5637 11271
5638 11270
5639 11269
5640 11268
5641 11267
5642 11266
5643 11265
5644 11154
5645 11153
5646 11152
5647 11151
5648 11150
5649 11149
5650 11148
5651 11147
5652 11733
5653 11732
5654 11731
5655 11730
5656 11729
5657 11728
5658 11727
5659 11726
5660 11725
5661 11724
5662 11723
5663 11722
5664 11721
5665 11720
5666 11719
5667 11378
5668 11377
5669 11376
5670 11375
5671 11374
5672 11373
5673 11372
5674 11371
5675 11370
5676 11369
5677 11368
5678 11367
5679 11366
5680 11365
5681 11364
5682 11363
5683 11860
5684 11859
5685 11858
5686 11857
5687 11856
5688 11855
5689 11854
5690 11853
5691 11343
5692 11342
5693 11341
5694 11340
5695 11339
5696 11338
5697 11337
5698 11336
5699 11335
5700 11334
5701 11333
5702 11332
5703 11331
5704 11330
5705 11329
5706 12852
5707 12851
5708 12850
5709 12849
5710 12848
5711 12847
5712 12846
5713 12845
5714 11560
5715 11559
5716 11558
5717 11557
5718 11556
5719 11555
5720 11554
5721 11553
5722 12984
5723 12983
5724 12982
5725 12981
5726 12980
5727 12979
5728 12978
5729 12977
5730 12976
5731 12975
5732 12974
5733 12973
5734 12972
5735 12971
5736 12970
5737 12912
5738 12911
5739 12910
5740 12909
5741 12908
5742 12907
5743 12906
5744 12905
5745 12904
5746 13351
5747 13350
5748 13349
5749 13348
5750 13347
5751 13346
5752 13345
5753 13344
5754 13090
5755 13089
5756 13088
5757 13087
5758 13086
5759 13085
5760 13084
5761 13083
5762 12392
5763 12391
5764 12390
5765 12389
5766 12388
5767 12387
5768 12386
5769 12385
5770 12384
5771 12383
5772 12382
5773 12381
5774 12380
5775 12379
5776 12378
5777 12923
5778 12922
5779 12921
5780 12920
5781 12919
5782 12918
5783 12917
5784 12916
5785 12915
5786 12914
5787 12913
5790 12934
5791 12933
5792 12932
5793 12931
5794 12930
5795 12929
5796 12928
5797 12927
5798 12926
5799 12925
5800 12924
5801 12377
5802 12376
5803 12375
5804 12374
5805 12373
5806 12372
5807 12371
5808 12370
5809 12558
5810 12557
5811 12556
5812 12555
5813 12554
5814 12553
5815 12552
5816 12551
5817 13367
5818 13366
5819 13365
5820 13364
5821 13363
5822 13362
5823 13361
5824 13360
5825 13359
5826 13358
5827 13357
5828 13356
5829 13355
5830 13354
5831 13353
5832 13352
5833 12903
5834 12902
5835 12901
5836 12900
5837 12899
5838 12898
5839 12897
5840 12896
5841 12895
5842 13160
5843 13159
5844 13158
5845 13157
5846 13156
5847 13155
5848 13154
5849 13153
5850 13152
5851 13151
5852 13150
5853 13149
5854 13148
5855 13147
5856 12868
5857 12867
5858 12866
5859 12865
5860 12864
5861 12863
5862 12862
5863 12861
5864 12860
5865 12859
5866 12858
5867 12857
5868 12856
5869 12855
5870 12854
5871 12853
5872 11328
5873 11327
5874 11326
5875 11325
5876 11324
5877 11323
5878 11322
5879 11321
5880 11624
5881 11623
5882 11622
5883 11621
5884 11620
5885 11619
5886 11618
5887 11617
5888 11939
5889 11938
5890 11937
5891 11936
5892 11935
5893 11934
5894 11933
5895 11932
5896 11394
5897 11393
5898 11392
5899 11391
5900 11390
5901 11389
5902 11388
5903 11387
5904 11386
5905 11385
5906 11384
5907 11383
5908 11382
5909 11381
5910 11380
5911 11379
5912 11718
5913 11717
5914 11716
5915 11715
5916 11714
5917 11713
5918 11712
5919 11711
5920 11986
5921 11985
5922 11984
5923 11983
5924 11982
5925 11981
5926 11980
5927 11979
5928 11288
5929 11287
5930 11286
5931 11285
5932 11284
5933 11283
5934 11282
5935 11281
5936 11280
5937 11279
5938 11278
5939 11277
5940 11276
5941 11275
5942 11274
5943 11273
5944 10596
5945 10595
5946 10594
5947 10593
5948 10592
5949 10591
5950 10590
5951 10589
5952 10588
5953 10587
5954 10586
5955 10585
5956 10584
5957 10583
5958 10582
5959 10581
5960 10580
5961 10579
5962 10578
5963 10577
5964 10576
5965 10575
5966 10574
5967 10743
5968 10742
5969 10741
5970 10740
5971 10739
5972 10738
5973 10737
5974 10736
5975 10735
5976 10734
5977 10733
5978 10732
5979 10731
5980 10730
5981 10729
5982 10728
5983 9957
5984 9956
5985 9955
5986 9954
5987 9953
5988 9952
5989 9951
5990 9950
5991 9940
5992 9939
5993 9938
5994 9937
5995 9936
5996 9935
5997 9934
5998 9933
5999 9932
6000 9931
6001 9930
6002 9929
6003 9928
6004 9927
6005 10014
6006 10013
6007 10012
6008 10011
6009 10010
6010 10009
6011 10008
6012 10007
6013 10006
6014 10005
6015 10004
6016 10003
6017 10002
6018 10001
6019 10000
6020 9999
6021 9998
6022 9997
6023 10354
6024 10353
6025 10352
6026 10351
6027 10350
6028 10349
6029 10348
6030 10347
6031 10081
6032 10080
6033 10079
6034 10078
6035 10077
6036 10076
6037 10075
6038 10074
6039 9587
6040 9586
6041 9585
6042 9584
6043 9583
6044 9582
6045 9581
6046 9580
6047 9579
6048 9578
6049 9577
6050 9576
6051 9575
6052 9574
6053 9573
6054 9572
6055 9571
6056 9570
6057 9569
6058 9568
6059 9567
6060 9464
6061 9463
6062 9462
6063 9461
6064 9460
6065 9459
6066 9458
6067 9457
6068 9456
6069 9455
6070 9454
6071 9544
6072 9543
6073 9542
6074 9541
6075 9540
6076 9539
6077 9538
6078 9394
6079 9393
6080 9392
6081 9391
6082 9390
6083 9389
6084 9388
6085 9387
6086 9386
6087 9385
6088 9384
6089 9383
6090 9382
6091 9381
6092 9380
6093 9379
6094 8194
6095 8193
6096 8192
6097 8191
6098 8190
6099 8189
6100 8188
6101 8187
6102 8250
6103 8249
6104 8248
6105 8247
6106 8246
6107 8245
6108 8244
6109 8243
6110 8242
6111 8241
6112 8240
6113 8239
6114 8591
6115 8590
6116 8589
6117 8588
6118 8587
6119 8586
6120 8585
6121 8584
6122 8583
6123 8582
6124 8581
6125 8580
6126 8579
6127 8578
6128 8577
6129 8576
6130 8575
6131 8574
6132 8573
6133 8572
6134 7993
6135 7992
6136 7991
6137 7990
6138 7989
6139 7988
6140 7987
6141 7986
6142 8313
6143 8312
6144 8311
6145 8310
6146 8309
6147 8308
6148 8307
6149 8306
6150 7877
6151 7876
6152 7875
6153 7874
6154 7873
6155 7872
6156 7871
6157 7870
6158 7869
6159 7868
6160 7867
6161 7866
6162 7865
6163 7864
6164 7863
6165 7862
6166 7861
6167 7860
6168 7859
6169 7552
6170 7551
6171 7550
6172 7549
6173 7548
6174 7547
6175 7546
6176 7545
6177 7544
6178 7543
6179 7542
6180 7541
6181 7540
6182 7598
6183 7597
6184 7596
6185 7595
6186 7594
6187 7593
6188 7592
6189 7591
6190 7825
6191 7824
6192 7823
6193 7822
6194 7821
6195 7820
6196 7819
6197 7818
6198 7817
6199 7816
6200 7815
6201 7814
6202 7813
6203 7812
6204 7811
6205 7810
6206 6938
6207 6937
6208 6936
6209 6935
6210 6934
6211 6933
6212 6932
6213 6931
6214 7083
6215 7082
6216 7081
6217 7080
6218 7079
6219 7078
6220 7077
6221 7076
6222 7075
6223 7074
6224 7073
6225 7072
6226 7071
6229 7145
6230 7144
6231 7143
6232 7142
6233 7141
6234 7140
6235 7139
6236 7138
6237 7137
6238 7136
6239 7135
6240 7134
6241 7133
6242 7132
6243 7131
6244 7130
6245 7129
6246 7128
6247 7127
6248 7126
6249 7125
6250 7124
6251 7123
6252 7122
6253 7121
6254 7120
6255 7119
6256 7118
6257 7117
6258 7833
6259 7832
6260 7831
6261 7830
6262 7829
6263 7828
6264 7827
6265 7826
6266 7590
6267 7589
6268 7588
6269 7587
6270 7586
6271 7585
6272 7584
6273 7583
6274 7582
6275 7581
6276 7580
6277 7579
6278 7578
6279 7577
6280 7576
6281 7575
6282 7574
6283 7573
6284 7572
6285 7571
6286 7570
6287 7569
6288 7568
6289 7567
6290 7566
6291 7565
6292 7564
6293 7563
6294 7562
6295 7561
6296 7560
6297 7885
6298 7884
6299 7883
6300 7882
6301 7881
6302 7880
6303 7879
6304 7878
6305 8305
6306 8304
6307 8303
6308 8302
6309 8301
6310 8300
6311 8299
6312 8298
6313 8297
6314 8296
6315 8295
6316 8294
6317 8293
6318 8292
6319 8291
6320 8290
6321 8289
6322 8288
6323 8287
6324 8286
6325 8285
6326 8284
6327 8283
6328 9100
6329 9099
6330 9098
6331 9097
6332 9096
6333 9095
6334 9094
6335 9093
6336 9092
6337 9091
6338 9090
6339 9089
6340 9088
6341 9087
6342 9086
6343 9085
6344 9084
6345 9083
6346 9082
6347 9081
6348 9080
6349 9079
6350 9078
6351 9077
6352 9076
6353 9075
6354 9074
6355 9073
6356 9072
6357 9071
6358 9070
6359 9069
6360 9068
6361 9067
6362 9066
6363 9065
6364 9064
6365 9063
6366 9062
6367 9061
6368 9402
6369 9401
6370 9400
6371 9399
6372 9398
6373 9397
6374 9396
6375 9395
6376 9537
6377 9536
6378 9535
6379 9534
6380 9533
6381 9532
6382 9531
6383 9530
6384 9529
6385 9528
6386 9527
6387 9526
6388 9525
6389 9524
6390 9523
6391 9522
6392 9521
6393 9520
6394 9519
6395 9446
6396 9445
6397 9444
6398 9443
6399 9442
6400 9441
6401 9440
6402 9439
6403 9438
6404 9437
6405 9436
6406 9435
6407 9434
6408 9595
6409 9594
6410 9593
6411 9592
6412 9591
6413 9590
6414 9589
6415 9588
6416 10073
6417 10072
6418 10071
6419 10070
6420 10069
6421 10068
6422 10067
6423 10066
6424 10065
6425 10064
6426 10063
6427 10062
6428 10061
6429 10060
6430 10059
6431 10058
6432 10057
6433 10056
6434 10055
6435 10054
6436 10053
6437 10052
6438 10051
6439 10050
6440 10049
6441 10048
6442 10047
6443 10046
6444 10045
6445 10044
6446 10043
6447 10042
6448 10041
6449 10556
6450 10555
6451 10554
6452 10553
6453 10552
6454 10551
6455 10550
6456 10549
6457 10548
6458 10547
6459 10546
6460 10545
6461 10544
6462 10543
6463 10542
6464 10541
6465 10540
6466 10539
6467 10538
6468 10537
6469 10536
6470 10535
6471 10534
6472 10533
6473 10532
6474 10531
6475 10530
6476 10529
6477 10528
6478 10751
6479 10750
6480 10749
6481 10748
6482 10747
6483 10746
6484 10745
6485 10744
6486 10573
6487 10572
6488 10571
6489 10570
6490 10569
6491 10568
6492 10567
6493 10566
6494 10565
6495 10564
6496 10563
6497 10562
6498 10561
6499 10560
6500 10559
6501 10558
6502 10557
6503 10797
6504 10796
6505 10795
6506 10794
6507 10793
6508 10792
6509 10791
6510 10790
6511 10789
6512 10788
6513 10787
6514 10786
6515 10785
6516 10784
6517 10783
6518 11296
6519 11295
6520 11294
6521 11293
6522 11292
6523 11291
6524 11290
6525 11289
6526 11978
6527 11977
6528 11976
6529 11975
6530 11974
6531 11973
6532 11972
6533 11971
6534 11970
6535 11969
6536 11968
6537 11967
6538 11966
6539 11965
6540 11964
6541 11963
6542 11962
6543 11961
6544 11960
6545 11959
6546 11958
6547 11957
6548 11956
6549 11955
6550 11954
6551 11953
6552 11952
6553 11951
6554 11950
6555 11949
6556 11948
6557 11947
6558 11946
6559 11945
6560 11944
6561 11943
6562 11942
6563 11941
6564 11940
6565 12257
6566 12256
6567 12255
6568 12254
6569 12253
6570 12252
6571 12251
6572 12250
6573 12249
6574 12248
6575 12247
6576 12246
6577 12245
6578 12244
6579 12243
6580 12242
6581 12241
6582 12240
6583 12239
6584 12238
6585 12237
6586 12236
6587 12235
6588 12876
6589 12875
6590 12874
6591 12873
6592 12872
6593 12871
6594 12870
6595 12869
6596 13146
6597 13145
6598 13144
6599 13143
6600 13142
6601 13141
6602 13140
6603 13139
6604 13138
6605 13137
6606 13136
6607 13135
6608 13134
6609 13133
6610 13132
6611 13190
6612 13189
6613 13188
6614 13187
6615 13186
6616 13185
6617 13184
6618 13183
6619 13182
6620 13181
6621 13180
6622 13179
6623 13178
6624 13177
6625 13176
6626 13175
6627 13174
6628 13375
6629 13374
6630 13373
6631 13372
6632 13371
6633 13370
6634 13369
6635 13368
6636 12550
6637 12549
6638 12548
6639 12547
6640 12546
6641 12545
6642 12544
6643 12543
6644 12542
6645 12541
6646 12540
6647 12539
6648 12538
6649 12537
6650 12536
6651 12535
6652 12534
6653 12533
6654 12532
6655 12531
6656 12530
6657 12529
6658 12528
6659 12527
6660 12526
6661 12525
6664 12336
6665 12335
6666 12334
6667 12333
6668 12332
6669 12331
6670 12330
6671 12329
6672 12328
6673 12327
6674 12326
6675 12325
6676 12324
6677 12361
6678 12360
6679 12359
6680 12358
6681 12357
6682 12356
6683 12355
6684 12354
6685 13391
6686 13390
6687 13389
6688 13388
6689 13387
6690 13386
6691 13385
6692 13384
6693 13383
6694 13382
6695 13381
6696 13380
6697 13379
6698 13378
6699 13377
6700 13376
6701 13173
6702 13172
6703 13171
6704 13170
6705 13169
6706 13168
6707 13167
6708 13166
6709 13165
6710 13164
6711 13163
6712 13162
6713 13161
