0 13214
1 13213
2 13212
3 13211
4 13210
5 13209
6 13208
7 13207
8 13206
9 13205
10 13204
11 13203
12 13260
13 13259
14 13258
15 13257
16 13256
17 13255
18 13254
19 13253
20 12464
21 12463
22 12462
23 12461
24 12460
25 12459
26 12458
27 12457
28 12456
29 12455
30 12454
31 12453
32 12452
33 12451
34 12450
35 12449
36 12448
37 12447
38 12446
39 12445
40 12444
41 12443
42 12442
43 12441
44 12440
45 12439
46 12438
47 12437
48 12436
49 12435
50 12434
51 12378
52 12377
53 12376
54 12375
55 12374
56 12373
57 12372
58 12371
59 12370
60 12369
61 12368
62 12367
63 12366
64 12365
65 12364
66 11717
67 11716
68 11715
69 11714
70 11713
71 11712
72 11711
73 11710
74 11093
75 11092
76 11091
77 11090
78 11089
79 11088
80 11087
81 11086
82 11085
83 11084
84 11083
85 11082
86 11081
87 11080
88 11079
89 11078
90 11077
91 11076
92 11075
93 11074
94 11073
95 11072
96 11071
97 11070
98 11959
99 11958
100 11957
101 11956
102 11955
103 11954
104 11953
105 11952
106 11337
107 11336
108 11335
109 11334
110 11333
111 11332
112 11331
113 11330
114 11465
115 11464
116 11463
117 11462
118 11461
119 11460
120 11459
121 11458
122 11457
123 11456
124 11455
125 11454
126 11453
127 11452
128 11451
129 11450
130 11449
131 11448
132 11447
133 11446
134 11445
135 11444
136 11443
137 11500
138 11499
139 11498
140 11497
141 11496
142 11495
143 11494
144 11493
145 10187
146 10186
147 10185
148 10184
149 10183
150 10182
151 10181
152 10180
153 10179
154 10178
155 10177
156 10176
157 10175
158 10174
159 10173
160 10172
161 10171
162 10170
163 10169
164 10168
165 10167
166 10166
167 10165
168 10164
169 10163
170 10162
171 10161
172 10160
173 10159
174 10158
175 10157
176 10103
177 10102
178 10101
179 10100
180 10099
181 10098
182 10097
183 10096
184 10095
185 10094
186 10093
187 10092
188 10091
189 10090
190 10089
191 9872
192 9871
193 9870
194 9869
195 9868
196 9867
197 9866
198 9865
199 8842
200 8841
201 8840
202 8839
203 8838
204 8837
205 8836
206 8835
207 8834
208 8833
209 8832
210 8831
211 8830
212 8829
213 8828
214 8827
215 8826
216 8825
217 8824
218 8823
219 8822
220 8821
221 8820
222 8819
223 7514
224 7513
225 7512
226 7511
227 7510
228 7509
229 7508
230 7507
231 8778
232 8777
233 8776
234 8775
235 8774
236 8773
237 8772
238 8771
239 9620
240 9619
241 9618
242 9617
243 9616
244 9615
245 9614
246 9613
247 9612
248 9611
249 9610
250 9609
251 9608
252 9607
253 9606
254 9605
255 9604
256 9603
257 9602
258 9601
259 9600
260 9599
261 9598
262 9655
263 9654
264 9653
265 9652
266 9651
267 9650
268 9649
269 9648
270 6947
271 6946
272 6945
273 6944
274 6943
275 6942
276 6941
277 6940
278 6939
279 6938
280 6937
281 6936
282 6935
283 6934
284 6933
285 6932
286 6931
287 6930
288 6929
289 6928
290 6927
291 6926
292 6925
293 6924
294 6923
295 6922
296 6921
297 6920
298 6919
299 6918
300 6917
301 6863
302 6862
303 6861
304 6860
305 6859
306 6858
307 6857
308 6856
309 6855
310 6854
311 6853
312 6852
313 6851
314 6850
315 6849
316 6848
317 6847
318 6846
319 6845
320 6844
321 6843
322 6842
323 6841
324 7941
325 7940
326 7939
327 7938
328 7937
329 7936
330 7935
331 7934
332 7933
333 7932
334 7931
335 7930
338 8083
339 8082
340 8081
341 8080
342 8079
343 8078
344 8077
345 8076
346 8075
347 8074
348 8073
349 8072
350 8071
351 8070
352 8069
353 8068
354 6871
355 6870
356 6869
357 6868
358 6867
359 6866
360 6865
361 6864
362 6916
363 6915
364 6914
365 6913
366 6912
367 6911
368 6910
369 6909
370 6908
371 6907
372 6906
373 6905
374 6904
375 6903
376 6902
377 6901
378 6900
379 6899
380 6898
381 6955
382 6954
383 6953
384 6952
385 6951
386 6950
387 6949
388 6948
389 9647
390 9646
391 9645
392 9644
393 9643
394 9642
395 9641
396 9640
397 9639
398 9638
399 9637
400 9636
401 9635
402 9634
403 9633
404 9632
405 9631
406 9630
407 9629
408 9628
409 9627
410 9626
411 9625
412 9624
413 9623
414 9622
415 9621
416 8770
417 8769
418 8768
419 8767
420 8766
421 8765
422 8764
423 8763
424 8762
425 8761
426 8760
427 8759
428 8758
429 8757
430 8756
431 8755
432 8754
433 8753
434 8752
435 8751
436 8750
437 8749
438 8748
439 8747
440 8746
441 8745
442 8744
443 8743
444 8742
445 8741
446 8740
447 8739
448 8738
449 8737
450 8736
451 8735
452 8734
453 8733
454 8732
455 8731
456 8730
457 8729
458 8728
459 8727
460 8726
461 8725
462 8724
463 8723
464 8722
465 8721
466 10111
467 10110
468 10109
469 10108
470 10107
471 10106
472 10105
473 10104
474 10156
475 10155
476 10154
477 10153
478 10152
479 10151
480 10150
481 10149
482 10148
483 10147
484 10146
485 10145
486 10144
487 10143
488 10142
489 10141
490 10140
491 10139
492 10138
493 10195
494 10194
495 10193
496 10192
497 10191
498 10190
499 10189
500 10188
501 11492
502 11491
503 11490
504 11489
505 11488
506 11487
507 11486
508 11485
509 11484
510 11483
511 11482
512 11481
513 11480
514 11479
515 11478
516 11477
517 11476
518 11475
519 11474
520 11473
521 11472
522 11471
523 11470
524 11469
525 11468
526 11467
527 11466
528 11329
529 11328
530 11327
531 11326
532 11325
533 11324
534 11323
535 11322
536 11321
537 11320
538 11319
539 11318
540 11317
541 11316
542 11315
543 11314
544 11313
545 11312
546 11311
547 11310
548 11309
549 11308
550 11307
551 11306
552 11305
553 11304
554 11303
555 11302
556 11301
557 11300
558 11299
559 11298
560 11297
561 11296
562 11295
563 11294
564 11293
565 11292
566 11291
567 11290
568 11289
569 11288
570 11287
571 11286
572 11285
573 11284
574 11283
575 11282
576 11281
577 11280
578 12386
579 12385
580 12384
581 12383
582 12382
583 12381
584 12380
585 12379
586 12433
587 12432
588 12431
589 12430
590 12429
591 12428
592 12427
593 12426
594 12425
595 12424
596 12423
597 12422
598 12421
599 12420
600 12419
601 12418
602 12417
603 12416
604 12415
605 12414
606 12472
607 12471
608 12470
609 12469
610 12468
611 12467
612 12466
613 12465
614 13252
615 13251
616 13250
617 13249
618 13248
619 13247
620 13246
621 13245
622 13244
623 13243
624 13242
625 13241
626 13240
627 13239
628 13238
629 13237
630 13236
631 13235
632 13234
633 13233
634 13232
635 13231
636 13230
637 13229
638 13228
639 13227
640 13226
641 13089
642 13088
643 13087
644 13086
645 13085
646 13084
647 13083
648 13082
649 13081
650 13080
651 13079
652 13078
653 13077
654 13076
655 13075
656 13074
657 13073
658 13072
659 13071
662 13438
663 13437
664 13436
665 12532
666 12531
667 12530
668 12529
669 12528
670 12527
671 12526
672 12525
673 13062
674 13061
675 13060
676 13059
677 13058
678 13057
679 13056
680 13055
681 13054
682 13053
683 13052
684 13051
685 13050
686 13049
687 13048
688 13047
689 13046
690 13045
691 13044
692 13043
693 13042
694 13041
695 13040
696 13039
697 13038
698 13037
699 10785
700 10784
701 10783
702 10782
703 10781
704 10780
705 10779
706 10778
707 10777
708 10776
709 10775
710 10774
711 10773
712 10772
713 10771
714 12413
715 12412
716 12411
717 12410
718 12409
719 12408
720 12407
721 12406
722 12405
723 12404
724 12403
725 12402
726 12401
727 12400
728 12399
729 12398
730 12397
731 12396
732 12395
733 12394
734 12393
735 12392
736 12391
737 12390
738 12389
739 12388
740 12387
741 11279
742 11278
743 11277
744 11276
745 11275
746 11274
747 11273
748 11272
749 11701
750 11700
751 11699
752 11698
753 11697
754 11696
755 11695
756 11694
757 11693
758 11692
759 11691
760 11690
761 11689
762 11688
763 11687
764 11686
765 11685
766 11684
767 11683
768 11682
769 11681
770 11680
771 11679
772 11678
773 11677
774 11676
775 11943
776 11942
777 11941
778 11940
779 11939
780 11938
781 11937
782 11936
783 10376
784 10375
785 10374
786 10373
787 10372
788 10371
789 10370
790 10369
791 10368
792 10367
793 10366
794 10365
795 10364
796 10363
797 10362
798 10361
799 10360
800 10359
801 10358
802 10357
803 10356
804 10355
805 10354
806 10353
807 10352
808 10351
809 9248
810 9247
811 9246
812 9245
813 9244
814 9243
815 9242
816 9241
817 9240
818 9239
819 9238
820 9237
821 9236
822 9235
823 9234
824 10137
825 10136
826 10135
827 10134
828 10133
829 10132
830 10131
831 10130
832 10129
833 10128
834 10127
835 10126
836 10125
837 10124
838 10123
839 10122
840 10121
841 10120
842 10119
843 10118
844 10117
845 10116
846 10115
847 10114
848 10113
849 10112
850 8720
851 8719
852 8718
853 8717
854 8716
855 8715
856 8714
857 8713
858 9856
859 9855
860 9854
861 9853
862 9852
863 9851
864 9850
865 9849
866 9848
867 9847
868 9846
869 9845
870 9844
871 9843
872 9842
873 9841
874 9840
875 9839
876 9838
877 9837
878 9836
879 9835
880 9834
881 9833
882 9832
883 9831
884 7498
885 7497
886 7496
887 7495
888 7494
889 7493
890 7492
891 7491
892 7122
893 7121
894 7120
895 7119
896 7118
897 7117
898 7116
899 7115
900 7114
901 7113
902 7112
903 7111
904 7110
905 7109
906 7108
907 7107
908 7106
909 7105
910 7104
911 7103
912 7102
913 7101
914 7100
915 7099
916 7098
917 7097
918 6970
919 6969
920 6968
921 6967
922 6966
923 6965
924 6964
925 6963
926 6962
927 6961
928 6960
929 6959
930 6958
931 6957
932 6956
933 6897
934 6896
935 6895
936 6894
937 6893
938 6892
939 6891
940 6890
941 6889
942 6888
943 6887
944 6886
945 6885
946 6884
947 6883
948 6882
949 6881
950 6880
951 6879
952 6878
953 6877
954 6876
955 6875
956 6874
957 6873
958 6872
959 8067
960 8066
961 8065
962 8064
963 8063
964 8062
965 8061
966 8060
967 6832
968 6831
969 6830
970 6829
971 6828
972 6827
973 6826
974 6825
977 7953
978 7952
979 7951
980 7950
981 7949
982 7948
983 7947
984 7946
985 7945
986 7944
987 7943
988 7942
989 6840
990 6839
991 6838
992 6837
993 6836
994 6835
995 6834
996 6833
997 8059
998 8058
999 8057
1000 8056
1001 8055
1002 8054
1003 8053
1004 8052
1005 8146
1006 8145
1007 8144
1008 8143
1009 8142
1010 8141
1011 8140
1012 8139
1013 8254
1014 8253
1015 8252
1016 8251
1017 8250
1018 8249
1019 8248
1020 8247
1021 8246
1022 8245
1023 8244
1024 8243
1025 8242
1026 8241
1027 8240
1028 8239
1029 8238
1030 8237
1031 8236
1032 8235
1033 8234
1034 8233
1035 8232
1036 8231
1037 7590
1038 7589
1039 7588
1040 7587
1041 7586
1042 7585
1043 7584
1044 7583
1045 9663
1046 9662
1047 9661
1048 9660
1049 9659
1050 9658
1051 9657
1052 9656
1053 9597
1054 9596
1055 9595
1056 9594
1057 9593
1058 9592
1059 9591
1060 9590
1061 9589
1062 9588
1063 9587
1064 9586
1065 9585
1066 9584
1067 9583
1068 9582
1069 9581
1070 9580
1071 9579
1072 9578
1073 9577
1074 9576
1075 9575
1076 9574
1077 8786
1078 8785
1079 8784
1080 8783
1081 8782
1082 8781
1083 8780
1084 8779
1085 7506
1086 7505
1087 7504
1088 7503
1089 7502
1090 7501
1091 7500
1092 7499
1093 9830
1094 9829
1095 9828
1096 9827
1097 9826
1098 9825
1099 9824
1100 9823
1101 8550
1102 8549
1103 8548
1104 8547
1105 8546
1106 8545
1107 8544
1108 8851
1109 8850
1110 8849
1111 8848
1112 8847
1113 8846
1114 8845
1115 8844
1116 8843
1117 9864
1118 9863
1119 9862
1120 9861
1121 9860
1122 9859
1123 9858
1124 9857
1125 8712
1126 8711
1127 8710
1128 8709
1129 8708
1130 8707
1131 8706
1132 8705
1133 9078
1134 9077
1135 9076
1136 9075
1137 9074
1138 9073
1139 9072
1140 9071
1141 9186
1142 9185
1143 9184
1144 9183
1145 9182
1146 9181
1147 9180
1148 9179
1149 9178
1150 9177
1151 9176
1152 9175
1153 9174
1154 9173
1155 9172
1156 9171
1157 9170
1158 9169
1159 9168
1160 9167
1161 9166
1162 9165
1163 9164
1164 9163
1165 12035
1166 12034
1167 12033
1168 12032
1169 12031
1170 12030
1171 12029
1172 12028
1173 11508
1174 11507
1175 11506
1176 11505
1177 11504
1178 11503
1179 11502
1180 11501
1181 11442
1182 11441
1183 11440
1184 11439
1185 11438
1186 11437
1187 11436
1188 11435
1189 11434
1190 11433
1191 11432
1192 11431
1193 11430
1194 11429
1195 11428
1196 11427
1197 11426
1198 11425
1199 11424
1200 11423
1201 11422
1202 11421
1203 11420
1204 11419
1205 11345
1206 11344
1207 11343
1208 11342
1209 11341
1210 11340
1211 11339
1212 11338
1213 11951
1214 11950
1215 11949
1216 11948
1217 11947
1218 11946
1219 11945
1220 11944
1221 11675
1222 11674
1223 11673
1224 11672
1225 11671
1226 11670
1227 11669
1228 11668
1229 11109
1230 11108
1231 11107
1232 11106
1233 11105
1234 11104
1235 11103
1236 11102
1237 11101
1238 11100
1239 11099
1240 11098
1241 11097
1242 11096
1243 11095
1244 11094
1245 11709
1246 11708
1247 11707
1248 11706
1249 11705
1250 11704
1251 11703
1252 11702
1253 11271
1254 11270
1255 11269
1256 11268
1257 11267
1258 11266
1259 11265
1260 11264
1261 10613
1262 10612
1263 10611
1264 10610
1265 10609
1266 10608
1267 10607
1268 10606
1269 10723
1270 10722
1271 10721
1272 10720
1273 10719
1274 10718
1275 10717
1276 10716
1277 10715
1278 10714
1279 10713
1280 10712
1281 10711
1282 10710
1283 10709
1284 10708
1285 10707
1286 10706
1287 10705
1288 10704
1289 10703
1290 10702
1291 10701
1292 10700
1293 12624
1294 12623
1295 12622
1296 12621
1297 12620
1298 12619
1299 12618
1300 12617
1301 13268
1302 13267
1303 13266
1304 13265
1305 13264
1306 13263
1307 13262
1308 13261
1309 13202
1310 13201
1311 13200
1312 13199
1313 13198
1314 13197
1315 13196
1316 13195
1317 13194
1318 13193
1319 13192
1320 13191
1321 13190
1322 13189
1323 13188
1324 13187
1325 13186
1326 13185
1327 13184
1328 13183
1329 13182
1330 13181
1331 13180
1332 13179
1333 13105
1334 13104
1335 13103
1336 13102
1337 13101
1338 13100
1339 13099
1340 13098
1341 12540
1342 12539
1343 12538
1344 12537
1345 12536
1346 12535
1347 12534
1348 12533
1349 13435
1350 13434
1351 13433
1352 13432
1353 13431
1354 13430
1355 13429
1356 13428
1357 13458
1358 13457
1359 13456
1360 13455
1361 13454
1362 13453
1363 13452
1364 13451
1365 13450
1368 13467
1369 13466
1370 13465
1371 13464
1372 13463
1373 13462
1374 13461
1375 13460
1376 13459
1377 13427
1378 13426
1379 13425
1380 13424
1381 13423
1382 13422
1383 13421
1384 13420
1385 13553
1386 13552
1387 13551
1388 13550
1389 13549
1390 13548
1391 13547
1392 13546
1393 12889
1394 12888
1395 12887
1396 12886
1397 12885
1398 12884
1399 12883
1400 12882
1401 13017
1402 13016
1403 13015
1404 13014
1405 13013
1406 13012
1407 13011
1408 13010
1409 13009
1410 13008
1411 13007
1412 13006
1413 13005
1414 13004
1415 13003
1416 13002
1417 13001
1418 13000
1419 12999
1420 12998
1421 12997
1422 12996
1423 12995
1424 10801
1425 10800
1426 10799
1427 10798
1428 10797
1429 10796
1430 10795
1431 10794
1432 12631
1433 12630
1434 12629
1435 12628
1436 12627
1437 12626
1438 12625
1439 10699
1440 10698
1441 10697
1442 10696
1443 10695
1444 10694
1445 10693
1446 10692
1447 10691
1448 10690
1449 10689
1450 10688
1451 10687
1452 10686
1453 10685
1454 10684
1455 10683
1456 10682
1457 10681
1458 10680
1459 10679
1460 10678
1461 10677
1462 10676
1463 10620
1464 10619
1465 10618
1466 10617
1467 10616
1468 10615
1469 10614
1470 11263
1471 11262
1472 11261
1473 11260
1474 11259
1475 11258
1476 11257
1477 11256
1478 12331
1479 12330
1480 12329
1481 12328
1482 12327
1483 12326
1484 12325
1485 12324
1486 11125
1487 11124
1488 11123
1489 11122
1490 11121
1491 11120
1492 11119
1493 11118
1494 11117
1495 11116
1496 11115
1497 11114
1498 11113
1499 11112
1500 11111
1501 11110
1502 11667
1503 11666
1504 11665
1505 11664
1506 11663
1507 11662
1508 11661
1509 11660
1510 11037
1511 11036
1512 11035
1513 11034
1514 11033
1515 11032
1516 11031
1517 11030
1518 10203
1519 10202
1520 10201
1521 10200
1522 10199
1523 10198
1524 10197
1525 10196
1526 10331
1527 10330
1528 10329
1529 10328
1530 10327
1531 10326
1532 10325
1533 10324
1534 10323
1535 10322
1536 10321
1537 10320
1538 10319
1539 10318
1540 10317
1541 10316
1542 10315
1543 10314
1544 10313
1545 10312
1546 10311
1547 10310
1548 10309
1549 9264
1550 9263
1551 9262
1552 9261
1553 9260
1554 9259
1555 9258
1556 9257
1557 12042
1558 12041
1559 12040
1560 12039
1561 12038
1562 12037
1563 12036
1564 9162
1565 9161
1566 9160
1567 9159
1568 9158
1569 9157
1570 9156
1571 9155
1572 9154
1573 9153
1574 9152
1575 9151
1576 9150
1577 9149
1578 9148
1579 9147
1580 9146
1581 9145
1582 9144
1583 9143
1584 9142
1585 9141
1586 9140
1587 9139
1588 9085
1589 9084
1590 9083
1591 9082
1592 9081
1593 9080
1594 9079
1595 8704
1596 8703
1597 8702
1598 8701
1599 8700
1600 8699
1601 8698
1602 8697
1603 10056
1604 10055
1605 10054
1606 10053
1607 10052
1608 10051
1609 10050
1610 10049
1611 8566
1612 8565
1613 8564
1614 8563
1615 8562
1616 8561
1617 8560
1618 8559
1619 8558
1620 8557
1621 8556
1622 8555
1623 8554
1624 8553
1625 8552
1626 8551
1627 9822
1628 9821
1629 9820
1630 9819
1631 9818
1632 9817
1633 9816
1634 9815
1635 9500
1636 9499
1637 9498
1638 9497
1639 9496
1640 9495
1641 9494
1642 9493
1643 7138
1644 7137
1645 7136
1646 7135
1647 7134
1648 7133
1649 7132
1650 7131
1651 7077
1652 7076
1653 7075
1654 7074
1655 7073
1656 7072
1657 7071
1658 7070
1659 7069
1660 7068
1661 7067
1662 7066
1663 7065
1664 7064
1665 7063
1666 7062
1667 7061
1668 7060
1669 7059
1670 7058
1671 7057
1672 7056
1673 7055
1674 6986
1675 6985
1676 6984
1677 6983
1678 6982
1679 6981
1680 6980
1681 6979
1682 7597
1683 7596
1684 7595
1685 7594
1686 7593
1687 7592
1688 7591
1689 8230
1690 8229
1691 8228
1692 8227
1693 8226
1694 8225
1695 8224
1696 8223
1697 8222
1698 8221
1699 8220
1700 8219
1701 8218
1702 8217
1703 8216
1704 8215
1705 8214
1706 8213
1707 8212
1708 8211
1709 8210
1710 8209
1711 8208
1712 8207
1713 8153
1714 8152
1715 8151
1716 8150
1717 8149
1718 8148
1719 8147
1720 8051
1721 8050
1722 8049
1723 8048
1724 8047
1725 8046
1726 8045
1727 8044
1728 8107
1729 8106
1730 8105
1731 8104
1732 8103
1733 8102
1734 8101
1735 8100
1736 7993
1737 7992
1738 7991
1739 7990
1740 7989
1741 7988
1742 7987
1743 7986
1744 7985
1745 7984
1746 7983
1747 7982
1750 7929
1751 7928
1752 7927
1753 7926
1754 7925
1755 7924
1756 7923
1757 7922
1758 7921
1759 7920
1760 7919
1761 7918
1762 7917
1763 7916
1764 7915
1765 7914
1766 8161
1767 8160
1768 8159
1769 8158
1770 8157
1771 8156
1772 8155
1773 8154
1774 8206
1775 8205
1776 8204
1777 8203
1778 8202
1779 8201
1780 8200
1781 8199
1782 8198
1783 8197
1784 8196
1785 8195
1786 8194
1787 8193
1788 8192
1789 8191
1790 8190
1791 8189
1792 8188
1793 7605
1794 7604
1795 7603
1796 7602
1797 7601
1798 7600
1799 7599
1800 7598
1801 6978
1802 6977
1803 6976
1804 6975
1805 6974
1806 6973
1807 6972
1808 6971
1809 7096
1810 7095
1811 7094
1812 7093
1813 7092
1814 7091
1815 7090
1816 7089
1817 7088
1818 7087
1819 7086
1820 7085
1821 7084
1822 7083
1823 7082
1824 7081
1825 7080
1826 7079
1827 7078
1828 7130
1829 7129
1830 7128
1831 7127
1832 7126
1833 7125
1834 7124
1835 7123
1836 7490
1837 7489
1838 7488
1839 7487
1840 7486
1841 7485
1842 7484
1843 7483
1844 7482
1845 7481
1846 7480
1847 7479
1848 7478
1849 7477
1850 7476
1851 7475
1852 7474
1853 7473
1854 7472
1855 7471
1856 7470
1857 7469
1858 7468
1859 7467
1860 7466
1861 7465
1862 7464
1863 7463
1864 7462
1865 7461
1866 7460
1867 7459
1868 7458
1869 7457
1870 7456
1871 7455
1872 7454
1873 7453
1874 7452
1875 7451
1876 7450
1877 7449
1878 9093
1879 9092
1880 9091
1881 9090
1882 9089
1883 9088
1884 9087
1885 9086
1886 9138
1887 9137
1888 9136
1889 9135
1890 9134
1891 9133
1892 9132
1893 9131
1894 9130
1895 9129
1896 9128
1897 9127
1898 9126
1899 9125
1900 9124
1901 9123
1902 9122
1903 9121
1904 9120
1905 12050
1906 12049
1907 12048
1908 12047
1909 12046
1910 12045
1911 12044
1912 12043
1913 9256
1914 9255
1915 9254
1916 9253
1917 9252
1918 9251
1919 9250
1920 9249
1921 10350
1922 10349
1923 10348
1924 10347
1925 10346
1926 10345
1927 10344
1928 10343
1929 10342
1930 10341
1931 10340
1932 10339
1933 10338
1934 10337
1935 10336
1936 10335
1937 10334
1938 10333
1939 10332
1940 10384
1941 10383
1942 10382
1943 10381
1944 10380
1945 10379
1946 10378
1947 10377
1948 11935
1949 11934
1950 11933
1951 11932
1952 11931
1953 11930
1954 11929
1955 11928
1956 11927
1957 11926
1958 11925
1959 11924
1960 11923
1961 11922
1962 11921
1963 11920
1964 11919
1965 11918
1966 11917
1967 11916
1968 11915
1969 11914
1970 11913
1971 11912
1972 11911
1973 11910
1974 11909
1975 11908
1976 11907
1977 11906
1978 11905
1979 11904
1980 11903
1981 11902
1982 11901
1983 11900
1984 11899
1985 11898
1986 11897
1987 11896
1988 11895
1989 11894
1990 10628
1991 10627
1992 10626
1993 10625
1994 10624
1995 10623
1996 10622
1997 10621
1998 10675
1999 10674
2000 10673
2001 10672
2002 10671
2003 10670
2004 10669
2005 10668
2006 10667
2007 10666
2008 10665
2009 10664
2010 10663
2011 10662
2012 10661
2013 10660
2014 10659
2015 10658
2016 10657
2017 10656
2018 12639
2019 12638
2020 12637
2021 12636
2022 12635
2023 12634
2024 12633
2025 12632
2026 10793
2027 10792
2028 10791
2029 10790
2030 10789
2031 10788
2032 10787
2033 10786
2034 13036
2035 13035
2036 13034
2037 13033
2038 13032
2039 13031
2040 13030
2041 13029
2042 13028
2043 13027
2044 13026
2045 13025
2046 13024
2047 13023
2048 13022
2049 13021
2050 13020
2051 13019
2052 13018
2053 13070
2054 13069
2055 13068
2056 13067
2057 13066
2058 13065
2059 13064
2060 13063
2061 12524
2062 12523
2063 12522
2064 12521
2065 12520
2066 12519
2067 12518
2068 12517
2069 12516
2070 12515
2071 12514
2074 12881
2075 12880
2076 12879
2077 13537
2078 13536
2079 13535
2080 13534
2081 13533
2082 13532
2083 13531
2084 13530
2085 12806
2086 12805
2087 12804
2088 12803
2089 12802
2090 12801
2091 12800
2092 12799
2093 12798
2094 12797
2095 12796
2096 12795
2097 12794
2098 12793
2099 12792
2100 12791
2101 12790
2102 12789
2103 12788
2104 12787
2105 12786
2106 12785
2107 12784
2108 12783
2109 12782
2110 12781
2111 12654
2112 12653
2113 12652
2114 12651
2115 12650
2116 12649
2117 12648
2118 12647
2119 12646
2120 12645
2121 12644
2122 12643
2123 12642
2124 12641
2125 12640
2126 10655
2127 10654
2128 10653
2129 10652
2130 10651
2131 10650
2132 10649
2133 10648
2134 10647
2135 10646
2136 10645
2137 10644
2138 10643
2139 10642
2140 10641
2141 10640
2142 10639
2143 10638
2144 10637
2145 10636
2146 10635
2147 10634
2148 10633
2149 10632
2150 10631
2151 10630
2152 10629
2153 11893
2154 11892
2155 11891
2156 11890
2157 11889
2158 11888
2159 11887
2160 11886
2161 12315
2162 12314
2163 12313
2164 12312
2165 12311
2166 12310
2167 12309
2168 12308
2169 12307
2170 12306
2171 12305
2172 12304
2173 12303
2174 12302
2175 12301
2176 12300
2177 12299
2178 12298
2179 12297
2180 12296
2181 12295
2182 12294
2183 12293
2184 12292
2185 12291
2186 12290
2187 11021
2188 11020
2189 11019
2190 11018
2191 11017
2192 11016
2193 11015
2194 11014
2195 12217
2196 12216
2197 12215
2198 12214
2199 12213
2200 12212
2201 12211
2202 12210
2203 12209
2204 12208
2205 12207
2206 12206
2207 12205
2208 12204
2209 12203
2210 12202
2211 12201
2212 12200
2213 12199
2214 12198
2215 12197
2216 12196
2217 12195
2218 12194
2219 12193
2220 12192
2221 12065
2222 12064
2223 12063
2224 12062
2225 12061
2226 12060
2227 12059
2228 12058
2229 12057
2230 12056
2231 12055
2232 12054
2233 12053
2234 12052
2235 12051
2236 9119
2237 9118
2238 9117
2239 9116
2240 9115
2241 9114
2242 9113
2243 9112
2244 9111
2245 9110
2246 9109
2247 9108
2248 9107
2249 9106
2250 9105
2251 9104
2252 9103
2253 9102
2254 9101
2255 9100
2256 9099
2257 9098
2258 9097
2259 9096
2260 9095
2261 9094
2262 7448
2263 7447
2264 7446
2265 7445
2266 7444
2267 7443
2268 7442
2269 7441
2270 7440
2271 7439
2272 7438
2273 7437
2274 7436
2275 7435
2276 7434
2277 7433
2278 7432
2279 7431
2280 7430
2281 7429
2282 7428
2283 7427
2284 7426
2285 7425
2286 7424
2287 7423
2288 7422
2289 7421
2290 7420
2291 7419
2292 7418
2293 7417
2294 7416
2295 7415
2296 9484
2297 9483
2298 9482
2299 9481
2300 9480
2301 9479
2302 9478
2303 9477
2304 7342
2305 7341
2306 7340
2307 7339
2308 7338
2309 7337
2310 7336
2311 7335
2312 7334
2313 7333
2314 7332
2315 7331
2316 7330
2317 7329
2318 7328
2319 7327
2320 7326
2321 7325
2322 7324
2323 7323
2324 7322
2325 7321
2326 7320
2327 7319
2328 7318
2329 7317
2330 7620
2331 7619
2332 7618
2333 7617
2334 7616
2335 7615
2336 7614
2337 7613
2338 7612
2339 7611
2340 7610
2341 7609
2342 7608
2343 7607
2344 7606
2345 8187
2346 8186
2347 8185
2348 8184
2349 8183
2350 8182
2351 8181
2352 8180
2353 8179
2354 8178
2355 8177
2356 8176
2357 8175
2358 8174
2359 8173
2360 8172
2361 8171
2362 8170
2363 8169
2364 8168
2365 8167
2366 8166
2367 8165
2368 8164
2369 8163
2370 8162
2371 7913
2372 7912
2373 7911
2374 7910
2375 7909
2376 7908
2377 7907
2378 7906
2379 8091
2380 8090
2381 8089
2382 8088
2383 8087
2384 8086
2385 8085
2386 8084
2389 8005
2390 8004
2391 8003
2392 8002
2393 8001
2394 8000
2395 7999
2396 7998
2397 7997
2398 7996
2399 7995
2400 7994
2401 8099
2402 8098
2403 8097
2404 8096
2405 8095
2406 8094
2407 8093
2408 8092
2409 7905
2410 7904
2411 7903
2412 7902
2413 7901
2414 7900
2415 7899
2416 7898
2417 8388
2418 8387
2419 8386
2420 8385
2421 8384
2422 8383
2423 8382
2424 8381
2425 8496
2426 8495
2427 8494
2428 8493
2429 8492
2430 8491
2431 8490
2432 8489
2433 8488
2434 8487
2435 8486
2436 8485
2437 8484
2438 8483
2439 8482
2440 8481
2441 8480
2442 8479
2443 8478
2444 8477
2445 8476
2446 8475
2447 8474
2448 8473
2449 9702
2450 9701
2451 9700
2452 9699
2453 9698
2454 9697
2455 9696
2456 9695
2457 6994
2458 6993
2459 6992
2460 6991
2461 6990
2462 6989
2463 6988
2464 6987
2465 7054
2466 7053
2467 7052
2468 7051
2469 7050
2470 7049
2471 7048
2472 7047
2473 7046
2474 7045
2475 7044
2476 7043
2477 7042
2478 7041
2479 7040
2480 7039
2481 7038
2482 7037
2483 7036
2484 7035
2485 7034
2486 7033
2487 7032
2488 7031
2489 7146
2490 7145
2491 7144
2492 7143
2493 7142
2494 7141
2495 7140
2496 7139
2497 9492
2498 9491
2499 9490
2500 9489
2501 9488
2502 9487
2503 9486
2504 9485
2505 7414
2506 7413
2507 7412
2508 7411
2509 7410
2510 7409
2511 7408
2512 7407
2513 8582
2514 8581
2515 8580
2516 8579
2517 8578
2518 8577
2519 8576
2520 8575
2521 8574
2522 8573
2523 8572
2524 8571
2525 8570
2526 8569
2527 8568
2528 8567
2529 10048
2530 10047
2531 10046
2532 10045
2533 10044
2534 10043
2535 10042
2536 10041
2537 10040
2538 10039
2539 10038
2540 10037
2541 10036
2542 10035
2543 10034
2544 10033
2545 8887
2546 8886
2547 8885
2548 8884
2549 8883
2550 8882
2551 8881
2552 8880
2553 8995
2554 8994
2555 8993
2556 8992
2557 8991
2558 8990
2559 8989
2560 8988
2561 8987
2562 8986
2563 8985
2564 8984
2565 8983
2566 8982
2567 8981
2568 8980
2569 8979
2570 8978
2571 8977
2572 8976
2573 8975
2574 8974
2575 8973
2576 8972
2577 11547
2578 11546
2579 11545
2580 11544
2581 11543
2582 11542
2583 11541
2584 11540
2585 9272
2586 9271
2587 9270
2588 9269
2589 9268
2590 9267
2591 9266
2592 9265
2593 10308
2594 10307
2595 10306
2596 10305
2597 10304
2598 10303
2599 10302
2600 10301
2601 10300
2602 10299
2603 10298
2604 10297
2605 10296
2606 10295
2607 10294
2608 10293
2609 10292
2610 10291
2611 10290
2612 10289
2613 10288
2614 10287
2615 10286
2616 10285
2617 10211
2618 10210
2619 10209
2620 10208
2621 10207
2622 10206
2623 10205
2624 10204
2625 11029
2626 11028
2627 11027
2628 11026
2629 11025
2630 11024
2631 11023
2632 11022
2633 12289
2634 12288
2635 12287
2636 12286
2637 12285
2638 12284
2639 12283
2640 12282
2641 11141
2642 11140
2643 11139
2644 11138
2645 11137
2646 11136
2647 11135
2648 11134
2649 11133
2650 11132
2651 11131
2652 11130
2653 11129
2654 11128
2655 11127
2656 11126
2657 12323
2658 12322
2659 12321
2660 12320
2661 12319
2662 12318
2663 12317
2664 12316
2665 11885
2666 11884
2667 11883
2668 11882
2669 11881
2670 11880
2671 11879
2672 11878
2673 10420
2674 10419
2675 10418
2676 10417
2677 10416
2678 10415
2679 10414
2680 10413
2681 10530
2682 10529
2683 10528
2684 10527
2685 10526
2686 10525
2687 10524
2688 10523
2689 10522
2690 10521
2691 10520
2692 10519
2693 10518
2694 10517
2695 10516
2696 10515
2697 10514
2698 10513
2699 10512
2700 10511
2701 10510
2702 10509
2703 10508
2704 10507
2705 13307
2706 13306
2707 13305
2708 13304
2709 13303
2710 13302
2711 13301
2712 13300
2713 10809
2714 10808
2715 10807
2716 10806
2717 10805
2718 10804
2719 10803
2720 10802
2721 12994
2722 12993
2723 12992
2724 12991
2725 12990
2726 12989
2727 12988
2728 12987
2729 12986
2730 12985
2731 12984
2732 12983
2733 12982
2734 12981
2735 12980
2736 12979
2737 12978
2738 12977
2739 12976
2740 12975
2741 12974
2742 12973
2743 12972
2744 12971
2745 12897
2746 12896
2747 12895
2748 12894
2749 12893
2750 12892
2751 12891
2752 12890
2753 13545
2754 13544
2755 13543
2756 13542
2757 13541
2758 13540
2759 13539
2760 13538
2761 12878
2762 12877
2763 12876
2764 12875
2765 12874
2766 12873
2767 12872
2768 12871
2769 13498
2770 13497
2771 13496
2772 13495
2773 13494
2774 13493
2775 13492
2776 13491
2777 13490
2780 13507
2781 13506
2782 13505
2783 13504
2784 13503
2785 13502
2786 13501
2787 13500
2788 13499
2789 12870
2790 12869
2791 12868
2792 12867
2793 12866
2794 12865
2795 12864
2796 12863
2797 13387
2798 13386
2799 13385
2800 13384
2801 13383
2802 13382
2803 13381
2804 13380
2805 12822
2806 12821
2807 12820
2808 12819
2809 12818
2810 12817
2811 12816
2812 12815
2813 12761
2814 12760
2815 12759
2816 12758
2817 12757
2818 12756
2819 12755
2820 12754
2821 12753
2822 12752
2823 12751
2824 12750
2825 12749
2826 12748
2827 12747
2828 12746
2829 12745
2830 12744
2831 12743
2832 12742
2833 12741
2834 12740
2835 12739
2836 12670
2837 12669
2838 12668
2839 12667
2840 12666
2841 12665
2842 12664
2843 12663
2844 13314
2845 13313
2846 13312
2847 13311
2848 13310
2849 13309
2850 13308
2851 10506
2852 10505
2853 10504
2854 10503
2855 10502
2856 10501
2857 10500
2858 10499
2859 10498
2860 10497
2861 10496
2862 10495
2863 10494
2864 10493
2865 10492
2866 10491
2867 10490
2868 10489
2869 10488
2870 10487
2871 10486
2872 10485
2873 10484
2874 10483
2875 10427
2876 10426
2877 10425
2878 10424
2879 10423
2880 10422
2881 10421
2882 11877
2883 11876
2884 11875
2885 11874
2886 11873
2887 11872
2888 11871
2889 11870
2890 11223
2891 11222
2892 11221
2893 11220
2894 11219
2895 11218
2896 11217
2897 11216
2898 11157
2899 11156
2900 11155
2901 11154
2902 11153
2903 11152
2904 11151
2905 11150
2906 11149
2907 11148
2908 11147
2909 11146
2910 11145
2911 11144
2912 11143
2913 11142
2914 12281
2915 12280
2916 12279
2917 12278
2918 12277
2919 12276
2920 12275
2921 12274
2922 11627
2923 11626
2924 11625
2925 11624
2926 11623
2927 11622
2928 11621
2929 11620
2930 12233
2931 12232
2932 12231
2933 12230
2934 12229
2935 12228
2936 12227
2937 12226
2938 12172
2939 12171
2940 12170
2941 12169
2942 12168
2943 12167
2944 12166
2945 12165
2946 12164
2947 12163
2948 12162
2949 12161
2950 12160
2951 12159
2952 12158
2953 12157
2954 12156
2955 12155
2956 12154
2957 12153
2958 12152
2959 12151
2960 12150
2961 12081
2962 12080
2963 12079
2964 12078
2965 12077
2966 12076
2967 12075
2968 12074
2969 11554
2970 11553
2971 11552
2972 11551
2973 11550
2974 11549
2975 11548
2976 8971
2977 8970
2978 8969
2979 8968
2980 8967
2981 8966
2982 8965
2983 8964
2984 8963
2985 8962
2986 8961
2987 8960
2988 8959
2989 8958
2990 8957
2991 8956
2992 8955
2993 8954
2994 8953
2995 8952
2996 8951
2997 8950
2998 8949
2999 8948
3000 8894
3001 8893
3002 8892
3003 8891
3004 8890
3005 8889
3006 8888
3007 10032
3008 10031
3009 10030
3010 10029
3011 10028
3012 10027
3013 10026
3014 10025
3015 8664
3016 8663
3017 8662
3018 8661
3019 8660
3020 8659
3021 8658
3022 8657
3023 8598
3024 8597
3025 8596
3026 8595
3027 8594
3028 8593
3029 8592
3030 8591
3031 8590
3032 8589
3033 8588
3034 8587
3035 8586
3036 8585
3037 8584
3038 8583
3039 7406
3040 7405
3041 7404
3042 7403
3043 7402
3044 7401
3045 7400
3046 7399
3047 9782
3048 9781
3049 9780
3050 9779
3051 9778
3052 9777
3053 9776
3054 9775
3055 7358
3056 7357
3057 7356
3058 7355
3059 7354
3060 7353
3061 7352
3062 7351
3063 7297
3064 7296
3065 7295
3066 7294
3067 7293
3068 7292
3069 7291
3070 7290
3071 7289
3072 7288
3073 7287
3074 7286
3075 7285
3076 7284
3077 7283
3078 7282
3079 7281
3080 7280
3081 7279
3082 7278
3083 7277
3084 7276
3085 7275
3086 7636
3087 7635
3088 7634
3089 7633
3090 7632
3091 7631
3092 7630
3093 7629
3094 9709
3095 9708
3096 9707
3097 9706
3098 9705
3099 9704
3100 9703
3101 8472
3102 8471
3103 8470
3104 8469
3105 8468
3106 8467
3107 8466
3108 8465
3109 8464
3110 8463
3111 8462
3112 8461
3113 8460
3114 8459
3115 8458
3116 8457
3117 8456
3118 8455
3119 8454
3120 8453
3121 8452
3122 8451
3123 8450
3124 8449
3125 8395
3126 8394
3127 8393
3128 8392
3129 8391
3130 8390
3131 8389
3132 7897
3133 7896
3134 7895
3135 7894
3136 7893
3137 7892
3138 7891
3139 7890
3140 7857
3141 7856
3142 7855
3143 7854
3144 7853
3145 7852
3146 7851
3147 7850
3148 7812
3149 7811
3150 7810
3151 7809
3152 7808
3153 7807
3154 7806
3155 7805
3156 7804
3157 7803
3158 7802
3159 7801
3162 7800
3163 7799
3164 7798
3165 7797
3166 7796
3167 7795
3168 7794
3169 7793
3170 7792
3171 7791
3172 7790
3173 7789
3174 7788
3175 7787
3176 7786
3177 7785
3178 7784
3179 7783
3180 7782
3181 7781
3182 7780
3183 7779
3184 7778
3185 7777
3186 7776
3187 8403
3188 8402
3189 8401
3190 8400
3191 8399
3192 8398
3193 8397
3194 8396
3195 8448
3196 8447
3197 8446
3198 8445
3199 8444
3200 8443
3201 8442
3202 8441
3203 8440
3204 8439
3205 8438
3206 8437
3207 8436
3208 8435
3209 8434
3210 8433
3211 8432
3212 8431
3213 8430
3214 9717
3215 9716
3216 9715
3217 9714
3218 9713
3219 9712
3220 9711
3221 9710
3222 7628
3223 7627
3224 7626
3225 7625
3226 7624
3227 7623
3228 7622
3229 7621
3230 7316
3231 7315
3232 7314
3233 7313
3234 7312
3235 7311
3236 7310
3237 7309
3238 7308
3239 7307
3240 7306
3241 7305
3242 7304
3243 7303
3244 7302
3245 7301
3246 7300
3247 7299
3248 7298
3249 7350
3250 7349
3251 7348
3252 7347
3253 7346
3254 7345
3255 7344
3256 7343
3257 9476
3258 9475
3259 9474
3260 9473
3261 9472
3262 9471
3263 9470
3264 9469
3265 9468
3266 9467
3267 9466
3268 9465
3269 9464
3270 9463
3271 9462
3272 9461
3273 9460
3274 9459
3275 9458
3276 9457
3277 9456
3278 9455
3279 9454
3280 9453
3281 9452
3282 9451
3283 9450
3284 9449
3285 9448
3286 9447
3287 9446
3288 9445
3289 9444
3290 9443
3291 9442
3292 9441
3293 9440
3294 9439
3295 9438
3296 9437
3297 9436
3298 9435
3299 8902
3300 8901
3301 8900
3302 8899
3303 8898
3304 8897
3305 8896
3306 8895
3307 8947
3308 8946
3309 8945
3310 8944
3311 8943
3312 8942
3313 8941
3314 8940
3315 8939
3316 8938
3317 8937
3318 8936
3319 8935
3320 8934
3321 8933
3322 8932
3323 8931
3324 8930
3325 8929
3326 11562
3327 11561
3328 11560
3329 11559
3330 11558
3331 11557
3332 11556
3333 11555
3334 12073
3335 12072
3336 12071
3337 12070
3338 12069
3339 12068
3340 12067
3341 12066
3342 12191
3343 12190
3344 12189
3345 12188
3346 12187
3347 12186
3348 12185
3349 12184
3350 12183
3351 12182
3352 12181
3353 12180
3354 12179
3355 12178
3356 12177
3357 12176
3358 12175
3359 12174
3360 12173
3361 12225
3362 12224
3363 12223
3364 12222
3365 12221
3366 12220
3367 12219
3368 12218
3369 11013
3370 11012
3371 11011
3372 11010
3373 11009
3374 11008
3375 11007
3376 11006
3377 11005
3378 11004
3379 11003
3380 11002
3381 11001
3382 11000
3383 10999
3384 10998
3385 10997
3386 10996
3387 10995
3388 10994
3389 10993
3390 10992
3391 10991
3392 10990
3393 10989
3394 10988
3395 10987
3396 10986
3397 10985
3398 10984
3399 10983
3400 10982
3401 10981
3402 10980
3403 10979
3404 10978
3405 10977
3406 10976
3407 10975
3408 10974
3409 10973
3410 10972
3411 10435
3412 10434
3413 10433
3414 10432
3415 10431
3416 10430
3417 10429
3418 10428
3419 10482
3420 10481
3421 10480
3422 10479
3423 10478
3424 10477
3425 10476
3426 10475
3427 10474
3428 10473
3429 10472
3430 10471
3431 10470
3432 10469
3433 10468
3434 10467
3435 10466
3436 10465
3437 10464
3438 10463
3439 13322
3440 13321
3441 13320
3442 13319
3443 13318
3444 13317
3445 13316
3446 13315
3447 12662
3448 12661
3449 12660
3450 12659
3451 12658
3452 12657
3453 12656
3454 12655
3455 12780
3456 12779
3457 12778
3458 12777
3459 12776
3460 12775
3461 12774
3462 12773
3463 12772
3464 12771
3465 12770
3466 12769
3467 12768
3468 12767
3469 12766
3470 12765
3471 12764
3472 12763
3473 12762
3474 12814
3475 12813
3476 12812
3477 12811
3478 12810
3479 12809
3480 12808
3481 12807
3482 13529
3483 13528
3484 13527
3485 13526
3486 13525
3487 13524
3488 13523
3489 13522
3490 13521
3491 13520
3492 13519
3493 13518
3494 13517
3495 13516
3496 13515
3497 13514
3498 13513
3499 13512
3500 13511
3501 13510
3502 13509
3503 13508
3506 12486
3507 12485
3508 12484
3509 12483
3510 12482
3511 12481
3512 12480
3513 12479
3514 12478
3515 12477
3516 12476
3517 12475
3518 12474
3519 12473
3520 13371
3521 13370
3522 13369
3523 13368
3524 13367
3525 13366
3526 13365
3527 13364
3528 13363
3529 13362
3530 13361
3531 13360
3532 13359
3533 13358
3534 13357
3535 13356
3536 13355
3537 13354
3538 13353
3539 13352
3540 13351
3541 13350
3542 13349
3543 13348
3544 13347
3545 13346
3546 13345
3547 13344
3548 13343
3549 13342
3550 13341
3551 13340
3552 13339
3553 13338
3554 13337
3555 13336
3556 13335
3557 13334
3558 13333
3559 13332
3560 13331
3561 13330
3562 13329
3563 13328
3564 13327
3565 13326
3566 13325
3567 13324
3568 13323
3569 10462
3570 10461
3571 10460
3572 10459
3573 10458
3574 10457
3575 10456
3576 10455
3577 10454
3578 10453
3579 10452
3580 10451
3581 10450
3582 10449
3583 10448
3584 10447
3585 10446
3586 10445
3587 10444
3588 10443
3589 10442
3590 10441
3591 10440
3592 10439
3593 10438
3594 10437
3595 10436
3596 10971
3597 10970
3598 10969
3599 10968
3600 10967
3601 10966
3602 10965
3603 10964
3604 11207
3605 11206
3606 11205
3607 11204
3608 11203
3609 11202
3610 11201
3611 11200
3612 11199
3613 11198
3614 11197
3615 11196
3616 11195
3617 11194
3618 11193
3619 11192
3620 11191
3621 11190
3622 11189
3623 11188
3624 11187
3625 11186
3626 11185
3627 11184
3628 11183
3629 11182
3630 11611
3631 11610
3632 11609
3633 11608
3634 11607
3635 11606
3636 11605
3637 11604
3638 11603
3639 11602
3640 11601
3641 11600
3642 11599
3643 11598
3644 11597
3645 11596
3646 11595
3647 11594
3648 11593
3649 11592
3650 11591
3651 11590
3652 11589
3653 11588
3654 11587
3655 11586
3656 11585
3657 11584
3658 11583
3659 11582
3660 11581
3661 11580
3662 11579
3663 11578
3664 11577
3665 11576
3666 11575
3667 11574
3668 11573
3669 11572
3670 11571
3671 11570
3672 11569
3673 11568
3674 11567
3675 11566
3676 11565
3677 11564
3678 11563
3679 8928
3680 8927
3681 8926
3682 8925
3683 8924
3684 8923
3685 8922
3686 8921
3687 8920
3688 8919
3689 8918
3690 8917
3691 8916
3692 8915
3693 8914
3694 8913
3695 8912
3696 8911
3697 8910
3698 8909
3699 8908
3700 8907
3701 8906
3702 8905
3703 8904
3704 8903
3705 9434
3706 9433
3707 9432
3708 9431
3709 9430
3710 9429
3711 9428
3712 9427
3713 8648
3714 8647
3715 8646
3716 8645
3717 8644
3718 8643
3719 8642
3720 8641
3721 8640
3722 8639
3723 8638
3724 8637
3725 8636
3726 8635
3727 8634
3728 8633
3729 8632
3730 8631
3731 8630
3732 8629
3733 8628
3734 8627
3735 8626
3736 8625
3737 8624
3738 8623
3739 9766
3740 9765
3741 9764
3742 9763
3743 9762
3744 9761
3745 9760
3746 9759
3747 9758
3748 9757
3749 9756
3750 9755
3751 9754
3752 9753
3753 9752
3754 9751
3755 9750
3756 9749
3757 9748
3758 9747
3759 9746
3760 9745
3761 9744
3762 9743
3763 9742
3764 9741
3765 9740
3766 9739
3767 9738
3768 9737
3769 9736
3770 9735
3771 9734
3772 9733
3773 9732
3774 9731
3775 9730
3776 9729
3777 9728
3778 9727
3779 9726
3780 9725
3781 9724
3782 9723
3783 9722
3784 9721
3785 9720
3786 9719
3787 9718
3788 8429
3789 8428
3790 8427
3791 8426
3792 8425
3793 8424
3794 8423
3795 8422
3796 8421
3797 8420
3798 8419
3799 8418
3800 8417
3801 8416
3802 8415
3803 8414
3804 8413
3805 8412
3806 8411
3807 8410
3808 8409
3809 8408
3810 8407
3811 8406
3812 8405
3813 8404
3814 7775
3815 7774
3816 7773
3817 7772
3818 7771
3819 7770
3820 7769
3821 7768
3822 7841
3823 7840
3824 7839
3825 7838
3826 7837
3827 7836
3828 7835
3829 7834
3830 7833
3831 7832
3832 7831
3833 7830
3834 7829
3835 7828
3836 7827
3837 7826
3838 7825
3841 7824
3842 7823
3843 7822
3844 7821
3845 7820
3846 7819
3847 7818
3848 7817
3849 7816
3850 7815
3851 7814
3852 7813
3853 7849
3854 7848
3855 7847
3856 7846
3857 7845
3858 7844
3859 7843
3860 7842
3861 7767
3862 7766
3863 7765
3864 7764
3865 7763
3866 7762
3867 7761
3868 7760
3869 7759
3870 7758
3871 7757
3872 7756
3873 7755
3874 7754
3875 7753
3876 7752
3877 7676
3878 7675
3879 7674
3880 7673
3881 7672
3882 7671
3883 7670
3884 7669
3885 7668
3886 7667
3887 7666
3888 7665
3889 7664
3890 7663
3891 7662
3892 7661
3893 7660
3894 7659
3895 7658
3896 7657
3897 7656
3898 7655
3899 7654
3900 7653
3901 7652
3902 7651
3903 7650
3904 7649
3905 7648
3906 7647
3907 7646
3908 7645
3909 7644
3910 7643
3911 7642
3912 7641
3913 7640
3914 7639
3915 7638
3916 7637
3917 7274
3918 7273
3919 7272
3920 7271
3921 7270
3922 7269
3923 7268
3924 7267
3925 7266
3926 7265
3927 7264
3928 7263
3929 7262
3930 7261
3931 7260
3932 7259
3933 7258
3934 7257
3935 7256
3936 7255
3937 7254
3938 7253
3939 7252
3940 7251
3941 7366
3942 7365
3943 7364
3944 7363
3945 7362
3946 7361
3947 7360
3948 7359
3949 9774
3950 9773
3951 9772
3952 9771
3953 9770
3954 9769
3955 9768
3956 9767
3957 8622
3958 8621
3959 8620
3960 8619
3961 8618
3962 8617
3963 8616
3964 8615
3965 8614
3966 8613
3967 8612
3968 8611
3969 8610
3970 8609
3971 8608
3972 8607
3973 8606
3974 8605
3975 8604
3976 8603
3977 8602
3978 8601
3979 8600
3980 8599
3981 8656
3982 8655
3983 8654
3984 8653
3985 8652
3986 8651
3987 8650
3988 8649
3989 9426
3990 9425
3991 9424
3992 9423
3993 9422
3994 9421
3995 9420
3996 9419
3997 9418
3998 9417
3999 9416
4000 9415
4001 9414
4002 9413
4003 9412
4004 9411
4005 9335
4006 9334
4007 9333
4008 9332
4009 9331
4010 9330
4011 9329
4012 9328
4013 9327
4014 9326
4015 9325
4016 9324
4017 9323
4018 9322
4019 9321
4020 9320
4021 9319
4022 9318
4023 9317
4024 9316
4025 9315
4026 9314
4027 9313
4028 9312
4029 9311
4030 9310
4031 9309
4032 9308
4033 9307
4034 9306
4035 9305
4036 9304
4037 12089
4038 12088
4039 12087
4040 12086
4041 12085
4042 12084
4043 12083
4044 12082
4045 12149
4046 12148
4047 12147
4048 12146
4049 12145
4050 12144
4051 12143
4052 12142
4053 12141
4054 12140
4055 12139
4056 12138
4057 12137
4058 12136
4059 12135
4060 12134
4061 12133
4062 12132
4063 12131
4064 12130
4065 12129
4066 12128
4067 12127
4068 12126
4069 12241
4070 12240
4071 12239
4072 12238
4073 12237
4074 12236
4075 12235
4076 12234
4077 11619
4078 11618
4079 11617
4080 11616
4081 11615
4082 11614
4083 11613
4084 11612
4085 11181
4086 11180
4087 11179
4088 11178
4089 11177
4090 11176
4091 11175
4092 11174
4093 11173
4094 11172
4095 11171
4096 11170
4097 11169
4098 11168
4099 11167
4100 11166
4101 11165
4102 11164
4103 11163
4104 11162
4105 11161
4106 11160
4107 11159
4108 11158
4109 11215
4110 11214
4111 11213
4112 11212
4113 11211
4114 11210
4115 11209
4116 11208
4117 10963
4118 10962
4119 10961
4120 10960
4121 10959
4122 10958
4123 10957
4124 10956
4125 10955
4126 10954
4127 10953
4128 10952
4129 10951
4130 10950
4131 10949
4132 10948
4133 10872
4134 10871
4135 10870
4136 10869
4137 10868
4138 10867
4139 10866
4140 10865
4141 10864
4142 10863
4143 10862
4144 10861
4145 10860
4146 10859
4147 10858
4148 10857
4149 10856
4150 10855
4151 10854
4152 10853
4153 10852
4154 10851
4155 10850
4156 10849
4157 10848
4158 10847
4159 10846
4160 10845
4161 10844
4162 10843
4163 10842
4164 10841
4165 12678
4166 12677
4167 12676
4168 12675
4169 12674
4170 12673
4171 12672
4172 12671
4173 12738
4174 12737
4175 12736
4176 12735
4177 12734
4178 12733
4179 12732
4180 12731
4181 12730
4182 12729
4183 12728
4184 12727
4185 12726
4186 12725
4187 12724
4188 12723
4189 12722
4190 12721
4191 12720
4192 12719
4193 12718
4194 12717
4195 12716
4196 12715
4197 12830
4198 12829
4199 12828
4200 12827
4201 12826
4202 12825
4203 12824
4204 12823
4205 13379
4206 13378
4207 13377
4208 13376
4209 13375
4210 13374
4211 13373
4212 13372
4213 12503
4214 12502
4215 12501
4216 12500
4217 12499
4218 12498
4219 12497
4220 12496
4221 12495
4222 12494
4223 12493
4224 12492
4225 12491
4226 12490
4227 12489
4228 12488
4229 12487
4232 12513
4233 12512
4234 12511
4235 12510
4236 12509
4237 12854
4238 12853
4239 12852
4240 12851
4241 12850
4242 12849
4243 12848
4244 12847
4245 12846
4246 12845
4247 12844
4248 12843
4249 12842
4250 12841
4251 12840
4252 12839
4253 12838
4254 12837
4255 12836
4256 12835
4257 12834
4258 12833
4259 12832
4260 12831
4261 12714
4262 12713
4263 12712
4264 12711
4265 12710
4266 12709
4267 12708
4268 12707
4269 12706
4270 12705
4271 12704
4272 12703
4273 12702
4274 12701
4275 12700
4276 12699
4277 12698
4278 12697
4279 12696
4280 12695
4281 12694
4282 12693
4283 12692
4284 12691
4285 12690
4286 12689
4287 12688
4288 12687
4289 12686
4290 12685
4291 12684
4292 12683
4293 12682
4294 12681
4295 12680
4296 12679
4297 10840
4298 10839
4299 10838
4300 10837
4301 10836
4302 10835
4303 10834
4304 10902
4305 10901
4306 10900
4307 10899
4308 10898
4309 10897
4310 10896
4311 10895
4312 10894
4313 10893
4314 10892
4315 10891
4316 10890
4317 10889
4318 10888
4319 10887
4320 10886
4321 10885
4322 10884
4323 10883
4324 10882
4325 10881
4326 10880
4327 10879
4328 10878
4329 10877
4330 10876
4331 10875
4332 10874
4333 10873
4334 10947
4335 10946
4336 10945
4337 10944
4338 10943
4339 10942
4340 10941
4341 11861
4342 11860
4343 11859
4344 11858
4345 11857
4346 11856
4347 11855
4348 11854
4349 11853
4350 11852
4351 11851
4352 11850
4353 11849
4354 11848
4355 11847
4356 11846
4357 11845
4358 11844
4359 11843
4360 11842
4361 11841
4362 11840
4363 11839
4364 11838
4365 11837
4366 11836
4367 11835
4368 11834
4369 11833
4370 11832
4371 11831
4372 11830
4373 11829
4374 11828
4375 11827
4376 11826
4377 12265
4378 12264
4379 12263
4380 12262
4381 12261
4382 12260
4383 12259
4384 12258
4385 12257
4386 12256
4387 12255
4388 12254
4389 12253
4390 12252
4391 12251
4392 12250
4393 12249
4394 12248
4395 12247
4396 12246
4397 12245
4398 12244
4399 12243
4400 12242
4401 12125
4402 12124
4403 12123
4404 12122
4405 12121
4406 12120
4407 12119
4408 12118
4409 12117
4410 12116
4411 12115
4412 12114
4413 12113
4414 12112
4415 12111
4416 12110
4417 12109
4418 12108
4419 12107
4420 12106
4421 12105
4422 12104
4423 12103
4424 12102
4425 12101
4426 12100
4427 12099
4428 12098
4429 12097
4430 12096
4431 12095
4432 12094
4433 12093
4434 12092
4435 12091
4436 12090
4437 9303
4438 9302
4439 9301
4440 9300
4441 9299
4442 9298
4443 9297
4444 9365
4445 9364
4446 9363
4447 9362
4448 9361
4449 9360
4450 9359
4451 9358
4452 9357
4453 9356
4454 9355
4455 9354
4456 9353
4457 9352
4458 9351
4459 9350
4460 9349
4461 9348
4462 9347
4463 9346
4464 9345
4465 9344
4466 9343
4467 9342
4468 9341
4469 9340
4470 9339
4471 9338
4472 9337
4473 9336
4474 9410
4475 9409
4476 9408
4477 9407
4478 9406
4479 9405
4480 9404
4481 10016
4482 10015
4483 10014
4484 10013
4485 10012
4486 10011
4487 10010
4488 10009
4489 10008
4490 10007
4491 10006
4492 10005
4493 10004
4494 10003
4495 10002
4496 10001
4497 10000
4498 9999
4499 9998
4500 9997
4501 9996
4502 9995
4503 9994
4504 9993
4505 9992
4506 9991
4507 9990
4508 9989
4509 9988
4510 9987
4511 9986
4512 9985
4513 9984
4514 9983
4515 9982
4516 9981
4517 7390
4518 7389
4519 7388
4520 7387
4521 7386
4522 7385
4523 7384
4524 7383
4525 7382
4526 7381
4527 7380
4528 7379
4529 7378
4530 7377
4531 7376
4532 7375
4533 7374
4534 7373
4535 7372
4536 7371
4537 7370
4538 7369
4539 7368
4540 7367
4541 7250
4542 7249
4543 7248
4544 7247
4545 7246
4546 7245
4547 7244
4548 7243
4549 7242
4550 7241
4551 7240
4552 7239
4553 7238
4554 7237
4555 7236
4556 7235
4557 7234
4558 7233
4559 7232
4560 7231
4561 7230
4562 7229
4563 7228
4564 7227
4565 7226
4566 7225
4567 7224
4568 7223
4569 7222
4570 7221
4571 7220
4572 7219
4573 7218
4574 7217
4575 7216
4576 7215
4577 7214
4578 7213
4579 7212
4580 7211
4581 7210
4582 7209
4583 7208
4584 7706
4585 7705
4586 7704
4587 7703
4588 7702
4589 7701
4590 7700
4591 7699
4592 7698
4593 7697
4594 7696
4595 7695
4596 7694
4597 7693
4598 7692
4599 7691
4600 7690
4601 7689
4602 7688
4603 7687
4604 7686
4605 7685
4606 7684
4607 7683
4608 7682
4609 7681
4610 7680
4611 7679
4612 7678
4613 7677
4614 7751
4615 7750
4616 7749
4617 7748
4618 7747
4619 7746
4620 7745
4621 7881
4622 7880
4623 7879
4624 7878
4625 7877
4626 7876
4627 7875
4628 7874
4629 7873
4630 7872
4631 7871
4632 7870
4633 7869
4634 7868
4635 7867
4636 7866
4639 7865
4640 7864
4641 7863
4642 7862
4643 7861
4644 7860
4645 7859
4646 7858
4647 7889
4648 7888
4649 7887
4650 7886
4651 7885
4652 7884
4653 7883
4654 7882
4655 7744
4656 7743
4657 7742
4658 7741
4659 7740
4660 7739
4661 7738
4662 7737
4663 7736
4664 7735
4665 7734
4666 7733
4667 7732
4668 7731
4669 7730
4670 7729
4671 7728
4672 7727
4673 7726
4674 7725
4675 7724
4676 7723
4677 7722
4678 7721
4679 7720
4680 7719
4681 7718
4682 7717
4683 7716
4684 7715
4685 7714
4686 7713
4687 7712
4688 7711
4689 7710
4690 7709
4691 7708
4692 7707
4693 7207
4694 7206
4695 7205
4696 7204
4697 7203
4698 7202
4699 7201
4700 7200
4701 7199
4702 7198
4703 7197
4704 7196
4705 7195
4706 7194
4707 7193
4708 7192
4709 7191
4710 7190
4711 7189
4712 7188
4713 7187
4714 7186
4715 7185
4716 7184
4717 7183
4718 7182
4719 7181
4720 7180
4721 7179
4722 7178
4723 7177
4724 7176
4725 7175
4726 7174
4727 7173
4728 7172
4729 7171
4730 7170
4731 7169
4732 7168
4733 7167
4734 7166
4735 7165
4736 7164
4737 7163
4738 7162
4739 7161
4740 7160
4741 7159
4742 7158
4743 7157
4744 7156
4745 7155
4746 9790
4747 9789
4748 9788
4749 9787
4750 9786
4751 9785
4752 9784
4753 9783
4754 7398
4755 7397
4756 7396
4757 7395
4758 7394
4759 7393
4760 7392
4761 7391
4762 9980
4763 9979
4764 9978
4765 9977
4766 9976
4767 9975
4768 9974
4769 9973
4770 9972
4771 9971
4772 9970
4773 9969
4774 9968
4775 9967
4776 9966
4777 9965
4778 9964
4779 9963
4780 9962
4781 9961
4782 8672
4783 8671
4784 8670
4785 8669
4786 8668
4787 8667
4788 8666
4789 8665
4790 10024
4791 10023
4792 10022
4793 10021
4794 10020
4795 10019
4796 10018
4797 10017
4798 9403
4799 9402
4800 9401
4801 9400
4802 9399
4803 9398
4804 9397
4805 9396
4806 9395
4807 9394
4808 9393
4809 9392
4810 9391
4811 9390
4812 9389
4813 9388
4814 9387
4815 9386
4816 9385
4817 9384
4818 9383
4819 9382
4820 9381
4821 9380
4822 9379
4823 9378
4824 9377
4825 9376
4826 9375
4827 9374
4828 9373
4829 9372
4830 9371
4831 9370
4832 9369
4833 9368
4834 9367
4835 9366
4836 9296
4837 9295
4838 9294
4839 9293
4840 9292
4841 9291
4842 9290
4843 9289
4844 9288
4845 9287
4846 9286
4847 9285
4848 9284
4849 9283
4850 9282
4851 9281
4852 10256
4853 10255
4854 10254
4855 10253
4856 10252
4857 10251
4858 10250
4859 10249
4860 10248
4861 10247
4862 10246
4863 10245
4864 10244
4865 10243
4866 10242
4867 10241
4868 10240
4869 10239
4870 10238
4871 10237
4872 10236
4873 10235
4874 10234
4875 10233
4876 10232
4877 10231
4878 10230
4879 10229
4880 10228
4881 10227
4882 10226
4883 10225
4884 10224
4885 10223
4886 10222
4887 10221
4888 10220
4889 11635
4890 11634
4891 11633
4892 11632
4893 11631
4894 11630
4895 11629
4896 11628
4897 12273
4898 12272
4899 12271
4900 12270
4901 12269
4902 12268
4903 12267
4904 12266
4905 11825
4906 11824
4907 11823
4908 11822
4909 11821
4910 11820
4911 11819
4912 11818
4913 11817
4914 11816
4915 11815
4916 11814
4917 11813
4918 11812
4919 11811
4920 11810
4921 11809
4922 11808
4923 11807
4924 11806
4925 11231
4926 11230
4927 11229
4928 11228
4929 11227
4930 11226
4931 11225
4932 11224
4933 11869
4934 11868
4935 11867
4936 11866
4937 11865
4938 11864
4939 11863
4940 11862
4941 10940
4942 10939
4943 10938
4944 10937
4945 10936
4946 10935
4947 10934
4948 10933
4949 10932
4950 10931
4951 10930
4952 10929
4953 10928
4954 10927
4955 10926
4956 10925
4957 10924
4958 10923
4959 10922
4960 10921
4961 10920
4962 10919
4963 10918
4964 10917
4965 10916
4966 10915
4967 10914
4968 10913
4969 10912
4970 10911
4971 10910
4972 10909
4973 10908
4974 10907
4975 10906
4976 10905
4977 10904
4978 10903
4979 10833
4980 10832
4981 10831
4982 10830
4983 10829
4984 10828
4985 10827
4986 10826
4987 10825
4988 10824
4989 10823
4990 10822
4991 10821
4992 10820
4993 10819
4994 10818
4995 12942
4996 12941
4997 12940
4998 12939
4999 12938
5000 12937
5001 12936
5002 12935
5003 12934
5004 12933
5005 12932
5006 12931
5007 12930
5008 12929
5009 12928
5010 12927
5011 12926
5012 12925
5013 12924
5014 12923
5015 12922
5016 12921
5017 12920
5018 12919
5019 12918
5020 12917
5021 12916
5022 12915
5023 12914
5024 12913
5025 12912
5026 12911
5027 12910
5028 12909
5029 12908
5030 12907
5031 12906
5032 13395
5033 13394
5034 13393
5035 13392
5036 13391
5037 13390
5038 13389
5039 13388
5040 12862
5041 12861
5042 12860
5043 12859
5044 12858
5045 12857
5046 12856
5047 12855
5048 12508
5049 12507
5050 12506
5051 12505
5052 12504
5055 13489
5056 13488
5057 13487
5058 13486
5059 13485
5060 13484
5061 13483
5062 13482
5063 13481
5064 13480
5065 13479
5066 13411
5067 13410
5068 13409
5069 13408
5070 13407
5071 13406
5072 13405
5073 13404
5074 13403
5075 13402
5076 13401
5077 13400
5078 13399
5079 13398
5080 13397
5081 13396
5082 12905
5083 12904
5084 12903
5085 12902
5086 12901
5087 12900
5088 12899
5089 12898
5090 12970
5091 12969
5092 12968
5093 12967
5094 12966
5095 12965
5096 12964
5097 12963
5098 12962
5099 12961
5100 12960
5101 12959
5102 12958
5103 12957
5104 12956
5105 12955
5106 12954
5107 12953
5108 12952
5109 12951
5110 12950
5111 12949
5112 12948
5113 12947
5114 12946
5115 12945
5116 12944
5117 12943
5118 10817
5119 10816
5120 10815
5121 10814
5122 10813
5123 10812
5124 10811
5125 10810
5126 13299
5127 13298
5128 13297
5129 13296
5130 13295
5131 13294
5132 13293
5133 10560
5134 10559
5135 10558
5136 10557
5137 10556
5138 10555
5139 10554
5140 10553
5141 10552
5142 10551
5143 10550
5144 10549
5145 10548
5146 10547
5147 10546
5148 10545
5149 10544
5150 10543
5151 10542
5152 10541
5153 10540
5154 10539
5155 10538
5156 10537
5157 10536
5158 10535
5159 10534
5160 10533
5161 10532
5162 10531
5163 10412
5164 10411
5165 10410
5166 10409
5167 10408
5168 10407
5169 10406
5170 11247
5171 11246
5172 11245
5173 11244
5174 11243
5175 11242
5176 11241
5177 11240
5178 11239
5179 11238
5180 11237
5181 11236
5182 11235
5183 11234
5184 11233
5185 11232
5186 11805
5187 11804
5188 11803
5189 11802
5190 11801
5191 11800
5192 11799
5193 11798
5194 11797
5195 11796
5196 11795
5197 11794
5198 11793
5199 11792
5200 11791
5201 11790
5202 11789
5203 11788
5204 11787
5205 11786
5206 11651
5207 11650
5208 11649
5209 11648
5210 11647
5211 11646
5212 11645
5213 11644
5214 11643
5215 11642
5216 11641
5217 11640
5218 11639
5219 11638
5220 11637
5221 11636
5222 10219
5223 10218
5224 10217
5225 10216
5226 10215
5227 10214
5228 10213
5229 10212
5230 10284
5231 10283
5232 10282
5233 10281
5234 10280
5235 10279
5236 10278
5237 10277
5238 10276
5239 10275
5240 10274
5241 10273
5242 10272
5243 10271
5244 10270
5245 10269
5246 10268
5247 10267
5248 10266
5249 10265
5250 10264
5251 10263
5252 10262
5253 10261
5254 10260
5255 10259
5256 10258
5257 10257
5258 9280
5259 9279
5260 9278
5261 9277
5262 9276
5263 9275
5264 9274
5265 9273
5266 11539
5267 11538
5268 11537
5269 11536
5270 11535
5271 11534
5272 11533
5273 9025
5274 9024
5275 9023
5276 9022
5277 9021
5278 9020
5279 9019
5280 9018
5281 9017
5282 9016
5283 9015
5284 9014
5285 9013
5286 9012
5287 9011
5288 9010
5289 9009
5290 9008
5291 9007
5292 9006
5293 9005
5294 9004
5295 9003
5296 9002
5297 9001
5298 9000
5299 8999
5300 8998
5301 8997
5302 8996
5303 8879
5304 8878
5305 8877
5306 8876
5307 8875
5308 8874
5309 8873
5310 8688
5311 8687
5312 8686
5313 8685
5314 8684
5315 8683
5316 8682
5317 8681
5318 8680
5319 8679
5320 8678
5321 8677
5322 8676
5323 8675
5324 8674
5325 8673
5326 9960
5327 9959
5328 9958
5329 9957
5330 9956
5331 9955
5332 9954
5333 9953
5334 9952
5335 9951
5336 9950
5337 9949
5338 9948
5339 9947
5340 9946
5341 9945
5342 9944
5343 9943
5344 9942
5345 9941
5346 9806
5347 9805
5348 9804
5349 9803
5350 9802
5351 9801
5352 9800
5353 9799
5354 9798
5355 9797
5356 9796
5357 9795
5358 9794
5359 9793
5360 9792
5361 9791
5362 7154
5363 7153
5364 7152
5365 7151
5366 7150
5367 7149
5368 7148
5369 7147
5370 7030
5371 7029
5372 7028
5373 7027
5374 7026
5375 7025
5376 7024
5377 7023
5378 7022
5379 7021
5380 7020
5381 7019
5382 7018
5383 7017
5384 7016
5385 7015
5386 7014
5387 7013
5388 7012
5389 7011
5390 7010
5391 7009
5392 7008
5393 7007
5394 7006
5395 7005
5396 7004
5397 7003
5398 7002
5399 7001
5400 7000
5401 6999
5402 6998
5403 6997
5404 6996
5405 6995
5406 9694
5407 9693
5408 9692
5409 9691
5410 9690
5411 9689
5412 9688
5413 8526
5414 8525
5415 8524
5416 8523
5417 8522
5418 8521
5419 8520
5420 8519
5421 8518
5422 8517
5423 8516
5424 8515
5425 8514
5426 8513
5427 8512
5428 8511
5429 8510
5430 8509
5431 8508
5432 8507
5433 8506
5434 8505
5435 8504
5436 8503
5437 8502
5438 8501
5439 8500
5440 8499
5441 8498
5442 8497
5443 8380
5444 8379
5445 8378
5446 8377
5447 8376
5448 8375
5449 8374
5450 8035
5451 8034
5452 8033
5453 8032
5454 8031
5455 8030
5456 8029
5457 8028
5458 8027
5459 8026
5460 8025
5461 8024
5462 8023
5463 8022
5464 8021
5465 8020
5466 8019
5467 8018
5468 8017
5469 8016
5470 8015
5471 8014
5472 8013
5473 8012
5474 8011
5475 8010
5476 8009
5477 8008
5478 8007
5479 8006
5482 7981
5483 7980
5484 7979
5485 7978
5486 7977
5487 7976
5488 7975
5489 7974
5490 7973
5491 7972
5492 7971
5493 7970
5494 7969
5495 7968
5496 8115
5497 8114
5498 8113
5499 8112
5500 8111
5501 8110
5502 8109
5503 8108
5504 8043
5505 8042
5506 8041
5507 8040
5508 8039
5509 8038
5510 8037
5511 8036
5512 8373
5513 8372
5514 8371
5515 8370
5516 8369
5517 8368
5518 8367
5519 8366
5520 8365
5521 8364
5522 8363
5523 8362
5524 8361
5525 8360
5526 8359
5527 8358
5528 8357
5529 8356
5530 8355
5531 8354
5532 8353
5533 8543
5534 8542
5535 8541
5536 8540
5537 8539
5538 8538
5539 8537
5540 8536
5541 8535
5542 8534
5543 8533
5544 8532
5545 8531
5546 8530
5547 8529
5548 8528
5549 8527
5550 9687
5551 9686
5552 9685
5553 9684
5554 9683
5555 9682
5556 9681
5557 9680
5558 9679
5559 9678
5560 9677
5561 9676
5562 9675
5563 9674
5564 9673
5565 9672
5566 9545
5567 9544
5568 9543
5569 9542
5570 9541
5571 9540
5572 9539
5573 9538
5574 9537
5575 9536
5576 9535
5577 9534
5578 9533
5579 9532
5580 9531
5581 9530
5582 9529
5583 9528
5584 9527
5585 9526
5586 9525
5587 9524
5588 9523
5589 9522
5590 9521
5591 9520
5592 9519
5593 9518
5594 9517
5595 9516
5596 9515
5597 9514
5598 9513
5599 9512
5600 9511
5601 9510
5602 9509
5603 9508
5604 9507
5605 9506
5606 9505
5607 9504
5608 9503
5609 9502
5610 9501
5611 9814
5612 9813
5613 9812
5614 9811
5615 9810
5616 9809
5617 9808
5618 9807
5619 9940
5620 9939
5621 9938
5622 9937
5623 9936
5624 9935
5625 9934
5626 9933
5627 9932
5628 9931
5629 9930
5630 9929
5631 9928
5632 9927
5633 9926
5634 9925
5635 9924
5636 9923
5637 9922
5638 9921
5639 10064
5640 10063
5641 10062
5642 10061
5643 10060
5644 10059
5645 10058
5646 10057
5647 8696
5648 8695
5649 8694
5650 8693
5651 8692
5652 8691
5653 8690
5654 8689
5655 8872
5656 8871
5657 8870
5658 8869
5659 8868
5660 8867
5661 8866
5662 8865
5663 8864
5664 8863
5665 8862
5666 8861
5667 8860
5668 8859
5669 8858
5670 8857
5671 8856
5672 8855
5673 8854
5674 8853
5675 8852
5676 9042
5677 9041
5678 9040
5679 9039
5680 9038
5681 9037
5682 9036
5683 9035
5684 9034
5685 9033
5686 9032
5687 9031
5688 9030
5689 9029
5690 9028
5691 9027
5692 9026
5693 11532
5694 11531
5695 11530
5696 11529
5697 11528
5698 11527
5699 11526
5700 11525
5701 11524
5702 11523
5703 11522
5704 11521
5705 11520
5706 11519
5707 11518
5708 11517
5709 11390
5710 11389
5711 11388
5712 11387
5713 11386
5714 11385
5715 11384
5716 11383
5717 11382
5718 11381
5719 11380
5720 11379
5721 11378
5722 11377
5723 11376
5724 11375
5725 11374
5726 11373
5727 11372
5728 11371
5729 11370
5730 11369
5731 11368
5732 11367
5733 11366
5734 11365
5735 11364
5736 11363
5737 11362
5738 11361
5739 11360
5740 11359
5741 11358
5742 11357
5743 11356
5744 11355
5745 11354
5746 11045
5747 11044
5748 11043
5749 11042
5750 11041
5751 11040
5752 11039
5753 11038
5754 11659
5755 11658
5756 11657
5757 11656
5758 11655
5759 11654
5760 11653
5761 11652
5762 11785
5763 11784
5764 11783
5765 11782
5766 11781
5767 11780
5768 11779
5769 11778
5770 11777
5771 11776
5772 11775
5773 11774
5774 11773
5775 11772
5776 11771
5777 11770
5778 11769
5779 11768
5780 11767
5781 11766
5782 12339
5783 12338
5784 12337
5785 12336
5786 12335
5787 12334
5788 12333
5789 12332
5790 11255
5791 11254
5792 11253
5793 11252
5794 11251
5795 11250
5796 11249
5797 11248
5798 10405
5799 10404
5800 10403
5801 10402
5802 10401
5803 10400
5804 10399
5805 10398
5806 10397
5807 10396
5808 10395
5809 10394
5810 10393
5811 10392
5812 10391
5813 10390
5814 10389
5815 10388
5816 10387
5817 10386
5818 10385
5819 10577
5820 10576
5821 10575
5822 10574
5823 10573
5824 10572
5825 10571
5826 10570
5827 10569
5828 10568
5829 10567
5830 10566
5831 10565
5832 10564
5833 10563
5834 10562
5835 10561
5836 13292
5837 13291
5838 13290
5839 13289
5840 13288
5841 13287
5842 13286
5843 13285
5844 13284
5845 13283
5846 13282
5847 13281
5848 13280
5849 13279
5850 13278
5851 13277
5852 13150
5853 13149
5854 13148
5855 13147
5856 13146
5857 13145
5858 13144
5859 13143
5860 13142
5861 13141
5862 13140
5863 13139
5864 13138
5865 13137
5866 13136
5867 13135
5868 13134
5869 13133
5870 13132
5871 13131
5872 13130
5873 13129
5874 13128
5875 13127
5876 13126
5877 13125
5878 13124
5879 13123
5880 13122
5881 13121
5882 13120
5883 13119
5884 13118
5885 13117
5886 13116
5887 13115
5888 13114
5889 13561
5890 13560
5891 13559
5892 13558
5893 13557
5894 13556
5895 13555
5896 13554
5897 13419
5898 13418
5899 13417
5900 13416
5901 13415
5902 13414
5903 13413
5904 13412
5905 13478
5906 13477
5907 13476
5908 13475
5909 13474
5910 13473
5911 13472
5912 13471
5913 13470
5914 13469
5915 13468
5918 13449
5919 13448
5920 13447
5921 13446
5922 13445
5923 13444
5924 13443
5925 13442
5926 13441
5927 13440
5928 13439
5929 13577
5930 13576
5931 13575
5932 13574
5933 13573
5934 13572
5935 13571
5936 13570
5937 13569
5938 13568
5939 13567
5940 13566
5941 13565
5942 13564
5943 13563
5944 13562
5945 13113
5946 13112
5947 13111
5948 13110
5949 13109
5950 13108
5951 13107
5952 13106
5953 13178
5954 13177
5955 13176
5956 13175
5957 13174
5958 13173
5959 13172
5960 13171
5961 13170
5962 13169
5963 13168
5964 13167
5965 13166
5966 13165
5967 13164
5968 13163
5969 13162
5970 13161
5971 13160
5972 13159
5973 13158
5974 13157
5975 13156
5976 13155
5977 13154
5978 13153
5979 13152
5980 13151
5981 13276
5982 13275
5983 13274
5984 13273
5985 13272
5986 13271
5987 13270
5988 13269
5989 12616
5990 12615
5991 12614
5992 12613
5993 12612
5994 12611
5995 12610
5996 10753
5997 10752
5998 10751
5999 10750
6000 10749
6001 10748
6002 10747
6003 10746
6004 10745
6005 10744
6006 10743
6007 10742
6008 10741
6009 10740
6010 10739
6011 10738
6012 10737
6013 10736
6014 10735
6015 10734
6016 10733
6017 10732
6018 10731
6019 10730
6020 10729
6021 10728
6022 10727
6023 10726
6024 10725
6025 10724
6026 10605
6027 10604
6028 10603
6029 10602
6030 10601
6031 10600
6032 10599
6033 12355
6034 12354
6035 12353
6036 12352
6037 12351
6038 12350
6039 12349
6040 12348
6041 12347
6042 12346
6043 12345
6044 12344
6045 12343
6046 12342
6047 12341
6048 12340
6049 11765
6050 11764
6051 11763
6052 11762
6053 11761
6054 11760
6055 11759
6056 11758
6057 11757
6058 11756
6059 11755
6060 11754
6061 11753
6062 11752
6063 11751
6064 11750
6065 11749
6066 11748
6067 11747
6068 11746
6069 11061
6070 11060
6071 11059
6072 11058
6073 11057
6074 11056
6075 11055
6076 11054
6077 11053
6078 11052
6079 11051
6080 11050
6081 11049
6082 11048
6083 11047
6084 11046
6085 11353
6086 11352
6087 11351
6088 11350
6089 11349
6090 11348
6091 11347
6092 11346
6093 11418
6094 11417
6095 11416
6096 11415
6097 11414
6098 11413
6099 11412
6100 11411
6101 11410
6102 11409
6103 11408
6104 11407
6105 11406
6106 11405
6107 11404
6108 11403
6109 11402
6110 11401
6111 11400
6112 11399
6113 11398
6114 11397
6115 11396
6116 11395
6117 11394
6118 11393
6119 11392
6120 11391
6121 11516
6122 11515
6123 11514
6124 11513
6125 11512
6126 11511
6127 11510
6128 11509
6129 12027
6130 12026
6131 12025
6132 12024
6133 12023
6134 12022
6135 12021
6136 9216
6137 9215
6138 9214
6139 9213
6140 9212
6141 9211
6142 9210
6143 9209
6144 9208
6145 9207
6146 9206
6147 9205
6148 9204
6149 9203
6150 9202
6151 9201
6152 9200
6153 9199
6154 9198
6155 9197
6156 9196
6157 9195
6158 9194
6159 9193
6160 9192
6161 9191
6162 9190
6163 9189
6164 9188
6165 9187
6166 9070
6167 9069
6168 9068
6169 9067
6170 9066
6171 9065
6172 9064
6173 10080
6174 10079
6175 10078
6176 10077
6177 10076
6178 10075
6179 10074
6180 10073
6181 10072
6182 10071
6183 10070
6184 10069
6185 10068
6186 10067
6187 10066
6188 10065
6189 9920
6190 9919
6191 9918
6192 9917
6193 9916
6194 9915
6195 9914
6196 9913
6197 9912
6198 9911
6199 9910
6200 9909
6201 9908
6202 9907
6203 9906
6204 9905
6205 9904
6206 9903
6207 9902
6208 9901
6209 8810
6210 8809
6211 8808
6212 8807
6213 8806
6214 8805
6215 8804
6216 8803
6217 8802
6218 8801
6219 8800
6220 8799
6221 8798
6222 8797
6223 8796
6224 8795
6225 8794
6226 8793
6227 8792
6228 8791
6229 8790
6230 8789
6231 8788
6232 8787
6233 9573
6234 9572
6235 9571
6236 9570
6237 9569
6238 9568
6239 9567
6240 9566
6241 9565
6242 9564
6243 9563
6244 9562
6245 9561
6246 9560
6247 9559
6248 9558
6249 9557
6250 9556
6251 9555
6252 9554
6253 9553
6254 9552
6255 9551
6256 9550
6257 9549
6258 9548
6259 9547
6260 9546
6261 9671
6262 9670
6263 9669
6264 9668
6265 9667
6266 9666
6267 9665
6268 9664
6269 7582
6270 7581
6271 7580
6272 7579
6273 7578
6274 7577
6275 7576
6276 8284
6277 8283
6278 8282
6279 8281
6280 8280
6281 8279
6282 8278
6283 8277
6284 8276
6285 8275
6286 8274
6287 8273
6288 8272
6289 8271
6290 8270
6291 8269
6292 8268
6293 8267
6294 8266
6295 8265
6296 8264
6297 8263
6298 8262
6299 8261
6300 8260
6301 8259
6302 8258
6303 8257
6304 8256
6305 8255
6306 8138
6307 8137
6308 8136
6309 8135
6310 8134
6311 8133
6312 8132
6313 8131
6314 8130
6315 8129
6316 8128
6317 8127
6318 8126
6319 8125
6320 8124
6321 8123
6322 8122
6323 8121
6324 8120
6325 8119
6326 8118
6327 8117
6328 8116
6329 7967
6330 7966
6331 7965
6332 7964
6333 7963
6334 7962
6335 7961
6336 7960
6337 7959
6338 7958
6339 7957
6340 7956
6341 7955
6342 7954
6345 8352
6346 8351
6347 8350
6348 8349
6349 8348
6350 8347
6351 8346
6352 8345
6353 8344
6354 8343
6355 8342
6356 8341
6357 8340
6358 8339
6359 8338
6360 8337
6361 8336
6362 8335
6363 8334
6364 8333
6365 8332
6366 8331
6367 8330
6368 8329
6369 8328
6370 8327
6371 8326
6372 8325
6373 8324
6374 8323
6375 8322
6376 8321
6377 8320
6378 8319
6379 8318
6380 8317
6381 8316
6382 8315
6383 8314
6384 8313
6385 8312
6386 8311
6387 8310
6388 8309
6389 8308
6390 8307
6391 8306
6392 8305
6393 8304
6394 8303
6395 8302
6396 8301
6397 8300
6398 8299
6399 8298
6400 8297
6401 8296
6402 8295
6403 8294
6404 8293
6405 8292
6406 8291
6407 8290
6408 8289
6409 8288
6410 8287
6411 8286
6412 8285
6413 7575
6414 7574
6415 7573
6416 7572
6417 7571
6418 7570
6419 7569
6420 7568
6421 7567
6422 7566
6423 7565
6424 7564
6425 7563
6426 7562
6427 7561
6428 7560
6429 7559
6430 7558
6431 7557
6432 7556
6433 7555
6434 7554
6435 7553
6436 7552
6437 7551
6438 7550
6439 7549
6440 7548
6441 7547
6442 7546
6443 7545
6444 7544
6445 7543
6446 7542
6447 7541
6448 7540
6449 7539
6450 7538
6451 7537
6452 7536
6453 7535
6454 7534
6455 7533
6456 7532
6457 7531
6458 7530
6459 7529
6460 7528
6461 7527
6462 7526
6463 7525
6464 7524
6465 7523
6466 7522
6467 7521
6468 7520
6469 7519
6470 7518
6471 7517
6472 7516
6473 7515
6474 8818
6475 8817
6476 8816
6477 8815
6478 8814
6479 8813
6480 8812
6481 8811
6482 9900
6483 9899
6484 9898
6485 9897
6486 9896
6487 9895
6488 9894
6489 9893
6490 9892
6491 9891
6492 9890
6493 9889
6494 9888
6495 9887
6496 9886
6497 9885
6498 9884
6499 9883
6500 9882
6501 9881
6502 9880
6503 9879
6504 9878
6505 9877
6506 9876
6507 9875
6508 9874
6509 9873
6510 10088
6511 10087
6512 10086
6513 10085
6514 10084
6515 10083
6516 10082
6517 10081
6518 9063
6519 9062
6520 9061
6521 9060
6522 9059
6523 9058
6524 9057
6525 9056
6526 9055
6527 9054
6528 9053
6529 9052
6530 9051
6531 9050
6532 9049
6533 9048
6534 9047
6535 9046
6536 9045
6537 9044
6538 9043
6539 9233
6540 9232
6541 9231
6542 9230
6543 9229
6544 9228
6545 9227
6546 9226
6547 9225
6548 9224
6549 9223
6550 9222
6551 9221
6552 9220
6553 9219
6554 9218
6555 9217
6556 12020
6557 12019
6558 12018
6559 12017
6560 12016
6561 12015
6562 12014
6563 12013
6564 12012
6565 12011
6566 12010
6567 12009
6568 12008
6569 12007
6570 12006
6571 12005
6572 12004
6573 12003
6574 12002
6575 12001
6576 12000
6577 11999
6578 11998
6579 11997
6580 11996
6581 11995
6582 11994
6583 11993
6584 11992
6585 11991
6586 11990
6587 11989
6588 11988
6589 11987
6590 11986
6591 11985
6592 11984
6593 11983
6594 11982
6595 11981
6596 11980
6597 11979
6598 11978
6599 11977
6600 11976
6601 11975
6602 11974
6603 11973
6604 11972
6605 11971
6606 11970
6607 11969
6608 11968
6609 11967
6610 11966
6611 11965
6612 11964
6613 11963
6614 11962
6615 11961
6616 11960
6617 11069
6618 11068
6619 11067
6620 11066
6621 11065
6622 11064
6623 11063
6624 11062
6625 11745
6626 11744
6627 11743
6628 11742
6629 11741
6630 11740
6631 11739
6632 11738
6633 11737
6634 11736
6635 11735
6636 11734
6637 11733
6638 11732
6639 11731
6640 11730
6641 11729
6642 11728
6643 11727
6644 11726
6645 11725
6646 11724
6647 11723
6648 11722
6649 11721
6650 11720
6651 11719
6652 11718
6653 12363
6654 12362
6655 12361
6656 12360
6657 12359
6658 12358
6659 12357
6660 12356
6661 10598
6662 10597
6663 10596
6664 10595
6665 10594
6666 10593
6667 10592
6668 10591
6669 10590
6670 10589
6671 10588
6672 10587
6673 10586
6674 10585
6675 10584
6676 10583
6677 10582
6678 10581
6679 10580
6680 10579
6681 10578
6682 10770
6683 10769
6684 10768
6685 10767
6686 10766
6687 10765
6688 10764
6689 10763
6690 10762
6691 10761
6692 10760
6693 10759
6694 10758
6695 10757
6696 10756
6697 10755
6698 10754
6699 12609
6700 12608
6701 12607
6702 12606
6703 12605
6704 12604
6705 12603
6706 12602
6707 12601
6708 12600
6709 12599
6710 12598
6711 12597
6712 12596
6713 12595
6714 12594
6715 12593
6716 12592
6717 12591
6718 12590
6719 12589
6720 12588
6721 12587
6722 12586
6723 12585
6724 12584
6725 12583
6726 12582
6727 12581
6728 12580
6729 12579
6730 12578
6731 12577
6732 12576
6733 12575
6734 12574
6735 12573
6736 12572
6737 12571
6738 12570
6739 12569
6740 12568
6741 12567
6742 12566
6743 12565
6744 12564
6745 12563
6746 12562
6747 12561
6748 12560
6749 12559
6750 12558
6751 12557
6752 12556
6753 12555
6754 12554
6755 12553
6756 12552
6757 12551
6758 12550
6759 12549
6760 13585
6761 13584
6762 13583
6763 13582
6764 13581
6765 13580
6766 13579
6767 13578
6768 13613
6769 13612
6770 13611
6771 13610
6772 13609
6773 13608
6774 13607
6775 13606
6776 13605
6777 13604
6778 13603
6781 13602
6782 13601
6783 13600
6784 13599
6785 13598
6786 13597
6787 13596
6788 13595
6789 13594
6790 13593
6791 13592
6792 13591
6793 13590
6794 13589
6795 13588
6796 13587
6797 13586
6798 12548
6799 12547
6800 12546
6801 12545
6802 12544
6803 12543
6804 12542
6805 12541
6806 13097
6807 13096
6808 13095
6809 13094
6810 13093
6811 13092
6812 13091
6813 13090
6814 13225
6815 13224
6816 13223
6817 13222
6818 13221
6819 13220
6820 13219
6821 13218
6822 13217
6823 13216
6824 13215
