1 10641
2 10640
3 10639
4 10638
5 10637
6 10636
7 10635
8 10634
9 10633
10 10632
11 10631
12 10630
13 10629
14 10663
15 10662
16 10661
17 10660
18 10659
19 10658
20 10657
21 10656
22 10655
23 10654
24 10653
25 10683
26 10682
27 10681
28 10680
29 10679
30 10678
31 10677
32 10676
33 10675
34 10674
35 12462
36 12461
37 12460
38 12459
39 12458
40 12457
41 12456
42 12455
43 12454
44 12453
45 12452
46 12451
47 12450
48 12449
49 12448
50 12447
51 12493
52 12492
53 12491
54 12490
55 12489
56 12488
57 12706
58 12705
59 12704
60 12703
61 12702
62 12701
63 12700
64 12699
65 12698
66 12697
67 12696
68 12695
69 12694
70 12693
71 12635
72 12634
73 12633
74 12632
75 12631
76 12630
77 12629
78 12628
79 12627
80 12924
81 12923
82 12922
83 12921
84 12920
85 12919
86 12918
87 12917
88 12916
89 12760
90 12759
91 12758
92 12757
93 12756
94 12755
95 12754
96 12753
97 12752
98 12751
99 12750
100 12749
101 12748
102 12747
103 12746
104 12745
105 12744
106 12743
107 12742
108 13064
109 13063
110 13062
111 13061
112 13060
113 13059
114 13058
115 13057
116 13056
117 13055
118 13054
119 13053
120 13052
121 13051
122 13050
123 13049
124 13048
125 13047
126 13046
127 13045
128 13044
129 13043
130 13368
131 13367
132 13366
133 13365
134 13364
135 13363
136 13362
137 13361
138 13360
139 13359
140 13358
141 13357
142 13356
143 13355
144 13239
145 13238
146 13237
147 13236
148 13235
149 13234
150 13233
151 13232
152 13231
153 13230
154 13229
155 13228
156 13227
157 13226
158 13225
159 13224
160 13223
161 13222
162 13221
163 13419
164 13418
165 13417
166 13416
167 13415
168 13414
169 13413
170 13412
171 13411
172 13410
173 13409
174 13408
175 13407
176 13406
177 13405
178 13404
179 13403
180 13402
181 13401
182 10702
183 10701
184 10700
185 10699
186 10698
187 10697
188 10696
189 10695
190 10694
191 10693
192 13960
193 13959
194 13958
195 13957
196 13956
197 13955
198 10255
199 10254
200 10253
201 10252
202 10251
203 10250
204 10249
205 10248
206 10247
207 10246
208 10245
209 10244
210 10243
211 10242
212 10241
213 10240
214 10239
215 10238
216 14189
217 14188
218 14187
219 14186
220 14185
221 14184
222 14183
223 14182
224 14181
225 14180
226 14179
227 14178
228 14177
229 14176
230 14175
231 14174
232 14173
233 14172
234 14171
235 14170
236 14169
237 14168
238 14167
239 14166
240 14165
241 14164
242 14027
243 14026
244 14025
245 14024
246 14023
247 14022
248 14021
249 14020
250 14019
251 14018
252 14017
253 14016
254 14015
255 14014
256 14013
257 14012
258 14011
259 14010
260 14009
261 14008
262 14007
263 14006
264 14005
265 14004
266 14803
267 14802
268 14801
269 14800
270 14799
271 14798
272 14797
273 14796
274 14795
275 14794
276 14793
277 14792
278 14791
279 14790
280 14789
281 14788
282 14584
283 14583
284 14582
285 14581
286 14580
287 14579
288 14913
289 14912
290 14911
291 14910
292 14909
293 14908
294 14907
295 14906
296 14905
297 14904
298 14903
299 14902
300 14901
301 14900
302 14899
303 14898
304 14897
305 14896
306 14895
307 14894
308 14893
309 14892
310 14891
311 14890
312 14889
313 14888
314 14887
315 14886
316 14885
317 15138
318 15137
319 15136
320 15135
321 15134
322 15133
323 15132
324 15131
325 15130
326 15129
327 15128
328 15127
329 15126
330 15125
331 15124
332 15413
333 15412
334 15411
335 15410
336 15409
337 15408
338 15407
339 15406
340 15405
341 15404
342 15403
343 15402
344 15401
345 15400
346 15399
347 15398
348 15397
349 15396
350 15395
351 10364
352 10363
353 10362
354 10361
355 10360
356 10359
357 10358
358 10357
359 10356
360 10355
361 10354
362 10353
363 10352
364 10351
365 15174
366 15173
367 15172
368 15171
369 15170
370 15169
371 10723
372 10722
373 10721
374 10720
375 10719
376 10718
377 10717
378 10716
379 10715
380 10714
381 10713
382 15592
383 15591
384 15590
385 15589
386 15588
387 15587
388 15586
389 15585
390 15584
391 15583
392 15582
393 15581
394 15580
395 15638
396 15637
397 15636
398 15635
399 15634
400 15633
401 15632
402 15631
403 15630
404 15890
405 15889
406 15888
407 15887
408 15886
409 15885
410 15884
411 15883
412 15882
413 15881
414 15880
415 15879
416 15878
417 15877
418 15876
419 15875
420 15874
421 15873
422 15872
423 15871
424 15870
425 15869
426 15868
427 15867
428 15866
429 15865
430 15864
431 15863
432 15862
433 15861
434 15860
435 15859
436 15858
437 15857
438 15856
439 15752
440 15751
441 15750
442 15749
443 15748
444 15747
445 15746
446 15745
447 15744
448 15743
449 15742
450 15741
451 15740
452 15739
453 15738
454 15737
455 15736
456 15735
457 15734
458 10488
459 10487
460 10486
461 10485
462 10484
463 10483
464 10482
465 10481
466 10480
467 10479
468 10478
469 10477
470 16110
471 16109
472 16108
473 16107
474 16106
475 16105
476 16451
477 16450
478 16449
479 16448
480 16447
481 16446
482 16445
483 16444
484 16443
485 16442
486 16441
487 16440
488 16439
489 16438
490 16437
491 16436
492 16435
493 16434
494 16433
495 16432
496 16431
497 16702
498 16701
499 16700
500 16699
501 16698
502 16697
503 16696
504 16695
505 16694
506 16693
507 16692
508 16691
509 16690
510 16689
511 16688
512 10599
513 10598
514 10597
515 10596
516 10595
517 10594
518 10593
519 10592
520 10591
521 10590
522 10589
523 10588
524 16737
525 16736
526 16735
527 16734
528 16733
529 16732
530 16731
531 16730
532 10788
533 10787
534 10786
535 10785
536 10784
537 10783
538 10782
539 10781
540 10780
541 10779
542 10778
543 10777
544 10776
545 10775
546 10774
547 10773
548 10772
549 10771
550 10770
551 10769
552 10768
553 10607
554 10606
555 10605
556 10604
557 10603
558 10602
559 10601
560 10600
563 8882
564 8881
565 8880
566 8879
567 8763
568 8762
569 8761
570 8760
571 8759
572 8758
573 8757
574 8756
575 8755
576 8754
577 8753
578 8752
579 9535
580 9534
581 9533
582 9532
583 9531
584 9530
585 9529
586 9528
587 9527
588 9526
589 10522
590 10521
591 10520
592 10519
593 10518
594 10517
595 10516
596 10515
597 10514
598 10513
599 10512
600 10511
601 10510
602 10509
603 10508
604 10507
605 10506
606 10505
607 10504
608 10503
609 10502
610 10501
611 10500
612 10499
613 10498
614 16687
615 16686
616 16685
617 16684
618 16683
619 16682
620 16681
621 16680
622 16679
623 16678
624 16677
625 16676
626 16675
627 16674
628 16673
629 16672
630 16671
631 16670
632 16669
633 16668
634 16667
635 9479
636 9478
637 9477
638 9476
639 9475
640 9474
641 9473
642 9472
643 16125
644 16124
645 16123
646 16122
647 16121
648 16120
649 16119
650 16118
651 16117
652 16116
653 16115
654 16114
655 16113
656 16112
657 16111
658 10476
659 10475
660 10474
661 10473
662 10472
663 10471
664 10470
665 10469
666 10430
667 10429
668 10428
669 10427
670 10426
671 10425
672 10424
673 10423
674 10422
675 10421
676 10420
677 10419
678 10418
679 10417
680 10416
681 10415
682 10414
683 10413
684 10412
685 15759
686 15758
687 15757
688 15756
689 15755
690 15754
691 15753
692 15855
693 15854
694 15853
695 15852
696 15851
697 15850
698 15849
699 15848
700 15847
701 15846
702 15845
703 15844
704 15843
705 9447
706 9446
707 9445
708 9444
709 9443
710 9442
711 9441
712 9440
713 9439
714 9438
715 9437
716 9436
717 9435
718 9434
719 9388
720 9387
721 9386
722 9385
723 9384
724 9383
725 9382
726 9381
727 9380
728 9379
729 9378
730 9377
731 9376
732 9375
733 9374
734 9373
735 9322
736 9321
737 9320
738 9319
739 9318
740 9317
741 9316
742 9315
743 9314
744 9313
745 9312
746 9311
747 9310
748 9309
749 9308
750 9307
751 9306
752 9305
753 9304
754 9303
755 9302
756 9301
757 15192
758 15191
759 15190
760 15189
761 15188
762 15187
763 15186
764 15185
765 15184
766 15183
767 15182
768 15181
769 15180
770 15179
771 15178
772 15177
773 15176
774 15175
775 10350
776 10349
777 10348
778 10347
779 10346
780 10345
781 10344
782 10343
783 10342
784 10341
785 10340
786 10339
787 10338
788 10337
789 10336
790 10291
791 10290
792 10289
793 10288
794 10287
795 10286
796 10285
797 10284
798 10283
799 10282
800 10281
801 10280
802 10279
803 9229
804 9228
805 9227
806 9226
807 9225
808 9224
809 9223
810 9222
811 9173
812 9172
813 9171
814 9170
815 9169
816 9168
817 9167
818 9166
819 9165
820 9164
821 9147
822 9146
823 9145
824 9144
825 9143
826 9142
827 9141
828 9140
829 9139
830 9138
831 14621
832 14620
833 14619
834 14618
835 14617
836 14616
837 14615
838 14614
839 14613
840 14612
841 14611
842 14610
843 14609
844 14608
845 14607
846 14606
847 14605
848 14604
849 14603
850 14602
851 14601
852 14600
853 14599
854 14598
855 14597
856 14596
857 14595
858 14594
859 14593
860 14592
861 14591
862 14590
863 14589
864 14588
865 14587
866 14586
867 14585
868 14787
869 14786
870 14785
871 14784
872 14783
873 14782
874 14781
875 14780
876 14394
877 14393
878 14392
879 14391
880 14390
881 14389
882 14388
883 14387
884 14386
885 14385
886 14384
887 14383
888 14382
889 14381
890 14380
891 14379
892 14378
893 14377
894 14376
895 8862
896 8861
897 8860
898 8859
899 8858
900 8857
901 8856
902 8855
903 8854
904 8853
905 14034
906 14033
907 14032
908 14031
909 14030
910 14029
911 14028
912 14163
913 14162
914 14161
915 14160
916 14159
917 14158
918 14157
919 14156
920 14155
921 14154
922 14153
923 14152
924 14151
925 14150
926 14149
927 14148
928 14147
929 14146
930 14145
931 14144
932 14143
933 14142
934 14141
935 14140
936 14139
937 14138
938 14137
939 14136
940 14135
941 14134
942 14133
943 14132
944 14131
945 14130
946 14129
947 14128
948 14127
949 10217
950 10216
951 10215
952 10214
953 10213
954 10212
955 10211
956 10210
957 10209
958 10208
959 10207
960 10206
961 10205
962 10204
963 13954
964 13953
965 13952
966 13951
967 13950
968 13949
969 13948
970 13947
971 13946
972 13945
973 13944
974 13943
975 13942
976 13941
977 13940
978 13939
979 13483
980 13482
981 13481
982 13480
983 13479
984 13478
985 13477
986 13476
987 13475
988 13474
989 13473
990 13472
991 13471
992 13470
993 13469
994 13468
995 13467
996 13466
997 13465
998 13464
999 13463
1000 13462
1001 13461
1002 13262
1003 13261
1004 13260
1005 13259
1006 13258
1007 13257
1008 13256
1009 13255
1010 13254
1011 13253
1012 13252
1013 13251
1014 13250
1015 13249
1016 13248
1017 13247
1018 13246
1019 13245
1020 13244
1021 13243
1022 13242
1023 13241
1024 13240
1025 13354
1026 13353
1027 13352
1028 13351
1029 13350
1030 13349
1031 13348
1032 13347
1033 13346
1034 13345
1035 13344
1036 13343
1037 13342
1038 13341
1039 13340
1040 13339
1041 13338
1042 9103
1043 9102
1044 9101
1045 9100
1046 9099
1047 9098
1048 9097
1049 9096
1050 9095
1051 9094
1052 9093
1053 9092
1054 9091
1055 9036
1056 9035
1057 9034
1058 9033
1059 9032
1060 9031
1061 9030
1062 9029
1063 9028
1064 9027
1065 9026
1066 9025
1067 9024
1068 9023
1069 9022
1070 9021
1071 9020
1072 12777
1073 12776
1074 12775
1075 12774
1076 12773
1077 12772
1078 12771
1079 12770
1080 12769
1081 12768
1082 12767
1083 12766
1084 12765
1085 12764
1086 12763
1087 12762
1088 12761
1089 12915
1090 12914
1091 12913
1092 12912
1093 12911
1094 12910
1095 12909
1096 12908
1097 12647
1098 12646
1099 12645
1100 12644
1101 12643
1102 12642
1103 12641
1104 12640
1105 12639
1106 12638
1107 12637
1108 12636
1109 12692
1110 12691
1111 12690
1112 12689
1113 12688
1114 12687
1115 12686
1116 12685
1117 12507
1118 12506
1119 12505
1120 12504
1121 12503
1122 12502
1123 12501
1124 12500
1125 12499
1126 12498
1127 12497
1128 12496
1129 12495
1130 12494
1131 12446
1132 12445
1133 12444
1134 12443
1135 12442
1136 12441
1137 12440
1138 12439
1139 12438
1140 12437
1141 12436
1142 12435
1143 12434
1144 12433
1145 12432
1146 12431
1147 8831
1148 8830
1149 8829
1150 8828
1151 8827
1152 8826
1153 8825
1154 8824
1155 8823
1156 8822
1157 8821
1158 8820
1159 8819
1160 8818
1161 8817
1162 8816
1163 8815
1164 8814
1165 8813
1166 8812
1167 8811
1168 8797
1169 8796
1170 8795
1171 8794
1172 8793
1173 8792
1174 8791
1175 8790
1176 8789
1177 8788
1178 8787
1179 8786
1180 8785
1183 8810
1184 8809
1185 8808
1186 8807
1187 8806
1188 8805
1189 8804
1190 8803
1191 8802
1192 8801
1193 8800
1194 8799
1195 8798
1196 8852
1197 8851
1198 8850
1199 8849
1200 8848
1201 8847
1202 8846
1203 8845
1204 8844
1205 8843
1206 8842
1207 8841
1208 8840
1209 8839
1210 8838
1211 8837
1212 8836
1213 8835
1214 8834
1215 8833
1216 8832
1217 12430
1218 12429
1219 12428
1220 12427
1221 12426
1222 12425
1223 12424
1224 12423
1225 12422
1226 12421
1227 12420
1228 12419
1229 12418
1230 12417
1231 12525
1232 12524
1233 12523
1234 12522
1235 12521
1236 12520
1237 12519
1238 12518
1239 12517
1240 12516
1241 12515
1242 12514
1243 12513
1244 12512
1245 12511
1246 12510
1247 12509
1248 12508
1249 12684
1250 12683
1251 12682
1252 12681
1253 12680
1254 12679
1255 12678
1256 12677
1257 12676
1258 12675
1259 12674
1260 12673
1261 12672
1262 12814
1263 12813
1264 12812
1265 12811
1266 12810
1267 12809
1268 12808
1269 12807
1270 12806
1271 12805
1272 12804
1273 12803
1274 12802
1275 12801
1276 12800
1277 12799
1278 12798
1279 12797
1280 12796
1281 12795
1282 12794
1283 12793
1284 12792
1285 12791
1286 12790
1287 12789
1288 12788
1289 12787
1290 12786
1291 12785
1292 12784
1293 12783
1294 12782
1295 12781
1296 12780
1297 12779
1298 12778
1299 9019
1300 9018
1301 9017
1302 9016
1303 9015
1304 9014
1305 9013
1306 9012
1307 9011
1308 9010
1309 9009
1310 9008
1311 9007
1312 9006
1313 9005
1314 9068
1315 9067
1316 9066
1317 9065
1318 9064
1319 9063
1320 9062
1321 9061
1322 9060
1323 9059
1324 9058
1325 9057
1326 9056
1327 9055
1328 9054
1329 9053
1330 9052
1331 9051
1332 9050
1333 13337
1334 13336
1335 13335
1336 13334
1337 13333
1338 13332
1339 13331
1340 13330
1341 13329
1342 13328
1343 13327
1344 13326
1345 13325
1346 13324
1347 13323
1348 13322
1349 13321
1350 13320
1351 13319
1352 13318
1353 13317
1354 13316
1355 13315
1356 13314
1357 13313
1358 13312
1359 13311
1360 13310
1361 13309
1362 13308
1363 13307
1364 13306
1365 13305
1366 13304
1367 8507
1368 8506
1369 8505
1370 8504
1371 8503
1372 8502
1373 8501
1374 8500
1375 8499
1376 8498
1377 8497
1378 8527
1379 8526
1380 8525
1381 8524
1382 8523
1383 8522
1384 8521
1385 8520
1386 8519
1387 13502
1388 13501
1389 13500
1390 13499
1391 13498
1392 13497
1393 13496
1394 13495
1395 13494
1396 13493
1397 13492
1398 13491
1399 13490
1400 13489
1401 13488
1402 13487
1403 13486
1404 13485
1405 13484
1406 13938
1407 13937
1408 13936
1409 13935
1410 13934
1411 13933
1412 13932
1413 13931
1414 13930
1415 13929
1416 13928
1417 13927
1418 13926
1419 13925
1420 13924
1421 13923
1422 13922
1423 13921
1424 13920
1425 13919
1426 13918
1427 13917
1428 13916
1429 13915
1430 13914
1431 13913
1432 13912
1433 13911
1434 13910
1435 13909
1436 13908
1437 13907
1438 13906
1439 13905
1440 13904
1441 13903
1442 13902
1443 13901
1444 13900
1445 13899
1446 13898
1447 13897
1448 13896
1449 13895
1450 13894
1451 13893
1452 8589
1453 8588
1454 8587
1455 8586
1456 8585
1457 8584
1458 8583
1459 8582
1460 8581
1461 8609
1462 8608
1463 8607
1464 8606
1465 8605
1466 8604
1467 8603
1468 8602
1469 8601
1470 8600
1471 8630
1472 8629
1473 8628
1474 8627
1475 8626
1476 8625
1477 8624
1478 8623
1479 8622
1480 8621
1481 14043
1482 14042
1483 14041
1484 14040
1485 14039
1486 14038
1487 14037
1488 14036
1489 14035
1490 8873
1491 8872
1492 8871
1493 8870
1494 8869
1495 8868
1496 8867
1497 8866
1498 8865
1499 8864
1500 8863
1501 14375
1502 14374
1503 14373
1504 14372
1505 14371
1506 14370
1507 14369
1508 14368
1509 14367
1510 14366
1511 14365
1512 14364
1513 14363
1514 14362
1515 14361
1516 14360
1517 14359
1518 14759
1519 14758
1520 14757
1521 14756
1522 14755
1523 14754
1524 14753
1525 14752
1526 14751
1527 14750
1528 14749
1529 14748
1530 14747
1531 14746
1532 14745
1533 14744
1534 14743
1535 14742
1536 14741
1537 14697
1538 14696
1539 14695
1540 14694
1541 14693
1542 14692
1543 14691
1544 14690
1545 14689
1546 14688
1547 14687
1548 14686
1549 14685
1550 14684
1551 14683
1552 14682
1553 14681
1554 14680
1555 14679
1556 14638
1557 14637
1558 14636
1559 14635
1560 14634
1561 14633
1562 14632
1563 14631
1564 14630
1565 14629
1566 14628
1567 14627
1568 14626
1569 14625
1570 14624
1571 14623
1572 14622
1573 9137
1574 9136
1575 9135
1576 9134
1577 9133
1578 9132
1579 9131
1580 9130
1581 9129
1582 9128
1583 9127
1584 9126
1585 9125
1586 9182
1587 9181
1588 9180
1589 9179
1590 9178
1591 9177
1592 9176
1593 9175
1594 9174
1595 9221
1596 9220
1597 9219
1598 9218
1599 9217
1600 9216
1601 9215
1602 9214
1603 9213
1604 9212
1605 9211
1606 9210
1607 9209
1608 9208
1609 10300
1610 10299
1611 10298
1612 10297
1613 10296
1614 10295
1615 10294
1616 10293
1617 10292
1618 10335
1619 10334
1620 10333
1621 10332
1622 10331
1623 10330
1624 10329
1625 10328
1626 10327
1627 10326
1628 10325
1629 10324
1630 8652
1631 8651
1632 8650
1633 8649
1634 8648
1635 8647
1636 8646
1637 8645
1638 8644
1639 8643
1640 8673
1641 8672
1642 8671
1643 8670
1644 8669
1645 8668
1646 8667
1647 8666
1648 8665
1649 8664
1650 8693
1651 8692
1652 8691
1653 8690
1654 8689
1655 8688
1656 8687
1657 8686
1658 8685
1659 8684
1660 9269
1661 9268
1662 9267
1663 9266
1664 9265
1665 9264
1666 9263
1667 9262
1668 9261
1669 9260
1670 9259
1671 9258
1672 9257
1673 9256
1674 9255
1675 9254
1676 9253
1677 9252
1678 9251
1679 9372
1680 9371
1681 9370
1682 9369
1683 9368
1684 9367
1685 9366
1686 9365
1687 9364
1688 9363
1689 9362
1690 9361
1691 9360
1692 9359
1693 9358
1694 9357
1695 9356
1696 9355
1697 9354
1698 9353
1699 9352
1700 9351
1701 9350
1702 9349
1703 9411
1704 9410
1705 9409
1706 9408
1707 9407
1708 9406
1709 9405
1710 9404
1711 15842
1712 15841
1713 15840
1714 15839
1715 15838
1716 15837
1717 15836
1718 15835
1719 15834
1720 15833
1721 15832
1722 15831
1723 15830
1724 15829
1725 15766
1726 15765
1727 15764
1728 15763
1729 15762
1730 15761
1731 15760
1732 10411
1733 10410
1734 10409
1735 10408
1736 10407
1737 10406
1738 10405
1739 10404
1740 10403
1741 10402
1742 10401
1743 10400
1744 10399
1745 10438
1746 10437
1747 10436
1748 10435
1749 10434
1750 10433
1751 10432
1752 10431
1753 10468
1754 10467
1755 10466
1756 10465
1757 10464
1758 10463
1759 10462
1760 10461
1761 10460
1762 10459
1763 16140
1764 16139
1765 16138
1766 16137
1767 16136
1768 16135
1769 16134
1770 16133
1771 16132
1772 16131
1773 16130
1774 16129
1775 16128
1776 16127
1777 16126
1778 9471
1779 9470
1780 9469
1781 9468
1782 9467
1783 9466
1784 9465
1785 9464
1786 9463
1787 16633
1788 16632
1789 16631
1790 16630
1791 16629
1792 16628
1793 16627
1794 16626
1795 16625
1796 16624
1797 16623
1798 16622
1799 16621
1800 16620
1801 16619
1802 16618
1803 16617
1804 16616
1805 16615
1806 16614
1807 16613
1808 16612
1809 16611
1810 16610
1811 10547
1812 10546
1813 10545
1814 10544
1815 10543
1816 10542
1817 10541
1818 10540
1819 10539
1820 10538
1821 10537
1822 10536
1823 10535
1824 10534
1825 10533
1826 10532
1827 10531
1828 10530
1829 10529
1830 10528
1831 10527
1832 10526
1833 10525
1834 10524
1835 10523
1836 9525
1837 9524
1838 9523
1839 9522
1840 9521
1841 9520
1842 9519
1843 9518
1844 9517
1845 9516
1846 9515
1847 9514
1848 9513
1849 9512
1850 8771
1851 8770
1852 8769
1853 8768
1854 8767
1855 8766
1856 8765
1857 8764
1858 8878
1859 8877
1860 8876
1861 8875
1862 8874
1865 8784
1866 8783
1867 8782
1868 8781
1869 8780
1870 8779
1871 8778
1872 8777
1873 8776
1874 8775
1875 8774
1876 8773
1877 8772
1878 9511
1879 9510
1880 9509
1881 9508
1882 9507
1883 1884
1885 9504
1886 9503
1887 9502
1888 9501
1889 9500
1890 9499
1891 9498
1892 9497
1893 9496
1894 9495
1895 9494
1896 9493
1897 8723
1898 8722
1899 8721
1900 8720
1901 8719
1902 8718
1903 8717
1904 8716
1905 8715
1906 8714
1907 10560
1908 10559
1909 10558
1910 10557
1911 10556
1912 10555
1913 10554
1914 10553
1915 1916
1917 10550
1918 10549
1919 10548
1920 16609
1921 16608
1922 16607
1923 16606
1924 16605
1925 16604
1926 16603
1927 16602
1928 16601
1929 16649
1930 16648
1931 16647
1932 16646
1933 16645
1934 16644
1935 16643
1936 16642
1937 16641
1938 16640
1939 16639
1940 16638
1941 16637
1942 16636
1943 16635
1944 16634
1945 9462
1946 9461
1947 9460
1948 9459
1949 9458
1950 9457
1951 9456
1952 9455
1953 1954
1955 9452
1956 9451
1957 9450
1958 9449
1959 9448
1960 16153
1961 16152
1962 16151
1963 16150
1964 16149
1965 16148
1966 16147
1967 16146
1968 16145
1969 16144
1970 16143
1971 1972
1973 10458
1974 10457
1975 10456
1976 10455
1977 10454
1978 10453
1979 10452
1980 10451
1981 10450
1982 10449
1983 10448
1984 10447
1985 10446
1986 10445
1987 10444
1988 1989
1990 10441
1991 10440
1992 10439
1993 10398
1994 10397
1995 10396
1996 10395
1997 10394
1998 10393
1999 10392
2000 15781
2001 15780
2002 15779
2003 15778
2004 15777
2005 2006
2007 15774
2008 15773
2009 15772
2010 15771
2011 15770
2012 15769
2013 15768
2014 15767
2015 15828
2016 15827
2017 15826
2018 15825
2019 15824
2020 15823
2021 15822
2022 15821
2023 2024
2025 15818
2026 15817
2027 15816
2028 15815
2029 15814
2030 15813
2031 15812
2032 9418
2033 9417
2034 9416
2035 9415
2036 9414
2037 9413
2038 9412
2039 9348
2040 2041
2042 9345
2043 9344
2044 9343
2045 9342
2046 9341
2047 9340
2048 9339
2049 9338
2050 9337
2051 9336
2052 9335
2053 9334
2054 9333
2055 9332
2056 9331
2057 9330
2058 9329
2059 2060
2061 9326
2062 9325
2063 9324
2064 9323
2065 8703
2066 8702
2067 8701
2068 8700
2069 8699
2070 8698
2071 8697
2072 8696
2073 8695
2074 8694
2075 9282
2076 9281
2077 2078
2079 9278
2080 9277
2081 9276
2082 9275
2083 9274
2084 9273
2085 9272
2086 9271
2087 9270
2088 8683
2089 8682
2090 8681
2091 8680
2092 8679
2093 8678
2094 8677
2095 8676
2096 8675
2097 8674
2098 8663
2099 8662
2100 8661
2101 2102
2103 8658
2104 8657
2105 8656
2106 8655
2107 8654
2108 8653
2109 8642
2110 8641
2111 8640
2112 8639
2113 8638
2114 8637
2115 8636
2116 8635
2117 8634
2118 2119
2120 8631
2121 10323
2122 10322
2123 10321
2124 10320
2125 10319
2126 10318
2127 10317
2128 10316
2129 10315
2130 10314
2131 10313
2132 10312
2133 10311
2134 10310
2135 2136
2137 10307
2138 10306
2139 10305
2140 10304
2141 10303
2142 10302
2143 10301
2144 9207
2145 9206
2146 9205
2147 9204
2148 9203
2149 9202
2150 9201
2151 2152
2153 9198
2154 9197
2155 9196
2156 9195
2157 9194
2158 9193
2159 9192
2160 9191
2161 9190
2162 9189
2163 9188
2164 9187
2165 9186
2166 9185
2167 9184
2168 9183
2169 9124
2170 9123
2171 9122
2172 9121
2173 9120
2174 9119
2175 9118
2176 9117
2177 9116
2178 2179
2180 9113
2181 9112
2182 9111
2183 9110
2184 9109
2185 9108
2186 9107
2187 9106
2188 9105
2189 9104
2190 14651
2191 14650
2192 14649
2193 2194
2195 14646
2196 14645
2197 14644
2198 14643
2199 14642
2200 14641
2201 14640
2202 14639
2203 14678
2204 14677
2205 14676
2206 14675
2207 2208
2209 14672
2210 14671
2211 14711
2212 14710
2213 14709
2214 14708
2215 14707
2216 14706
2217 14705
2218 14704
2219 14703
2220 14702
2221 2222
2223 14699
2224 14698
2225 14740
2226 14739
2227 14738
2228 14737
2229 14736
2230 14735
2231 14734
2232 14733
2233 14772
2234 14771
2235 14770
2236 14769
2237 14768
2238 14767
2239 14766
2240 14765
2241 2242
2243 14762
2244 14761
2245 14760
2246 14358
2247 14357
2248 14356
2249 14355
2250 14354
2251 14353
2252 14352
2253 2254
2255 14349
2256 14348
2257 14347
2258 14346
2259 14345
2260 14344
2261 14343
2262 14342
2263 14341
2264 2265
2266 14064
2267 14063
2268 14062
2269 14061
2270 14060
2271 14059
2272 14058
2273 14057
2274 14056
2275 14055
2276 2277
2278 14052
2279 14051
2280 14050
2281 14049
2282 14048
2283 14047
2284 14046
2285 14045
2286 14044
2287 2288
2289 8618
2290 8617
2291 8616
2292 8615
2293 8614
2294 8613
2295 8612
2296 8611
2297 8610
2298 8599
2299 8598
2300 8597
2301 8596
2302 8595
2303 8594
2304 8593
2305 8592
2306 8591
2307 8590
2308 8580
2309 2310
2311 8577
2312 8576
2313 8575
2314 8574
2315 8573
2316 8572
2317 8571
2318 8570
2319 2320
2321 13890
2322 13889
2323 13888
2324 13887
2325 13886
2326 13885
2327 13884
2328 13883
2329 2330
2331 13880
2332 13879
2333 13878
2334 13877
2335 13876
2336 13875
2337 13874
2338 13873
2339 13872
2340 2341
2342 13869
2343 13868
2344 13867
2345 13866
2346 13865
2347 13864
2348 8559
2349 8558
2350 2351
2352 8555
2353 8554
2354 8553
2355 8552
2356 8551
2357 8550
2358 8549
2359 8538
2360 8537
2361 8536
2362 8535
2363 8534
2364 8533
2365 2366
2367 8530
2368 8529
2369 8528
2370 13524
2371 13523
2372 13522
2373 13521
2374 2375
2376 13518
2377 13517
2378 13516
2379 13515
2380 13514
2381 13513
2382 13512
2383 13511
2384 2385
2386 13508
2387 13507
2388 13506
2389 13505
2390 13504
2391 13503
2392 8518
2393 8517
2394 2395
2396 8514
2397 8513
2398 8512
2399 8511
2400 8510
2401 8509
2402 8508
2403 8496
2404 8495
2405 2406
2407 8492
2408 8491
2409 8490
2410 8489
2411 8488
2412 8487
2413 8486
2414 8485
2415 13303
2416 13302
2417 13301
2418 13300
2419 13299
2420 2421
2422 13296
2423 13295
2424 13294
2425 13293
2426 13292
2427 13291
2428 13290
2429 13289
2430 12293
2431 2432
2433 12290
2434 12289
2435 12288
2436 12287
2437 12286
2438 12285
2439 12284
2440 12283
2441 12282
2442 2443
2444 12279
2445 12278
2446 12277
2447 12276
2448 12275
2449 12274
2450 12273
2451 12272
2452 12271
2453 8475
2454 2455
2456 8472
2457 8471
2458 8470
2459 8469
2460 8468
2461 8467
2462 8466
2463 9082
2464 9081
2465 9080
2466 9079
2467 9078
2468 9077
2469 2470
2471 9074
2472 9073
2473 9072
2474 9071
2475 9070
2476 9069
2477 9004
2478 9003
2479 9002
2480 9001
2481 9000
2482 8999
2483 8998
2484 8997
2485 8996
2486 12868
2487 2488
2489 12865
2490 12864
2491 12863
2492 12862
2493 12861
2494 12860
2495 12859
2496 12858
2497 12857
2498 12856
2499 12855
2500 12854
2501 12853
2502 12852
2503 12851
2504 12850
2505 12849
2506 12848
2507 12847
2508 12846
2509 12845
2510 12844
2511 12843
2512 12842
2513 12841
2514 12840
2515 12839
2516 12838
2517 12837
2518 12836
2519 12835
2520 12834
2521 12833
2522 12832
2523 12831
2524 12830
2525 12829
2526 12828
2527 12827
2528 12826
2529 12825
2530 12824
2531 12823
2532 12822
2533 12821
2534 12820
2535 12819
2536 12818
2537 12817
2538 12816
2539 12815
2540 12671
2541 12670
2542 12669
2543 12668
2544 12667
2545 12666
2546 12665
2547 12000
2548 11999
2549 11998
2550 11997
2551 11996
2552 11995
2553 11994
2554 11993
2555 11992
2556 11991
2557 11990
2558 11989
2559 11988
2560 11987
2561 11986
2562 11985
2563 11984
2564 11983
2565 11982
2566 11981
2567 11980
2568 12539
2569 12538
2570 12537
2571 12536
2572 12535
2573 12534
2574 12533
2575 12532
2576 12531
2577 12530
2578 12529
2579 12528
2580 12527
2581 12526
2582 12416
2583 12415
2584 12414
2585 12413
2586 12412
2587 12411
2588 12410
2589 8455
2590 8454
2591 8453
2592 8452
2593 8451
2594 8450
2595 8449
2596 8448
2597 8447
2598 8446
2599 8445
2600 8434
2601 8433
2602 8432
2603 8431
2604 8430
2605 8429
2606 8428
2607 8427
2608 8426
2609 8425
2610 8413
2611 8412
2612 8411
2613 8410
2614 8409
2615 8408
2616 8407
2617 8406
2618 8405
2619 8404
2620 8403
2621 8911
2622 8910
2623 8909
2624 8908
2625 8907
2626 8906
2627 8905
2628 8904
2629 8903
2630 8902
2631 8901
2632 8900
2633 8899
2634 8898
2635 8897
2636 8896
2637 8895
2638 8894
2639 8893
2640 8892
2641 8891
2642 8890
2643 8889
2644 8888
2645 8887
2646 8886
2647 8885
2648 8884
2649 8883
2652 8995
2653 8994
2654 8993
2655 8992
2656 8991
2657 8990
2658 8989
2659 8988
2660 8987
2661 8986
2662 8985
2663 8984
2664 8983
2665 8926
2666 8925
2667 8924
2668 8923
2669 8922
2670 8921
2671 8920
2672 8919
2673 8918
2674 8917
2675 8916
2676 8915
2677 8914
2678 8913
2679 8912
2680 8424
2681 8423
2682 8422
2683 8421
2684 8420
2685 8419
2686 8418
2687 8417
2688 8416
2689 8415
2690 8414
2691 8444
2692 8443
2693 8442
2694 8441
2695 8440
2696 8439
2697 8438
2698 8437
2699 8436
2700 8435
2701 8465
2702 8464
2703 8463
2704 8462
2705 8461
2706 8460
2707 8459
2708 8458
2709 8457
2710 8456
2711 12409
2712 12408
2713 12407
2714 12406
2715 12405
2716 12404
2717 12403
2718 12552
2719 12551
2720 12550
2721 12549
2722 12548
2723 12547
2724 12546
2725 12545
2726 12544
2727 12543
2728 12542
2729 12541
2730 12540
2731 11979
2732 11978
2733 11977
2734 11976
2735 11975
2736 11974
2737 11973
2738 11972
2739 11971
2740 12011
2741 12010
2742 12009
2743 12008
2744 12007
2745 12006
2746 12005
2747 12004
2748 12003
2749 12002
2750 12001
2751 12664
2752 12663
2753 12662
2754 12661
2755 12660
2756 12659
2757 12658
2758 12657
2759 12656
2760 12655
2761 12654
2762 12653
2763 12652
2764 12651
2765 12650
2766 12649
2767 12648
2768 12907
2769 12906
2770 12905
2771 12904
2772 12903
2773 12902
2774 12901
2775 12900
2776 12899
2777 12898
2778 12897
2779 12896
2780 12895
2781 12894
2782 12893
2783 12892
2784 12891
2785 12890
2786 12889
2787 12888
2788 12887
2789 12886
2790 12885
2791 12884
2792 12883
2793 12882
2794 12881
2795 12880
2796 12879
2797 12878
2798 12877
2799 12876
2800 12875
2801 12874
2802 12873
2803 12872
2804 12871
2805 12870
2806 12869
2807 9049
2808 9048
2809 9047
2810 9046
2811 9045
2812 9044
2813 9043
2814 9042
2815 9041
2816 9040
2817 9039
2818 9038
2819 9037
2820 9090
2821 9089
2822 9088
2823 9087
2824 9086
2825 9085
2826 9084
2827 9083
2828 8484
2829 8483
2830 8482
2831 8481
2832 8480
2833 8479
2834 8478
2835 8477
2836 8476
2837 12270
2838 12269
2839 12268
2840 12267
2841 12266
2842 12265
2843 12264
2844 12307
2845 12306
2846 12305
2847 12304
2848 12303
2849 12302
2850 12301
2851 12300
2852 12299
2853 12298
2854 12297
2855 12296
2856 12295
2857 12294
2858 13288
2859 13287
2860 13286
2861 13285
2862 13284
2863 13283
2864 13282
2865 13281
2866 13280
2867 13279
2868 13278
2869 13277
2870 13276
2871 13275
2872 13274
2873 13273
2874 13272
2875 13271
2876 13270
2877 13269
2878 13268
2879 13267
2880 13266
2881 13265
2882 13264
2883 13263
2884 13460
2885 13459
2886 13458
2887 13457
2888 13456
2889 13455
2890 13454
2891 13453
2892 13452
2893 13451
2894 13450
2895 13449
2896 13448
2897 13447
2898 13446
2899 13445
2900 13444
2901 13443
2902 13442
2903 13441
2904 13440
2905 13531
2906 13530
2907 13529
2908 13528
2909 13527
2910 13526
2911 13525
2912 8548
2913 8547
2914 8546
2915 8545
2916 8544
2917 8543
2918 8542
2919 8541
2920 8540
2921 8539
2922 8569
2923 8568
2924 8567
2925 8566
2926 8565
2927 8564
2928 8563
2929 8562
2930 8561
2931 8560
2932 13863
2933 13862
2934 13861
2935 13860
2936 13859
2937 13858
2938 13857
2939 10224
2940 10223
2941 10222
2942 10221
2943 10220
2944 10219
2945 10218
2946 14126
2947 14125
2948 14124
2949 14123
2950 14122
2951 14121
2952 14120
2953 14119
2954 14118
2955 14117
2956 14116
2957 14115
2958 14114
2959 14113
2960 14112
2961 14111
2962 14110
2963 14109
2964 14108
2965 14107
2966 14106
2967 14105
2968 14104
2969 14103
2970 14102
2971 14101
2972 14100
2973 14099
2974 14098
2975 14097
2976 14096
2977 14095
2978 14094
2979 14093
2980 14092
2981 14091
2982 14090
2983 14089
2984 14088
2985 14087
2986 14086
2987 14085
2988 14084
2989 14083
2990 14082
2991 14081
2992 14080
2993 14079
2994 14078
2995 14077
2996 14076
2997 14075
2998 14074
2999 14073
3000 14072
3001 14071
3002 14070
3003 14069
3004 14068
3005 14067
3006 14066
3007 14065
3008 14338
3009 14337
3010 14336
3011 14335
3012 14334
3013 14333
3014 14332
3015 14331
3016 14330
3017 14329
3018 14328
3019 14327
3020 14326
3021 14325
3022 14403
3023 14402
3024 14401
3025 14400
3026 14399
3027 14398
3028 14397
3029 14396
3030 14395
3031 14779
3032 14778
3033 14777
3034 14776
3035 14775
3036 14774
3037 14773
3038 14732
3039 14731
3040 14730
3041 14729
3042 14728
3043 14727
3044 14726
3045 14725
3046 14724
3047 14723
3048 14722
3049 14721
3050 14720
3051 14719
3052 14718
3053 14717
3054 14716
3055 14715
3056 14714
3057 14713
3058 14712
3059 14670
3060 14669
3061 14668
3062 14667
3063 14666
3064 14665
3065 14664
3066 14663
3067 14662
3068 14661
3069 14660
3070 14659
3071 14658
3072 14657
3073 14656
3074 14655
3075 14654
3076 14653
3077 14652
3078 9163
3079 9162
3080 9161
3081 9160
3082 9159
3083 9158
3084 9157
3085 9156
3086 9155
3087 9154
3088 9153
3089 9152
3090 9151
3091 9150
3092 9149
3093 9148
3094 9250
3095 9249
3096 9248
3097 9247
3098 9246
3099 9245
3100 9244
3101 9243
3102 9242
3103 9241
3104 9240
3105 9239
3106 9238
3107 9237
3108 9236
3109 9235
3110 9234
3111 9233
3112 9232
3113 9231
3114 9230
3115 10278
3116 10277
3117 10276
3118 10275
3119 10274
3120 10273
3121 10272
3122 10271
3123 10270
3124 10269
3125 10268
3126 10267
3127 10266
3128 10265
3129 10264
3130 10263
3131 10262
3132 10261
3133 10260
3134 10259
3135 10258
3136 10257
3137 10256
3138 15221
3139 15220
3140 15219
3141 15218
3142 15217
3143 15216
3144 15215
3145 15214
3146 15213
3147 15212
3148 15211
3149 15210
3150 15209
3151 15208
3152 15207
3153 15206
3154 15205
3155 15204
3156 15203
3157 15202
3158 15201
3159 15200
3160 15199
3161 15198
3162 15197
3163 15196
3164 15195
3165 15194
3166 15193
3167 9300
3168 9299
3169 9298
3170 9297
3171 9296
3172 9295
3173 9294
3174 9293
3175 9292
3176 9291
3177 9290
3178 9289
3179 9288
3180 9287
3181 9286
3182 9285
3183 9284
3184 9283
3185 8713
3186 8712
3187 8711
3188 8710
3189 8709
3190 8708
3191 8707
3192 8706
3193 8705
3194 8704
3195 9403
3196 9402
3197 9401
3198 9400
3199 9399
3200 9398
3201 9397
3202 9396
3203 9395
3204 9394
3205 9393
3206 9392
3207 9391
3208 9390
3209 9389
3210 9433
3211 9432
3212 9431
3213 9430
3214 9429
3215 9428
3216 9427
3217 9426
3218 9425
3219 9424
3220 9423
3221 9422
3222 9421
3223 9420
3224 9419
3225 15811
3226 15810
3227 15809
3228 15808
3229 15807
3230 15806
3231 15805
3232 15804
3233 15803
3234 15802
3235 15801
3236 15800
3237 15799
3238 15798
3239 15797
3240 15796
3241 15795
3242 15794
3243 15793
3244 15792
3245 15791
3246 15790
3247 15789
3248 15788
3249 15787
3250 15786
3251 15785
3252 15784
3253 15783
3254 15782
3255 10391
3256 10390
3257 10389
3258 10388
3259 10387
3260 10386
3261 10385
3262 10384
3263 10383
3264 10382
3265 10381
3266 10380
3267 10379
3268 10378
3269 10377
3270 10376
3271 10375
3272 10374
3273 10373
3274 16171
3275 16170
3276 16169
3277 16168
3278 16167
3279 16166
3280 16165
3281 16164
3282 16163
3283 16162
3284 16161
3285 16160
3286 16159
3287 16158
3288 16157
3289 16156
3290 16155
3291 16154
3292 9492
3293 9491
3294 9490
3295 9489
3296 9488
3297 9487
3298 9486
3299 9485
3300 9484
3301 9483
3302 9482
3303 9481
3304 9480
3305 16666
3306 16665
3307 16664
3308 16663
3309 16662
3310 16661
3311 16660
3312 16659
3313 16658
3314 16657
3315 16656
3316 16655
3317 16654
3318 16653
3319 16652
3320 16651
3321 16650
3322 16600
3323 16599
3324 16598
3325 16597
3326 16596
3327 16595
3328 16594
3329 10574
3330 10573
3331 10572
3332 10571
3333 10570
3334 10569
3335 10568
3336 10567
3337 10566
3338 10565
3339 10564
3340 10563
3341 10562
3342 10561
3343 8733
3344 8732
3345 8731
3346 8730
3347 8729
3348 8728
3349 8727
3350 8726
3351 8725
3352 8724
3353 9548
3354 9547
3355 9546
3356 9545
3357 9544
3358 9543
3359 9542
3360 9541
3361 9540
3362 9539
3363 9538
3364 9537
3365 9536
3366 8751
3367 8750
3368 8749
3369 8748
3370 8747
3371 8746
3372 8745
3373 8744
3374 8743
3375 8742
3376 8741
3377 8740
3378 8739
3379 8738
3380 8737
3381 8736
3382 8735
3383 8734
3386 10615
3387 10614
3388 10613
3389 10612
3390 10611
3391 10610
3392 10609
3393 10608
3394 10767
3395 10766
3396 10765
3397 10764
3398 10763
3399 10762
3400 10761
3401 10760
3402 10759
3403 10758
3404 10757
3405 10756
3406 10755
3407 10754
3408 10753
3409 10752
3410 10751
3411 10750
3412 16750
3413 16749
3414 16748
3415 16747
3416 16746
3417 16745
3418 16744
3419 16743
3420 16742
3421 16741
3422 16740
3423 16739
3424 16738
3425 10587
3426 10586
3427 10585
3428 10584
3429 10583
3430 10582
3431 10581
3432 10580
3433 10579
3434 10578
3435 10577
3436 10576
3437 10575
3438 16593
3439 16592
3440 16591
3441 16590
3442 16589
3443 16588
3444 16587
3445 16586
3446 16585
3447 16401
3448 16400
3449 16399
3450 16398
3451 16397
3452 16396
3453 16395
3454 16394
3455 16393
3456 16392
3457 16391
3458 16390
3459 16389
3460 16388
3461 16387
3462 16386
3463 16385
3464 16384
3465 16383
3466 16382
3467 16381
3468 16380
3469 16379
3470 16378
3471 16377
3472 16189
3473 16188
3474 16187
3475 16186
3476 16185
3477 16184
3478 16183
3479 16182
3480 16181
3481 16180
3482 16179
3483 16178
3484 16177
3485 16176
3486 16175
3487 16174
3488 16173
3489 16172
3490 10497
3491 10496
3492 10495
3493 10494
3494 10493
3495 10492
3496 10491
3497 10490
3498 10489
3499 15733
3500 15732
3501 15731
3502 15730
3503 15729
3504 15728
3505 15727
3506 15726
3507 15725
3508 15724
3509 15723
3510 15722
3511 15721
3512 15720
3513 15719
3514 15718
3515 15717
3516 15716
3517 16029
3518 16028
3519 16027
3520 16026
3521 16025
3522 16024
3523 16023
3524 16022
3525 16021
3526 16020
3527 16019
3528 16018
3529 16017
3530 16016
3531 16015
3532 16014
3533 16013
3534 16012
3535 16011
3536 16010
3537 16009
3538 16008
3539 16007
3540 16006
3541 16005
3542 16004
3543 16003
3544 16002
3545 16001
3546 16000
3547 15999
3548 15998
3549 15997
3550 15996
3551 15995
3552 15994
3553 15993
3554 15992
3555 15991
3556 15654
3557 15653
3558 15652
3559 15651
3560 15650
3561 15649
3562 15648
3563 15647
3564 15646
3565 15645
3566 15644
3567 15643
3568 15642
3569 15641
3570 15640
3571 15639
3572 15579
3573 15578
3574 15577
3575 15576
3576 15575
3577 15574
3578 15573
3579 15572
3580 15571
3581 15570
3582 15569
3583 15568
3584 15283
3585 15282
3586 15281
3587 15280
3588 15279
3589 15278
3590 15277
3591 15276
3592 15275
3593 15274
3594 15273
3595 15272
3596 15271
3597 15270
3598 15269
3599 15238
3600 15237
3601 15236
3602 15235
3603 15234
3604 15233
3605 15232
3606 15231
3607 15230
3608 15229
3609 15228
3610 15227
3611 15226
3612 15225
3613 15224
3614 15223
3615 15222
3616 10372
3617 10371
3618 10370
3619 10369
3620 10368
3621 10367
3622 10366
3623 10365
3624 15394
3625 15393
3626 15392
3627 15391
3628 15390
3629 15389
3630 15388
3631 15387
3632 15426
3633 15425
3634 15424
3635 15423
3636 15422
3637 15421
3638 15420
3639 15419
3640 15418
3641 15417
3642 15416
3643 15415
3644 15414
3645 15123
3646 15122
3647 15121
3648 15120
3649 15119
3650 15118
3651 15117
3652 15116
3653 15115
3654 15114
3655 15072
3656 15071
3657 15070
3658 15069
3659 15068
3660 15067
3661 15066
3662 15065
3663 15064
3664 15063
3665 15062
3666 15061
3667 15060
3668 15059
3669 11224
3670 11223
3671 11222
3672 11221
3673 11220
3674 11219
3675 11218
3676 11217
3677 11216
3678 11215
3679 11214
3680 11213
3681 11212
3682 11211
3683 11210
3684 11209
3685 11208
3686 11207
3687 11206
3688 11205
3689 11204
3690 11203
3691 11202
3692 11201
3693 11200
3694 11199
3695 11198
3696 11197
3697 11196
3698 11195
3699 11194
3700 11193
3701 11192
3702 11191
3703 11190
3704 11189
3705 11188
3706 11187
3707 11186
3708 11185
3709 11184
3710 11183
3711 11182
3712 11181
3713 14411
3714 14410
3715 14409
3716 14408
3717 14407
3718 14406
3719 14405
3720 14404
3721 14324
3722 14323
3723 14322
3724 14321
3725 14320
3726 14319
3727 14318
3728 14317
3729 14316
3730 14315
3731 14314
3732 14313
3733 14312
3734 14311
3735 14310
3736 14309
3737 14493
3738 14492
3739 14491
3740 14490
3741 14489
3742 14488
3743 14487
3744 14227
3745 14226
3746 14225
3747 14224
3748 14223
3749 14222
3750 14221
3751 14220
3752 14219
3753 14218
3754 14217
3755 14216
3756 14215
3757 14214
3758 14213
3759 14212
3760 14211
3761 14210
3762 14209
3763 14208
3764 14207
3765 14206
3766 14205
3767 14204
3768 14203
3769 14202
3770 14201
3771 14200
3772 14199
3773 14198
3774 14197
3775 14196
3776 14195
3777 14194
3778 14193
3779 14192
3780 14191
3781 14190
3782 10237
3783 10236
3784 10235
3785 10234
3786 10233
3787 10232
3788 10231
3789 10230
3790 10229
3791 10228
3792 10227
3793 10226
3794 10225
3795 13856
3796 13855
3797 13854
3798 13853
3799 13852
3800 13851
3801 13850
3802 13849
3803 13848
3804 13847
3805 13846
3806 13845
3807 13844
3808 13843
3809 13842
3810 13841
3811 13658
3812 13657
3813 13656
3814 13655
3815 13654
3816 13653
3817 13652
3818 13538
3819 13537
3820 13536
3821 13535
3822 13534
3823 13533
3824 13532
3825 13439
3826 13438
3827 13437
3828 13436
3829 13435
3830 13434
3831 13433
3832 13432
3833 13431
3834 13430
3835 13429
3836 13428
3837 13427
3838 13426
3839 13425
3840 13424
3841 13423
3842 13422
3843 13421
3844 13420
3845 13220
3846 13219
3847 13218
3848 13217
3849 13216
3850 13215
3851 13214
3852 13213
3853 13212
3854 13211
3855 13210
3856 13209
3857 13208
3858 13207
3859 13206
3860 13205
3861 13204
3862 13203
3863 13202
3864 13201
3865 13200
3866 13199
3867 13198
3868 13197
3869 13196
3870 13195
3871 13194
3872 13193
3873 12314
3874 12313
3875 12312
3876 12311
3877 12310
3878 12309
3879 12308
3880 12263
3881 12262
3882 12261
3883 12260
3884 12259
3885 12258
3886 12257
3887 12256
3888 12255
3889 12254
3890 12253
3891 12252
3892 13109
3893 13108
3894 13107
3895 13106
3896 13105
3897 13104
3898 13103
3899 13102
3900 13101
3901 13100
3902 13099
3903 13098
3904 13097
3905 13096
3906 13095
3907 13094
3908 13093
3909 13092
3910 13091
3911 13090
3912 13089
3913 13088
3914 13087
3915 13086
3916 13085
3917 13084
3918 13083
3919 12150
3920 12149
3921 12148
3922 12147
3923 12146
3924 12145
3925 12144
3926 12143
3927 12142
3928 12141
3929 12140
3930 12139
3931 12138
3932 12137
3933 12136
3934 12940
3935 12939
3936 12938
3937 12937
3938 12936
3939 12935
3940 12934
3941 12933
3942 12932
3943 12931
3944 12930
3945 12929
3946 12928
3947 12927
3948 12926
3949 12925
3950 12626
3951 12625
3952 12624
3953 12623
3954 12622
3955 12621
3956 12620
3957 12619
3958 12618
3959 12617
3960 12616
3961 12615
3962 12614
3963 12613
3964 12612
3965 12611
3966 12610
3967 12609
3968 12018
3969 12017
3970 12016
3971 12015
3972 12014
3973 12013
3974 12012
3975 11970
3976 11969
3977 11968
3978 11967
3979 11966
3980 11965
3981 11964
3982 11963
3983 11962
3984 11961
3985 12562
3986 12561
3987 12560
3988 12559
3989 12558
3990 12557
3991 12556
3992 12555
3993 12554
3994 12553
3995 12402
3996 12401
3997 12400
3998 12399
3999 12398
4000 12397
4001 12396
4002 12395
4003 12394
4004 12393
4005 12392
4006 12391
4007 12390
4008 12389
4009 12388
4010 12387
4011 12386
4012 12385
4013 12384
4014 12383
4015 12382
4016 11896
4017 11895
4018 11894
4019 11893
4020 11892
4021 11891
4022 11890
4023 11889
4024 11888
4025 11887
4026 11886
4027 11885
4028 11884
4029 11883
4030 11882
4031 11794
4032 11793
4033 11792
4034 11791
4035 11790
4036 11789
4037 11788
4038 11787
4039 8934
4040 8933
4041 8932
4042 8931
4043 8930
4044 8929
4045 8928
4046 8927
4047 8982
4048 8981
4049 8980
4050 8979
4051 8978
4052 8977
4053 8976
4054 10197
4055 10196
4056 10195
4057 10194
4058 10193
4059 10192
4062 10169
4063 10168
4064 10167
4065 10166
4066 10165
4067 10164
4068 10163
4069 10162
4070 4071
4072 10159
4073 10158
4074 10157
4075 8946
4076 8945
4077 8944
4078 8943
4079 8942
4080 8941
4081 4082
4083 8938
4084 8937
4085 8936
4086 8935
4087 11786
4088 11785
4089 11784
4090 4091
4092 11781
4093 11780
4094 11779
4095 11778
4096 11777
4097 11776
4098 11775
4099 11849
4100 11848
4101 4102
4103 11845
4104 11844
4105 11843
4106 11842
4107 11841
4108 11840
4109 4110
4111 11902
4112 11901
4113 11900
4114 11899
4115 11898
4116 11897
4117 4118
4119 12379
4120 12378
4121 12377
4122 12376
4123 12375
4124 12374
4125 4126
4127 12371
4128 12370
4129 12369
4130 12368
4131 12367
4132 12366
4133 12365
4134 12364
4135 12363
4136 12362
4137 12361
4138 10191
4139 10190
4140 4141
4142 10187
4143 10186
4144 10185
4145 10184
4146 10183
4147 10182
4148 10181
4149 12570
4150 4151
4152 12567
4153 12566
4154 12565
4155 12564
4156 12563
4157 11960
4158 11959
4159 11958
4160 4161
4162 11955
4163 11954
4164 11953
4165 11952
4166 11951
4167 11950
4168 11949
4169 11948
4170 11947
4171 4172
4173 10865
4174 10864
4175 10863
4176 10862
4177 10861
4178 10860
4179 10859
4180 10858
4181 10857
4182 10856
4183 10855
4184 4185
4186 10852
4187 10851
4188 10850
4189 10849
4190 10848
4191 10847
4192 10846
4193 10845
4194 10844
4195 10843
4196 10842
4197 4198
4199 10839
4200 10838
4201 10837
4202 10836
4203 10835
4204 12957
4205 12956
4206 12955
4207 12954
4208 12953
4209 12952
4210 12951
4211 4212
4213 12948
4214 12947
4215 12946
4216 12945
4217 12944
4218 12943
4219 12942
4220 12941
4221 12135
4222 12134
4223 12133
4224 12132
4225 12131
4226 12130
4227 12129
4228 12128
4229 12127
4230 12126
4231 12125
4232 12124
4233 12123
4234 12122
4235 4236
4237 12044
4238 12043
4239 12042
4240 12041
4241 12040
4242 12039
4243 10935
4244 10934
4245 10933
4246 10932
4247 10931
4248 10930
4249 10929
4250 10928
4251 10927
4252 10926
4253 10925
4254 10924
4255 10923
4256 4257
4258 13123
4259 13122
4260 13121
4261 13120
4262 13119
4263 13118
4264 13117
4265 13116
4266 13115
4267 13114
4268 13113
4269 13112
4270 13111
4271 13110
4272 12251
4273 12250
4274 12249
4275 12248
4276 12247
4277 12246
4278 12245
4279 12244
4280 12243
4281 12242
4282 12241
4283 12240
4284 12198
4285 12197
4286 12196
4287 12195
4288 12194
4289 12193
4290 12192
4291 12191
4292 12190
4293 12189
4294 12188
4295 12187
4296 13767
4297 13766
4298 13765
4299 13764
4300 4301
4302 13761
4303 13760
4304 13759
4305 13758
4306 13757
4307 13756
4308 13755
4309 13754
4310 13753
4311 13752
4312 13751
4313 13750
4314 13749
4315 13748
4316 13747
4317 13746
4318 13745
4319 13744
4320 9832
4321 9831
4322 9830
4323 9829
4324 9828
4325 9827
4326 9826
4327 9825
4328 9824
4329 9823
4330 13565
4331 13564
4332 13563
4333 13562
4334 13561
4335 13560
4336 13559
4337 13558
4338 13557
4339 13556
4340 13555
4341 13554
4342 13553
4343 13552
4344 13551
4345 13550
4346 13549
4347 13548
4348 13547
4349 13546
4350 13545
4351 13544
4352 13543
4353 13542
4354 13541
4355 13540
4356 13539
4357 13651
4358 13650
4359 13649
4360 13648
4361 13647
4362 13646
4363 13645
4364 13644
4365 13643
4366 13642
4367 13641
4368 13640
4369 13639
4370 13638
4371 13637
4372 13636
4373 13635
4374 13634
4375 13633
4376 13632
4377 13631
4378 13630
4379 10992
4380 10991
4381 10990
4382 10989
4383 10988
4384 10987
4385 10986
4386 10985
4387 10984
4388 10983
4389 10982
4390 10981
4391 10980
4392 10979
4393 9916
4394 9915
4395 9914
4396 9913
4397 9912
4398 9911
4399 9910
4400 9909
4401 9908
4402 9907
4403 11077
4404 11076
4405 11075
4406 11074
4407 11073
4408 11072
4409 11071
4410 11070
4411 11069
4412 11068
4413 11067
4414 11066
4415 11065
4416 11064
4417 11063
4418 11062
4419 11061
4420 11060
4421 11059
4422 11058
4423 11057
4424 11140
4425 11139
4426 11138
4427 11137
4428 11136
4429 11135
4430 11134
4431 11133
4432 14235
4433 14234
4434 14233
4435 14232
4436 14231
4437 14230
4438 14229
4439 14228
4440 14486
4441 14485
4442 14484
4443 14483
4444 14482
4445 14481
4446 14480
4447 14479
4448 14478
4449 14477
4450 14476
4451 14475
4452 14474
4453 14473
4454 14472
4455 14471
4456 14470
4457 14469
4458 14468
4459 14467
4460 14466
4461 14465
4462 14464
4463 14463
4464 14462
4465 14461
4466 14420
4467 14419
4468 14418
4469 14417
4470 14416
4471 14415
4472 14414
4473 14413
4474 14412
4475 11180
4476 11179
4477 11178
4478 11177
4479 11176
4480 11175
4481 11174
4482 11173
4483 11172
4484 11171
4485 11170
4486 14979
4487 14978
4488 14977
4489 14976
4490 14975
4491 14974
4492 14973
4493 14972
4494 14971
4495 14970
4496 14969
4497 14968
4498 14967
4499 14966
4500 14965
4501 14964
4502 14963
4503 14962
4504 14961
4505 14960
4506 14959
4507 14958
4508 14957
4509 14956
4510 14955
4511 14954
4512 14953
4513 14952
4514 14951
4515 14950
4516 11232
4517 11231
4518 11230
4519 11229
4520 11228
4521 11227
4522 11226
4523 11225
4524 15058
4525 15057
4526 15056
4527 15055
4528 15054
4529 15053
4530 15052
4531 15051
4532 15050
4533 15049
4534 4535
4536 15046
4537 15045
4538 15044
4539 15043
4540 15042
4541 11297
4542 11296
4543 11295
4544 11294
4545 11293
4546 11292
4547 11291
4548 11290
4549 15353
4550 15352
4551 15351
4552 15350
4553 15349
4554 15348
4555 15347
4556 15346
4557 15345
4558 15344
4559 15343
4560 15342
4561 15341
4562 15340
4563 15339
4564 15338
4565 15337
4566 15336
4567 15335
4568 15334
4569 15333
4570 15332
4571 15331
4572 15330
4573 15329
4574 15328
4575 15327
4576 15326
4577 15325
4578 15324
4579 15323
4580 15322
4581 15321
4582 15320
4583 15319
4584 15318
4585 15317
4586 15316
4587 15315
4588 15314
4589 15313
4590 15312
4591 15311
4592 15310
4593 15309
4594 4595
4596 15306
4597 15305
4598 15304
4599 15303
4600 15302
4601 15301
4602 15300
4603 15299
4604 15298
4605 15297
4606 15296
4607 15295
4608 15294
4609 15293
4610 15292
4611 15291
4612 15290
4613 15289
4614 15288
4615 15287
4616 15286
4617 15285
4618 15284
4619 15567
4620 15566
4621 15565
4622 15564
4623 15563
4624 15562
4625 15561
4626 15560
4627 15559
4628 15558
4629 15557
4630 15556
4631 15555
4632 15554
4633 15553
4634 15552
4635 11409
4636 11408
4637 11407
4638 11406
4639 11405
4640 11404
4641 11403
4642 11402
4643 15661
4644 15660
4645 15659
4646 15658
4647 15657
4648 15656
4649 15655
4650 15990
4651 15989
4652 15988
4653 15987
4654 15986
4655 15985
4656 15984
4657 4658
4659 15981
4660 15980
4661 15979
4662 15978
4663 15977
4664 15976
4665 15936
4666 15935
4667 15934
4668 15933
4669 15932
4670 15931
4671 15930
4672 15929
4673 15928
4674 15927
4675 11525
4676 11524
4677 11523
4678 11522
4679 11521
4680 11520
4681 11519
4682 11518
4683 11517
4684 11516
4685 11515
4686 11514
4687 11556
4688 11555
4689 11554
4690 11553
4691 11552
4692 11551
4693 11550
4694 11549
4695 11634
4696 11633
4697 11632
4698 11631
4699 11630
4700 11629
4701 11628
4702 11627
4703 11626
4704 11625
4705 11624
4706 11623
4707 11622
4708 11621
4709 11620
4710 11619
4711 11618
4712 11617
4713 11616
4714 11615
4715 11614
4716 11613
4717 11612
4718 11611
4719 11688
4720 11687
4721 11686
4722 11685
4723 11684
4724 11683
4725 11682
4726 11681
4727 11680
4728 16206
4729 16205
4730 16204
4731 16203
4732 16202
4733 16201
4734 16200
4735 4736
4737 16197
4738 16196
4739 16195
4740 16194
4741 16193
4742 16192
4743 16191
4744 16190
4745 16376
4746 16375
4747 16374
4748 16373
4749 16372
4750 16371
4751 16370
4752 16369
4753 16368
4754 16367
4755 16366
4756 16365
4757 16364
4758 16363
4759 16362
4760 16361
4761 16360
4762 16359
4763 16358
4764 16357
4765 16356
4766 16355
4767 16563
4768 16562
4769 16561
4770 16560
4771 16559
4772 16558
4773 16557
4774 16556
4775 16555
4776 16554
4777 16553
4778 16552
4779 16551
4780 16550
4781 16549
4782 16548
4783 16547
4784 16546
4785 16545
4786 16544
4787 16543
4788 16542
4789 16541
4790 16540
4791 16539
4792 16267
4793 16266
4794 16265
4795 16264
4796 16263
4797 16262
4798 16261
4799 10091
4800 10090
4801 10089
4802 10088
4803 10087
4804 10086
4805 10085
4806 10084
4807 10083
4808 10082
4809 10081
4810 10080
4811 10079
4812 10078
4813 10118
4814 10117
4815 10116
4816 10115
4817 10114
4818 10113
4819 10112
4820 10039
4821 10038
4822 10037
4823 10036
4824 10035
4825 10034
4826 10033
4827 10032
4828 10031
4829 10030
4830 10029
4831 10028
4832 10027
4833 10026
4834 10025
4835 10024
4838 10143
4839 10142
4840 10141
4841 10140
4842 10139
4843 4844
4845 10136
4846 10135
4847 10134
4848 10133
4849 10132
4850 10131
4851 10130
4852 10129
4853 10128
4854 10127
4855 10126
4856 10125
4857 4858
4859 10122
4860 10121
4861 10120
4862 10119
4863 10077
4864 10076
4865 10075
4866 10074
4867 10073
4868 10072
4869 10071
4870 10070
4871 4872
4873 16279
4874 16278
4875 16277
4876 16276
4877 16275
4878 16274
4879 16273
4880 16272
4881 16271
4882 16270
4883 16269
4884 16268
4885 4886
4887 16536
4888 16535
4889 16534
4890 16533
4891 16532
4892 16531
4893 16530
4894 16529
4895 16528
4896 16527
4897 16526
4898 4899
4900 16523
4901 16522
4902 16521
4903 16520
4904 16519
4905 16518
4906 16517
4907 16516
4908 16515
4909 4910
4911 16512
4912 16511
4913 16510
4914 16509
4915 16508
4916 16507
4917 16506
4918 16505
4919 16504
4920 16503
4921 16502
4922 4923
4924 16499
4925 16498
4926 16497
4927 16496
4928 16495
4929 16494
4930 16493
4931 4932
4933 16490
4934 16489
4935 16488
4936 16487
4937 16486
4938 16485
4939 4940
4941 10012
4942 10011
4943 10010
4944 10009
4945 10008
4946 10007
4947 10006
4948 4949
4950 10003
4951 10002
4952 11702
4953 11701
4954 11700
4955 11699
4956 4957
4958 11696
4959 11695
4960 11694
4961 11693
4962 11692
4963 11691
4964 4965
4966 11610
4967 11609
4968 11608
4969 11607
4970 11606
4971 11605
4972 4973
4974 11602
4975 11601
4976 11600
4977 11599
4978 11598
4979 11597
4980 4981
4982 11594
4983 11593
4984 11592
4985 11591
4986 11590
4987 11589
4988 4989
4990 11586
4991 11585
4992 11584
4993 11583
4994 11582
4995 11563
4996 4997
4998 11560
4999 11559
5000 11558
5001 11557
5002 11513
5003 11512
5004 11511
5005 11510
5006 5007
5008 11507
5009 11506
5010 11505
5011 11504
5012 11503
5013 11502
5014 5015
5016 11499
5017 11498
5018 15945
5019 15944
5020 15943
5021 15942
5022 5023
5024 15939
5025 15938
5026 15937
5027 15975
5028 15974
5029 15973
5030 5031
5032 15970
5033 15969
5034 15968
5035 15967
5036 15966
5037 15965
5038 5039
5040 11429
5041 11428
5042 11427
5043 11426
5044 11425
5045 11424
5046 5047
5048 11421
5049 11420
5050 11419
5051 11418
5052 11417
5053 11416
5054 5055
5056 11413
5057 11412
5058 11411
5059 11410
5060 15551
5061 5062
5063 15548
5064 15547
5065 15546
5066 15545
5067 15544
5068 15543
5069 5070
5071 15540
5072 15539
5073 15538
5074 15537
5075 15536
5076 15535
5077 5078
5079 15532
5080 15531
5081 15530
5082 15529
5083 15528
5084 15527
5085 15526
5086 15525
5087 15524
5088 15523
5089 15522
5090 5091
5092 15519
5093 15518
5094 15517
5095 15516
5096 15515
5097 15514
5098 5099
5100 15511
5101 15510
5102 15509
5103 15508
5104 15507
5105 5106
5107 15504
5108 15503
5109 15502
5110 15501
5111 15500
5112 15499
5113 5114
5115 15496
5116 15495
5117 15494
5118 15493
5119 15492
5120 9991
5121 5122
5123 9988
5124 9987
5125 9986
5126 9985
5127 9984
5128 9983
5129 5130
5131 9970
5132 9969
5133 9968
5134 9967
5135 9966
5136 9965
5137 5138
5139 9962
5140 9961
5141 9960
5142 9948
5143 9947
5144 9946
5145 5146
5147 9943
5148 9942
5149 9941
5150 9940
5151 9939
5152 9938
5153 5154
5155 11308
5156 11307
5157 11306
5158 11305
5159 11304
5160 11303
5161 11302
5162 11301
5163 11300
5164 5165
5166 15041
5167 15040
5168 15039
5169 15038
5170 15037
5171 15036
5172 5173
5174 15033
5175 15032
5176 15031
5177 15030
5178 15029
5179 5180
5181 15026
5182 15025
5183 15024
5184 15023
5185 15022
5186 15021
5187 5188
5189 15018
5190 15017
5191 15016
5192 15015
5193 15014
5194 5195
5196 15011
5197 15010
5198 15009
5199 15008
5200 15007
5201 15006
5202 5203
5204 15003
5205 15002
5206 15001
5207 15000
5208 14999
5209 14998
5210 5211
5212 14995
5213 14994
5214 14993
5215 14992
5216 14991
5217 5218
5219 14988
5220 14987
5221 14986
5222 14985
5223 14984
5224 14983
5225 5226
5227 14980
5228 11169
5229 11168
5230 11167
5231 11166
5232 11165
5233 11164
5234 11163
5235 11162
5236 14434
5237 14433
5238 5239
5240 14430
5241 14429
5242 14428
5243 14427
5244 14426
5245 14425
5246 5247
5248 14422
5249 14421
5250 14460
5251 14459
5252 14458
5253 14457
5254 5255
5256 14454
5257 9927
5258 9926
5259 9925
5260 9924
5261 5262
5263 9921
5264 9920
5265 9919
5266 9918
5267 9917
5268 14256
5269 5270
5271 14253
5272 14252
5273 14251
5274 14250
5275 14249
5276 14248
5277 5278
5279 14245
5280 14244
5281 14243
5282 14242
5283 14241
5284 14240
5285 5286
5287 14237
5288 14236
5289 11132
5290 11131
5291 11130
5292 11129
5293 5294
5295 11126
5296 11125
5297 11124
5298 11123
5299 11122
5300 11099
5301 11098
5302 11097
5303 5304
5305 11094
5306 11093
5307 11092
5308 11091
5309 11090
5310 5311
5312 11087
5313 11086
5314 11085
5315 11084
5316 11083
5317 11082
5318 5319
5320 11079
5321 11078
5322 9906
5323 9905
5324 9904
5325 5326
5327 9901
5328 9900
5329 9899
5330 9898
5331 9897
5332 9896
5333 5334
5335 10976
5336 10975
5337 10974
5338 10973
5339 10972
5340 10971
5341 5342
5343 10968
5344 10967
5345 10966
5346 10965
5347 10964
5348 10963
5349 5350
5351 9885
5352 9884
5353 9883
5354 9882
5355 9881
5356 9880
5357 5358
5359 9877
5360 9876
5361 9875
5362 9864
5363 9863
5364 9862
5365 9861
5366 9860
5367 9859
5368 5369
5370 9856
5371 9855
5372 9854
5373 9843
5374 9842
5375 5376
5377 9839
5378 9838
5379 9837
5380 9836
5381 9835
5382 5383
5384 13587
5385 13586
5386 13585
5387 13584
5388 13583
5389 13582
5390 5391
5392 13579
5393 13578
5394 13577
5395 13576
5396 5397
5398 13573
5399 13572
5400 13571
5401 13570
5402 13569
5403 5404
5405 13566
5406 9822
5407 9821
5408 9820
5409 9819
5410 5411
5412 9816
5413 9815
5414 9814
5415 9813
5416 9812
5417 5418
5419 13741
5420 13740
5421 13739
5422 13738
5423 13737
5424 13736
5425 13735
5426 5427
5428 13732
5429 13731
5430 13730
5431 13729
5432 13728
5433 5434
5435 9801
5436 9800
5437 9799
5438 9798
5439 5440
5441 9795
5442 9794
5443 9793
5444 9792
5445 5446
5447 12210
5448 12209
5449 12208
5450 12207
5451 5452
5453 12204
5454 12203
5455 12202
5456 12201
5457 5458
5459 12239
5460 12238
5461 12237
5462 12236
5463 5464
5465 12233
5466 12232
5467 9781
5468 9780
5469 5470
5471 9777
5472 9776
5473 9775
5474 9774
5475 5476
5477 9771
5478 13138
5479 13137
5480 13136
5481 13135
5482 5483
5484 13132
5485 13131
5486 13130
5487 5488
5489 13127
5490 13126
5491 10922
5492 10921
5493 5494
5495 10918
5496 10917
5497 10916
5498 5499
5500 12062
5501 12061
5502 12060
5503 5504
5505 12057
5506 12056
5507 12055
5508 5509
5510 12052
5511 12051
5512 12050
5513 5514
5515 12047
5516 12121
5517 12120
5518 5519
5520 12117
5521 12116
5522 5523
5524 12113
5525 12112
5526 12111
5527 5528
5529 12108
5530 12107
5531 12106
5532 5533
5534 12103
5535 12102
5536 12101
5537 12100
5538 12099
5539 12971
5540 5541
5542 12968
5543 12967
5544 5545
5546 12964
5547 12963
5548 5549
5550 12960
5551 12959
5552 12958
5553 5554
5555 10832
5556 10831
5557 5558
5559 10828
5560 10827
5561 5562
5563 10824
5564 10823
5565 5566
5567 10820
5568 10819
5569 10818
5570 5571
5572 9760
5573 9759
5574 5575
5576 9756
5577 9755
5578 5579
5580 9752
5581 9751
5582 5583
5584 9739
5585 9738
5586 5587
5588 9735
5589 9734
5590 9733
5591 9732
5592 9720
5593 5594
5595 9717
5596 9716
5597 5598
5599 9713
5600 9712
5601 5602
5603 9698
5604 5605
5606 9695
5607 9694
5608 5609
5610 9691
5611 9690
5612 5613
5614 9677
5615 5616
5617 9674
5618 9673
5619 5620
5621 9670
5622 9669
5623 5624
5625 9656
5626 5627
5628 9653
5629 9652
5630 5631
5632 9649
5633 5634
5635 9636
5636 9635
5637 5638
5639 9632
5640 9631
5641 9630
5642 5643
5644 9627
5645 9616
5646 5647
5648 9613
5649 5650
5651 9610
5652 5653
5654 9607
5655 5656
5657 11917
5658 11916
5659 5660
5661 11913
5662 5663
5664 11910
5665 5666
5667 11907
5668 5669
5670 11839
5671 5672
5673 11836
5674 11835
5675 5676
5677 11855
5678 5679
5680 11852
5681 5682
5683 11774
5684 11773
5685 5686
5687 11770
5688 11769
5689 11768
5690 11767
5691 5692
5693 11764
5694 5695
5696 11761
5697 11760
5698 5699
5700 9593
5701 9592
5702 5703
5704 9589
5705 9588
5706 5707
5708 9585
5709 9566
5710 5711
5712 9563
5713 9562
5714 9561
5715 5716
5717 9558
5718 9557
5719 5720
5721 9554
5722 9553
5723 5724
5725 9550
5726 9549
5729 9584
5730 9583
5731 5732
5733 9580
5734 9579
5735 5736
5737 9576
5738 9575
5739 5740
5741 9572
5742 9571
5743 9570
5744 5745
5746 9567
5747 9606
5748 5749
5750 9603
5751 9602
5752 5753
5754 9599
5755 9598
5756 5757
5758 11759
5759 11758
5760 5761
5762 11755
5763 5764
5765 11752
5766 11751
5767 11750
5768 11749
5769 5770
5771 11863
5772 11862
5773 5774
5775 11859
5776 5777
5778 11856
5779 11832
5780 5781
5782 11829
5783 5784
5785 11826
5786 5787
5788 11823
5789 5790
5791 11820
5792 11819
5793 5794
5795 11925
5796 5797
5798 11922
5799 5800
5801 9626
5802 5803
5804 9623
5805 9622
5806 5807
5808 9619
5809 5810
5811 9646
5812 5813
5814 9643
5815 9642
5816 9641
5817 5818
5819 9638
5820 9637
5821 5822
5823 9664
5824 9663
5825 5826
5827 9660
5828 9659
5829 5830
5831 9687
5832 9686
5833 5834
5835 9683
5836 9682
5837 5838
5839 9679
5840 9678
5841 5842
5843 9707
5844 9706
5845 5846
5847 9703
5848 9702
5849 5850
5851 9699
5852 9731
5853 5854
5855 9728
5856 9727
5857 5858
5859 9724
5860 9723
5861 5862
5863 9750
5864 9749
5865 9748
5866 9747
5867 9746
5868 5869
5870 9743
5871 9742
5872 5873
5874 9768
5875 9767
5876 9766
5877 5878
5879 9763
5880 9762
5881 9761
5882 5883
5884 10911
5885 10910
5886 10909
5887 5888
5889 10906
5890 10905
5891 10904
5892 5893
5894 10901
5895 10900
5896 10899
5897 5898
5899 12985
5900 12984
5901 12983
5902 12982
5903 5904
5905 12979
5906 12978
5907 12977
5908 5909
5910 12974
5911 12973
5912 12972
5913 12098
5914 12097
5915 12096
5916 12095
5917 12094
5918 12093
5919 12092
5920 5921
5922 12089
5923 12088
5924 12087
5925 12086
5926 5927
5928 12083
5929 12082
5930 12081
5931 12080
5932 12079
5933 12078
5934 5935
5936 12075
5937 12074
5938 12073
5939 12072
5940 12071
5941 5942
5943 12068
5944 12067
5945 12066
5946 12065
5947 12064
5948 12063
5949 5950
5951 10958
5952 10957
5953 10956
5954 10955
5955 10954
5956 10953
5957 5958
5959 10950
5960 13147
5961 13146
5962 13145
5963 13144
5964 13143
5965 13142
5966 13141
5967 13140
5968 13139
5969 9791
5970 9790
5971 9789
5972 9788
5973 9787
5974 9786
5975 5976
5977 9783
5978 9782
5979 12231
5980 12230
5981 12229
5982 12228
5983 12227
5984 12226
5985 12225
5986 12224
5987 12223
5988 5989
5990 12220
5991 12219
5992 12218
5993 12217
5994 12216
5995 12215
5996 12214
5997 12213
5998 9811
5999 9810
6000 9809
6001 9808
6002 9807
6003 6004
6005 9804
6006 9803
6007 9802
6008 13725
6009 13724
6010 13723
6011 13722
6012 13721
6013 13720
6014 13719
6015 13718
6016 13717
6017 13716
6018 13715
6019 13714
6020 13713
6021 13712
6022 13711
6023 13710
6024 13709
6025 13708
6026 13707
6027 13706
6028 13705
6029 13704
6030 13703
6031 13702
6032 13701
6033 13700
6034 13699
6035 6036
6037 13696
6038 13695
6039 13694
6040 13693
6041 13692
6042 13691
6043 13690
6044 13689
6045 13595
6046 13594
6047 13593
6048 13592
6049 13591
6050 13590
6051 13589
6052 13588
6053 9853
6054 9852
6055 9851
6056 9850
6057 9849
6058 9848
6059 9847
6060 6061
6062 9844
6063 9874
6064 9873
6065 9872
6066 9871
6067 9870
6068 9869
6069 9868
6070 9867
6071 9866
6072 9865
6073 9895
6074 9894
6075 9893
6076 9892
6077 9891
6078 9890
6079 9889
6080 9888
6081 9887
6082 9886
6083 11036
6084 11035
6085 11034
6086 11033
6087 11032
6088 11031
6089 11030
6090 11029
6091 11028
6092 11027
6093 11026
6094 11025
6095 11024
6096 11023
6097 11022
6098 11021
6099 11020
6100 11019
6101 11018
6102 11017
6103 11016
6104 11015
6105 6106
6107 11056
6108 11055
6109 11054
6110 11053
6111 11052
6112 11051
6113 11050
6114 11049
6115 11048
6116 11047
6117 11046
6118 11109
6119 11108
6120 11107
6121 11106
6122 11105
6123 11104
6124 11103
6125 11102
6126 11101
6127 11100
6128 11161
6129 11160
6130 11159
6131 11158
6132 11157
6133 11156
6134 11155
6135 11154
6136 11153
6137 11152
6138 11151
6139 11150
6140 14273
6141 14272
6142 14271
6143 14270
6144 14269
6145 14268
6146 14267
6147 14266
6148 14265
6149 14264
6150 14263
6151 6152
6153 14260
6154 14259
6155 14258
6156 14257
6157 9937
6158 9936
6159 9935
6160 9934
6161 9933
6162 9932
6163 9931
6164 9930
6165 9929
6166 9928
6167 14453
6168 14452
6169 14451
6170 14450
6171 14449
6172 14448
6173 14447
6174 14446
6175 14445
6176 14444
6177 6178
6179 14441
6180 14440
6181 14439
6182 14438
6183 14437
6184 14436
6185 14435
6186 11289
6187 11288
6188 11287
6189 11286
6190 11285
6191 11284
6192 11283
6193 11282
6194 11281
6195 11280
6196 11279
6197 11278
6198 11277
6199 11276
6200 11275
6201 11274
6202 11273
6203 11272
6204 11271
6205 11270
6206 11269
6207 11268
6208 6209
6210 11265
6211 11264
6212 11263
6213 11262
6214 11261
6215 11260
6216 11259
6217 11258
6218 11257
6219 11256
6220 11255
6221 11254
6222 11253
6223 11252
6224 11251
6225 11250
6226 6227
6228 11247
6229 11246
6230 11245
6231 11244
6232 11243
6233 11242
6234 11241
6235 11337
6236 11336
6237 11335
6238 11334
6239 11333
6240 11332
6241 11331
6242 11330
6243 6244
6245 11327
6246 11326
6247 11325
6248 11324
6249 11323
6250 11322
6251 11321
6252 11320
6253 11319
6254 11318
6255 11317
6256 11316
6257 11315
6258 11314
6259 11313
6260 11312
6261 11311
6262 9959
6263 9958
6264 9957
6265 9956
6266 9955
6267 9954
6268 9953
6269 9952
6270 9951
6271 6272
6273 9980
6274 9979
6275 9978
6276 9977
6277 9976
6278 9975
6279 9974
6280 9973
6281 9972
6282 9971
6283 10001
6284 10000
6285 9999
6286 9998
6287 9997
6288 9996
6289 6290
6291 9993
6292 9992
6293 15491
6294 15490
6295 15489
6296 15488
6297 15487
6298 15486
6299 15485
6300 15484
6301 15483
6302 15482
6303 15481
6304 15480
6305 6306
6307 11379
6308 11378
6309 11377
6310 11376
6311 11375
6312 11374
6313 11373
6314 11372
6315 11371
6316 11370
6317 11401
6318 11400
6319 11399
6320 11398
6321 6322
6323 11395
6324 11394
6325 11393
6326 11392
6327 11391
6328 11390
6329 11471
6330 11470
6331 11469
6332 11468
6333 11467
6334 11466
6335 11465
6336 11464
6337 11463
6338 11462
6339 11461
6340 6341
6342 11458
6343 11457
6344 11456
6345 11455
6346 11454
6347 11453
6348 11452
6349 11451
6350 11450
6351 11449
6352 11448
6353 11447
6354 11446
6355 6356
6357 11443
6358 11442
6359 11441
6360 11440
6361 11439
6362 11438
6363 11437
6364 11436
6365 11435
6366 11434
6367 11433
6368 11432
6369 15964
6370 15963
6371 15962
6372 6373
6374 15959
6375 15958
6376 15957
6377 15956
6378 15955
6379 15954
6380 15953
6381 15952
6382 15951
6383 15950
6384 15949
6385 15948
6386 15947
6387 15946
6388 6389
6390 11546
6391 11545
6392 11544
6393 11543
6394 11542
6395 11541
6396 11540
6397 11539
6398 11538
6399 11537
6400 11536
6401 11571
6402 11570
6403 11569
6404 11568
6405 11567
6406 11566
6407 11565
6408 11564
6409 11658
6410 11657
6411 11656
6412 11655
6413 11654
6414 11653
6415 11652
6416 11651
6417 6418
6419 11648
6420 11647
6421 11646
6422 11645
6423 11679
6424 11678
6425 11677
6426 11676
6427 11675
6428 11674
6429 11673
6430 11672
6431 11671
6432 11670
6433 11669
6434 11717
6435 6436
6437 11714
6438 11713
6439 11712
6440 11711
6441 11710
6442 11709
6443 11708
6444 11707
6445 11706
6446 11705
6447 11704
6448 11703
6449 10023
6450 10022
6451 10021
6452 10020
6453 6454
6455 10017
6456 10016
6457 10015
6458 10014
6459 10013
6460 16482
6461 16481
6462 16480
6463 16479
6464 16478
6465 16477
6466 16476
6467 16475
6468 16338
6469 16337
6470 16336
6471 6472
6473 16333
6474 16332
6475 16331
6476 16330
6477 16329
6478 16328
6479 16327
6480 16326
6481 16325
6482 16324
6483 16323
6484 16322
6485 16321
6486 16320
6487 16319
6488 16318
6489 16317
6490 16316
6491 16315
6492 16314
6493 16313
6494 16312
6495 16311
6496 16310
6497 16309
6498 16308
6499 16307
6500 6501
6502 16304
6503 16303
6504 16302
6505 16301
6506 16300
6507 16299
6508 16298
6509 16297
6510 16296
6511 16295
6512 16294
6513 16293
6514 16292
6515 16291
6516 16290
6517 16289
6518 16288
6519 16287
6520 16286
6521 16285
6522 16284
6523 16283
6524 16282
6525 10069
6526 10068
6527 10067
6528 6529
6530 10064
6531 10063
6532 10062
6533 10061
6534 10060
6535 10059
6536 10058
6537 10057
6538 10056
6539 10055
6540 10054
6541 10053
6542 10052
6543 10051
6544 10050
6545 10049
6546 10048
6547 10047
6548 11737
6549 11736
6550 11735
6551 11734
6552 11733
6553 11732
6554 11731
6555 11730
6556 11729
6559 11746
6560 11745
6561 11744
6562 11743
6563 11742
6564 11741
6565 11740
6566 11739
6567 11738
6568 10046
6569 10045
6570 10044
6571 10043
6572 10042
6573 10041
6574 10040
6575 10111
6576 10110
6577 10109
6578 10108
6579 10107
6580 10106
6581 10105
6582 10104
6583 10103
6584 10102
6585 10101
6586 10100
6587 10099
6588 10098
6589 10097
6590 10096
6591 10095
6592 10094
6593 10093
6594 10092
6595 16260
6596 16259
6597 16258
6598 16257
6599 16256
6600 16255
6601 16254
6602 16253
6603 16252
6604 16251
6605 16250
6606 16249
6607 16248
6608 16247
6609 16246
6610 16245
6611 16244
6612 16243
6613 16576
6614 16575
6615 16574
6616 16573
6617 16572
6618 16571
6619 16570
6620 16569
6621 16568
6622 16567
6623 16566
6624 16565
6625 16564
6626 16354
6627 16353
6628 16352
6629 16351
6630 16350
6631 16349
6632 16348
6633 16347
6634 16346
6635 16345
6636 16344
6637 16343
6638 16342
6639 16341
6640 16340
6641 16339
6642 16474
6643 16473
6644 16472
6645 16471
6646 16470
6647 16469
6648 16468
6649 16467
6650 16218
6651 16217
6652 16216
6653 16215
6654 16214
6655 16213
6656 16212
6657 16211
6658 16210
6659 16209
6660 16208
6661 16207
6662 11728
6663 11727
6664 11726
6665 11725
6666 11724
6667 11723
6668 11722
6669 11721
6670 11720
6671 11719
6672 11718
6673 11668
6674 11667
6675 11666
6676 11665
6677 11664
6678 11663
6679 11662
6680 11661
6681 11660
6682 11659
6683 11644
6684 11643
6685 11642
6686 11641
6687 11640
6688 11639
6689 11638
6690 11637
6691 11636
6692 11635
6693 11581
6694 11580
6695 11579
6696 11578
6697 11577
6698 11576
6699 11575
6700 11574
6701 11573
6702 11572
6703 11535
6704 11534
6705 11533
6706 11532
6707 11531
6708 11530
6709 11529
6710 11528
6711 11527
6712 11526
6713 15926
6714 15925
6715 15924
6716 15923
6717 15922
6718 15921
6719 15920
6720 15919
6721 15682
6722 15681
6723 15680
6724 15679
6725 15678
6726 15677
6727 15676
6728 15675
6729 15674
6730 15673
6731 15672
6732 15671
6733 15670
6734 15669
6735 15668
6736 15667
6737 15666
6738 15665
6739 15664
6740 15663
6741 15662
6742 11497
6743 11496
6744 11495
6745 11494
6746 11493
6747 11492
6748 11491
6749 11490
6750 11489
6751 11488
6752 11487
6753 11486
6754 11485
6755 11484
6756 11483
6757 11482
6758 11481
6759 11480
6760 11479
6761 11478
6762 11477
6763 11476
6764 11475
6765 11474
6766 11473
6767 11472
6768 11389
6769 11388
6770 11387
6771 11386
6772 11385
6773 11384
6774 11383
6775 11382
6776 11381
6777 11380
6778 11369
6779 11368
6780 11367
6781 11366
6782 11365
6783 11364
6784 11363
6785 11362
6786 11361
6787 11360
6788 15477
6789 15476
6790 15475
6791 15474
6792 15473
6793 15472
6794 15471
6795 15470
6796 15469
6797 15468
6798 15467
6799 15466
6800 15465
6801 15464
6802 15463
6803 15462
6804 15461
6805 15378
6806 15377
6807 15376
6808 15375
6809 15374
6810 15373
6811 15372
6812 15371
6813 15370
6814 15369
6815 15368
6816 15367
6817 15366
6818 15365
6819 15364
6820 15363
6821 15362
6822 15361
6823 15360
6824 15359
6825 15358
6826 15357
6827 15356
6828 15355
6829 15354
6830 11359
6831 11358
6832 11357
6833 11356
6834 11355
6835 11354
6836 11353
6837 11352
6838 11351
6839 11350
6840 11349
6841 11348
6842 11347
6843 11346
6844 11345
6845 11344
6846 11343
6847 11342
6848 11341
6849 11340
6850 11339
6851 11338
6852 11240
6853 11239
6854 11238
6855 11237
6856 11236
6857 11235
6858 11234
6859 11233
6860 14949
6861 14948
6862 14947
6863 14946
6864 14945
6865 14944
6866 14943
6867 14942
6868 14941
6869 14940
6870 14939
6871 14938
6872 14937
6873 14936
6874 14935
6875 14934
6876 14933
6877 14932
6878 14857
6879 14856
6880 14855
6881 14854
6882 14853
6883 14852
6884 14851
6885 14850
6886 14849
6887 14848
6888 14847
6889 14846
6890 14845
6891 14844
6892 14843
6893 14842
6894 14841
6895 14840
6896 14839
6897 14838
6898 14837
6899 14836
6900 14835
6901 14834
6902 14833
6903 14832
6904 14831
6905 14830
6906 14829
6907 14828
6908 14827
6909 14826
6910 14825
6911 14298
6912 14297
6913 14296
6914 14295
6915 14294
6916 14293
6917 14292
6918 14291
6919 14290
6920 14289
6921 14288
6922 14287
6923 14286
6924 14285
6925 14284
6926 14283
6927 14282
6928 14281
6929 14280
6930 14279
6931 14278
6932 14277
6933 14276
6934 14275
6935 14274
6936 11149
6937 11148
6938 11147
6939 11146
6940 11145
6941 11144
6942 11143
6943 11142
6944 11141
6945 11121
6946 11120
6947 11119
6948 11118
6949 11117
6950 11116
6951 11115
6952 11114
6953 11113
6954 11112
6955 11111
6956 11110
6957 11045
6958 11044
6959 11043
6960 11042
6961 11041
6962 11040
6963 11039
6964 11038
6965 11037
6966 11012
6967 11011
6968 11010
6969 11009
6970 11008
6971 11007
6972 11006
6973 11005
6974 11004
6975 11003
6976 11002
6977 11001
6978 11000
6979 10999
6980 10998
6981 10997
6982 10996
6983 10995
6984 10994
6985 10993
6986 13629
6987 13628
6988 13627
6989 13626
6990 13625
6991 13624
6992 13623
6993 13622
6994 13621
6995 13620
6996 13619
6997 13618
6998 13617
6999 13616
7000 13615
7001 13614
7002 13613
7003 13612
7004 13611
7005 13610
7006 13609
7007 13608
7008 13607
7009 13606
7010 13605
7011 13604
7012 13603
7013 13602
7014 13601
7015 13600
7016 13599
7017 13598
7018 13597
7019 13596
7020 13688
7021 13687
7022 13686
7023 13685
7024 13684
7025 13683
7026 13682
7027 13800
7028 13799
7029 13798
7030 13797
7031 13796
7032 13795
7033 13794
7034 13793
7035 13792
7036 13791
7037 13790
7038 13789
7039 13788
7040 13787
7041 13786
7042 13785
7043 13784
7044 13783
7045 13782
7046 13781
7047 13780
7048 13779
7049 13778
7050 13777
7051 13776
7052 13775
7053 13774
7054 13773
7055 13772
7056 13771
7057 13770
7058 13769
7059 13768
7060 12345
7061 12344
7062 12343
7063 12342
7064 12341
7065 12340
7066 12339
7067 12338
7068 12337
7069 12336
7070 12335
7071 12334
7072 12333
7073 12332
7074 12331
7075 12330
7076 12329
7077 12328
7078 13163
7079 13162
7080 13161
7081 13160
7082 13159
7083 13158
7084 13157
7085 13156
7086 13155
7087 13154
7088 13153
7089 13152
7090 13151
7091 13150
7092 13149
7093 13148
7094 10949
7095 10948
7096 10947
7097 10946
7098 10945
7099 10944
7100 10943
7101 10942
7102 10941
7103 10940
7104 10939
7105 10938
7106 10937
7107 10936
7108 12186
7109 12185
7110 12184
7111 12183
7112 12182
7113 12181
7114 12180
7115 12179
7116 12178
7117 12177
7118 12176
7119 12175
7120 12174
7121 12173
7122 12172
7123 12171
7124 12170
7125 12169
7126 12168
7127 12167
7128 12166
7129 12165
7130 13001
7131 13000
7132 12999
7133 12998
7134 12997
7135 12996
7136 12995
7137 12994
7138 12993
7139 12992
7140 12991
7141 12990
7142 12989
7143 12988
7144 12987
7145 12986
7146 10896
7147 10895
7148 10894
7149 10893
7150 10892
7151 10891
7152 10890
7153 10889
7154 10888
7155 10887
7156 10886
7157 10885
7158 10884
7159 10883
7160 10882
7161 10881
7162 10880
7163 10879
7164 10878
7165 10877
7166 10876
7167 10875
7168 10874
7169 10873
7170 10872
7171 10871
7172 10870
7173 10869
7174 10868
7175 12038
7176 12037
7177 12036
7178 12035
7179 12034
7180 12033
7181 12032
7182 12031
7183 12583
7184 7185
7186 12580
7187 12579
7188 12578
7189 12577
7190 12576
7191 12575
7192 12574
7193 12573
7194 12572
7195 12571
7196 10180
7197 10179
7198 10178
7199 10177
7200 7201
7202 10174
7203 10173
7204 10172
7205 10171
7206 10170
7207 12360
7208 12359
7209 12358
7210 12357
7211 12356
7212 12355
7213 12354
7214 12353
7215 12352
7216 7217
7218 12349
7219 12348
7220 12347
7221 12346
7222 11935
7223 11934
7224 11933
7225 7226
7227 11930
7228 11929
7229 11928
7230 11818
7231 11817
7232 11816
7233 7234
7235 11813
7236 11812
7237 11811
7238 11873
7239 11872
7240 11871
7241 11870
7242 7243
7244 11867
7245 11866
7246 11865
7247 11864
7248 11810
7249 11809
7250 11808
7251 11807
7252 7253
7254 11804
7255 11803
7256 11802
7257 8959
7258 8958
7259 8957
7260 8956
7261 8955
7262 7263
7264 8952
7265 8951
7266 8950
7267 8949
7268 8948
7269 8947
7270 10156
7271 10155
7272 10154
7273 7274
7275 10151
7276 10150
7277 10149
7278 10148
7279 10147
7280 10146
7281 10145
7282 10144
7285 10203
7286 10202
7287 10201
7288 10200
7289 10199
7290 10198
7291 8975
7292 8974
7293 8973
7294 8972
7295 8971
7296 8970
7297 8969
7298 8968
7299 8967
7300 8966
7301 8965
7302 8964
7303 8963
7304 8962
7305 8961
7306 8960
7307 11801
7308 11800
7309 11799
7310 11798
7311 11797
7312 11796
7313 11795
7314 11881
7315 11880
7316 11879
7317 11878
7318 11877
7319 11876
7320 11875
7321 11874
7322 11946
7323 11945
7324 11944
7325 11943
7326 11942
7327 11941
7328 11940
7329 11939
7330 11938
7331 11937
7332 11936
7333 12487
7334 12486
7335 12485
7336 12484
7337 12483
7338 12482
7339 12481
7340 12480
7341 12479
7342 12478
7343 12477
7344 12476
7345 12475
7346 12474
7347 12473
7348 12598
7349 12597
7350 12596
7351 12595
7352 12594
7353 12593
7354 12592
7355 12591
7356 12590
7357 12589
7358 12588
7359 12587
7360 12586
7361 12585
7362 12584
7363 12030
7364 12029
7365 12028
7366 12027
7367 12026
7368 12025
7369 12024
7370 12023
7371 12022
7372 12021
7373 12020
7374 12019
7375 12741
7376 12740
7377 12739
7378 12738
7379 12737
7380 12736
7381 12735
7382 12734
7383 12733
7384 12732
7385 12731
7386 12730
7387 12729
7388 12728
7389 12727
7390 13017
7391 13016
7392 13015
7393 13014
7394 13013
7395 13012
7396 13011
7397 13010
7398 13009
7399 13008
7400 13007
7401 13006
7402 13005
7403 13004
7404 13003
7405 13002
7406 12164
7407 12163
7408 12162
7409 12161
7410 12160
7411 12159
7412 12158
7413 12157
7414 12156
7415 12155
7416 12154
7417 12153
7418 12152
7419 12151
7420 13082
7421 13081
7422 13080
7423 13079
7424 13078
7425 13077
7426 13076
7427 13075
7428 13074
7429 13073
7430 13072
7431 13071
7432 13179
7433 13178
7434 13177
7435 13176
7436 13175
7437 13174
7438 13173
7439 13172
7440 13171
7441 13170
7442 13169
7443 13168
7444 13167
7445 13166
7446 13165
7447 13164
7448 12327
7449 12326
7450 12325
7451 12324
7452 12323
7453 12322
7454 12321
7455 12320
7456 12319
7457 12318
7458 12317
7459 12316
7460 12315
7461 13400
7462 13399
7463 13398
7464 13397
7465 13396
7466 13395
7467 13394
7468 13393
7469 13392
7470 13391
7471 13390
7472 13389
7473 13388
7474 13816
7475 13815
7476 13814
7477 13813
7478 13812
7479 13811
7480 13810
7481 13809
7482 13808
7483 13807
7484 13806
7485 13805
7486 13804
7487 13803
7488 13802
7489 13801
7490 13681
7491 13680
7492 13679
7493 13678
7494 13677
7495 13676
7496 13675
7497 13674
7498 13673
7499 13672
7500 13671
7501 13670
7502 13669
7503 13668
7504 13667
7505 13666
7506 13665
7507 13664
7508 13663
7509 13662
7510 13661
7511 13660
7512 13659
7513 13985
7514 13984
7515 13983
7516 13982
7517 13981
7518 13980
7519 13979
7520 13978
7521 13977
7522 13976
7523 13975
7524 13974
7525 13973
7526 13972
7527 14003
7528 14002
7529 14001
7530 14000
7531 13999
7532 13998
7533 13997
7534 13996
7535 13995
7536 13994
7537 14533
7538 14532
7539 14531
7540 14530
7541 14529
7542 14528
7543 14527
7544 14526
7545 14525
7546 14524
7547 14523
7548 14522
7549 14521
7550 14520
7551 14519
7552 14518
7553 14517
7554 14516
7555 14515
7556 14514
7557 14513
7558 14512
7559 14511
7560 14510
7561 14509
7562 14508
7563 14507
7564 14506
7565 14505
7566 14504
7567 14503
7568 14502
7569 14501
7570 14500
7571 14499
7572 14498
7573 14497
7574 14496
7575 14495
7576 14494
7577 14308
7578 14307
7579 14306
7580 14305
7581 14304
7582 14303
7583 14302
7584 14301
7585 14300
7586 14299
7587 14824
7588 14823
7589 14822
7590 14821
7591 14820
7592 14819
7593 14818
7594 14817
7595 14816
7596 14815
7597 14814
7598 14813
7599 14812
7600 14873
7601 14872
7602 14871
7603 14870
7604 14869
7605 14868
7606 14867
7607 14866
7608 14865
7609 14864
7610 14863
7611 14862
7612 14861
7613 14860
7614 14859
7615 14858
7616 14931
7617 14930
7618 14929
7619 14928
7620 14927
7621 14926
7622 14925
7623 14924
7624 15098
7625 15097
7626 15096
7627 15095
7628 15094
7629 15093
7630 15092
7631 15091
7632 15090
7633 15089
7634 15088
7635 15087
7636 15086
7637 15085
7638 15084
7639 15083
7640 15082
7641 15081
7642 15080
7643 15079
7644 15078
7645 15077
7646 15076
7647 15075
7648 15074
7649 15073
7650 15168
7651 15167
7652 15166
7653 15165
7654 15164
7655 15163
7656 15162
7657 15161
7658 15160
7659 15159
7660 15158
7661 15157
7662 15156
7663 15434
7664 15433
7665 15432
7666 15431
7667 15430
7668 15429
7669 15428
7670 15427
7671 15386
7672 15385
7673 15384
7674 15383
7675 15382
7676 15381
7677 15380
7678 15379
7679 15460
7680 15459
7681 15458
7682 15457
7683 15456
7684 15455
7685 15255
7686 15254
7687 15253
7688 15252
7689 15251
7690 15250
7691 15249
7692 15248
7693 15247
7694 15246
7695 15245
7696 15244
7697 15243
7698 15242
7699 15241
7700 15240
7701 15239
7702 15629
7703 15628
7704 15627
7705 15626
7706 15625
7707 15624
7708 15623
7709 15622
7710 15621
7711 15620
7712 15619
7713 15618
7714 15617
7715 15616
7716 15615
7717 15614
7718 15613
7719 15612
7720 15611
7721 15610
7722 15609
7723 15608
7724 15607
7725 15606
7726 15605
7727 15707
7728 15706
7729 15705
7730 15704
7731 15703
7732 15702
7733 15701
7734 15700
7735 15699
7736 15698
7737 15697
7738 15696
7739 15695
7740 15694
7741 15693
7742 15692
7743 15691
7744 15690
7745 15689
7746 15688
7747 15687
7748 15686
7749 15685
7750 15684
7751 15683
7752 15918
7753 15917
7754 15916
7755 15915
7756 15914
7757 15913
7758 15912
7759 15911
7760 16045
7761 16044
7762 16043
7763 16042
7764 16041
7765 16040
7766 16039
7767 16038
7768 16037
7769 16036
7770 16035
7771 16034
7772 16033
7773 16032
7774 16031
7775 16030
7776 16104
7777 16103
7778 16102
7779 16101
7780 16100
7781 16099
7782 16098
7783 16097
7784 16096
7785 16095
7786 16094
7787 16093
7788 16092
7789 16091
7790 16090
7791 16089
7792 16088
7793 16087
7794 16086
7795 16085
7796 16084
7797 16083
7798 16082
7799 16081
7800 16232
7801 16231
7802 16230
7803 16229
7804 16228
7805 16227
7806 16226
7807 16225
7808 16224
7809 16223
7810 16222
7811 16221
7812 16220
7813 16219
7814 16466
7815 16465
7816 16464
7817 16463
7818 16462
7819 16461
7820 16460
7821 16419
7822 16418
7823 16417
7824 16416
7825 16415
7826 16414
7827 16413
7828 16412
7829 16411
7830 16410
7831 16409
7832 16408
7833 16407
7834 16406
7835 16405
7836 16404
7837 16403
7838 16402
7839 16584
7840 16583
7841 16582
7842 16581
7843 16580
7844 16579
7845 16578
7846 16577
7847 16729
7848 16728
7849 16727
7850 16726
7851 16725
7852 16724
7853 16723
7854 16768
7855 16767
7856 16766
7857 16765
7858 16764
7859 16763
7860 16762
7861 16761
7862 16760
7863 16759
7864 16758
7865 16757
7866 16756
7867 16755
7868 16754
7869 16753
7870 16752
7871 16751
7872 10749
7873 10748
7874 10747
7875 10746
7876 10745
7877 10744
7878 10743
7879 10742
7880 10741
7881 10740
7882 10739
7883 10738
7884 10737
7885 10736
7886 10735
7887 10734
7888 10733
7889 10732
7890 10731
7891 10730
7892 10729
7893 10728
7894 10727
7895 10726
7896 10725
7897 10724
7900 10815
7901 10814
7902 10813
7903 10812
7904 10811
7905 10810
7906 10809
7907 10808
7908 10807
7909 10806
7910 10805
7911 10804
7912 10803
7913 10802
7914 10801
7915 10800
7916 10799
7917 10798
7918 10797
7919 10796
7920 10795
7921 10794
7922 10793
7923 10792
7924 10791
7925 10790
7926 10789
7927 16781
7928 16780
7929 16779
7930 16778
7931 16777
7932 16776
7933 16775
7934 16774
7935 16773
7936 16772
7937 16771
7938 16770
7939 16769
7940 16722
7941 16721
7942 16720
7943 16719
7944 16718
7945 16717
7946 16716
7947 16715
7948 16714
7949 16713
7950 16712
7951 16711
7952 16710
7953 16709
7954 16708
7955 16707
7956 16706
7957 16705
7958 16704
7959 16703
7960 16430
7961 16429
7962 16428
7963 16427
7964 16426
7965 16425
7966 16424
7967 16423
7968 16422
7969 16421
7970 16420
7971 16459
7972 16458
7973 16457
7974 16456
7975 16455
7976 16454
7977 16453
7978 16452
7979 16242
7980 16241
7981 16240
7982 16239
7983 16238
7984 16237
7985 16236
7986 16235
7987 16234
7988 16233
7989 16080
7990 16079
7991 16078
7992 16077
7993 16076
7994 16075
7995 16074
7996 16073
7997 16072
7998 16071
7999 16070
8000 16069
8001 16068
8002 16067
8003 16066
8004 16065
8005 16064
8006 16063
8007 16062
8008 16061
8009 16060
8010 16059
8011 16058
8012 16057
8013 16056
8014 16055
8015 16054
8016 16053
8017 16052
8018 16051
8019 16050
8020 16049
8021 16048
8022 16047
8023 16046
8024 15910
8025 15909
8026 15908
8027 15907
8028 15906
8029 15905
8030 15904
8031 15903
8032 15902
8033 15901
8034 15900
8035 15899
8036 15898
8037 15897
8038 15896
8039 15895
8040 15894
8041 15893
8042 15892
8043 15891
8044 15715
8045 15714
8046 15713
8047 15712
8048 15711
8049 15710
8050 15709
8051 15708
8052 15604
8053 15603
8054 15602
8055 15601
8056 15600
8057 15599
8058 15598
8059 15597
8060 15596
8061 15595
8062 15594
8063 15593
8064 10712
8065 10711
8066 10710
8067 10709
8068 10708
8069 10707
8070 10706
8071 10705
8072 10704
8073 10703
8074 15268
8075 15267
8076 15266
8077 15265
8078 15264
8079 15263
8080 15262
8081 15261
8082 15260
8083 15259
8084 15258
8085 15257
8086 15256
8087 15454
8088 15453
8089 15452
8090 15451
8091 15450
8092 15449
8093 15448
8094 15447
8095 15446
8096 15445
8097 15444
8098 15443
8099 15442
8100 15441
8101 15440
8102 15439
8103 15438
8104 15437
8105 15436
8106 15435
8107 15155
8108 15154
8109 15153
8110 15152
8111 15151
8112 15150
8113 15149
8114 15148
8115 15147
8116 15146
8117 15145
8118 15144
8119 15143
8120 15142
8121 15141
8122 15140
8123 15139
8124 15113
8125 15112
8126 15111
8127 15110
8128 15109
8129 15108
8130 15107
8131 15106
8132 15105
8133 15104
8134 15103
8135 15102
8136 15101
8137 15100
8138 15099
8139 14923
8140 14922
8141 14921
8142 14920
8143 14919
8144 14918
8145 14917
8146 14916
8147 14915
8148 14914
8149 14884
8150 14883
8151 14882
8152 14881
8153 14880
8154 14879
8155 14878
8156 14877
8157 14876
8158 14875
8159 14874
8160 14811
8161 14810
8162 14809
8163 14808
8164 14807
8165 14806
8166 14805
8167 14804
8168 14578
8169 14577
8170 14576
8171 14575
8172 14574
8173 14573
8174 14572
8175 14571
8176 14570
8177 14569
8178 14568
8179 14567
8180 14566
8181 14565
8182 14564
8183 14563
8184 14562
8185 14561
8186 14560
8187 14559
8188 14558
8189 14557
8190 14556
8191 14555
8192 14554
8193 14553
8194 14552
8195 14551
8196 14550
8197 14549
8198 14548
8199 14547
8200 14546
8201 14545
8202 14544
8203 14543
8204 14542
8205 14541
8206 14540
8207 14539
8208 14538
8209 14537
8210 14536
8211 14535
8212 14534
8213 13993
8214 13992
8215 13991
8216 13990
8217 13989
8218 13988
8219 13987
8220 13986
8221 13971
8222 13970
8223 13969
8224 13968
8225 13967
8226 13966
8227 13965
8228 13964
8229 13963
8230 13962
8231 13961
8232 10692
8233 10691
8234 10690
8235 10689
8236 10688
8237 10687
8238 10686
8239 10685
8240 10684
8241 13840
8242 13839
8243 13838
8244 13837
8245 13836
8246 13835
8247 13834
8248 13833
8249 13832
8250 13831
8251 13830
8252 13829
8253 13828
8254 13827
8255 13826
8256 13825
8257 13824
8258 13823
8259 13822
8260 13821
8261 13820
8262 13819
8263 13818
8264 13817
8265 13387
8266 13386
8267 13385
8268 13384
8269 13383
8270 13382
8271 13381
8272 13380
8273 13379
8274 13378
8275 13377
8276 13376
8277 13375
8278 13374
8279 13373
8280 13372
8281 13371
8282 13370
8283 13369
8284 13192
8285 13191
8286 13190
8287 13189
8288 13188
8289 13187
8290 13186
8291 13185
8292 13184
8293 13183
8294 13182
8295 13181
8296 13180
8297 13070
8298 13069
8299 13068
8300 13067
8301 13066
8302 13065
8303 13042
8304 13041
8305 13040
8306 13039
8307 13038
8308 13037
8309 13036
8310 13035
8311 13034
8312 13033
8313 13032
8314 13031
8315 13030
8316 13029
8317 13028
8318 13027
8319 13026
8320 13025
8321 13024
8322 13023
8323 13022
8324 13021
8325 13020
8326 13019
8327 13018
8328 12726
8329 12725
8330 12724
8331 12723
8332 12722
8333 12721
8334 12720
8335 12719
8336 12718
8337 12717
8338 12716
8339 12715
8340 12714
8341 12713
8342 12712
8343 12711
8344 12710
8345 12709
8346 12708
8347 12707
8348 12608
8349 12607
8350 12606
8351 12605
8352 12604
8353 12603
8354 12602
8355 12601
8356 12600
8357 12599
8358 12472
8359 12471
8360 12470
8361 12469
8362 12468
8363 12467
8364 12466
8365 12465
8366 12464
8367 12463
8368 10673
8369 10672
8370 10671
8371 10670
8372 10669
8373 10668
8374 10667
8375 10666
8376 10665
8377 10664
8378 10652
8379 10651
8380 10650
8381 10649
8382 10648
8383 10647
8384 10646
8385 10645
8386 10644
8387 10643
8388 10642
8389 10628
8390 10627
8391 10626
8392 10625
8393 10624
8394 10623
8395 10622
8396 10621
8397 10620
8398 10619
8399 10618
8400 10617
8401 10616
