4
13.750227382823914, 1.3459454569179554, 19.476800624886025
9.119487336142303, 14.783864996536376, 17.347578713998946
-3.0121894071929196, 23.363011768119183, 15.178513822649288
-17.79508544725814, 23.097177084181347, 13.072321970135254
-29.582140442315325, 14.220110976173796, 10.935254115999248
-33.97750557502097, 0.11708955370042218, 8.738046438914605
-29.23047168677609, -13.903293389020464, 6.5311745980446645
-17.131931975712046, -22.49734836163302, 4.331719575659484
-2.2487619578038562, -22.262533057172934, 2.2046426995211683
9.73673932260635, -13.44477314413993, -0.11038103215995365
14.28145826522686, 0.811309704863926, -2.4073971897670607
9.547607975306683, 15.076539831440769, -4.69821602934474
-2.6925873570763867, 23.900311197982912, -7.0286441216419195
-17.855575688624942, 23.878120565627118, -9.443301577024897
-30.149847577688103, 14.90923270385464, -11.859140152107516
-34.81070857834875, 0.3487625097337711, -14.06990361773373
-30.01883869185887, -14.18596645359532, -16.33480995601227
-17.599778269371853, -23.147783113341795, -18.561986514977885
-2.25561407029705, -23.078408768798827, -20.69617797915465
10.205397380260637, -13.877275762963198, -22.878107589060697
14.766840576512317, -0.028027705958892257, -25.00049613712242
3
11.293122149117913, 0.8851702577066205, 19.494691580319895
7.036404592118809, 13.401566770737327, 17.35180914002421
-3.7808926456387812, 20.984397300513674, 15.21441014141034
-17.020882971924433, 20.720102831357327, 13.083658801628314
-27.561458666217824, 12.748114410864465, 10.943696358887411
-31.478362873381474, 0.10740384994582847, 8.802791662559478
-27.198438761502317, -12.452735693668272, 6.660498080281432
-16.331687683505244, -20.13688721471827, 4.526224708487222
-2.9922490034047424, -19.88261839792975, 2.3869425287669825
7.765356034663075, -11.945529949062141, 0.2300859618804314
11.828183179988148, 0.886898265679413, -1.9322890698397772
7.5302595493475755, 13.730245880902705, -4.091752570408486
-3.5433131289573696, 21.67380488190848, -6.274366132079601
-17.287384961563347, 21.638608649772802, -8.48844783093195
-28.463579863130494, 13.459828496136293, -10.716455314766518
-32.62320995395025, 0.15804107980181922, -12.874715304362415
-28.167866428734097, -13.090439670572719, -15.060556155224175
-16.74357977461236, -21.210351020381438, -17.234100592641624
-2.7017375865393456, -21.006014399435184, -19.37097784857607
8.587521378971012, -12.536825701709578, -21.523238267784194
12.746336813899736, 0.5683456130049633, -23.6544265216506
2
8.836016915411912, 0.42439505849528564, 19.512582535753772
4.9533218480953165, 12.019268544938276, 17.356039566049468
-4.549595884084643, 18.605782832908158, 15.250306460171393
-16.246680496590724, 18.34302857853331, 13.094995633121371
-25.540776890120327, 11.276117845555135, 10.952138601775577
-28.979220171741975, 0.09771814619123473, 8.867536886204352
-25.16640583622854, -11.002177998316078, 6.789821562518199
-15.531443391298444, -17.77642606780352, 4.72072984131496
-3.7357360490056295, -17.50270373868656, 2.5692423580127977
5.793972746719799, -10.44628675398435, 0.5705529559208171
9.374908094749436, 0.9624868264949002, -1.4571809499124935
5.512911123388468, 12.383951930364642, -3.4852891114722317
-4.3940389008383525, 19.447298565834053, -5.520088142517281
-16.719194234501746, 19.399096733918483, -7.533594084839001
-26.77731214857289, 12.010424288417946, -9.573770477425523
-30.435711329551747, -0.03268035013013265, -11.679526990991098
-26.316894165609323, -11.994912887550115, -13.786302354436081
-15.887381279852864, -19.272918927421085, -15.906214670305356
-3.147861102781641, -18.93362003007154, -18.045777717997495
6.969645377681386, -11.196375640455956, -20.168368946507687
10.725833051287157, 1.1647189319688191, -22.308356906178783
5
13.804204890647478, 0.9622112237328989, 17.007016329257954
9.340182400964967, 14.443734250320581, 14.880676858666716
-2.654197104612665, 23.210050492127078, 12.709010965930926
-17.41710281839223, 23.208510277345585, 10.603570453198916
-29.34358211915602, 14.533432589830863, 8.466465041803813
-33.91204304469802, 0.5111217282761583, 6.270162061047027
-29.354933268332292, -13.509121670830659, 4.065583802455132
-17.443144635265316, -22.189025122393183, 1.870402151864164
-2.679413297457638, -22.20847863472162, -0.2573925445539158
9.22848294488475, -13.557807170556263, -2.555559709348479
13.800374742180189, 0.42584746370607696, -4.830200835235379
9.274448082900582, 14.407729975059594, -7.0915561742443485
-2.572174571177543, 23.057942340596, -9.379370704870338
-17.211091070120123, 23.07094794037588, -11.719946461400966
-29.00916805761613, 14.510840232239879, -14.047777552649016
-33.60039896745703, 0.6921574544535157, -16.23028102867934
-29.1738726061833, -13.154090758501072, -18.449346516096266
-17.499098837818018, -21.76599606843879, -20.642978637644433
-2.9767768268162285, -21.900958344842074, -22.780292845886745
8.8749756582311, -13.399014036732087, -24.939962036584678
13.367603419554055, -0.09493729444229304, -27.07116233077999
1
8.889994423235477, 0.040660825310229125, 17.042798240125702
5.174016912917981, 11.67913779872248, 14.889137710717238
-4.191603581504389, 18.452821556916053, 12.78080360345303
-15.868697867724814, 18.454361771697545, 10.626244116185035
-25.30221856696102, 11.589439459212201, 8.48334952758014
-28.91375764141903, 0.4917503207669709, 6.399652508336774
-25.29086741778475, -10.608006280126276, 4.324230766928667
-15.842656050851716, -17.46810282856368, 2.2594124175196404
-4.166387388659412, -17.448649316235244, 0.10720711393771376
5.285716368998197, -10.559320780400679, -1.8746257212677082
8.893824571702769, 0.5770245853370513, -3.879984595380812
5.2397512309823675, 11.715142073983467, -5.878629256371841
-4.273626114939509, 18.604929708447138, -7.8708147257456975
-16.07470961599692, 18.591924108667243, -9.810238969215069
-25.636632628500912, 11.612031816803185, -11.762407877967021
-29.225401718660027, 0.31071459458961187, -13.839904401936707
-25.47192807993375, -10.963037192455863, -15.900838914520078
-15.786701848299026, -17.89113188251808, -17.987206792971904
-3.8690238593008197, -17.75616960611479, -20.129892584729593
5.6392236556518505, -10.718113914224848, -22.230223394031665
9.326595894328896, 1.0978093434854181, -24.37902309983636
6
13.858182398471042, 0.5784769905478425, 14.537232033629886
9.56087746578763, 14.103603504104784, 12.413775003334484
-2.296204802032412, 23.057089216134973, 10.239508109212563
-17.03912018952632, 23.31984347050982, 8.13481893626258
-29.105023795996715, 14.846754203487931, 5.997675967608378
-33.84658051437507, 0.9051539028518946, 3.8022776831794496
-29.4793948498885, -13.114949952640856, 1.5999930068655999
-17.754357294818593, -21.880701883153343, -0.5909152719311559
-3.1100646371114204, -22.154424212270303, -2.719427788629001
8.720226567163147, -13.670841196972592, -5.000738386537005
13.319291219133522, 0.04038522254822802, -7.253004480703699
9.001288190494481, 13.73892011867842, -9.484896319143957
-2.4517617852786993, 22.215573483209088, -11.730097288098754
-16.566606451615296, 22.26377531512464, -13.996591345777032
-27.868488537544152, 14.112447760625118, -16.236414953190515
-32.390089356565305, 1.0355523991732603, -18.39065843962495
-28.328906520507726, -12.12221506340682, -20.56388307618026
-17.39841940626418, -20.384209023535785, -22.72397076031098
-3.6979395833354065, -20.723507920885325, -24.864407712618842
7.544553936201567, -12.920752310500978, -27.001816484108655
11.968366262595794, -0.16184688292569394, -29.141828524437567
7
11.401077164765042, 0.11770179133650749, 14.55512298906376
7.477794721764139, 12.721305278305733, 12.418005429359745
-3.064908040478273, 20.678474748529457, 10.275404427973616
-16.26491771419261, 20.942769217685804, 8.146155767755637
-27.084342019899218, 13.374757638178599, 6.006118210496541
-31.347437812735574, 0.8954681990973008, 3.8670229068243227
-27.447361924614725, -11.664392257288663, 1.7293164891023665
-16.95411300261179, -19.52024073623859, -0.39641013910341827
-3.8535516827123066, -19.774509553027116, -2.537127959383186
6.748843279219871, -12.1715980018948, -4.66027139249662
10.86601613389481, 0.11597378336371511, -6.777896360776415
6.983939764535375, 12.392626168140357, -8.878432860207703
-3.302487557159682, 19.989067167134657, -10.975819298536434
-15.998415724553697, 20.02426339927032, -13.041737599684083
-26.182220822986547, 12.663043552906771, -15.09373011584952
-30.202590732166804, 0.8448309692413085, -17.195470126253632
-26.47793425738295, -11.026688280384217, -19.28962927539217
-16.542220911504682, -18.44677693057543, -21.396084837974715
-4.144063099577703, -18.65111355152168, -23.539207582040266
5.9266779349119405, -11.580302249247357, -25.64694716283215
9.947862499983215, 0.4345264360381617, -27.79575890896575
0
8.94397193105904, -0.3430734078748275, 14.573013944497633
5.394711977740647, 11.339007052506684, 12.422235855385006
-3.833611278924135, 18.299860280923948, 10.311300746734668
-15.490715238858904, 18.565694964861784, 8.157492599248696
-25.063660243801717, 11.90276107286927, 6.014560453384706
-28.848295111096082, 0.8857824953427071, 3.931768130469197
-25.41532899934095, -10.213834561936471, 1.8586399713391337
-16.15386871040499, -17.159779589323843, -0.20190500627568087
-4.597038728313194, -17.39459489378393, -2.3548281301373715
4.777459991276595, -10.672354806817012, -4.319804398456235
8.412741048656098, 0.1915623441792022, -6.302788240849132
4.966591338576267, 11.046332217602293, -8.271969401271448
-4.153213329040665, 17.762560851060226, -10.221541308974116
-15.4302249974921, 17.784751483416006, -12.086883853591136
-24.49595310842894, 11.213639345188424, -13.951045278508523
-28.015092107768304, 0.6541095393093568, -16.000281812882314
-24.626961994258178, -9.931161497361614, -18.015375474604074
-15.686022416745187, -16.509344837615075, -20.06819891563845
-4.590186615819999, -16.578719182158036, -22.214007451461686
4.3088019336223145, -10.239852187993737, -24.292077841555646
7.927358737370635, 1.0308997550020171, -26.449689293493936
