1 2343
2 2342
3 2341
4 2340
5 2339
6 2338
7 2337
8 2336
9 2595
10 2594
11 2593
12 2592
13 2591
14 2590
15 2589
16 2588
17 2587
18 2672
19 2671
20 2670
21 2669
22 2668
23 2667
24 2666
25 2665
26 2664
27 2663
28 4370
29 4369
30 4368
31 4367
32 4366
33 4365
34 4364
35 4363
36 4362
37 4361
38 4360
39 4359
40 4358
41 4357
42 4356
43 4355
44 4354
45 4353
46 4352
47 4351
48 4350
49 4349
50 4348
51 4347
52 4346
53 4345
54 4344
55 4343
56 4342
57 4341
58 4340
59 4339
60 4338
61 4337
62 4336
63 4335
64 4334
65 4333
66 4332
67 4331
68 4330
69 4329
70 4328
71 4327
72 4326
73 3686
74 3685
75 3684
76 3683
77 3682
78 3681
79 3680
80 4201
81 4200
82 4199
83 4198
84 4197
85 4196
86 4195
87 4194
88 4193
89 4192
90 4191
91 4190
92 4189
93 4188
94 4187
95 4186
96 4185
97 4184
98 4183
99 4182
100 4181
101 4180
102 4179
103 4178
104 4177
105 4176
106 4175
107 4174
108 4173
109 4172
110 4171
111 4170
112 4169
113 4168
114 3845
115 3844
116 3843
117 3842
118 3841
119 3840
120 3839
121 3838
122 3837
123 3836
124 3835
125 3834
126 3833
127 3832
128 3831
129 3830
130 3829
131 3828
132 3827
133 4057
134 4056
135 4055
136 4054
137 4053
138 4052
139 4051
140 4050
141 4049
142 4048
143 4047
144 4046
145 4045
146 4044
147 4043
148 4042
149 4041
150 4040
151 4039
152 4038
153 4037
154 4036
155 4035
156 4034
157 2295
158 2294
159 2293
160 2292
161 2291
162 2290
163 2289
164 2288
165 2287
166 2286
167 2274
168 2273
169 2272
170 2271
171 2270
172 2269
173 2268
174 2267
175 2266
176 2265
177 2264
178 3959
179 3958
180 3957
181 3956
182 3955
183 3954
184 3953
185 3952
186 3442
187 3441
188 3440
189 3439
190 3438
191 3437
192 3436
193 3435
194 3434
195 3433
196 3432
197 3431
198 3430
199 3429
200 3428
201 3427
202 3426
203 3425
204 3424
205 3352
206 3351
207 3350
208 3349
209 3348
210 3347
211 3346
212 3345
213 3344
214 3343
215 3342
216 3341
217 3340
218 3339
219 3338
220 3218
221 3217
222 3216
223 3215
224 3214
225 3213
226 3212
227 3211
228 3186
229 3185
230 3184
231 3183
232 3182
233 3181
234 3180
235 3179
236 3178
237 3177
238 3176
239 3175
240 3174
241 3050
242 3049
243 3048
244 3047
245 3046
246 3045
247 3044
248 3019
249 3018
250 3017
251 3016
252 3015
253 3014
254 3013
255 3012
256 3011
257 3010
258 3009
259 3008
260 3007
261 3006
262 2928
263 2927
264 2926
265 2925
266 2924
267 2923
268 2922
269 2921
270 2892
271 2891
272 2890
273 2889
274 2888
275 2887
276 2886
277 2885
278 2884
279 2883
280 2882
281 2881
282 2880
283 2775
284 2774
285 2773
286 2772
287 2771
288 2770
289 2769
290 2768
291 2704
292 2703
293 2702
294 2701
295 2700
296 2699
297 2698
298 2697
299 2696
300 2695
301 2694
302 2693
303 2692
304 2691
305 2690
306 2689
307 2688
308 2687
309 2686
310 2685
311 2684
314 2242
315 2241
316 2240
317 2239
318 2238
319 2237
320 2236
321 2235
322 2234
323 2233
324 2232
325 2231
326 2230
327 2229
328 2790
329 2789
330 2788
331 2787
332 2786
333 2785
334 2784
335 2783
336 2782
337 2781
338 2780
339 2779
340 2778
341 2777
342 2776
343 2879
344 2878
345 2877
346 2876
347 2875
348 2874
349 2873
350 2872
351 2871
352 2870
353 2869
354 2868
355 2867
356 2866
357 2865
358 2934
359 2933
360 2932
361 2931
362 2930
363 2929
364 3005
365 3004
366 3003
367 3002
368 3001
369 3000
370 2999
371 2998
372 3063
373 3062
374 3061
375 3060
376 3059
377 3058
378 3057
379 3056
380 3055
381 3054
382 3053
383 3052
384 3051
385 3173
386 3172
387 3171
388 3170
389 3169
390 3168
391 3167
392 3166
393 3165
394 3164
395 3163
396 3162
397 3161
398 3160
399 3225
400 3224
401 3223
402 3222
403 3221
404 3220
405 3219
406 3337
407 3336
408 3335
409 3334
410 3333
411 3332
412 3331
413 3330
414 3329
415 3328
416 3327
417 3326
418 3325
419 3324
420 3323
421 3322
422 3321
423 3320
424 2263
425 2262
426 2261
427 2260
428 2259
429 2258
430 2257
431 2256
432 2255
433 2254
434 3972
435 3971
436 3970
437 3969
438 3968
439 3967
440 3966
441 3965
442 3964
443 3963
444 3962
445 3961
446 3960
447 2285
448 2284
449 2283
450 2282
451 2281
452 2280
453 2279
454 2278
455 2277
456 2276
457 2275
458 2305
459 2304
460 2303
461 2302
462 2301
463 2300
464 2299
465 2298
466 2297
467 2296
468 4033
469 4032
470 4031
471 4030
472 4029
473 4028
474 4027
475 4026
476 4025
477 3878
478 3877
479 3876
480 3875
481 3874
482 3873
483 3872
484 3871
485 3870
486 3869
487 3868
488 3867
489 3866
490 3865
491 3864
492 3863
493 3862
494 3861
495 3860
496 3859
497 3858
498 3857
499 3856
500 3855
501 3854
502 3853
503 3852
504 3851
505 3850
506 3849
507 3848
508 3847
509 3846
510 4167
511 4166
512 4165
513 4164
514 4163
515 4162
516 4161
517 4160
518 4159
519 4158
520 4157
521 4156
522 4155
523 4154
524 4153
525 4152
526 4151
527 4150
528 3709
529 3708
530 3707
531 3706
532 3705
533 3704
534 3703
535 3702
536 3701
537 3700
538 3699
539 3698
540 3697
541 3696
542 3695
543 3694
544 3693
545 3692
546 3691
547 3690
548 3689
549 3688
550 3687
551 4325
552 4324
553 4323
554 4322
555 4321
556 4320
557 4319
558 4318
559 4317
560 4316
561 4315
562 4314
563 4313
564 4312
565 4311
566 4310
567 4309
568 4308
569 4307
570 4306
571 2327
572 2326
573 2325
574 2324
575 2323
576 2322
577 2321
578 2320
579 2319
580 2318
581 3563
582 3562
583 3561
584 3560
585 3559
586 3558
587 3557
588 3556
589 3555
590 3554
591 3553
592 3552
593 3551
594 3550
595 3549
596 3548
597 3547
598 3546
599 3545
600 3544
601 3543
602 2607
603 2606
604 2605
605 2604
606 2603
607 2602
608 2601
609 2600
610 2599
611 2598
612 2597
613 2596
614 2335
615 2334
616 2333
617 2332
618 2331
619 2330
620 2329
621 2328
624 2446
625 2445
626 2444
627 2443
628 2442
629 2441
630 2440
631 2439
632 2438
633 2437
634 2619
635 2618
636 2617
637 2616
638 2615
639 2614
640 2613
641 2612
642 2611
643 2610
644 2609
645 2608
646 3542
647 3541
648 3540
649 3539
650 3538
651 3537
652 3536
653 3535
654 2414
655 2413
656 2412
657 2411
658 2410
659 2409
660 2408
661 2407
662 2406
663 3571
664 3570
665 3569
666 3568
667 3567
668 3566
669 3565
670 3564
671 2317
672 2316
673 2315
674 2314
675 2313
676 2312
677 2311
678 2310
679 2309
680 2308
681 2307
682 2306
683 4305
684 4304
685 4303
686 4302
687 4301
688 4300
689 4299
690 4298
691 4297
692 4296
693 4295
694 4294
695 4293
696 4292
697 4291
698 4290
699 4289
700 4288
701 4287
702 4286
703 4285
704 4284
705 4283
706 4282
707 4281
708 4280
709 4279
710 4278
711 4277
712 4276
713 4275
714 4274
715 4273
716 4272
717 2394
718 2393
719 2392
720 2391
721 2390
722 2389
723 2388
724 2387
725 2386
726 2385
727 3717
728 3716
729 3715
730 3714
731 3713
732 3712
733 3711
734 3710
735 4149
736 4148
737 4147
738 4146
739 4145
740 4144
741 4143
742 4142
743 4141
744 4140
745 4139
746 4138
747 4137
748 4136
749 4135
750 4134
751 4133
752 4132
753 4131
754 4130
755 4129
756 4128
757 4127
758 4126
759 4125
760 4124
761 4123
762 4122
763 4121
764 4120
765 4119
766 4118
767 4117
768 4116
769 4115
770 4114
771 4113
772 4112
773 4111
774 4110
775 4109
776 4108
777 4107
778 4106
779 4105
780 2373
781 2372
782 2371
783 2370
784 2369
785 2368
786 2367
787 2366
788 2365
789 2364
790 3886
791 3885
792 3884
793 3883
794 3882
795 3881
796 3880
797 3879
798 4024
799 4023
800 4022
801 4021
802 4020
803 4019
804 4018
805 4017
806 4016
807 4015
808 4014
809 4013
810 4012
811 4011
812 4010
813 4009
814 4008
815 4007
816 4006
817 4005
818 4004
819 4003
820 4002
821 4001
822 4000
823 3999
824 3998
825 3997
826 3996
827 3995
828 3994
829 3993
830 3992
831 3991
832 3990
833 3989
834 3988
835 3987
836 3986
837 3985
838 3984
839 3983
840 3982
841 3981
842 3980
843 3979
844 3978
845 3977
846 3976
847 3975
848 3974
849 3973
850 2253
851 2252
852 2251
853 2250
854 2249
855 2248
856 2247
857 2246
858 2245
859 2244
860 2243
861 3319
862 3318
863 3317
864 3316
865 3315
866 3314
867 3313
868 3312
869 3311
870 3310
871 3309
872 3245
873 3244
874 3243
875 3242
876 3241
877 3240
878 3239
879 3238
880 3237
881 3236
882 3235
883 3234
884 3233
885 3232
886 3231
887 3230
888 3229
889 3228
890 3227
891 3226
892 3159
893 3158
894 3157
895 3156
896 3155
897 3154
898 3153
899 3152
900 3151
901 3150
902 3149
903 3148
904 3147
905 3146
906 3145
907 2352
908 2351
909 2350
910 2349
911 2348
912 2347
913 2346
914 2345
915 2344
916 3071
917 3070
918 3069
919 3068
920 3067
921 3066
922 3065
923 3064
924 2997
925 2996
926 2995
927 2994
928 2993
929 2992
930 2991
931 2990
932 2989
933 2988
934 2942
935 2941
936 2940
937 2939
938 2938
939 2937
940 2936
941 2935
942 2864
943 2863
944 2862
945 2861
946 2860
947 2859
948 2858
949 2857
950 2856
951 2855
952 2854
953 2853
954 2852
955 2851
956 2850
957 2849
958 2848
959 2807
960 2806
961 2805
962 2804
963 2803
964 2802
965 2801
966 2800
967 2799
968 2798
969 2797
970 2796
971 2795
972 2794
973 2793
974 2792
975 2791
976 2228
977 2227
978 2226
979 2225
980 2224
981 2223
982 2222
983 2221
984 2220
985 2219
986 2218
987 2217
988 2216
989 2215
990 2214
993 2462
994 2461
995 2460
996 2459
997 2458
998 2457
999 2456
1000 2455
1001 1002
1003 2742
1004 2741
1005 2740
1006 2739
1007 2738
1008 2737
1009 2736
1010 2735
1011 1012
1013 2732
1014 2731
1015 2730
1016 2729
1017 2728
1018 2727
1019 2726
1020 2725
1021 1022
1023 2812
1024 2811
1025 2810
1026 2809
1027 2808
1028 2847
1029 2846
1030 1031
1032 2843
1033 2842
1034 2841
1035 2840
1036 2839
1037 2838
1038 1039
1040 2835
1041 2834
1042 2833
1043 2956
1044 2955
1045 2954
1046 2953
1047 2952
1048 1049
1050 2949
1051 2948
1052 2947
1053 2946
1054 2945
1055 1056
1057 2987
1058 2986
1059 2985
1060 2984
1061 1062
1063 2981
1064 3085
1065 3084
1066 3083
1067 1068
1069 3080
1070 3079
1071 3078
1072 3077
1073 1074
1075 3074
1076 3073
1077 3072
1078 2363
1079 1080
1081 2360
1082 2359
1083 2358
1084 2357
1085 1086
1087 2354
1088 2353
1089 3144
1090 3143
1091 1092
1093 3140
1094 3139
1095 3138
1096 3137
1097 3136
1098 3135
1099 3134
1100 3133
1101 3132
1102 1103
1104 3129
1105 3128
1106 3269
1107 3268
1108 1109
1110 3265
1111 3264
1112 3263
1113 3262
1114 3261
1115 1116
1117 3258
1118 3257
1119 3256
1120 3255
1121 1122
1123 3252
1124 3251
1125 3250
1126 3249
1127 3248
1128 1129
1130 3308
1131 3307
1132 3306
1133 3305
1134 3304
1135 1136
1137 2483
1138 2482
1139 2481
1140 2480
1141 1142
1143 2477
1144 2476
1145 2475
1146 2474
1147 3401
1148 1149
1150 3398
1151 3397
1152 3396
1153 3395
1154 3394
1155 3393
1156 1157
1158 3390
1159 3389
1160 3388
1161 3387
1162 3386
1163 1164
1165 3383
1166 3382
1167 3381
1168 3380
1169 2502
1170 1171
1172 2499
1173 2498
1174 2497
1175 2496
1176 1177
1178 2493
1179 2523
1180 2522
1181 2521
1182 2520
1183 1184
1185 2517
1186 2516
1187 2515
1188 2514
1189 2545
1190 1191
1192 2542
1193 2541
1194 2540
1195 2539
1196 2538
1197 1198
1199 2535
1200 2567
1201 2566
1202 2565
1203 2564
1204 2563
1205 2562
1206 2561
1207 2560
1208 2559
1209 1210
1211 3900
1212 3899
1213 3898
1214 3897
1215 3896
1216 1217
1218 3893
1219 3892
1220 3891
1221 3890
1222 3889
1223 1224
1225 2384
1226 2383
1227 2382
1228 2381
1229 2380
1230 1231
1232 2377
1233 2376
1234 2375
1235 2374
1236 4104
1237 1238
1239 4101
1240 4100
1241 4099
1242 4098
1243 1244
1245 4095
1246 4094
1247 4093
1248 4092
1249 4091
1250 1251
1252 3763
1253 3762
1254 3761
1255 3760
1256 3759
1257 3758
1258 3757
1259 3756
1260 3755
1261 3754
1262 1263
1264 3751
1265 3750
1266 3749
1267 3748
1268 3747
1269 1270
1271 3744
1272 3743
1273 3742
1274 3741
1275 3740
1276 1277
1278 3737
1279 3736
1280 3735
1281 3734
1282 1283
1284 3731
1285 3730
1286 3729
1287 3728
1288 3727
1289 1290
1291 3724
1292 3723
1293 3722
1294 3721
1295 3720
1296 1297
1298 2405
1299 2404
1300 2403
1301 2402
1302 1303
1304 2399
1305 2398
1306 2397
1307 2396
1308 2395
1309 1310
1311 4269
1312 4268
1313 4267
1314 4266
1315 4265
1316 1317
1318 4262
1319 4261
1320 4260
1321 4259
1322 1323
1324 4256
1325 3618
1326 3617
1327 3616
1328 3615
1329 1330
1331 3612
1332 3611
1333 3610
1334 3609
1335 1336
1337 3606
1338 3605
1339 3604
1340 3603
1341 1342
1343 3600
1344 3599
1345 3598
1346 3597
1347 1348
1349 3594
1350 3593
1351 3592
1352 3591
1353 3590
1354 1355
1356 3587
1357 3586
1358 3585
1359 3584
1360 3583
1361 1362
1363 3580
1364 3579
1365 3578
1366 3577
1367 3576
1368 3575
1369 3574
1370 3573
1371 3572
1372 1373
1374 2423
1375 2422
1376 2421
1377 2420
1378 2419
1379 2418
1380 2417
1381 1382
1383 3534
1384 3533
1385 3532
1386 3531
1387 3530
1388 3529
1389 2635
1390 2634
1391 1392
1393 2631
1394 2630
1395 2629
1396 2628
1397 2627
1398 2626
1399 2625
1400 2624
1401 2623
1402 1403
1404 2620
1405 2436
1406 2435
1407 2434
1408 2433
1409 2432
1410 2431
1411 2430
1412 1413
1414 2427
1415 2426
1418 2662
1419 2661
1420 2660
1421 2659
1422 2658
1423 2657
1424 1425
1426 2654
1427 2653
1428 2652
1429 2651
1430 2650
1431 2649
1432 2648
1433 2647
1434 1435
1436 2644
1437 2643
1438 2642
1439 2641
1440 2640
1441 2639
1442 2638
1443 1444
1445 4415
1446 4414
1447 4413
1448 4412
1449 4411
1450 4410
1451 4409
1452 1453
1454 4406
1455 4405
1456 4404
1457 4403
1458 4402
1459 4401
1460 1461
1462 4398
1463 4397
1464 4396
1465 4395
1466 4394
1467 4393
1468 4392
1469 1470
1471 4389
1472 3518
1473 3517
1474 3516
1475 3515
1476 1477
1478 3512
1479 3511
1480 3510
1481 3509
1482 1483
1484 3644
1485 3643
1486 3642
1487 3641
1488 1489
1490 3638
1491 3637
1492 3636
1493 3635
1494 1495
1496 3632
1497 3631
1498 3630
1499 3629
1500 1501
1502 3626
1503 3625
1504 3624
1505 3623
1506 1507
1508 3620
1509 3619
1510 4255
1511 1512
1513 4252
1514 4251
1515 4250
1516 4249
1517 1518
1519 4246
1520 4245
1521 4244
1522 4243
1523 4242
1524 4241
1525 4240
1526 4239
1527 4238
1528 1529
1530 4235
1531 4234
1532 4233
1533 4232
1534 1535
1536 4229
1537 4228
1538 4227
1539 4226
1540 1541
1542 4223
1543 4222
1544 4221
1545 4220
1546 1547
1548 3495
1549 3494
1550 3493
1551 3492
1552 1553
1554 3489
1555 3488
1556 3487
1557 3790
1558 3789
1559 1560
1561 3786
1562 3785
1563 3784
1564 3783
1565 1566
1567 3780
1568 3779
1569 3778
1570 3777
1571 1572
1573 3774
1574 3773
1575 3772
1576 3771
1577 3770
1578 3769
1579 3768
1580 3767
1581 3766
1582 1583
1584 4088
1585 4087
1586 4086
1587 4085
1588 1589
1590 4082
1591 4081
1592 4080
1593 4079
1594 1595
1596 4076
1597 4075
1598 4074
1599 4073
1600 1601
1602 4070
1603 4069
1604 4068
1605 4067
1606 1607
1608 3476
1609 3475
1610 3474
1611 3473
1612 3472
1613 1614
1615 3469
1616 3468
1617 3467
1618 3466
1619 1620
1621 3904
1622 3903
1623 3902
1624 3901
1625 1626
1627 2554
1628 2553
1629 2552
1630 2551
1631 2550
1632 2549
1633 2548
1634 2547
1635 2546
1636 1637
1638 2532
1639 2531
1640 2530
1641 2529
1642 1643
1644 2526
1645 2525
1646 2524
1647 2513
1648 2512
1649 1650
1651 2509
1652 2508
1653 2507
1654 2506
1655 1656
1657 2503
1658 2492
1659 2491
1660 2490
1661 1662
1663 2487
1664 2486
1665 2485
1666 2484
1667 1668
1669 3463
1670 3462
1671 3461
1672 3460
1673 1674
1675 3457
1676 3456
1677 3455
1678 3454
1679 1680
1681 3451
1682 3408
1683 3407
1684 3406
1685 3405
1686 3404
1687 3403
1688 3402
1689 2473
1690 1691
1692 2470
1693 2469
1694 2468
1695 2467
1696 2466
1697 1698
1699 2463
1700 3379
1701 3378
1702 3377
1703 1704
1705 3374
1706 3373
1707 3372
1708 3371
1709 1710
1711 3368
1712 3367
1713 3366
1714 3286
1715 1716
1717 3283
1718 3282
1719 3281
1720 3280
1721 1722
1723 3277
1724 3276
1725 3275
1726 3274
1727 3273
1728 1729
1730 3270
1731 3210
1732 3209
1733 3208
1734 1735
1736 3205
1737 3204
1738 3203
1739 3202
1740 3201
1741 3200
1742 3199
1743 3198
1744 3114
1745 1746
1747 3111
1748 3110
1749 3109
1750 3108
1751 1752
1753 3105
1754 3104
1755 3103
1756 3102
1757 1758
1759 3099
1760 3098
1761 3097
1762 3096
1763 1764
1765 3093
1766 3092
1767 3091
1768 1769
1770 3088
1771 3087
1772 3086
1773 3043
1774 1775
1776 3040
1777 3039
1778 3038
1779 3037
1780 2970
1781 1782
1783 2967
1784 2966
1785 2965
1786 2964
1787 1788
1789 2961
1790 2960
1791 2959
1792 2958
1793 2957
1794 2920
1795 2919
1796 2918
1797 1798
1799 2915
1800 2914
1801 2913
1802 2912
1803 2911
1804 2910
1805 1806
1807 2907
1808 2822
1809 2821
1810 2820
1811 2819
1812 2818
1813 2817
1814 1815
1816 2724
1817 2723
1818 2722
1819 2721
1820 2720
1821 2719
1822 2718
1823 2717
1824 1825
1826 2714
1827 2713
1828 2752
1829 2751
1830 2750
1831 2749
1832 2748
1833 2747
1834 1835
1836 2454
1837 2453
1838 2452
1839 2451
1840 2450
1841 2449
1842 2448
1843 2447
1846 2767
1847 2766
1848 2765
1849 2764
1850 2763
1851 2762
1852 2761
1853 2760
1854 2759
1855 2758
1856 2757
1857 2756
1858 2755
1859 2754
1860 2753
1861 2712
1862 2711
1863 2710
1864 2709
1865 2708
1866 2707
1867 2706
1868 2705
1869 2832
1870 2831
1871 2830
1872 2829
1873 2828
1874 2827
1875 2826
1876 2825
1877 2824
1878 2823
1879 2906
1880 2905
1881 2904
1882 2903
1883 2902
1884 2901
1885 2900
1886 2899
1887 2898
1888 2897
1889 2896
1890 2895
1891 2894
1892 2893
1893 2980
1894 2979
1895 2978
1896 2977
1897 2976
1898 2975
1899 2974
1900 2973
1901 2972
1902 2971
1903 3036
1904 3035
1905 3034
1906 3033
1907 3032
1908 3031
1909 3030
1910 3029
1911 3028
1912 3027
1913 3026
1914 3025
1915 3024
1916 3023
1917 3022
1918 3021
1919 3020
1920 3127
1921 3126
1922 3125
1923 3124
1924 3123
1925 3122
1926 3121
1927 3120
1928 3119
1929 3118
1930 3117
1931 3116
1932 3115
1933 3197
1934 3196
1935 3195
1936 3194
1937 3193
1938 3192
1939 3191
1940 3190
1941 3189
1942 3188
1943 3187
1944 3301
1945 3300
1946 3299
1947 3298
1948 3297
1949 3296
1950 3295
1951 3294
1952 3293
1953 3292
1954 3291
1955 3290
1956 3289
1957 3288
1958 3287
1959 3365
1960 3364
1961 3363
1962 3362
1963 3361
1964 3360
1965 3359
1966 3358
1967 3357
1968 3356
1969 3355
1970 3354
1971 3353
1972 3423
1973 3422
1974 3421
1975 3420
1976 3419
1977 3418
1978 3417
1979 3416
1980 3415
1981 3414
1982 3413
1983 3412
1984 3411
1985 3410
1986 3409
1987 3450
1988 3449
1989 3448
1990 3447
1991 3446
1992 3445
1993 3444
1994 3443
1995 3951
1996 3950
1997 3949
1998 3948
1999 3947
2000 3946
2001 3945
2002 3944
2003 3943
2004 3942
2005 3941
2006 3940
2007 3939
2008 3938
2009 3937
2010 3936
2011 3935
2012 3934
2013 3933
2014 3932
2015 3931
2016 3930
2017 3929
2018 3928
2019 3927
2020 3926
2021 3925
2022 3924
2023 3923
2024 3922
2025 3921
2026 3920
2027 3919
2028 3918
2029 3917
2030 3916
2031 3915
2032 3914
2033 3913
2034 3912
2035 3911
2036 3910
2037 3909
2038 3908
2039 3907
2040 3486
2041 3485
2042 3484
2043 3483
2044 3482
2045 3481
2046 3480
2047 3479
2048 3478
2049 3477
2050 4064
2051 4063
2052 4062
2053 4061
2054 4060
2055 4059
2056 4058
2057 3826
2058 3825
2059 3824
2060 3823
2061 3822
2062 3821
2063 3820
2064 3819
2065 3818
2066 3817
2067 3816
2068 3815
2069 3814
2070 3813
2071 3812
2072 3811
2073 3810
2074 3809
2075 3808
2076 3807
2077 3806
2078 3805
2079 3804
2080 3803
2081 3802
2082 3801
2083 3800
2084 3799
2085 3798
2086 3797
2087 3796
2088 3795
2089 3794
2090 3793
2091 3792
2092 3791
2093 3506
2094 3505
2095 3504
2096 3503
2097 3502
2098 3501
2099 3500
2100 3499
2101 3498
2102 4219
2103 4218
2104 4217
2105 4216
2106 4215
2107 4214
2108 4213
2109 4212
2110 4211
2111 4210
2112 4209
2113 4208
2114 4207
2115 4206
2116 4205
2117 4204
2118 4203
2119 4202
2120 3679
2121 3678
2122 3677
2123 3676
2124 3675
2125 3674
2126 3673
2127 3672
2128 3671
2129 3670
2130 3669
2131 3668
2132 3667
2133 3666
2134 3665
2135 3664
2136 3663
2137 3662
2138 3661
2139 3660
2140 3659
2141 3658
2142 3657
2143 3656
2144 3655
2145 3654
2146 3653
2147 3652
2148 3651
2149 3650
2150 3649
2151 3648
2152 3647
2153 3646
2154 3645
2155 3528
2156 3527
2157 3526
2158 3525
2159 3524
2160 3523
2161 3522
2162 3521
2163 3520
2164 3519
2165 4388
2166 4387
2167 4386
2168 4385
2169 4384
2170 4383
2171 4382
2172 4381
2173 4380
2174 4379
2175 4378
2176 4377
2177 4376
2178 4375
2179 4374
2180 4373
2181 4372
2182 4371
2183 2683
2184 2682
2185 2681
2186 2680
2187 2679
2188 2678
2189 2677
2190 2676
2191 2675
2192 2674
2193 2673
2194 2586
2195 2585
2196 2584
2197 2583
2198 2582
2199 2581
2200 2580
2201 2579
2202 2578
2203 2577
2204 2576
2205 2575
2206 2574
2207 2573
2208 2572
2209 2571
2210 2570
2211 2569
2212 2568
