1 2650
2 2649
3 2648
4 2647
5 2646
6 2645
7 2644
8 2643
9 2642
10 4403
11 4402
12 4401
13 4400
14 4399
15 4398
16 4397
17 4396
18 4395
19 4394
20 4393
21 4392
22 4391
23 4390
24 4389
25 4388
26 4387
27 4386
28 4385
29 4384
30 4383
31 4382
32 4381
33 4380
34 4379
35 4378
36 4377
37 4376
38 4375
39 4374
40 4373
41 4372
42 4371
43 4370
44 4369
45 4368
46 4367
47 4366
48 4365
49 4364
50 4363
51 4362
52 4361
53 4360
54 4359
55 4358
56 4357
57 4100
58 4099
59 4098
60 4097
61 4096
62 4095
63 4094
64 4093
65 2620
66 2619
67 2618
68 2617
69 2616
70 2615
71 2614
72 2613
73 2612
74 4060
75 4059
76 4058
77 4057
78 4056
79 4055
80 4054
81 4053
82 4052
83 4051
84 4050
85 4049
86 4048
87 4047
88 3890
89 3889
90 3888
91 3887
92 3886
93 3885
94 3884
95 3883
96 3882
97 3881
98 3880
99 3879
100 3878
101 3877
102 3876
103 3875
104 3874
105 3873
106 3872
107 3871
108 3870
109 3869
110 3868
111 3867
112 3866
113 3865
114 3864
115 3863
116 3862
117 3861
118 2601
119 2600
120 2599
121 2598
122 2597
123 2596
124 2595
125 2594
126 2593
127 3815
128 3814
129 3813
130 3812
131 3811
132 3810
133 3809
134 3808
135 3807
136 3806
137 3805
138 3804
139 3803
140 3802
141 3664
142 3663
143 3662
144 3661
145 3660
146 3659
147 3658
148 3657
149 3656
150 3655
151 3654
152 3653
153 3652
154 3651
155 3650
156 3649
157 3648
158 3647
159 3646
160 3709
161 3708
162 3707
163 3706
164 3705
165 3704
166 3703
167 3702
168 3701
169 3700
170 3699
171 3698
172 3697
173 3403
174 3402
175 3401
176 3400
177 3399
178 3398
179 3397
180 3396
181 3354
182 3353
183 3352
184 3351
185 3350
186 3349
187 3348
188 3347
189 3346
190 3345
191 3344
192 3343
193 3342
194 3244
195 3243
196 3242
197 3241
198 3240
199 3239
200 3238
201 3237
202 3236
203 3235
204 3234
205 3233
206 3232
207 3231
208 3230
209 3229
210 3228
211 3227
212 3226
213 3225
214 3224
215 3088
216 3087
217 3086
218 3085
219 3084
220 3083
221 3082
222 3081
223 2581
224 2580
225 2579
226 2578
227 2577
228 2576
229 2575
230 2574
231 2573
232 2572
233 3133
234 3132
235 3131
236 3130
237 3129
238 3128
239 3127
240 3126
241 3125
242 3124
243 3123
244 3122
245 3121
246 3120
247 2936
248 2935
249 2934
250 2933
251 2932
252 2931
253 2930
254 2929
255 2928
256 2927
257 2926
258 2925
259 2924
260 2923
261 2922
262 2921
263 2920
264 2919
265 2918
266 2917
267 2916
268 2687
269 2686
270 2685
271 2684
272 2683
273 2682
274 2681
275 2680
276 2721
277 2720
278 2719
279 2718
280 2717
281 2716
282 2715
283 2714
284 2713
285 2712
286 2711
287 2710
288 2709
289 2794
290 2793
291 2792
292 2791
293 2790
294 2789
295 2788
296 2787
297 2419
298 2418
299 2417
300 2416
301 2415
302 2414
303 2413
304 2412
305 2411
306 2410
307 2409
308 2408
309 2407
310 2406
311 2405
312 2404
313 2403
314 2402
315 2401
316 2400
317 2399
320 2244
321 2243
322 2242
323 2241
324 2240
325 2239
326 2238
327 2237
328 2236
329 2235
330 2234
331 2233
332 2232
333 2231
334 2809
335 2808
336 2807
337 2806
338 2805
339 2804
340 2803
341 2802
342 2801
343 2800
344 2799
345 2798
346 2797
347 2796
348 2795
349 2708
350 2707
351 2706
352 2705
353 2704
354 2703
355 2702
356 2701
357 2700
358 2699
359 2698
360 2697
361 2696
362 2695
363 2694
364 2693
365 2692
366 2691
367 2690
368 2689
369 2688
370 2915
371 2914
372 2913
373 2912
374 2911
375 2910
376 2909
377 2950
378 2949
379 2948
380 2947
381 2946
382 2945
383 2944
384 2943
385 2942
386 2941
387 2940
388 2939
389 2938
390 2937
391 3119
392 3118
393 3117
394 3116
395 3115
396 3114
397 3113
398 3112
399 3111
400 3110
401 3109
402 3108
403 3107
404 3106
405 3105
406 3104
407 3103
408 3102
409 3101
410 3100
411 3099
412 3098
413 3097
414 3096
415 3095
416 3094
417 3093
418 3092
419 3091
420 3090
421 3089
422 3223
423 3222
424 3221
425 3220
426 3219
427 3218
428 3217
429 3216
430 3257
431 3256
432 3255
433 3254
434 3253
435 3252
436 3251
437 3250
438 3249
439 3248
440 3247
441 3246
442 3245
443 3341
444 3340
445 3339
446 3338
447 3337
448 3336
449 3335
450 3416
451 3415
452 3414
453 3413
454 3412
455 3411
456 3410
457 3409
458 3408
459 3407
460 3406
461 3405
462 3404
463 3696
464 3695
465 3694
466 3693
467 3692
468 3691
469 3690
470 3689
471 3688
472 3687
473 3686
474 3685
475 3684
476 3683
477 3682
478 3681
479 3680
480 3679
481 3678
482 3677
483 3676
484 3675
485 3674
486 3673
487 3672
488 3671
489 3670
490 3669
491 3668
492 3667
493 3666
494 3665
495 3801
496 3800
497 3799
498 3798
499 3797
500 3796
501 3795
502 3794
503 3562
504 3561
505 3560
506 3559
507 3558
508 3557
509 3556
510 3555
511 3554
512 3553
513 3552
514 3551
515 3550
516 3549
517 3548
518 3547
519 3546
520 3545
521 3544
522 3543
523 3542
524 3541
525 3540
526 3539
527 3538
528 3537
529 3536
530 3908
531 3907
532 3906
533 3905
534 3904
535 3903
536 3902
537 3901
538 3900
539 3899
540 3898
541 3897
542 3896
543 3895
544 3894
545 3893
546 3892
547 3891
548 4046
549 4045
550 4044
551 4043
552 4042
553 4041
554 4040
555 4039
556 2264
557 2263
558 2262
559 2261
560 2260
561 2259
562 2258
563 2257
564 2256
565 4114
566 4113
567 4112
568 4111
569 4110
570 4109
571 4108
572 4107
573 4106
574 4105
575 4104
576 4103
577 4102
578 4101
579 4356
580 4355
581 4354
582 4353
583 4352
584 4351
585 4350
586 4349
587 4348
588 4347
589 4346
590 4345
591 4344
592 4343
593 4342
594 4341
595 4340
596 4339
597 4338
598 4337
599 2283
600 2282
601 2281
602 2280
603 2279
604 2278
605 2277
606 2276
607 2275
608 2306
609 2305
610 2304
611 2303
612 2302
613 2301
614 2300
615 2299
616 2298
617 2297
618 2296
619 2327
620 2326
621 2325
622 2324
623 2323
624 2322
625 2321
626 2320
627 2319
628 2318
629 2331
630 2330
631 2329
632 2328
635 2336
636 2335
637 2334
638 2333
639 2332
640 2317
641 2316
642 2315
643 2314
644 2313
645 2312
646 2311
647 2310
648 2309
649 2308
650 2307
651 2295
652 2294
653 2293
654 2292
655 2291
656 2290
657 2289
658 2288
659 2287
660 2286
661 2285
662 2284
663 2274
664 2273
665 2272
666 2271
667 2270
668 2269
669 2268
670 2267
671 2266
672 2265
673 4336
674 4335
675 4334
676 4333
677 4332
678 4331
679 4330
680 4329
681 4328
682 4327
683 4326
684 4325
685 4324
686 4323
687 2387
688 2386
689 2385
690 2384
691 2383
692 2382
693 2381
694 2380
695 2379
696 2378
697 2365
698 2364
699 2363
700 2362
701 2361
702 2360
703 2359
704 2358
705 2357
706 2356
707 4121
708 4120
709 4119
710 4118
711 4117
712 4116
713 4115
714 2255
715 2254
716 2253
717 2252
718 2251
719 2250
720 2249
721 2248
722 2247
723 2246
724 2245
725 4038
726 4037
727 4036
728 4035
729 4034
730 4033
731 4032
732 4031
733 4030
734 4029
735 4028
736 4027
737 4026
738 4025
739 4024
740 4023
741 4022
742 4021
743 4020
744 4019
745 4018
746 4017
747 4016
748 4015
749 3915
750 3914
751 3913
752 3912
753 3911
754 3910
755 3909
756 3535
757 3534
758 3533
759 3532
760 3531
761 3530
762 3529
763 3528
764 3527
765 3526
766 3525
767 3524
768 3523
769 3522
770 2345
771 2344
772 2343
773 2342
774 2341
775 2340
776 2339
777 2338
778 2337
779 3570
780 3569
781 3568
782 3567
783 3566
784 3565
785 3564
786 3563
787 3793
788 3792
789 3791
790 3790
791 3789
792 3788
793 3787
794 3786
795 3785
796 3784
797 3783
798 3782
799 3781
800 3780
801 3779
802 3778
803 3777
804 3776
805 3775
806 3774
807 3773
808 3772
809 3771
810 3770
811 3769
812 3768
813 3767
814 3766
815 3765
816 3764
817 3763
818 3762
819 3761
820 3760
821 3759
822 3758
823 3757
824 3756
825 3755
826 3754
827 3753
828 3752
829 3751
830 3750
831 3749
832 3477
833 3476
834 3475
835 3474
836 3473
837 3472
838 3471
839 3470
840 3469
841 3468
842 3467
843 3466
844 3423
845 3422
846 3421
847 3420
848 3419
849 3418
850 3417
851 3334
852 3333
853 3332
854 3331
855 3330
856 3329
857 3328
858 3327
859 3326
860 3325
861 3324
862 3269
863 3268
864 3267
865 3266
866 3265
867 3264
868 3263
869 3262
870 3261
871 3260
872 3259
873 3258
874 3215
875 3214
876 3213
877 3212
878 3211
879 3210
880 3209
881 3208
882 3207
883 3206
884 3205
885 3204
886 3203
887 3202
888 3201
889 3200
890 3199
891 3198
892 3197
893 3196
894 3195
895 3194
896 3193
897 3192
898 3191
899 3190
900 3189
901 3188
902 3187
903 3186
904 3185
905 3184
906 3183
907 3038
908 3037
909 3036
910 3035
911 3034
912 3033
913 3032
914 3031
915 3030
916 3029
917 3028
918 3027
919 3026
920 3025
921 3024
922 3023
923 3022
924 3021
925 3020
926 3019
927 2961
928 2960
929 2959
930 2958
931 2957
932 2956
933 2955
934 2954
935 2953
936 2952
937 2951
938 2908
939 2907
940 2906
941 2905
942 2904
943 2903
944 2902
945 2901
946 2900
947 2899
948 2898
949 2847
950 2846
951 2845
952 2844
953 2843
954 2842
955 2841
956 2840
957 2839
958 2838
959 2837
960 2836
961 2835
962 2834
963 2833
964 2832
965 2831
966 2830
967 2829
968 2828
969 2827
970 2826
971 2825
972 2824
973 2823
974 2822
975 2821
976 2820
977 2819
978 2818
979 2817
980 2816
981 2815
982 2814
983 2813
984 2812
985 2811
986 2810
987 2230
988 2229
989 2228
990 2227
991 2226
992 2225
993 2224
994 2223
995 2222
996 2221
997 2220
998 2219
999 2218
1000 2217
1001 2216
1004 2471
1005 2470
1006 2469
1007 2468
1008 2467
1009 2466
1010 2465
1011 2464
1012 2463
1013 1014
1015 2460
1016 2459
1017 2458
1018 2457
1019 2456
1020 2455
1021 2454
1022 2453
1023 2452
1024 1025
1026 2449
1027 2448
1028 2447
1029 2446
1030 2445
1031 2444
1032 2443
1033 2767
1034 1035
1036 2764
1037 2763
1038 2762
1039 2761
1040 2760
1041 2759
1042 2758
1043 2757
1044 1045
1046 2754
1047 2753
1048 2752
1049 2751
1050 2750
1051 2749
1052 2748
1053 2747
1054 2855
1055 2854
1056 2853
1057 2852
1058 2851
1059 1060
1061 2848
1062 2897
1063 2896
1064 2895
1065 2894
1066 1067
1068 2891
1069 2890
1070 2889
1071 2888
1072 2887
1073 1074
1075 2974
1076 2973
1077 2972
1078 2971
1079 1080
1081 2968
1082 2967
1083 2966
1084 2965
1085 2964
1086 1087
1088 3018
1089 3017
1090 3016
1091 3015
1092 1093
1094 3012
1095 3011
1096 3052
1097 3051
1098 3050
1099 1100
1101 3047
1102 3046
1103 3045
1104 3044
1105 3043
1106 3042
1107 3041
1108 3040
1109 3039
1110 3182
1111 1112
1113 3179
1114 3178
1115 3177
1116 3176
1117 3175
1118 1119
1120 3172
1121 3171
1122 3170
1123 3169
1124 3168
1125 1126
1127 2491
1128 2490
1129 2489
1130 2488
1131 2487
1132 2486
1133 1134
1135 2483
1136 2482
1137 2510
1138 2509
1139 2508
1140 1141
1142 2505
1143 2504
1144 2503
1145 2502
1146 3285
1147 1148
1149 3282
1150 3281
1151 3280
1152 3279
1153 3278
1154 1155
1156 3275
1157 3274
1158 3273
1159 3272
1160 3271
1161 3270
1162 3323
1163 3322
1164 3321
1165 1166
1167 3318
1168 3317
1169 3437
1170 3436
1171 3435
1172 1173
1174 3432
1175 3431
1176 3430
1177 3429
1178 3428
1179 1180
1181 3425
1182 3424
1183 3465
1184 3464
1185 3463
1186 3462
1187 1188
1189 3459
1190 3484
1191 3483
1192 3482
1193 3481
1194 1195
1196 3478
1197 3748
1198 3747
1199 3746
1200 3745
1201 1202
1203 3742
1204 3741
1205 3740
1206 3739
1207 3738
1208 3737
1209 1210
1211 2531
1212 2530
1213 2529
1214 2528
1215 2527
1216 2526
1217 2525
1218 1219
1220 2522
1221 2551
1222 2550
1223 2549
1224 2548
1225 1226
1227 2545
1228 2544
1229 2543
1230 2542
1231 3597
1232 3596
1233 1234
1235 3593
1236 3592
1237 3591
1238 3590
1239 3589
1240 1241
1242 3586
1243 3585
1244 3584
1245 3583
1246 3582
1247 1248
1249 3579
1250 3578
1251 3577
1252 3576
1253 3575
1254 3574
1255 1256
1257 3571
1258 2355
1259 2354
1260 2353
1261 2352
1262 1263
1264 2349
1265 2348
1266 2347
1267 2346
1268 3521
1269 3520
1270 3519
1271 1272
1273 3516
1274 3515
1275 3514
1276 3513
1277 3512
1278 1279
1280 3509
1281 3508
1282 3507
1283 3506
1284 3923
1285 1286
1287 3920
1288 3919
1289 3918
1290 3917
1291 3916
1292 4014
1293 1294
1295 4011
1296 4010
1297 4009
1298 4008
1299 4007
1300 1301
1302 4004
1303 4003
1304 4002
1305 4001
1306 4000
1307 1308
1309 3997
1310 3996
1311 3995
1312 3994
1313 3993
1314 1315
1316 3990
1317 3989
1318 3988
1319 3987
1320 3986
1321 3985
1322 3984
1323 4139
1324 1325
1326 4136
1327 4135
1328 4134
1329 4133
1330 1331
1332 4130
1333 4129
1334 4128
1335 4127
1336 4126
1337 1338
1339 4123
1340 4122
1341 2377
1342 2376
1343 2375
1344 1345
1346 2372
1347 2371
1348 2370
1349 2369
1350 1351
1352 2366
1353 2398
1354 2397
1355 2396
1356 2395
1357 1358
1359 2392
1360 2391
1361 2390
1362 2389
1363 2388
1364 4322
1365 1366
1367 4319
1368 4318
1369 4317
1370 4316
1371 4315
1372 4314
1373 4313
1374 4312
1375 4311
1376 4310
1377 4309
1378 4308
1379 1380
1381 4305
1382 4304
1383 4303
1384 4302
1385 4301
1386 4300
1387 4299
1388 4298
1389 1390
1391 4295
1392 4294
1393 4293
1394 4292
1395 4291
1396 4290
1397 4289
1398 4288
1399 4287
1400 1401
1402 4284
1403 4283
1404 4282
1405 4281
1406 4280
1407 4279
1408 4278
1409 4277
1410 4276
1411 2561
1412 1413
1414 2558
1415 2557
1416 2556
1417 2555
1418 2554
1419 2553
1420 2552
1423 2571
1424 1425
1426 2568
1427 2567
1428 2566
1429 2565
1430 2564
1431 2563
1432 2562
1433 4419
1434 4418
1435 1436
1437 4415
1438 4414
1439 4413
1440 4412
1441 4411
1442 4265
1443 4264
1444 4263
1445 4262
1446 1447
1448 4259
1449 4258
1450 4257
1451 4256
1452 4255
1453 4244
1454 4243
1455 4242
1456 1457
1458 4239
1459 4238
1460 4237
1461 4236
1462 4235
1463 4234
1464 4223
1465 1466
1467 4220
1468 4219
1469 4218
1470 4217
1471 4216
1472 4215
1473 4214
1474 4213
1475 1476
1477 4185
1478 4184
1479 4183
1480 4182
1481 4181
1482 1483
1484 4178
1485 4177
1486 4176
1487 4175
1488 4174
1489 1490
1491 4171
1492 4170
1493 4169
1494 4168
1495 4167
1496 1497
1498 4164
1499 4163
1500 4162
1501 4161
1502 1503
1504 4158
1505 4157
1506 4156
1507 4155
1508 1509
1510 4152
1511 4151
1512 4150
1513 4149
1514 1515
1516 4146
1517 4145
1518 4144
1519 4143
1520 4142
1521 1522
1523 4092
1524 4091
1525 4090
1526 4089
1527 4088
1528 1529
1530 4085
1531 4084
1532 4083
1533 4082
1534 1535
1536 4079
1537 4078
1538 3948
1539 3947
1540 3946
1541 1542
1543 3943
1544 3942
1545 3941
1546 3940
1547 3939
1548 1549
1550 3936
1551 3935
1552 3934
1553 3933
1554 1555
1556 3930
1557 3929
1558 3928
1559 3927
1560 3926
1561 1562
1563 3860
1564 3859
1565 3858
1566 3857
1567 3856
1568 1569
1570 3853
1571 3852
1572 3851
1573 3850
1574 3849
1575 1576
1577 3846
1578 3845
1579 3844
1580 3843
1581 3842
1582 1583
1584 3839
1585 3838
1586 3837
1587 3836
1588 1589
1590 3833
1591 3832
1592 3831
1593 3830
1594 3829
1595 1596
1597 3826
1598 3825
1599 3824
1600 3614
1601 3613
1602 1603
1604 3610
1605 3609
1606 3608
1607 3607
1608 1609
1610 3604
1611 3603
1612 3602
1613 3601
1614 3600
1615 1616
1617 2541
1618 2540
1619 2539
1620 2538
1621 2537
1622 1623
1624 2534
1625 2533
1626 2532
1627 2521
1628 2520
1629 1630
1631 2517
1632 2516
1633 2515
1634 2514
1635 2513
1636 1637
1638 3734
1639 3733
1640 3732
1641 3731
1642 3730
1643 1644
1645 3727
1646 3726
1647 3725
1648 3724
1649 1650
1651 3492
1652 3491
1653 3490
1654 3489
1655 3488
1656 1657
1658 3485
1659 3458
1660 3457
1661 3456
1662 3455
1663 1664
1665 3452
1666 3451
1667 3450
1668 3449
1669 3448
1670 1671
1672 3445
1673 3444
1674 3443
1675 3442
1676 1677
1678 3439
1679 3438
1680 3395
1681 3394
1682 3393
1683 1684
1685 3390
1686 3389
1687 3388
1688 3387
1689 3386
1690 3385
1691 3384
1692 3383
1693 3382
1694 3381
1695 3292
1696 1697
1698 3289
1699 3288
1700 3287
1701 3286
1702 2501
1703 1704
1705 2498
1706 2497
1707 2496
1708 2495
1709 1710
1711 2492
1712 2481
1713 2480
1714 2479
1715 2478
1716 1717
1718 2475
1719 2474
1720 2473
1721 2472
1722 3165
1723 1724
1725 3162
1726 3161
1727 3160
1728 3159
1729 1730
1731 3156
1732 3155
1733 3154
1734 3153
1735 3152
1736 1737
1738 3149
1739 3148
1740 3147
1741 3146
1742 3145
1743 3144
1744 1745
1746 3060
1747 3059
1748 3058
1749 3057
1750 3056
1751 1752
1753 3053
1754 3010
1755 3009
1756 3008
1757 1758
1759 3005
1760 3004
1761 3003
1762 3002
1763 1764
1765 2999
1766 2998
1767 2997
1768 2996
1769 2983
1770 1771
1772 2980
1773 2979
1774 2978
1775 2977
1776 1777
1778 2884
1779 2883
1780 2882
1781 2881
1782 2880
1783 1784
1785 2866
1786 2865
1787 2864
1788 2863
1789 1790
1791 2860
1792 2859
1793 2858
1794 2857
1795 2856
1796 2746
1797 2745
1798 2744
1799 2743
1800 2742
1801 2741
1802 2740
1803 2739
1804 1805
1806 2736
1807 2735
1808 2734
1809 2775
1810 2774
1811 2773
1812 2772
1813 2771
1814 1815
1816 2768
1817 2442
1818 2441
1819 2440
1820 2439
1821 2438
1822 2437
1823 2436
1824 1825
1826 2433
1827 2432
1828 2431
1829 2430
1830 2429
1831 2665
1832 2664
1833 2663
1834 2662
1835 1836
1837 2659
1838 2658
1839 2657
1840 2656
1841 2655
1842 2654
1843 2653
1844 2652
1845 2651
1848 2679
1849 2678
1850 2677
1851 2676
1852 2675
1853 2674
1854 2673
1855 2672
1856 2671
1857 2670
1858 2669
1859 2668
1860 2667
1861 2666
1862 2428
1863 2427
1864 2426
1865 2425
1866 2424
1867 2423
1868 2422
1869 2421
1870 2420
1871 2786
1872 2785
1873 2784
1874 2783
1875 2782
1876 2781
1877 2780
1878 2779
1879 2778
1880 2777
1881 2776
1882 2733
1883 2732
1884 2731
1885 2730
1886 2729
1887 2728
1888 2727
1889 2726
1890 2725
1891 2724
1892 2723
1893 2722
1894 2879
1895 2878
1896 2877
1897 2876
1898 2875
1899 2874
1900 2873
1901 2872
1902 2871
1903 2870
1904 2869
1905 2995
1906 2994
1907 2993
1908 2992
1909 2991
1910 2990
1911 2989
1912 2988
1913 2987
1914 2986
1915 2985
1916 2984
1917 3080
1918 3079
1919 3078
1920 3077
1921 3076
1922 3075
1923 3074
1924 3073
1925 3072
1926 3071
1927 3070
1928 3069
1929 3068
1930 3067
1931 3066
1932 3065
1933 3064
1934 3063
1935 3062
1936 3061
1937 3141
1938 3140
1939 3139
1940 3138
1941 3137
1942 3136
1943 3135
1944 3134
1945 2592
1946 2591
1947 2590
1948 2589
1949 2588
1950 2587
1951 2586
1952 2585
1953 2584
1954 2583
1955 2582
1956 3316
1957 3315
1958 3314
1959 3313
1960 3312
1961 3311
1962 3310
1963 3309
1964 3308
1965 3307
1966 3306
1967 3305
1968 3304
1969 3303
1970 3302
1971 3301
1972 3300
1973 3299
1974 3298
1975 3297
1976 3296
1977 3295
1978 3294
1979 3293
1980 3380
1981 3379
1982 3378
1983 3377
1984 3376
1985 3375
1986 3374
1987 3373
1988 3372
1989 3371
1990 3370
1991 3369
1992 3368
1993 3367
1994 3366
1995 3365
1996 3364
1997 3363
1998 3362
1999 3361
2000 3360
2001 3359
2002 3358
2003 3357
2004 3356
2005 3355
2006 3505
2007 3504
2008 3503
2009 3502
2010 3501
2011 3500
2012 3499
2013 3498
2014 3497
2015 3496
2016 3495
2017 3494
2018 3493
2019 3721
2020 3720
2021 3719
2022 3718
2023 3717
2024 3716
2025 3715
2026 3714
2027 3713
2028 3712
2029 3711
2030 3710
2031 3645
2032 3644
2033 3643
2034 3642
2035 3641
2036 3640
2037 3639
2038 3638
2039 3637
2040 3636
2041 3635
2042 3634
2043 3633
2044 3632
2045 3631
2046 3630
2047 3629
2048 3628
2049 3627
2050 3626
2051 3625
2052 3624
2053 3623
2054 3622
2055 3621
2056 3620
2057 3619
2058 3618
2059 3617
2060 3616
2061 3615
2062 3823
2063 3822
2064 3821
2065 3820
2066 3819
2067 3818
2068 3817
2069 3816
2070 2611
2071 2610
2072 2609
2073 2608
2074 2607
2075 2606
2076 2605
2077 2604
2078 2603
2079 2602
2080 3983
2081 3982
2082 3981
2083 3980
2084 3979
2085 3978
2086 3977
2087 3976
2088 3975
2089 3974
2090 3973
2091 3972
2092 3971
2093 3970
2094 3969
2095 3968
2096 3967
2097 3966
2098 3965
2099 3964
2100 3963
2101 3962
2102 3961
2103 3960
2104 3959
2105 3958
2106 3957
2107 3956
2108 3955
2109 3954
2110 3953
2111 3952
2112 3951
2113 3950
2114 3949
2115 4077
2116 4076
2117 4075
2118 4074
2119 4073
2120 4072
2121 4071
2122 4070
2123 4069
2124 4068
2125 4067
2126 4066
2127 4065
2128 4064
2129 4063
2130 4062
2131 4061
2132 2631
2133 2630
2134 2629
2135 2628
2136 2627
2137 2626
2138 2625
2139 2624
2140 2623
2141 2622
2142 2621
2143 4212
2144 4211
2145 4210
2146 4209
2147 4208
2148 4207
2149 4206
2150 4205
2151 4204
2152 4203
2153 4202
2154 4201
2155 4200
2156 4199
2157 4198
2158 4197
2159 4196
2160 4195
2161 4194
2162 4193
2163 4192
2164 4191
2165 4190
2166 4189
2167 4188
2168 4233
2169 4232
2170 4231
2171 4230
2172 4229
2173 4228
2174 4227
2175 4226
2176 4225
2177 4224
2178 4254
2179 4253
2180 4252
2181 4251
2182 4250
2183 4249
2184 4248
2185 4247
2186 4246
2187 4245
2188 4275
2189 4274
2190 4273
2191 4272
2192 4271
2193 4270
2194 4269
2195 4268
2196 4267
2197 4266
2198 4410
2199 4409
2200 4408
2201 4407
2202 4406
2203 4405
2204 4404
2205 2641
2206 2640
2207 2639
2208 2638
2209 2637
2210 2636
2211 2635
2212 2634
2213 2633
2214 2632
