1 9633
2 9632
3 9631
4 9630
5 9629
6 7
8 9626
9 9625
10 9624
11 9623
12 9622
13 9621
14 9620
15 9619
16 17
18 9616
19 9615
20 9614
21 9613
22 9612
23 9611
24 9610
25 9609
26 27
28 9606
29 9605
30 9604
31 9603
32 9602
33 9601
34 9600
35 36
37 9597
38 9596
39 9595
40 9594
41 9593
42 9592
43 44
45 12451
46 12450
47 12449
48 12448
49 12447
50 12446
51 12445
52 12444
53 12443
54 55
56 12440
57 9991
58 9990
59 9989
60 61
62 9986
63 9985
64 9984
65 9983
66 67
68 9980
69 12390
70 12389
71 12388
72 73
74 12385
75 12384
76 12383
77 12382
78 79
80 12379
81 12147
82 12146
83 84
85 12143
86 12142
87 12141
88 12140
89 90
91 12137
92 12136
93 12135
94 12134
95 96
97 12131
98 12130
99 12129
100 101
102 12126
103 12125
104 12124
105 12123
106 12122
107 12121
108 12120
109 12119
110 9971
111 112
113 9968
114 9967
115 9966
116 9965
117 118
119 9962
120 9952
121 9951
122 9950
123 124
125 9947
126 9946
127 9945
128 9944
129 130
131 12280
132 12279
133 12278
134 12277
135 136
137 12274
138 12273
139 12272
140 12271
141 142
143 12268
144 12267
145 12266
146 9227
147 9226
148 149
150 9223
151 9222
152 9221
153 9220
154 155
156 9217
157 9208
158 9207
159 9206
160 9205
161 9204
162 163
164 9201
165 10522
166 10521
167 10520
168 169
170 10517
171 10516
172 10515
173 11781
174 11780
175 176
177 11777
178 11776
179 11775
180 11774
181 182
183 11771
184 11770
185 11769
186 11768
187 11807
188 189
190 11804
191 11803
192 11802
193 11801
194 11800
195 196
197 10690
198 10689
199 10688
200 10687
201 202
203 10684
204 10683
205 10682
206 10681
207 10755
208 209
210 10752
211 10751
212 10750
213 10749
214 9932
215 9931
216 217
218 9928
219 9927
220 9926
221 9925
222 9924
223 224
225 9912
226 9911
227 9910
228 9909
229 230
231 9906
232 9905
233 9904
234 9903
235 9902
236 237
238 10484
239 10483
240 10482
241 10481
242 243
244 10478
245 10477
246 10476
247 10475
248 10474
249 250
251 11015
252 11014
253 11013
254 11012
255 11011
256 257
258 11008
259 11007
260 11006
261 11005
262 263
264 11002
265 11001
266 11000
267 10999
268 10998
269 10997
270 11177
271 11176
272 11175
273 11174
274 11173
275 276
277 11170
278 11169
279 11168
280 11167
281 282
283 11164
284 11163
285 11162
286 11161
287 288
289 11158
290 11157
291 9101
292 9100
293 294
295 9097
296 9096
297 9095
298 9094
299 300
301 9091
302 10231
303 10230
304 10229
305 306
307 10226
308 10225
309 10224
310 10223
311 312
313 10220
314 10219
315 10218
316 10217
317 318
319 10214
320 10213
321 10183
322 10182
323 10181
324 10180
325 10179
326 327
328 10176
329 10175
330 10174
331 332
333 10069
334 10068
335 10067
336 337
338 10064
339 10063
340 10062
341 342
343 10059
344 10058
345 10057
346 347
348 10054
349 10053
350 10052
351 352
353 9890
354 9889
355 9888
356 9887
357 358
359 9884
360 9883
361 9882
362 363
364 7418
365 7417
366 7416
367 368
369 7413
370 7412
371 7411
372 7410
373 374
375 7481
376 7480
377 7479
378 7478
379 7477
380 7476
381 7475
382 7474
383 7473
384 385
386 7470
387 7469
388 7468
389 7467
390 7466
391 392
393 7463
394 7462
395 7461
396 7460
397 7459
398 7458
399 400
401 7455
402 9864
403 9863
404 9862
405 9861
406 9860
407 408
409 9857
410 9856
411 9855
412 9854
413 9853
414 415
416 9850
417 10014
418 10013
419 10012
420 10011
421 10010
422 423
424 10007
425 10006
426 10005
427 10004
428 10003
429 10002
432 10027
433 10026
434 10025
435 10024
436 10023
437 10022
438 439
440 10019
441 10018
442 10017
443 10016
444 10015
445 9849
446 447
448 9846
449 9845
450 9844
451 9843
452 9842
453 9841
454 455
456 7636
457 7635
458 7634
459 7633
460 7632
461 462
463 7629
464 7628
465 7627
466 7626
467 7625
468 7624
469 470
471 7621
472 7620
473 7619
474 7618
475 7617
476 477
478 7614
479 7613
480 7488
481 7487
482 7486
483 7485
484 7484
485 7483
486 7482
487 488
489 7405
490 7404
491 7403
492 7402
493 494
495 7399
496 7398
497 7397
498 499
500 7394
501 7393
502 7392
503 504
505 9088
506 9087
507 9086
508 509
510 9083
511 9082
512 9081
513 514
515 9078
516 9077
517 9076
518 519
520 10079
521 10078
522 10077
523 524
525 10074
526 10073
527 10072
528 529
530 10171
531 10170
532 10169
533 534
535 10166
536 10165
537 10164
538 10163
539 10162
540 10161
541 10160
542 10159
543 544
545 10247
546 10246
547 10245
548 549
550 10242
551 10241
552 10240
553 10239
554 555
556 10236
557 10235
558 10234
559 560
561 9111
562 9110
563 9109
564 9108
565 566
567 9105
568 9104
569 9103
570 9102
571 572
573 11154
574 11153
575 11152
576 11151
577 578
579 11148
580 11147
581 11189
582 583
584 11186
585 11185
586 11184
587 11183
588 589
590 11180
591 11179
592 11178
593 10996
594 10995
595 10994
596 10993
597 10992
598 599
600 10989
601 10988
602 10987
603 10986
604 605
606 10983
607 11024
608 11023
609 11022
610 611
612 11019
613 11018
614 10473
615 10472
616 617
618 10469
619 10468
620 10467
621 10466
622 623
624 9168
625 9167
626 9166
627 9165
628 629
630 9162
631 9161
632 9160
633 9159
634 635
636 9156
637 9155
638 10774
639 10773
640 641
642 10770
643 10769
644 10768
645 10767
646 647
648 10764
649 10763
650 10762
651 10761
652 10760
653 10759
654 655
656 10756
657 10680
658 10679
659 10678
660 661
662 10675
663 10674
664 10673
665 10672
666 667
668 11816
669 11815
670 11814
671 11813
672 673
674 11810
675 11809
676 11808
677 11767
678 679
680 11764
681 11763
682 11762
683 11761
684 685
686 10536
687 10535
688 10534
689 690
691 10531
692 10530
693 10529
694 10528
695 696
697 10525
698 10524
699 10523
700 9216
701 702
703 9213
704 9212
705 9211
706 9210
707 9209
708 9238
709 710
711 9235
712 9234
713 9233
714 715
716 9230
717 9229
718 9228
719 12265
720 721
722 12262
723 12261
724 12260
725 12259
726 727
728 12256
729 12255
730 12254
731 12253
732 733
734 12250
735 12249
736 12248
737 738
739 9451
740 9450
741 9449
742 9448
743 744
745 9445
746 9444
747 9443
748 9442
749 750
751 9439
752 9438
753 9437
754 755
756 9434
757 9433
758 9432
759 9431
760 9430
761 12171
762 12170
763 764
765 12167
766 12166
767 12165
768 12164
769 770
771 12161
772 12160
773 12159
774 775
776 12156
777 12155
778 12154
779 780
781 12151
782 12150
783 12149
784 12148
785 786
787 12376
788 12375
789 12374
790 791
792 12371
793 12370
794 12369
795 796
797 12366
798 12365
799 12364
800 12474
801 802
803 12471
804 12470
805 12469
806 12468
807 808
809 12465
810 12464
811 12463
812 12462
813 814
815 12459
816 12458
817 12457
818 12456
819 12455
820 12454
821 822
823 9589
824 9588
825 9587
826 9586
827 9585
828 9584
829 830
831 9581
832 9580
833 9579
834 9578
835 9577
836 9576
837 838
839 9573
840 9572
841 9571
842 9570
843 9569
844 9568
845 9567
846 847
848 9564
849 9563
850 9562
851 9561
852 9703
853 9702
854 9701
855 856
857 9698
858 9697
859 9696
860 9695
861 9694
862 9693
863 9692
864 865
866 9689
869 8831
870 8830
871 8829
872 8828
873 8827
874 875
876 8824
877 8823
878 8822
879 8821
880 8820
881 8819
882 883
884 8757
885 8756
886 8755
887 8754
888 8753
889 8752
890 8751
891 892
893 13134
894 13133
895 13132
896 13131
897 13130
898 13129
899 900
901 13126
902 13125
903 13124
904 13123
905 13122
906 907
908 13119
909 13118
910 13117
911 13116
912 13115
913 914
915 13112
916 13111
917 13110
918 13109
919 13108
920 13107
921 13106
922 13105
923 13104
924 13103
925 926
927 13100
928 13099
929 13098
930 931
932 12518
933 12517
934 12516
935 12515
936 937
938 12512
939 12511
940 12510
941 942
943 12507
944 12506
945 12505
946 947
948 12754
949 12753
950 12752
951 952
953 12749
954 12748
955 12747
956 957
958 12744
959 12743
960 12742
961 962
963 12739
964 12738
965 12737
966 967
968 12734
969 12733
970 12732
971 972
973 12729
974 12728
975 12727
976 12726
977 12725
978 979
980 12722
981 12721
982 12720
983 9272
984 985
986 9269
987 9268
988 9267
989 990
991 9264
992 9263
993 9262
994 995
996 9259
997 9258
998 9257
999 12001
1000 1001
1002 11998
1003 11997
1004 11996
1005 1006
1007 11993
1008 11992
1009 11991
1010 11990
1011 1012
1013 11987
1014 11986
1015 11985
1016 1017
1018 11982
1019 11981
1020 11980
1021 1022
1023 11977
1024 11976
1025 11975
1026 11974
1027 1028
1029 11971
1030 11970
1031 11969
1032 11968
1033 11967
1034 1035
1036 10574
1037 10573
1038 10572
1039 1040
1041 10569
1042 10568
1043 10567
1044 1045
1046 10564
1047 10563
1048 10562
1049 10561
1050 1051
1052 11834
1053 11833
1054 11832
1055 1056
1057 11829
1058 11828
1059 11827
1060 11826
1061 1062
1063 11823
1064 11822
1065 11821
1066 1067
1068 11818
1069 11817
1070 10669
1071 10668
1072 1073
1074 10665
1075 10664
1076 10663
1077 1078
1079 10795
1080 10794
1081 10793
1082 10792
1083 1084
1085 10789
1086 10788
1087 10787
1088 10786
1089 10785
1090 1091
1092 10782
1093 10781
1094 10780
1095 1096
1097 10777
1098 10776
1099 10775
1100 9154
1101 1102
1103 9151
1104 9150
1105 9149
1106 1107
1108 9146
1109 9145
1110 9144
1111 9143
1112 1113
1114 10954
1115 10953
1116 10952
1117 1118
1119 10949
1120 11036
1121 11035
1122 11034
1123 1124
1125 11031
1126 11030
1127 11029
1128 1129
1130 11026
1131 11025
1132 10982
1133 10981
1134 1135
1136 10978
1137 10977
1138 10976
1139 1140
1141 11112
1142 11111
1143 11110
1144 11109
1145 11108
1146 11107
1147 1148
1149 8272
1150 8271
1151 8270
1152 8269
1153 1154
1155 8266
1156 8265
1157 8264
1158 1159
1160 8250
1161 8249
1162 8248
1163 8247
1164 1165
1166 8244
1167 8243
1168 8242
1169 1170
1171 8229
1172 8228
1173 8227
1174 1175
1176 8224
1177 8223
1178 8222
1179 8221
1180 1181
1182 10260
1183 10259
1184 10258
1185 1186
1187 10255
1188 10254
1189 10253
1190 1191
1192 10250
1193 10249
1194 10248
1195 10156
1196 1197
1198 10153
1199 10152
1200 10151
1201 10150
1202 1203
1204 8673
1205 8672
1206 8671
1207 1208
1209 8668
1210 8667
1211 8666
1212 1213
1214 8480
1215 8479
1216 8478
1217 1218
1219 8850
1220 8849
1221 8848
1222 1223
1224 8845
1225 8844
1226 1227
1228 8841
1229 8840
1230 8839
1231 1232
1233 8836
1234 8835
1235 8834
1236 1237
1238 7391
1239 7390
1240 7389
1241 1242
1243 7386
1244 7505
1245 7504
1246 7503
1247 1248
1249 7500
1250 7499
1251 7498
1252 1253
1254 7495
1255 7494
1256 7493
1257 7492
1258 7491
1259 7490
1260 7489
1261 7612
1262 7611
1263 1264
1265 7608
1266 7607
1267 7606
1268 7605
1269 7604
1270 1271
1272 7601
1273 7600
1274 7599
1275 7164
1276 7163
1277 1278
1279 7160
1280 7159
1281 7158
1282 7157
1283 7156
1284 7155
1285 1286
1287 7152
1288 7151
1289 7150
1290 7149
1291 7148
1292 7147
1293 1294
1295 7144
1296 7007
1297 7006
1298 7005
1299 7004
1300 7003
1301 1302
1303 7000
1304 6999
1305 6998
1306 6997
1307 6996
1308 6995
1311 7020
1312 7019
1313 7018
1314 7017
1315 7016
1316 7015
1317 1318
1319 7012
1320 7011
1321 7010
1322 7009
1323 7008
1324 7143
1325 1326
1327 7140
1328 7139
1329 7138
1330 7137
1331 7136
1332 7135
1333 1334
1335 7132
1336 7131
1337 7130
1338 7171
1339 7170
1340 7169
1341 1342
1343 7166
1344 7165
1345 7598
1346 7597
1347 7596
1348 1349
1350 7593
1351 7592
1352 7591
1353 7590
1354 7589
1355 1356
1357 7586
1358 7585
1359 7584
1360 7583
1361 7520
1362 7519
1363 7518
1364 7517
1365 7516
1366 1367
1368 7513
1369 7512
1370 7511
1371 1372
1373 7508
1374 7507
1375 7506
1376 1377
1378 7383
1379 7382
1380 7381
1381 1382
1383 7378
1384 7377
1385 8400
1386 1387
1388 8397
1389 8396
1390 8395
1391 1392
1393 8392
1394 8391
1395 8390
1396 1397
1398 8387
1399 8386
1400 8385
1401 1402
1403 8487
1404 8486
1405 1406
1407 8483
1408 8665
1409 8664
1410 1411
1412 8661
1413 8660
1414 8659
1415 1416
1417 8656
1418 8655
1419 8654
1420 8653
1421 8652
1422 1423
1424 10278
1425 10277
1426 10276
1427 1428
1429 10273
1430 10272
1431 10271
1432 1433
1434 10268
1435 10267
1436 10266
1437 1438
1439 10263
1440 8239
1441 8238
1442 8237
1443 1444
1445 8234
1446 8233
1447 8232
1448 1449
1450 8261
1451 8260
1452 8259
1453 1454
1455 8256
1456 8255
1457 8254
1458 1459
1460 8251
1461 8283
1462 8282
1463 1464
1465 8279
1466 8278
1467 8277
1468 1469
1470 8274
1471 8273
1472 11104
1473 1474
1475 11101
1476 11100
1477 11099
1478 11098
1479 11097
1480 1481
1482 11094
1483 11093
1484 11092
1485 1486
1487 11089
1488 11088
1489 11087
1490 1491
1492 11046
1493 11045
1494 11044
1495 1496
1497 11041
1498 11040
1499 11039
1500 1501
1502 10948
1503 10947
1504 10946
1505 1506
1507 10943
1508 10834
1509 10833
1510 1511
1512 10830
1513 10829
1514 10828
1515 1516
1517 10825
1518 10824
1519 10823
1520 1521
1522 10820
1523 10819
1524 10818
1525 1526
1527 10815
1528 10814
1529 10813
1530 1531
1532 10810
1533 10809
1534 10808
1535 10807
1536 10806
1537 1538
1539 10803
1540 10802
1541 10801
1542 1543
1544 10798
1545 10662
1546 10661
1547 1548
1549 10658
1550 10657
1551 10656
1552 1553
1554 10653
1555 10652
1556 10651
1557 1558
1559 10648
1560 10647
1561 10646
1562 1563
1564 10643
1565 10642
1566 10641
1567 1568
1569 10638
1570 10594
1571 10593
1572 1573
1574 10590
1575 10589
1576 10588
1577 1578
1579 10585
1580 10584
1581 10583
1582 10582
1583 1584
1585 10579
1586 10578
1587 10577
1588 1589
1590 11964
1591 11963
1592 11962
1593 11961
1594 1595
1596 11958
1597 11957
1598 11956
1599 1600
1601 11953
1602 11952
1603 11951
1604 1605
1606 8322
1607 8321
1608 8320
1609 1610
1611 8317
1612 8316
1613 8315
1614 1615
1616 8312
1617 8311
1618 8310
1619 1620
1621 8307
1622 9290
1623 9289
1624 1625
1626 9286
1627 9285
1628 9284
1629 1630
1631 9281
1632 9280
1633 9279
1634 9278
1635 1636
1637 9275
1638 9274
1639 9273
1640 1641
1642 12717
1643 12716
1644 1645
1646 12713
1647 12712
1648 8351
1649 8350
1650 8349
1651 1652
1653 8346
1654 8345
1655 8344
1656 1657
1658 12664
1659 12663
1660 1661
1662 12660
1663 12659
1664 12550
1665 1666
1667 12547
1668 12546
1669 12545
1670 1671
1672 12542
1673 12541
1674 12540
1675 1676
1677 12537
1678 12536
1679 1680
1681 12533
1682 12532
1683 12531
1684 1685
1686 12528
1687 12527
1688 12526
1689 1690
1691 12523
1692 12522
1693 12521
1694 1695
1696 13095
1697 13094
1698 13093
1699 13092
1700 1701
1702 13089
1703 13088
1704 13087
1705 13086
1706 13085
1707 13084
1708 13083
1709 1710
1711 13080
1712 13079
1713 13078
1714 13077
1715 13076
1716 1717
1718 13073
1719 13072
1720 13071
1721 13146
1722 13145
1723 1724
1725 13142
1726 13141
1727 13140
1728 13139
1729 13138
1730 1731
1732 13135
1733 8748
1734 8747
1735 8746
1736 8745
1737 8744
1738 1739
1740 8741
1741 8740
1742 8739
1743 8738
1744 8737
1745 8700
1746 1747
1748 8697
1749 8696
1750 8695
1751 8694
1752 8693
1753 8692
1754 1755
1756 8689
1759 7858
1760 7857
1761 7856
1762 7855
1763 7854
1764 1765
1766 7851
1767 7850
1768 7849
1769 7848
1770 7847
1771 1772
1773 7844
1774 7843
1775 7842
1776 7841
1777 7840
1778 13016
1779 1780
1781 13013
1782 13012
1783 13011
1784 13010
1785 13009
1786 1787
1788 13006
1789 13005
1790 13004
1791 13003
1792 13002
1793 1794
1795 12999
1796 12998
1797 12997
1798 12996
1799 1800
1801 12993
1802 12992
1803 12991
1804 12990
1805 1806
1807 12987
1808 12986
1809 12985
1810 12984
1811 12983
1812 12982
1813 1814
1815 12979
1816 12978
1817 12977
1818 1819
1820 12974
1821 12973
1822 12972
1823 1824
1825 12969
1826 12968
1827 12967
1828 1829
1830 12964
1831 12963
1832 1833
1834 12960
1835 12959
1836 12958
1837 1838
1839 12955
1840 12954
1841 12562
1842 1843
1844 12559
1845 12558
1846 1847
1848 12555
1849 12554
1850 12553
1851 1852
1853 12658
1854 12657
1855 1856
1857 12654
1858 12653
1859 12652
1860 1861
1862 6831
1863 6830
1864 1865
1866 6827
1867 6826
1868 6825
1869 6824
1870 1871
1872 6821
1873 6820
1874 1875
1876 6817
1877 6816
1878 6815
1879 1880
1881 6812
1882 6811
1883 9303
1884 1885
1886 9300
1887 9299
1888 9298
1889 1890
1891 9295
1892 9294
1893 9293
1894 1895
1896 8306
1897 8305
1898 1899
1900 8302
1901 8301
1902 8300
1903 1904
1905 8297
1906 8296
1907 8295
1908 1909
1910 8071
1911 8070
1912 8069
1913 1914
1915 8066
1916 8065
1917 8064
1918 1919
1920 8061
1921 8060
1922 1923
1924 8057
1925 6778
1926 6777
1927 6776
1928 1929
1930 6773
1931 6772
1932 6771
1933 1934
1935 10608
1936 10607
1937 10606
1938 1939
1940 10603
1941 10602
1942 1943
1944 10599
1945 10598
1946 10597
1947 1948
1949 10637
1950 10636
1951 10635
1952 1953
1954 10632
1955 10631
1956 11606
1957 1958
1959 11603
1960 11602
1961 1962
1963 11599
1964 11598
1965 11597
1966 1967
1968 11594
1969 11593
1970 11592
1971 1972
1973 11589
1974 11588
1975 11587
1976 1977
1978 6754
1979 6753
1980 6752
1981 1982
1983 6749
1984 6748
1985 6747
1986 6746
1987 1988
1989 6734
1990 6733
1991 1992
1993 6730
1994 6729
1995 6728
1996 1997
1998 10848
1999 10847
2000 10846
2001 2002
2003 10843
2004 10842
2005 10841
2006 2007
2008 10838
2009 10837
2010 2011
2012 10942
2013 10941
2014 10940
2015 2016
2017 10937
2018 10936
2019 10935
2020 2021
2022 10932
2023 10931
2024 10930
2025 2026
2027 7990
2028 7989
2029 2030
2031 7986
2032 7985
2033 7984
2034 2035
2036 7981
2037 7980
2038 7979
2039 2040
2041 6714
2042 6713
2043 6712
2044 6711
2045 6710
2046 6709
2047 6708
2048 2049
2050 6695
2051 6694
2052 2053
2054 6691
2055 6690
2056 6689
2057 2058
2059 6686
2060 6674
2061 6673
2062 2063
2064 6670
2065 6669
2066 6668
2067 2068
2069 6665
2070 10304
2071 10303
2072 2073
2074 10300
2075 10299
2076 10298
2077 2078
2079 10295
2080 10294
2081 2082
2083 10291
2084 10290
2085 10289
2086 2087
2088 10286
2089 10285
2090 10284
2091 2092
2093 10281
2094 10280
2095 10279
2096 2097
2098 8647
2099 8646
2100 8645
2101 8644
2102 8643
2103 8642
2104 2105
2106 8639
2107 8638
2108 8637
2109 2110
2111 8634
2112 8495
2113 2114
2115 8492
2116 8491
2117 8490
2118 2119
2120 8382
2121 8381
2122 8380
2123 2124
2125 8377
2126 8376
2127 8375
2128 2129
2130 8987
2131 8986
2132 2133
2134 8983
2135 8982
2136 8981
2137 2138
2139 8978
2140 8977
2141 8976
2142 2143
2144 7535
2145 7534
2146 7533
2147 2148
2149 7530
2150 7529
2151 7528
2152 2153
2154 7525
2155 7524
2156 7523
2157 7522
2158 7521
2159 7582
2160 7581
2161 7580
2162 7579
2163 2164
2165 7576
2166 7575
2167 7574
2168 7573
2169 7572
2170 2171
2172 7569
2173 7568
2174 7567
2175 7178
2176 7177
2177 2178
2179 7174
2180 7173
2181 7172
2182 7129
2183 7128
2184 2185
2186 7125
2187 7124
2188 7123
2189 7122
2190 7121
2191 7120
2192 7119
2193 2194
2195 7116
2196 7067
2197 7066
2198 7065
2199 7064
2200 7063
2201 2202
2203 7060
2204 7059
2205 7058
2206 7057
2207 7056
2208 7055
2211 7080
2212 7079
2213 7078
2214 7077
2215 7076
2216 7075
2217 2218
2219 7072
2220 7071
2221 7070
2222 7069
2223 7068
2224 7115
2225 7114
2226 2227
2228 7111
2229 7110
2230 7109
2231 7108
2232 7107
2233 7106
2234 2235
2236 7187
2237 7186
2238 7185
2239 7184
2240 7183
2241 2242
2243 7180
2244 7179
2245 7566
2246 7565
2247 7564
2248 2249
2250 7561
2251 7560
2252 7559
2253 7558
2254 7557
2255 2256
2257 7554
2258 7553
2259 7552
2260 7551
2261 7550
2262 7549
2263 7548
2264 7547
2265 7546
2266 2267
2268 7543
2269 7542
2270 7541
2271 2272
2273 7538
2274 7537
2275 7536
2276 2277
2278 8971
2279 8970
2280 2281
2282 8967
2283 8966
2284 8965
2285 2286
2287 6662
2288 6661
2289 6660
2290 2291
2292 6657
2293 6656
2294 6655
2295 2296
2297 6652
2298 8505
2299 2300
2301 8502
2302 8501
2303 8500
2304 2305
2306 8497
2307 8496
2308 2309
2310 8631
2311 8630
2312 8629
2313 2314
2315 8626
2316 8625
2317 8624
2318 8623
2319 8622
2320 8621
2321 8620
2322 2323
2324 8617
2325 8616
2326 8615
2327 2328
2329 8612
2330 8611
2331 2332
2333 8608
2334 8607
2335 8606
2336 2337
2338 10316
2339 10315
2340 10314
2341 2342
2343 10311
2344 10310
2345 2346
2347 10307
2348 10306
2349 10305
2350 2351
2352 6683
2353 6682
2354 2355
2356 6679
2357 6678
2358 6677
2359 2360
2361 6705
2362 6704
2363 2364
2365 6701
2366 6700
2367 6699
2368 2369
2370 6696
2371 6727
2372 2373
2374 6724
2375 6723
2376 6722
2377 6721
2378 6720
2379 6719
2380 2381
2382 7978
2383 7977
2384 2385
2386 7974
2387 7973
2388 7972
2389 2390
2391 7969
2392 7968
2393 2394
2395 7965
2396 7964
2397 7963
2398 2399
2400 7960
2401 10874
2402 2403
2404 10871
2405 10870
2406 10869
2407 2408
2409 10866
2410 10865
2411 2412
2413 10862
2414 10861
2415 10860
2416 2417
2418 10857
2419 10856
2420 2421
2422 10853
2423 10852
2424 10851
2425 2426
2427 6743
2428 6742
2429 2430
2431 6739
2432 6738
2433 6737
2434 2435
2436 6766
2437 6765
2438 6764
2439 2440
2441 6761
2442 6760
2443 6759
2444 2445
2446 11586
2447 11585
2448 2449
2450 11582
2451 11581
2452 11580
2453 2454
2455 11617
2456 11616
2457 2458
2459 11613
2460 11612
2461 11611
2462 2463
2464 11608
2465 11607
2466 2467
2468 10628
2469 10627
2470 10626
2471 2472
2473 10623
2474 10622
2475 2476
2477 10619
2478 10618
2479 2480
2481 10615
2482 10614
2483 10613
2484 2485
2486 10610
2487 10609
2488 2489
2490 6786
2491 6785
2492 6784
2493 2494
2495 6781
2496 6780
2497 6779
2498 2499
2500 8054
2501 8053
2502 8052
2503 2504
2505 6810
2506 6809
2507 2508
2509 6806
2510 6805
2511 6804
2512 2513
2514 6801
2515 6800
2516 6799
2517 2518
2519 9324
2520 9323
2521 2522
2523 9320
2524 9319
2525 9318
2526 2527
2528 9315
2529 9314
2530 2531
2532 9311
2533 9310
2534 9309
2535 2536
2537 9306
2538 9305
2539 9304
2540 2541
2542 6850
2543 6849
2544 2545
2546 6846
2547 6845
2548 6844
2549 2550
2551 6841
2552 6840
2553 6839
2554 6838
2555 6837
2556 2557
2558 6834
2559 6833
2560 6832
2561 2562
2563 12647
2564 12646
2565 2566
2567 12643
2568 12642
2569 12575
2570 2571
2572 12572
2573 12571
2574 2575
2576 12568
2577 12567
2578 2579
2580 12564
2581 12563
2582 12953
2583 2584
2585 12950
2586 12949
2587 2588
2589 12946
2590 12945
2591 2592
2593 12942
2594 12941
2595 12940
2596 2597
2598 12937
2599 12936
2600 2601
2602 12933
2603 12932
2604 12931
2605 2606
2607 12928
2608 12927
2609 12926
2610 2611
2612 12923
2613 12922
2614 12921
2615 12920
2616 12919
2617 2618
2619 12916
2620 12915
2621 6876
2622 2623
2624 6873
2625 6872
2626 6871
2627 6870
2628 2629
2630 6867
2631 6866
2632 6865
2633 6864
2634 13028
2635 2636
2637 13025
2638 13024
2639 13023
2640 13022
2641 2642
2643 13019
2644 13018
2645 13017
2646 7839
2647 7838
2648 2649
2650 7835
2651 7834
2652 7833
2653 7832
2654 7831
2655 2656
2657 7828
2658 7827
2659 7826
2660 7825
2661 7824
2662 2663
2664 7821
2665 7820
2668 7936
2669 7935
2670 7934
2671 7933
2672 7932
2673 7894
2674 7893
2675 7892
2676 7891
2677 7890
2678 7889
2679 7888
2680 7887
2681 7886
2682 2683
2684 7883
2685 7882
2686 7881
2687 13037
2688 13036
2689 13035
2690 13034
2691 13033
2692 13032
2693 13031
2694 13030
2695 13029
2696 6863
2697 6862
2698 6861
2699 6860
2700 6859
2701 6858
2702 6857
2703 6856
2704 6855
2705 6854
2706 6853
2707 12914
2708 12913
2709 12912
2710 12911
2711 12910
2712 12909
2713 12908
2714 12907
2715 12906
2716 12905
2717 12904
2718 12903
2719 12902
2720 12901
2721 12900
2722 12899
2723 8160
2724 8159
2725 8158
2726 8157
2727 8156
2728 8155
2729 8154
2730 8153
2731 8152
2732 8151
2733 8150
2734 8149
2735 8148
2736 2737
2738 8145
2739 8144
2740 8143
2741 12583
2742 12582
2743 12581
2744 12580
2745 12579
2746 12578
2747 12577
2748 12576
2749 12641
2750 12640
2751 12639
2752 12638
2753 12637
2754 12636
2755 12635
2756 12634
2757 12633
2758 12632
2759 12631
2760 12630
2761 12629
2762 12628
2763 12627
2764 8114
2765 8113
2766 8112
2767 8111
2768 8110
2769 8109
2770 8108
2771 8107
2772 9345
2773 9344
2774 9343
2775 9342
2776 9341
2777 9340
2778 9339
2779 9338
2780 9337
2781 9336
2782 9335
2783 9334
2784 9333
2785 2786
2787 9330
2788 9329
2789 9328
2790 9327
2791 6798
2792 6797
2793 6796
2794 6795
2795 6794
2796 6793
2797 6792
2798 6791
2799 6790
2800 6789
2801 8049
2802 8048
2803 8047
2804 8046
2805 8045
2806 8044
2807 8043
2808 8042
2809 8041
2810 8040
2811 8039
2812 8038
2813 8037
2814 8036
2815 8035
2816 8034
2817 2818
2819 6903
2820 6902
2821 6901
2822 6900
2823 6899
2824 6898
2825 6897
2826 6896
2827 6895
2828 11634
2829 11633
2830 11632
2831 11631
2832 11630
2833 11629
2834 11628
2835 11627
2836 11626
2837 2838
2839 11623
2840 11622
2841 11621
2842 11620
2843 11579
2844 11578
2845 11577
2846 11576
2847 11575
2848 11574
2849 11573
2850 11572
2851 11571
2852 11570
2853 11569
2854 11568
2855 11567
2856 11566
2857 11565
2858 11564
2859 6886
2860 6885
2861 6884
2862 6883
2863 6882
2864 6881
2865 6880
2866 2867
2868 6877
2869 10890
2870 10889
2871 10888
2872 10887
2873 10886
2874 10885
2875 10884
2876 10883
2877 10882
2878 10881
2879 10880
2880 10879
2881 10878
2882 10877
2883 10876
2884 10875
2885 2886
2887 7957
2888 7956
2889 7955
2890 7954
2891 7953
2892 7952
2893 7951
2894 7950
2895 7949
2896 7948
2897 7947
2898 7946
2899 11334
2900 11333
2901 11332
2902 11331
2903 11330
2904 11329
2905 11328
2906 11327
2907 11326
2908 11325
2909 11324
2910 11323
2911 11322
2912 11321
2913 11320
2914 11319
2915 11318
2916 11317
2917 11316
2918 11315
2919 11314
2920 11313
2921 11312
2922 10331
2923 2924
2925 10328
2926 10327
2927 10326
2928 10325
2929 10324
2930 10323
2931 10322
2932 10321
2933 10320
2934 10319
2935 10318
2936 10317
2937 8603
2938 8602
2939 8601
2940 8600
2941 8599
2942 8598
2943 8597
2944 8596
2945 8595
2946 8594
2947 8593
2948 8592
2949 8591
2950 8590
2951 8523
2952 8522
2953 8521
2954 8520
2955 8519
2956 8518
2957 8517
2958 8516
2959 8515
2960 8514
2961 8513
2962 8512
2963 8511
2964 8510
2965 8509
2966 8508
2967 8507
2968 8506
2969 6651
2970 6650
2971 6649
2972 6648
2973 6647
2974 6646
2975 6645
2976 6644
2977 6643
2978 6642
2979 8964
2980 8963
2981 8962
2982 8961
2983 8960
2984 8959
2985 8958
2986 8957
2987 7284
2988 7283
2989 7282
2990 7281
2991 7280
2992 7279
2993 7278
2994 7277
2995 7276
2996 7275
2997 7274
2998 7273
2999 7272
3000 7271
3001 7270
3002 7269
3003 7268
3004 7267
3005 7266
3006 7265
3007 7264
3008 7263
3009 7262
3010 7261
3011 7260
3012 7259
3013 7258
3014 7197
3015 7196
3016 7195
3017 7194
3018 7193
3019 7192
3020 7191
3021 7190
3022 7105
3023 7104
3024 7103
3025 7102
3026 7101
3027 7100
3028 7099
3029 7098
3030 7097
3031 7096
3032 7095
3033 7094
3034 7093
3035 7092
3036 7091
3037 7090
3038 7089
3039 7088
3040 7087
3041 7086
3042 7085
3045 7778
3046 7777
3047 7776
3048 7775
3049 7774
3050 7773
3051 7772
3052 7771
3053 7770
3054 7769
3055 7768
3056 7767
3057 7766
3058 7705
3059 7704
3060 7703
3061 7702
3062 7701
3063 7700
3064 7699
3065 7698
3066 7697
3067 7696
3068 7695
3069 7694
3070 7693
3071 7692
3072 7691
3073 7690
3074 7689
3075 7688
3076 7687
3077 7686
3078 7685
3079 7298
3080 7297
3081 7296
3082 7295
3083 7294
3084 7293
3085 7292
3086 7291
3087 7290
3088 7289
3089 7288
3090 7287
3091 7286
3092 7285
3093 8956
3094 8955
3095 8954
3096 8953
3097 8952
3098 8951
3099 8950
3100 8949
3101 8948
3102 8947
3103 8946
3104 8945
3105 8944
3106 8943
3107 8942
3108 8941
3109 8940
3110 8939
3111 8938
3112 8937
3113 8936
3114 8935
3115 8934
3116 8933
3117 8932
3118 8931
3119 8930
3120 8929
3121 10354
3122 10353
3123 10352
3124 10351
3125 10350
3126 10349
3127 10348
3128 10347
3129 10346
3130 10345
3131 10344
3132 10343
3133 10342
3134 10341
3135 10340
3136 10339
3137 10338
3138 10337
3139 10336
3140 10335
3141 10334
3142 10333
3143 10332
3144 11311
3145 11310
3146 11309
3147 11308
3148 11307
3149 11306
3150 11305
3151 11304
3152 11303
3153 7799
3154 7798
3155 7797
3156 7796
3157 7795
3158 7794
3159 7793
3160 7792
3161 7791
3162 7790
3163 7789
3164 7819
3165 7818
3166 7817
3167 7816
3168 7815
3169 7814
3170 7813
3171 7812
3172 7811
3173 7810
3174 10903
3175 10902
3176 10901
3177 10900
3178 10899
3179 10898
3180 10897
3181 10896
3182 10895
3183 10894
3184 10893
3185 10892
3186 10891
3187 6894
3188 6893
3189 6892
3190 6891
3191 6890
3192 6889
3193 6888
3194 6887
3195 11563
3196 11562
3197 11561
3198 11560
3199 11559
3200 11558
3201 11557
3202 11556
3203 11555
3204 11554
3205 11553
3206 11552
3207 11647
3208 11646
3209 11645
3210 11644
3211 11643
3212 11642
3213 11641
3214 11640
3215 11639
3216 11638
3217 11637
3218 11636
3219 11635
3220 6913
3221 6912
3222 6911
3223 6910
3224 6909
3225 6908
3226 6907
3227 6906
3228 8033
3229 8032
3230 8031
3231 8030
3232 8029
3233 8028
3234 8027
3235 8026
3236 8025
3237 8024
3238 8023
3239 8022
3240 8021
3241 8020
3242 8019
3243 8018
3244 8017
3245 8016
3246 8015
3247 8014
3248 8013
3249 8012
3250 8011
3251 8010
3252 8009
3253 8008
3254 8007
3255 8006
3256 8005
3257 8004
3258 8003
3259 8002
3260 8124
3261 8123
3262 8122
3263 8121
3264 8120
3265 8119
3266 8118
3267 8117
3268 8116
3269 8115
3270 12626
3271 12625
3272 12624
3273 12623
3274 12622
3275 12621
3276 12620
3277 12619
3278 12618
3279 12617
3280 8183
3281 8182
3282 8181
3283 8180
3284 8179
3285 8178
3286 8177
3287 8176
3288 8175
3289 8174
3290 8173
3291 8172
3292 8171
3293 8170
3294 8169
3295 8168
3296 8167
3297 8166
3298 8165
3299 8164
3300 8163
3301 8162
3302 8161
3303 12898
3304 12897
3305 12896
3306 12895
3307 12894
3308 12893
3309 12892
3310 12891
3311 12890
3312 12889
3313 12888
3314 12887
3315 12886
3316 12885
3317 12884
3318 12883
3319 12882
3320 12881
3321 12880
3322 12879
3323 12878
3324 12877
3325 12876
3326 12875
3327 12874
3328 12873
3329 7910
3330 7909
3331 7908
3332 7907
3333 7906
3334 7905
3335 7904
3336 7903
3337 7902
3338 7901
3339 7900
3340 7899
3341 7898
3342 7897
3343 7896
3344 7895
3345 7945
3346 7944
3347 7943
3348 7942
3349 7941
3352 7931
3353 7930
3354 7929
3355 7928
3356 7927
3357 7926
3358 7925
3359 7924
3360 7923
3361 7922
3362 7921
3363 7920
3364 7919
3365 7918
3366 7917
3367 7916
3368 7915
3369 7914
3370 7913
3371 7912
3372 7911
3373 12872
3374 12871
3375 12870
3376 12869
3377 12868
3378 12867
3379 12866
3380 12865
3381 12864
3382 12863
3383 12862
3384 12861
3385 12860
3386 12859
3387 12858
3388 12857
3389 12856
3390 12855
3391 12854
3392 12853
3393 12852
3394 12851
3395 12850
3396 12849
3397 12848
3398 12847
3399 8204
3400 8203
3401 8202
3402 8201
3403 8200
3404 8199
3405 8198
3406 8197
3407 8196
3408 8195
3409 8194
3410 8193
3411 8192
3412 8191
3413 8190
3414 8189
3415 8188
3416 8187
3417 8186
3418 8185
3419 8184
3420 12616
3421 12615
3422 12614
3423 12613
3424 12612
3425 12611
3426 12610
3427 12609
3428 12608
3429 12607
3430 8133
3431 8132
3432 8131
3433 8130
3434 8129
3435 8128
3436 8127
3437 8126
3438 8125
3439 8106
3440 8105
3441 8104
3442 8103
3443 8102
3444 8101
3445 8100
3446 8099
3447 8098
3448 8097
3449 8096
3450 8095
3451 8094
3452 8093
3453 8092
3454 8091
3455 8090
3456 8089
3457 8088
3458 8087
3459 8086
3460 8085
3461 8084
3462 11918
3463 11917
3464 11916
3465 11915
3466 11914
3467 11913
3468 11912
3469 11911
3470 11910
3471 11909
3472 11908
3473 11907
3474 11906
3475 11905
3476 11904
3477 11903
3478 11902
3479 11901
3480 11900
3481 11657
3482 11656
3483 11655
3484 11654
3485 11653
3486 11652
3487 11651
3488 11650
3489 11649
3490 11648
3491 11551
3492 11550
3493 11549
3494 11548
3495 11547
3496 11546
3497 11545
3498 11544
3499 11543
3500 11542
3501 11541
3502 11540
3503 11539
3504 11538
3505 11537
3506 11536
3507 8447
3508 8446
3509 8445
3510 8444
3511 8443
3512 8442
3513 8441
3514 10912
3515 10911
3516 10910
3517 10909
3518 10908
3519 10907
3520 10906
3521 10905
3522 10904
3523 7809
3524 7808
3525 7807
3526 7806
3527 7805
3528 7804
3529 7803
3530 7802
3531 7801
3532 7800
3533 7788
3534 7787
3535 7786
3536 7785
3537 7784
3538 7783
3539 7782
3540 7781
3541 7780
3542 7779
3543 11302
3544 11301
3545 11300
3546 11299
3547 11298
3548 11297
3549 11296
3550 11295
3551 11294
3552 11293
3553 11292
3554 11291
3555 11290
3556 11289
3557 11288
3558 11287
3559 10370
3560 10369
3561 10368
3562 10367
3563 10366
3564 10365
3565 10364
3566 10363
3567 10362
3568 10361
3569 10360
3570 10359
3571 10358
3572 10357
3573 10356
3574 10355
3575 8928
3576 8927
3577 8926
3578 8925
3579 8924
3580 8923
3581 8922
3582 8921
3583 8920
3584 8919
3585 8918
3586 8917
3587 8916
3588 8364
3589 8363
3590 8362
3591 8361
3592 8360
3593 8359
3594 8358
3595 8357
3596 8356
3597 8355
3598 8354
3599 8353
3600 8352
3601 7314
3602 7313
3603 7312
3604 7311
3605 7310
3606 7309
3607 7308
3608 7307
3609 7306
3610 7305
3611 7304
3612 7303
3613 7302
3614 7301
3615 7300
3616 7299
3617 7684
3618 7683
3619 7682
3620 7681
3621 7680
3622 7679
3623 7720
3624 7719
3625 7718
3626 7717
3627 7716
3628 7715
3629 7714
3630 7713
3631 7712
3632 7711
3633 7710
3634 7709
3635 7708
3636 7707
3637 7706
3638 7765
3639 7764
3640 7763
3641 7762
3642 7761
3643 7760
3644 7759
3645 7758
3646 7757
3647 7756
3648 7755
3649 7754
3650 7753
3653 7050
3654 7049
3655 7048
3656 7047
3657 7046
3658 7045
3659 7044
3660 7043
3661 7042
3662 7041
3663 7040
3664 7039
3665 7038
3666 7213
3667 7212
3668 7211
3669 7210
3670 7209
3671 7208
3672 7207
3673 7206
3674 7205
3675 7204
3676 7203
3677 7202
3678 7201
3679 7200
3680 7199
3681 7198
3682 7257
3683 7256
3684 7255
3685 7254
3686 7253
3687 7252
3688 7251
3689 7250
3690 7249
3691 7248
3692 7247
3693 7246
3694 7245
3695 7244
3696 9012
3697 9011
3698 9010
3699 9009
3700 9008
3701 9007
3702 9006
3703 9005
3704 9004
3705 9003
3706 9002
3707 9001
3708 9000
3709 8999
3710 8998
3711 8997
3712 8996
3713 8995
3714 8994
3715 8993
3716 8992
3717 8991
3718 8990
3719 8989
3720 8988
3721 8372
3722 8371
3723 8370
3724 8369
3725 8368
3726 8367
3727 8366
3728 8365
3729 8915
3730 8914
3731 8913
3732 8912
3733 8911
3734 8910
3735 8909
3736 8908
3737 8907
3738 8530
3739 8529
3740 8528
3741 8527
3742 8526
3743 8525
3744 8524
3745 8589
3746 8588
3747 8587
3748 8586
3749 8585
3750 8584
3751 8583
3752 8582
3753 8581
3754 8580
3755 8579
3756 8578
3757 8577
3758 8576
3759 8575
3760 8574
3761 8573
3762 8572
3763 8571
3764 8570
3765 8569
3766 8568
3767 8567
3768 8566
3769 8565
3770 8564
3771 11360
3772 11359
3773 11358
3774 11357
3775 11356
3776 11355
3777 11354
3778 11353
3779 11352
3780 11351
3781 11350
3782 11349
3783 11348
3784 11347
3785 11346
3786 3787
3788 11343
3789 11342
3790 11341
3791 11340
3792 11339
3793 11338
3794 11337
3795 11336
3796 11335
3797 8001
3798 8000
3799 7999
3800 7998
3801 7997
3802 7996
3803 7995
3804 7994
3805 7993
3806 10929
3807 10928
3808 10927
3809 10926
3810 10925
3811 10924
3812 10923
3813 10922
3814 10921
3815 10920
3816 10919
3817 10918
3818 10917
3819 10916
3820 10915
3821 3822
3823 8440
3824 8439
3825 8438
3826 8437
3827 8436
3828 8435
3829 8434
3830 8433
3831 8432
3832 8431
3833 8430
3834 8429
3835 11685
3836 11684
3837 11683
3838 11682
3839 11681
3840 11680
3841 11679
3842 11678
3843 11677
3844 11676
3845 11675
3846 11674
3847 11673
3848 11672
3849 11671
3850 11670
3851 11669
3852 11668
3853 11667
3854 11666
3855 11665
3856 11664
3857 11663
3858 11662
3859 11661
3860 11660
3861 11659
3862 11658
3863 11899
3864 11898
3865 11897
3866 11896
3867 11895
3868 11894
3869 3870
3871 11891
3872 11890
3873 11889
3874 11888
3875 11887
3876 11886
3877 11885
3878 11928
3879 11927
3880 11926
3881 11925
3882 11924
3883 11923
3884 11922
3885 11921
3886 11920
3887 11919
3888 8083
3889 8082
3890 8081
3891 8080
3892 8079
3893 8078
3894 8077
3895 8076
3896 8075
3897 8074
3898 8073
3899 8072
3900 8292
3901 8291
3902 8290
3903 8289
3904 8288
3905 8287
3906 8286
3907 8285
3908 8284
3909 9357
3910 9356
3911 9355
3912 9354
3913 9353
3914 9352
3915 9351
3916 9350
3917 9349
3918 9348
3919 9347
3920 9346
3921 8142
3922 8141
3923 3924
3925 8138
3926 8137
3927 8136
3928 8135
3929 8134
3930 12606
3931 12605
3932 12604
3933 12603
3934 12602
3935 12601
3936 12600
3937 12599
3938 12598
3939 12597
3940 12596
3941 12595
3942 12594
3943 12593
3944 12592
3945 12591
3946 12590
3947 12589
3948 12588
3949 12587
3950 12586
3951 12585
3952 12584
3953 8220
3954 8219
3955 8218
3956 8217
3957 8216
3958 8215
3959 8214
3960 8213
3961 8212
3962 8211
3963 8210
3964 8209
3965 8208
3966 8207
3967 8206
3968 8205
3969 12846
3970 12845
3971 12844
3972 12843
3973 3974
3975 12840
3976 12839
3977 12838
3978 12837
3979 12836
3980 12835
3981 12834
3982 12833
3983 12832
3984 13060
3985 13059
3986 13058
3987 13057
3988 13056
3989 13055
3990 13054
3991 13053
3992 13052
3993 13051
3994 13050
3995 13049
3996 13048
3997 13047
3998 13046
3999 13045
4000 13044
4001 13043
4002 13042
4003 13041
4004 13040
4005 13039
4006 13038
4007 7880
4008 7879
4009 7878
4010 7877
4011 7876
4012 7875
4013 7874
4014 7873
4015 7872
4016 7871
4017 7870
4018 7869
4019 7868
4020 7867
4021 7866
4022 7865
4023 7864
4024 7863
4027 8710
4028 8709
4029 8708
4030 8707
4031 8706
4032 8705
4033 8704
4034 8703
4035 8702
4036 8701
4037 8736
4038 8735
4039 8734
4040 8733
4041 8732
4042 8731
4043 8730
4044 13160
4045 13159
4046 13158
4047 13157
4048 13156
4049 13155
4050 13154
4051 13153
4052 13152
4053 13151
4054 13150
4055 13149
4056 13148
4057 13147
4058 13070
4059 13069
4060 13068
4061 13067
4062 13066
4063 13065
4064 13064
4065 13063
4066 13062
4067 13061
4068 12831
4069 12830
4070 12829
4071 12828
4072 12827
4073 12826
4074 12825
4075 12824
4076 12823
4077 12822
4078 12821
4079 12820
4080 12819
4081 12818
4082 12817
4083 12816
4084 12815
4085 12814
4086 12813
4087 12812
4088 12811
4089 12810
4090 12809
4091 12808
4092 12807
4093 12806
4094 12805
4095 12679
4096 12678
4097 12677
4098 12676
4099 12675
4100 12674
4101 12673
4102 12672
4103 12671
4104 12670
4105 12669
4106 12668
4107 12667
4108 12666
4109 12665
4110 8341
4111 8340
4112 8339
4113 8338
4114 8337
4115 8336
4116 8335
4117 8334
4118 12711
4119 12710
4120 12709
4121 12708
4122 12707
4123 12706
4124 12705
4125 12704
4126 9372
4127 9371
4128 9370
4129 9369
4130 9368
4131 9367
4132 9366
4133 9365
4134 9364
4135 9363
4136 9362
4137 9361
4138 9360
4139 9359
4140 9358
4141 8333
4142 8332
4143 8331
4144 8330
4145 8329
4146 8328
4147 8327
4148 8326
4149 8325
4150 8324
4151 8323
4152 11948
4153 11947
4154 11946
4155 11945
4156 11944
4157 11943
4158 11942
4159 11941
4160 11940
4161 11939
4162 11938
4163 11937
4164 11936
4165 11935
4166 11934
4167 11933
4168 11932
4169 11931
4170 11930
4171 11929
4172 11884
4173 11883
4174 11882
4175 11881
4176 11880
4177 11879
4178 11878
4179 11877
4180 11876
4181 11875
4182 11874
4183 11873
4184 11872
4185 11871
4186 11870
4187 11869
4188 11868
4189 11867
4190 11709
4191 11708
4192 11707
4193 11706
4194 11705
4195 11704
4196 11703
4197 11702
4198 11701
4199 11700
4200 11699
4201 11698
4202 11697
4203 11696
4204 11695
4205 11694
4206 11693
4207 11692
4208 11691
4209 11690
4210 11689
4211 11688
4212 11687
4213 11686
4214 8475
4215 8474
4216 8473
4217 8472
4218 8471
4219 8470
4220 8469
4221 8468
4222 8467
4223 8466
4224 8465
4225 8464
4226 8463
4227 8462
4228 8461
4229 8460
4230 8459
4231 11062
4232 11061
4233 11060
4234 11059
4235 11058
4236 11057
4237 11056
4238 11055
4239 11054
4240 11053
4241 11052
4242 11051
4243 11050
4244 11049
4245 11086
4246 11085
4247 11084
4248 11083
4249 11082
4250 11081
4251 11080
4252 11384
4253 11383
4254 11382
4255 11381
4256 11380
4257 11379
4258 11378
4259 11377
4260 11376
4261 11375
4262 11374
4263 11373
4264 11372
4265 11371
4266 11370
4267 11369
4268 11368
4269 11367
4270 11366
4271 11365
4272 11364
4273 11363
4274 11362
4275 11361
4276 8563
4277 8562
4278 8561
4279 8560
4280 8559
4281 8558
4282 8557
4283 8556
4284 8555
4285 8554
4286 8553
4287 8552
4288 8551
4289 8550
4290 8549
4291 8548
4292 8547
4293 8546
4294 8545
4295 8544
4296 8543
4297 8542
4298 8541
4299 8540
4300 8539
4301 8538
4302 8537
4303 8536
4304 8535
4305 8534
4306 8533
4307 8532
4308 8531
4309 8906
4310 8905
4311 8904
4312 8903
4313 8902
4314 8901
4315 8900
4316 8414
4317 8413
4318 8412
4319 8411
4320 8410
4321 8409
4322 8408
4323 8407
4324 8406
4325 8405
4326 8404
4327 8403
4328 8402
4329 8401
4330 7376
4331 7375
4332 7374
4333 7373
4334 7372
4335 7371
4336 7370
4337 7369
4338 7368
4339 7367
4340 7366
4341 7365
4342 7364
4343 7363
4344 9019
4345 9018
4346 9017
4347 9016
4348 9015
4349 9014
4350 9013
4351 7243
4352 7242
4353 7241
4354 7240
4355 7239
4356 7238
4357 7237
4358 7236
4359 7235
4360 7234
4361 7233
4362 7232
4363 7231
4364 7230
4365 7229
4366 7228
4367 7227
4368 7226
4369 7225
4370 7224
4371 7223
4372 7222
4373 7221
4374 7220
4375 7219
4376 7218
4377 7217
4378 7216
4379 7215
4380 7214
4381 7037
4382 7036
4383 7035
4384 7034
4385 7033
4386 7032
4387 7031
4388 7030
4389 7029
4390 7028
4391 7027
4392 7026
4393 7025
4396 7748
4397 7747
4398 7746
4399 7745
4400 7744
4401 7743
4402 7742
4403 7741
4404 7740
4405 7739
4406 7738
4407 7737
4408 7736
4409 7735
4410 7734
4411 7733
4412 7732
4413 7731
4414 7730
4415 7729
4416 7728
4417 7727
4418 7726
4419 7725
4420 7724
4421 7723
4422 7722
4423 7721
4424 7678
4425 7677
4426 7676
4427 7675
4428 7674
4429 7673
4430 7330
4431 7329
4432 7328
4433 7327
4434 7326
4435 7325
4436 7324
4437 7323
4438 7322
4439 7321
4440 7320
4441 7319
4442 7318
4443 7317
4444 7316
4445 7315
4446 8428
4447 8427
4448 8426
4449 8425
4450 8424
4451 8423
4452 8422
4453 8421
4454 8420
4455 8419
4456 8418
4457 8417
4458 8416
4459 8415
4460 8899
4461 8898
4462 8897
4463 8896
4464 8895
4465 8894
4466 8893
4467 8892
4468 8891
4469 8890
4470 8889
4471 8888
4472 10385
4473 10384
4474 10383
4475 10382
4476 10381
4477 10380
4478 10379
4479 10378
4480 10377
4481 10376
4482 10375
4483 10374
4484 10373
4485 10372
4486 10371
4487 11286
4488 11285
4489 11284
4490 11283
4491 11282
4492 11281
4493 11280
4494 11400
4495 11399
4496 11398
4497 11397
4498 11396
4499 11395
4500 11394
4501 11393
4502 11392
4503 11391
4504 11390
4505 11389
4506 11388
4507 11387
4508 11386
4509 11385
4510 11079
4511 11078
4512 11077
4513 11076
4514 11075
4515 11074
4516 11073
4517 11072
4518 11071
4519 11070
4520 11069
4521 11068
4522 11067
4523 11066
4524 11065
4525 11064
4526 11063
4527 8458
4528 8457
4529 8456
4530 8455
4531 8454
4532 8453
4533 8452
4534 8451
4535 8450
4536 8449
4537 8448
4538 11535
4539 11534
4540 11533
4541 11532
4542 11531
4543 11530
4544 11529
4545 11528
4546 11527
4547 11721
4548 11720
4549 11719
4550 11718
4551 11717
4552 11716
4553 11715
4554 11714
4555 11713
4556 11712
4557 11711
4558 11710
4559 11866
4560 11865
4561 11864
4562 11863
4563 11862
4564 11861
4565 11860
4566 11859
4567 12061
4568 12060
4569 12059
4570 12058
4571 12057
4572 12056
4573 12055
4574 12054
4575 12053
4576 12052
4577 12051
4578 12050
4579 12049
4580 12048
4581 12047
4582 12046
4583 12045
4584 12044
4585 12043
4586 12042
4587 12041
4588 12040
4589 12039
4590 12038
4591 12037
4592 12036
4593 12035
4594 12034
4595 12033
4596 12032
4597 12031
4598 12030
4599 12029
4600 9381
4601 9380
4602 9379
4603 9378
4604 9377
4605 9376
4606 9375
4607 9374
4608 9373
4609 12703
4610 12702
4611 12701
4612 12700
4613 12699
4614 12698
4615 12697
4616 12696
4617 12695
4618 12694
4619 12693
4620 12692
4621 12691
4622 12690
4623 12689
4624 12688
4625 12687
4626 12686
4627 12685
4628 12684
4629 12683
4630 12682
4631 12681
4632 12680
4633 12804
4634 12803
4635 12802
4636 12801
4637 12800
4638 12799
4639 12798
4640 12797
4641 12796
4642 12795
4643 13192
4644 13191
4645 13190
4646 13189
4647 13188
4648 13187
4649 13186
4650 13185
4651 13184
4652 13183
4653 13182
4654 13181
4655 13180
4656 13179
4657 13178
4658 13177
4659 13176
4660 13175
4661 13174
4662 13173
4663 13172
4664 13171
4665 13170
4666 13169
4667 13168
4668 13167
4669 13166
4670 13165
4671 13164
4672 13163
4673 13162
4674 13161
4675 8729
4676 8728
4677 8727
4678 8726
4679 8725
4680 8724
4681 8723
4682 8722
4683 8721
4684 8720
4685 8719
4686 8718
4687 8717
4688 8716
4689 8715
4692 8799
4693 8798
4694 8797
4695 8796
4696 8795
4697 8794
4698 8793
4699 8792
4700 8791
4701 8790
4702 8789
4703 8788
4704 8787
4705 8786
4706 8785
4707 8784
4708 8783
4709 8782
4710 8781
4711 8780
4712 8779
4713 8778
4714 8777
4715 8776
4716 8775
4717 13212
4718 13211
4719 13210
4720 13209
4721 13208
4722 13207
4723 13206
4724 13205
4725 13204
4726 13203
4727 13202
4728 13201
4729 13200
4730 13199
4731 13198
4732 13197
4733 13196
4734 13195
4735 13194
4736 13193
4737 12794
4738 12793
4739 12792
4740 12791
4741 12790
4742 12789
4743 12788
4744 12787
4745 12786
4746 12785
4747 12784
4748 12783
4749 12782
4750 12781
4751 12780
4752 12779
4753 12778
4754 12777
4755 12776
4756 12775
4757 12774
4758 12773
4759 9401
4760 9400
4761 9399
4762 9398
4763 9397
4764 9396
4765 9395
4766 9394
4767 9393
4768 9392
4769 9391
4770 9390
4771 9389
4772 9388
4773 9387
4774 9386
4775 9385
4776 9384
4777 9383
4778 9382
4779 12028
4780 12027
4781 12026
4782 12025
4783 12024
4784 12023
4785 12022
4786 12021
4787 12020
4788 12019
4789 12018
4790 12017
4791 9646
4792 9645
4793 9644
4794 9643
4795 9642
4796 9641
4797 9640
4798 9639
4799 9638
4800 9637
4801 9636
4802 9635
4803 9634
4804 12068
4805 12067
4806 12066
4807 12065
4808 12064
4809 12063
4810 12062
4811 11858
4812 11857
4813 11856
4814 11855
4815 11854
4816 11853
4817 11852
4818 11851
4819 11850
4820 11849
4821 11848
4822 11730
4823 11729
4824 11728
4825 11727
4826 11726
4827 11725
4828 11724
4829 11723
4830 11722
4831 11526
4832 11525
4833 11524
4834 11523
4835 11522
4836 11521
4837 11520
4838 11519
4839 11518
4840 11517
4841 11516
4842 11515
4843 11514
4844 11513
4845 11512
4846 11511
4847 11510
4848 11509
4849 11508
4850 11507
4851 11506
4852 11505
4853 11504
4854 11503
4855 11502
4856 11501
4857 11500
4858 11499
4859 11498
4860 11497
4861 11496
4862 11495
4863 11494
4864 11493
4865 11492
4866 11491
4867 11416
4868 11415
4869 11414
4870 11413
4871 11412
4872 11411
4873 11410
4874 11409
4875 11408
4876 11407
4877 11406
4878 11405
4879 11404
4880 11403
4881 11402
4882 11401
4883 11279
4884 11278
4885 11277
4886 11276
4887 11275
4888 11274
4889 11273
4890 11272
4891 11271
4892 11270
4893 11269
4894 11268
4895 10394
4896 10393
4897 10392
4898 10391
4899 10390
4900 10389
4901 10388
4902 10387
4903 10386
4904 8887
4905 8886
4906 8885
4907 8884
4908 8883
4909 8882
4910 8881
4911 8880
4912 8879
4913 8878
4914 8877
4915 8876
4916 8875
4917 8874
4918 8873
4919 8872
4920 8871
4921 8870
4922 8869
4923 8868
4924 8867
4925 8866
4926 8865
4927 7349
4928 7348
4929 7347
4930 7346
4931 7345
4932 7344
4933 7343
4934 7342
4935 7341
4936 7340
4937 7339
4938 7338
4939 7337
4940 7336
4941 7335
4942 7334
4943 7333
4944 7332
4945 7331
4946 7672
4947 7671
4948 7670
4949 7669
4950 7668
4951 7667
4952 7666
4953 7665
4954 7664
4955 7663
4956 7662
4957 7661
4958 7660
4959 6966
4960 6965
4961 6964
4962 6963
4963 6962
4964 6961
4965 6960
4966 6959
4967 6958
4968 6957
4969 6956
4970 6955
4971 6954
4972 9728
4973 9727
4974 9726
4975 9725
4976 9724
4977 9723
4978 9722
4979 9721
4982 6990
4983 6989
4984 6988
4985 6987
4986 6986
4987 6985
4988 6984
4989 6983
4990 6982
4991 6981
4992 6980
4993 6979
4994 6978
4995 6977
4996 6976
4997 6975
4998 6974
4999 6973
5000 6972
5001 6971
5002 6970
5003 6969
5004 6968
5005 6967
5006 7659
5007 7658
5008 7657
5009 7656
5010 7655
5011 7654
5012 7653
5013 7652
5014 7651
5015 7650
5016 9035
5017 9034
5018 9033
5019 9032
5020 9031
5021 9030
5022 9029
5023 9028
5024 9027
5025 9026
5026 9025
5027 9024
5028 9023
5029 9022
5030 9021
5031 9020
5032 7362
5033 7361
5034 7360
5035 7359
5036 7358
5037 7357
5038 7356
5039 7355
5040 7354
5041 7353
5042 7352
5043 7351
5044 7350
5045 8864
5046 8863
5047 8862
5048 8861
5049 8860
5050 8859
5051 8858
5052 8857
5053 8856
5054 8855
5055 8854
5056 8853
5057 8852
5058 8851
5059 8688
5060 8687
5061 8686
5062 8685
5063 8684
5064 8683
5065 8682
5066 8681
5067 8680
5068 8679
5069 8678
5070 8677
5071 8676
5072 10149
5073 10148
5074 10147
5075 10146
5076 10145
5077 10144
5078 10143
5079 10402
5080 10401
5081 10400
5082 10399
5083 10398
5084 10397
5085 10396
5086 10395
5087 11267
5088 11266
5089 11265
5090 11264
5091 11263
5092 11262
5093 11261
5094 11260
5095 11259
5096 11258
5097 11257
5098 11256
5099 11255
5100 11138
5101 11137
5102 11136
5103 11135
5104 11134
5105 11133
5106 11132
5107 11131
5108 11130
5109 11129
5110 11128
5111 11127
5112 11126
5113 11125
5114 11124
5115 11123
5116 11122
5117 11121
5118 11120
5119 11119
5120 11118
5121 11117
5122 11116
5123 11115
5124 10975
5125 10974
5126 10973
5127 10972
5128 10971
5129 10970
5130 10969
5131 10968
5132 10967
5133 10966
5134 10965
5135 10964
5136 10963
5137 10962
5138 10961
5139 10960
5140 10959
5141 10958
5142 10957
5143 10956
5144 10955
5145 9140
5146 9139
5147 9138
5148 9137
5149 9136
5150 9135
5151 9134
5152 9133
5153 9132
5154 9131
5155 9130
5156 9129
5157 9128
5158 9127
5159 9126
5160 9125
5161 9124
5162 9123
5163 9122
5164 9121
5165 9120
5166 9119
5167 9118
5168 9117
5169 9116
5170 9115
5171 9114
5172 9113
5173 9112
5174 11739
5175 11738
5176 11737
5177 11736
5178 11735
5179 11734
5180 11733
5181 11732
5182 11731
5183 11847
5184 11846
5185 11845
5186 11844
5187 11843
5188 11842
5189 11841
5190 11840
5191 11839
5192 11838
5193 11837
5194 11836
5195 11835
5196 10558
5197 10557
5198 10556
5199 10555
5200 10554
5201 10553
5202 10552
5203 10551
5204 10550
5205 10549
5206 9664
5207 9663
5208 9662
5209 9661
5210 9660
5211 9659
5212 9658
5213 9657
5214 9656
5215 9655
5216 9654
5217 9653
5218 9652
5219 9651
5220 9650
5221 9649
5222 9648
5223 9647
5224 12016
5225 12015
5226 12014
5227 12013
5228 12012
5229 12011
5230 12010
5231 12009
5232 12008
5233 12007
5234 12006
5235 12005
5236 12004
5237 12003
5238 12002
5239 9256
5240 9255
5241 9254
5242 9253
5243 9252
5244 9251
5245 9250
5246 9249
5247 9248
5248 9419
5249 9418
5250 9417
5251 9416
5252 9415
5253 9414
5254 9413
5255 9412
5256 9411
5257 9410
5258 9409
5259 9408
5260 9407
5261 9406
5262 9405
5263 9404
5264 9403
5265 9402
5266 12772
5267 12771
5268 12770
5269 12769
5270 12768
5271 12767
5272 12766
5273 12765
5274 12764
5275 12763
5276 12762
5277 12761
5278 12760
5279 12759
5280 12758
5281 12757
5282 12504
5283 12503
5284 12502
5285 12501
5286 12500
5287 12499
5288 12498
5289 12497
5290 12496
5291 12495
5292 12494
5293 12493
5294 12492
5295 12491
5296 12490
5297 12489
5298 12488
5299 12487
5300 12486
5301 12485
5302 13229
5303 13228
5304 13227
5305 13226
5306 13225
5307 13224
5308 13223
5309 13222
5310 13221
5311 13220
5312 13219
5313 13218
5314 13217
5315 13216
5316 13215
5317 13214
5318 13213
5319 8774
5320 8773
5321 8772
5322 8771
5323 8770
5324 8769
5325 8768
5326 8767
5327 8766
5328 8765
5329 8764
5330 8763
5331 8762
5332 8761
5333 8760
5334 8759
5335 8758
5336 8816
5337 8815
5338 8814
5339 8813
5340 8812
5341 8811
5342 8810
5343 8809
5344 8808
5345 8807
5346 8806
5347 8805
5348 8804
5351 9716
5352 9715
5353 9714
5354 9713
5355 9712
5356 9711
5357 9710
5358 9709
5359 9708
5360 9707
5361 9706
5362 9705
5363 9704
5364 9560
5365 9559
5366 9558
5367 9557
5368 9556
5369 9555
5370 9554
5371 9553
5372 9552
5373 9551
5374 9550
5375 9549
5376 9548
5377 9547
5378 9546
5379 9545
5380 9544
5381 9543
5382 13245
5383 13244
5384 13243
5385 13242
5386 13241
5387 13240
5388 13239
5389 13238
5390 13237
5391 13236
5392 13235
5393 13234
5394 13233
5395 13232
5396 13231
5397 13230
5398 12484
5399 12483
5400 12482
5401 12481
5402 12480
5403 12479
5404 12478
5405 12477
5406 12476
5407 12475
5408 12363
5409 12362
5410 12361
5411 12360
5412 12359
5413 12358
5414 12357
5415 12356
5416 12355
5417 12354
5418 12353
5419 12352
5420 12351
5421 12350
5422 12349
5423 12348
5424 12187
5425 12186
5426 12185
5427 12184
5428 12183
5429 12182
5430 12181
5431 12180
5432 12179
5433 12178
5434 12177
5435 12176
5436 12175
5437 12174
5438 12173
5439 12172
5440 9429
5441 9428
5442 9427
5443 9426
5444 9425
5445 9424
5446 9423
5447 9422
5448 9421
5449 9420
5450 9247
5451 9246
5452 9245
5453 9244
5454 9243
5455 9242
5456 9241
5457 9240
5458 9239
5459 12247
5460 12246
5461 12245
5462 12244
5463 12243
5464 12242
5465 12241
5466 12240
5467 12239
5468 12238
5469 12237
5470 12236
5471 12235
5472 12234
5473 12233
5474 12232
5475 12231
5476 12230
5477 12229
5478 9678
5479 9677
5480 9676
5481 9675
5482 9674
5483 9673
5484 9672
5485 9671
5486 9670
5487 9669
5488 9668
5489 9667
5490 9666
5491 9665
5492 10548
5493 10547
5494 10546
5495 10545
5496 10544
5497 10543
5498 10542
5499 10541
5500 10540
5501 10539
5502 11760
5503 11759
5504 11758
5505 11757
5506 11756
5507 11755
5508 11754
5509 11753
5510 11752
5511 11751
5512 11750
5513 11749
5514 11748
5515 11747
5516 11746
5517 11745
5518 11744
5519 11743
5520 11742
5521 11741
5522 11740
5523 9200
5524 9199
5525 9198
5526 9197
5527 9196
5528 9195
5529 9194
5530 9193
5531 9192
5532 9191
5533 9190
5534 9189
5535 9188
5536 9187
5537 9186
5538 9185
5539 9184
5540 9183
5541 9182
5542 9181
5543 9180
5544 9179
5545 9178
5546 9177
5547 9176
5548 9175
5549 9174
5550 9173
5551 9172
5552 9171
5553 10465
5554 10464
5555 10463
5556 10462
5557 10461
5558 10460
5559 10459
5560 10458
5561 11482
5562 11481
5563 11480
5564 11479
5565 11478
5566 11477
5567 11476
5568 11475
5569 11474
5570 11473
5571 11472
5572 11471
5573 11470
5574 11469
5575 11468
5576 11467
5577 11466
5578 11465
5579 11197
5580 11196
5581 11195
5582 11194
5583 11193
5584 11192
5585 11191
5586 11190
5587 11146
5588 11145
5589 11144
5590 11143
5591 11142
5592 11141
5593 11140
5594 11139
5595 11254
5596 11253
5597 11252
5598 11251
5599 11250
5600 11249
5601 11248
5602 11247
5603 10415
5604 10414
5605 10413
5606 10412
5607 10411
5608 10410
5609 10409
5610 10408
5611 10407
5612 10406
5613 10405
5614 10404
5615 10403
5616 10142
5617 10141
5618 10140
5619 10139
5620 10138
5621 10137
5622 10136
5623 10135
5624 10134
5625 10133
5626 10132
5627 10131
5628 10130
5629 10129
5630 10128
5631 10089
5632 10088
5633 10087
5634 10086
5635 10085
5636 10084
5637 10083
5638 10082
5639 9075
5640 9074
5641 9073
5642 9072
5643 9071
5644 9070
5645 9069
5646 9068
5647 9067
5648 9066
5649 9065
5650 9064
5651 9063
5652 9062
5653 9061
5654 9060
5655 9059
5656 9058
5657 9057
5658 9056
5659 9055
5660 9054
5661 9053
5662 9052
5663 9051
5664 9050
5665 9049
5666 9048
5667 9047
5668 9046
5669 9045
5670 9044
5671 9043
5672 9042
5673 9041
5674 9040
5675 9039
5676 9038
5677 9037
5678 9036
5679 7649
5680 7648
5681 7647
5682 7646
5683 7645
5684 7644
5685 7643
5686 7642
5687 7641
5688 7640
5689 7639
5690 7638
5691 7637
5692 9838
5693 9837
5694 9836
5695 9835
5696 9834
5697 9833
5698 9832
5699 9831
5700 9830
5701 9829
5702 9828
5703 9827
5704 9826
5705 10039
5706 10038
5707 10037
5708 10036
5709 10035
5710 10034
5711 10033
5712 10032
5715 9736
5716 9735
5717 9734
5718 9733
5719 9732
5720 9731
5721 9730
5722 9729
5723 6953
5724 6952
5725 6951
5726 6950
5727 6949
5728 6948
5729 6947
5730 6946
5731 6945
5732 6944
5733 6943
5734 6942
5735 6941
5736 6940
5737 6939
5738 6938
5739 9760
5740 9759
5741 9758
5742 9757
5743 9756
5744 9755
5745 9754
5746 9753
5747 9752
5748 9751
5749 9782
5750 9781
5751 9780
5752 9779
5753 9778
5754 9777
5755 9776
5756 9775
5757 9774
5758 9773
5759 9772
5760 9802
5761 9801
5762 9800
5763 9799
5764 9798
5765 9797
5766 9796
5767 9795
5768 9794
5769 9793
5770 10101
5771 10100
5772 10099
5773 10098
5774 10097
5775 10096
5776 10095
5777 10094
5778 10093
5779 10092
5780 10091
5781 10090
5782 10127
5783 10126
5784 10125
5785 10124
5786 10123
5787 10122
5788 10121
5789 10120
5790 10119
5791 10428
5792 10427
5793 10426
5794 10425
5795 10424
5796 10423
5797 10422
5798 10421
5799 10420
5800 10419
5801 10418
5802 10417
5803 10416
5804 11246
5805 11245
5806 11244
5807 11243
5808 11242
5809 11241
5810 11240
5811 11239
5812 11432
5813 11431
5814 11430
5815 11429
5816 11428
5817 11427
5818 11426
5819 11425
5820 11424
5821 11423
5822 11422
5823 11421
5824 11420
5825 11419
5826 11418
5827 11417
5828 11490
5829 11489
5830 11488
5831 11487
5832 11486
5833 11485
5834 11484
5835 11483
5836 10457
5837 10456
5838 10455
5839 10454
5840 10453
5841 10452
5842 10451
5843 10450
5844 9825
5845 9824
5846 9823
5847 9822
5848 9821
5849 9820
5850 9819
5851 9818
5852 9817
5853 9816
5854 9815
5855 9814
5856 10731
5857 10730
5858 10729
5859 10728
5860 10727
5861 10726
5862 10725
5863 10724
5864 10723
5865 10722
5866 10721
5867 10720
5868 10719
5869 10718
5870 10717
5871 10716
5872 10715
5873 10714
5874 10713
5875 10712
5876 12081
5877 12080
5878 12079
5879 12078
5880 12077
5881 12076
5882 12075
5883 12074
5884 12073
5885 12072
5886 12071
5887 12070
5888 12069
5889 9688
5890 9687
5891 9686
5892 9685
5893 9684
5894 9683
5895 9682
5896 9681
5897 9680
5898 9679
5899 12228
5900 12227
5901 12226
5902 12225
5903 12224
5904 12223
5905 12222
5906 12221
5907 12220
5908 12219
5909 12218
5910 12217
5911 12216
5912 12215
5913 12214
5914 12213
5915 12212
5916 12211
5917 12210
5918 12209
5919 12208
5920 12207
5921 12206
5922 12205
5923 12204
5924 12203
5925 12202
5926 12201
5927 12200
5928 12199
5929 12198
5930 12197
5931 12196
5932 12195
5933 12194
5934 12193
5935 12192
5936 12191
5937 12190
5938 12189
5939 12188
5940 12347
5941 12346
5942 12345
5943 12344
5944 12343
5945 12342
5946 12341
5947 12340
5948 12339
5949 12338
5950 12337
5951 13267
5952 13266
5953 13265
5954 13264
5955 13263
5956 13262
5957 13261
5958 13260
5959 13259
5960 13258
5961 13257
5962 13256
5963 13255
5964 13254
5965 13253
5966 13252
5967 13251
5968 13250
5969 13249
5970 13248
5971 13247
5972 13246
5973 9542
5974 9541
5975 9540
5976 9539
5977 9538
5978 9537
5979 9536
5980 9535
5981 9534
5982 9533
5983 9532
5984 9531
5985 9530
5986 9529
5987 9528
5988 9527
5989 9526
5990 9525
5991 9524
5992 9523
5993 9522
5994 9458
5995 9457
5996 9456
5997 9455
5998 9454
6001 9462
6002 9461
6003 9460
6004 9459
6005 9521
6006 9520
6007 9519
6008 9518
6009 9517
6010 9516
6011 9515
6012 9514
6013 9513
6014 9512
6015 9511
6016 9510
6017 9509
6018 9508
6019 9507
6020 9506
6021 9505
6022 9504
6023 9503
6024 9502
6025 9501
6026 9500
6027 9499
6028 13286
6029 13285
6030 13284
6031 13283
6032 13282
6033 13281
6034 13280
6035 13279
6036 13278
6037 13277
6038 13276
6039 13275
6040 13274
6041 13273
6042 13272
6043 13271
6044 13270
6045 13269
6046 13268
6047 12439
6048 12438
6049 12437
6050 12436
6051 12435
6052 12434
6053 12433
6054 12432
6055 12431
6056 12430
6057 12429
6058 12428
6059 12427
6060 12426
6061 12425
6062 12424
6063 12423
6064 12422
6065 12421
6066 12420
6067 12419
6068 12418
6069 12329
6070 12328
6071 12327
6072 12326
6073 12325
6074 12324
6075 12323
6076 12322
6077 12321
6078 12320
6079 12319
6080 12318
6081 12317
6082 12316
6083 12315
6084 12314
6085 12313
6086 12312
6087 12311
6088 12310
6089 12309
6090 12308
6091 12307
6092 12306
6093 12305
6094 12304
6095 12303
6096 12302
6097 12301
6098 12300
6099 12299
6100 12102
6101 12101
6102 12100
6103 12099
6104 12098
6105 12097
6106 12096
6107 12095
6108 12094
6109 12093
6110 12092
6111 12091
6112 12090
6113 12089
6114 12088
6115 12087
6116 12086
6117 12085
6118 12084
6119 12083
6120 12082
6121 10711
6122 10710
6123 10709
6124 10708
6125 10707
6126 10706
6127 10705
6128 10704
6129 10703
6130 10702
6131 10701
6132 10740
6133 10739
6134 10738
6135 10737
6136 10736
6137 10735
6138 10734
6139 10733
6140 10732
6141 9813
6142 9812
6143 9811
6144 9810
6145 9809
6146 9808
6147 9807
6148 9806
6149 9805
6150 9804
6151 9803
6152 10514
6153 10513
6154 10512
6155 10511
6156 10510
6157 10509
6158 10508
6159 10507
6160 10506
6161 10505
6162 10504
6163 10503
6164 11451
6165 11450
6166 11449
6167 11448
6168 11447
6169 11446
6170 11445
6171 11444
6172 11443
6173 11442
6174 11441
6175 11440
6176 11439
6177 11438
6178 11437
6179 11436
6180 11435
6181 11434
6182 11433
6183 11238
6184 11237
6185 11236
6186 11235
6187 11234
6188 11233
6189 11232
6190 11231
6191 11230
6192 11229
6193 11228
6194 11227
6195 10437
6196 10436
6197 10435
6198 10434
6199 10433
6200 10432
6201 10431
6202 10430
6203 10429
6204 10212
6205 10211
6206 10210
6207 10209
6208 10208
6209 10207
6210 10206
6211 10205
6212 10204
6213 10203
6214 10202
6215 10201
6216 10200
6217 10109
6218 10108
6219 10107
6220 10106
6221 10105
6222 10104
6223 10103
6224 10102
6225 9792
6226 9791
6227 9790
6228 9789
6229 9788
6230 9787
6231 9786
6232 9785
6233 9784
6234 9783
6235 9771
6236 9770
6237 9769
6238 9768
6239 9767
6240 9766
6241 9765
6242 9764
6243 9763
6244 9762
6245 9761
6246 9750
6247 9749
6248 9748
6249 9747
6250 9746
6251 9745
6252 9744
6253 9743
6254 9742
6255 9741
6256 6937
6257 6936
6258 6935
6259 6934
6260 6933
6261 6932
6262 6931
6263 6930
6264 6929
6265 6928
6266 6927
6267 6926
6268 6925
6269 6924
6270 6923
6271 6922
6272 6921
6273 6920
6274 6919
6275 6918
6276 6917
6277 6916
6278 6915
6279 6914
6282 10047
6283 10046
6284 10045
6285 10044
6286 10043
6287 10042
6288 10041
6289 10040
6290 9881
6291 9880
6292 9879
6293 9878
6294 9877
6295 9876
6296 9875
6297 9874
6298 9873
6299 9872
6300 9871
6301 9870
6302 9869
6303 9868
6304 9867
6305 9866
6306 9865
6307 7454
6308 7453
6309 7452
6310 7451
6311 7450
6312 7449
6313 7448
6314 7447
6315 7446
6316 7445
6317 7444
6318 7443
6319 7442
6320 7441
6321 7440
6322 7439
6323 7438
6324 7437
6325 7436
6326 7435
6327 7434
6328 7433
6329 7432
6330 7431
6331 7430
6332 7429
6333 7428
6334 7427
6335 7426
6336 7425
6337 7424
6338 7423
6339 7422
6340 7421
6341 9901
6342 9900
6343 9899
6344 9898
6345 9897
6346 9896
6347 9895
6348 9894
6349 9893
6350 10118
6351 10117
6352 10116
6353 10115
6354 10114
6355 10113
6356 10112
6357 10111
6358 10110
6359 10199
6360 10198
6361 10197
6362 10196
6363 10195
6364 10194
6365 10193
6366 10192
6367 10191
6368 10190
6369 10189
6370 10188
6371 10187
6372 10186
6373 10185
6374 10184
6375 10449
6376 10448
6377 10447
6378 10446
6379 10445
6380 10444
6381 10443
6382 10442
6383 10441
6384 10440
6385 10439
6386 10438
6387 11226
6388 11225
6389 11224
6390 11223
6391 11222
6392 11221
6393 11220
6394 11219
6395 11218
6396 11217
6397 11216
6398 11215
6399 11214
6400 11213
6401 11212
6402 11211
6403 11210
6404 11209
6405 11208
6406 11207
6407 11206
6408 11205
6409 11204
6410 11203
6411 11202
6412 11201
6413 11200
6414 11199
6415 11198
6416 11464
6417 11463
6418 11462
6419 11461
6420 11460
6421 11459
6422 11458
6423 11457
6424 11456
6425 11455
6426 11454
6427 11453
6428 11452
6429 10502
6430 10501
6431 10500
6432 10499
6433 10498
6434 10497
6435 10496
6436 10495
6437 10494
6438 10493
6439 10492
6440 10491
6441 10490
6442 10489
6443 10488
6444 10487
6445 9921
6446 9920
6447 9919
6448 9918
6449 9917
6450 9916
6451 9915
6452 9914
6453 9913
6454 9941
6455 9940
6456 9939
6457 9938
6458 9937
6459 9936
6460 9935
6461 9934
6462 9933
6463 10748
6464 10747
6465 10746
6466 10745
6467 10744
6468 10743
6469 10742
6470 10741
6471 10700
6472 10699
6473 10698
6474 10697
6475 10696
6476 10695
6477 10694
6478 10693
6479 11799
6480 11798
6481 11797
6482 11796
6483 11795
6484 11794
6485 11793
6486 11792
6487 11791
6488 11790
6489 11789
6490 11788
6491 11787
6492 11786
6493 11785
6494 11784
6495 11783
6496 11782
6497 12118
6498 12117
6499 12116
6500 12115
6501 12114
6502 12113
6503 12112
6504 12111
6505 12110
6506 12109
6507 12108
6508 12107
6509 12106
6510 12105
6511 12104
6512 12103
6513 12298
6514 12297
6515 12296
6516 12295
6517 12294
6518 12293
6519 12292
6520 12291
6521 12290
6522 12289
6523 12288
6524 12287
6525 12286
6526 12285
6527 12284
6528 12283
6529 12282
6530 12281
6531 9961
6532 9960
6533 9959
6534 9958
6535 9957
6536 9956
6537 9955
6538 9954
6539 9953
6540 9979
6541 9978
6542 9977
6543 9976
6544 9975
6545 9974
6546 9973
6547 9972
6548 12336
6549 12335
6550 12334
6551 12333
6552 12332
6553 12331
6554 12330
6555 12417
6556 12416
6557 12415
6558 12414
6559 12413
6560 12412
6561 12411
6562 12410
6563 12409
6564 12408
6565 12407
6566 12406
6567 12405
6568 12404
6569 12403
6570 12402
6571 12401
6572 12400
6573 12399
6574 12398
6575 12397
6576 12396
6577 12395
6578 12394
6579 12393
6580 12392
6581 12391
6582 10001
6583 10000
6584 9999
6585 9998
6586 9997
6587 9996
6588 9995
6589 9994
6590 9993
6591 9992
6592 13303
6593 13302
6594 13301
6595 13300
6596 13299
6597 13298
6598 13297
6599 13296
6600 13295
6601 13294
6602 13293
6603 13292
6604 13291
6605 13290
6606 13289
6607 13288
6608 13287
6609 9498
6610 9497
6611 9496
6612 9495
6613 9494
6614 9493
6615 9492
6616 9491
6617 9490
6618 9489
6619 9488
6620 9487
6621 9486
6622 9485
6623 9484
6624 9483
6625 9482
6626 9481
6627 9480
6628 9479
6629 9478
6630 9477
6631 9476
6632 9475
6633 9474
6634 9473
6635 9472
6636 9471
6637 9470
6638 9469
6639 9468
6640 9467
