1 9234
2 3
4 9231
5 9230
6 9229
7 9228
8 9227
9 9226
10 9225
11 9224
12 13
14 9221
15 9220
16 9219
17 9218
18 9217
19 9216
20 9215
21 9214
22 9128
23 24
25 9125
26 9124
27 9123
28 9122
29 9121
30 9120
31 9119
32 9118
33 34
35 13277
36 13276
37 13275
38 13274
39 13273
40 13272
41 13271
42 43
44 13268
45 13267
46 13266
47 13265
48 13264
49 13263
50 13262
51 13261
52 13260
53 13259
54 55
56 13256
57 13255
58 13254
59 13253
60 13252
61 62
63 13249
64 13248
65 13247
66 13246
67 7856
68 69
70 7853
71 7852
72 7851
73 7850
74 75
76 7847
77 7846
78 12566
79 12565
80 81
82 12562
83 12561
84 12560
85 9108
86 87
88 9105
89 9104
90 9103
91 9102
92 9101
93 94
95 9098
96 12533
97 12532
98 12531
99 100
101 12528
102 12527
103 12526
104 12525
105 12524
106 107
108 12521
109 12520
110 12519
111 12518
112 113
114 12515
115 12514
116 12513
117 12512
118 12511
119 120
121 7832
122 7831
123 7830
124 7829
125 126
127 7826
128 7825
129 7824
130 12214
131 12213
132 133
134 12210
135 12209
136 12208
137 12207
138 12206
139 140
141 12203
142 12202
143 12201
144 12200
145 146
147 9087
148 9086
149 9085
150 9084
151 9083
152 153
154 9080
155 9079
156 9078
157 9077
158 11476
159 11475
160 11474
161 11473
162 163
164 11470
165 11469
166 11468
167 11467
168 11466
169 170
171 11463
172 11462
173 11461
174 11460
175 11459
176 177
178 11456
179 11455
180 11454
181 11453
182 10693
183 10692
184 185
186 10689
187 10688
188 10687
189 10686
190 11269
191 192
193 11266
194 11265
195 11264
196 11263
197 11262
198 199
200 11259
201 11258
202 11257
203 9076
204 9075
205 206
207 9072
208 9071
209 9070
210 9069
211 9068
212 9067
213 9066
214 9065
215 216
217 9062
218 9061
219 9060
220 9059
221 9058
222 223
224 11131
225 11130
226 11129
227 11128
228 11127
229 11126
230 231
232 11123
233 11122
234 11121
235 10202
236 10201
237 238
239 10198
240 10197
241 10196
242 10195
243 10194
244 245
246 10191
247 10190
248 10189
249 10188
250 10187
251 252
253 8994
254 8993
255 8992
256 8991
257 8990
258 259
260 8987
261 8986
262 8985
263 8984
264 8983
265 8982
266 8702
267 268
269 8699
270 8698
271 8697
272 8696
273 8695
274 275
276 8692
277 8691
278 8690
279 8689
280 8688
281 282
283 8685
284 10157
285 10156
286 10155
287 288
289 10152
290 10151
291 10150
292 10149
293 10148
294 295
296 10145
297 10144
298 7813
299 7812
300 7811
301 302
303 7808
304 7807
305 7806
306 7805
307 308
309 7792
310 7791
311 7790
312 7789
313 7788
314 315
316 7785
317 7784
318 9953
319 9952
320 9951
321 9950
322 9949
323 324
325 9946
326 9945
327 9944
328 329
330 9941
331 9940
332 9939
333 9938
334 335
336 8677
337 8676
338 8675
339 8674
340 341
342 8671
343 8670
344 8669
345 346
347 8666
348 8665
349 8664
350 7773
351 352
353 7770
354 7769
355 7768
356 357
358 7765
359 7764
360 7752
361 7751
362 363
364 7748
365 7747
366 7746
367 7745
368 369
370 7742
371 7731
372 7730
373 7729
374 7728
375 7727
376 7726
377 378
379 7723
380 7722
381 8476
382 8475
383 8474
384 385
386 8471
387 8470
388 8469
389 8468
390 8467
391 8466
392 393
394 8463
395 8462
396 8461
397 8460
398 8459
399 8458
400 401
402 8455
403 8454
404 8453
405 8452
406 8451
407 8450
408 8449
409 410
411 9249
412 9248
413 9247
414 9246
415 9245
416 9244
417 9243
418 419
420 9240
421 9239
422 9238
423 9237
424 9236
425 9235
428 8401
429 8400
430 8399
431 8398
432 8397
433 8396
434 435
436 8393
437 8392
438 8391
439 8390
440 8389
441 8388
442 8387
443 444
445 8384
446 8383
447 8382
448 8381
449 8380
450 8379
451 8378
452 453
454 8375
455 8374
456 8373
457 7946
458 7945
459 7944
460 461
462 7941
463 7940
464 7939
465 7938
466 7937
467 7936
468 469
470 7933
471 7932
472 7931
473 7741
474 7740
475 476
477 7737
478 7736
479 7735
480 7734
481 7733
482 7732
483 484
485 7761
486 7760
487 7759
488 7758
489 490
491 7755
492 7754
493 7753
494 7783
495 496
497 7780
498 7779
499 7778
500 7777
501 502
503 7774
504 8663
505 8662
506 507
508 8659
509 8658
510 8657
511 8656
512 513
514 8653
515 8652
516 8651
517 518
519 8648
520 9969
521 9968
522 9967
523 524
525 9964
526 9963
527 9962
528 529
530 9959
531 9958
532 9957
533 9956
534 9955
535 9954
536 7802
537 7801
538 539
540 7798
541 7797
542 7796
543 7795
544 545
546 7823
547 7822
548 7821
549 7820
550 551
552 7817
553 7816
554 7815
555 7814
556 557
558 10141
559 10140
560 10139
561 10138
562 10137
563 564
565 10134
566 10133
567 10132
568 10131
569 570
571 10128
572 10127
573 10126
574 10125
575 576
577 8713
578 8712
579 8711
580 8710
581 8709
582 583
584 8706
585 8705
586 8704
587 8703
588 8981
589 8980
590 8979
591 8978
592 8977
593 594
595 8974
596 8973
597 8972
598 8971
599 600
601 8968
602 8967
603 10218
604 10217
605 10216
606 607
608 10213
609 10212
610 10211
611 10210
612 613
614 10207
615 10206
616 10205
617 10204
618 10203
619 620
621 11118
622 11117
623 11116
624 11115
625 626
627 11112
628 11111
629 11110
630 11109
631 11108
632 633
634 11105
635 11104
636 11103
637 11102
638 9035
639 640
641 9032
642 9031
643 9030
644 9029
645 9028
646 9027
647 648
649 9024
650 9023
651 9022
652 11256
653 11255
654 655
656 11252
657 11251
658 11250
659 11249
660 661
662 11246
663 11245
664 11244
665 10701
666 10700
667 668
669 10697
670 10696
671 10695
672 10694
673 674
675 11450
676 11449
677 11448
678 11447
679 11446
680 681
682 11443
683 11442
684 11441
685 11440
686 687
688 10550
689 10549
690 10548
691 10547
692 10546
693 694
695 10543
696 10542
697 10541
698 10540
699 10539
700 10538
701 702
703 12237
704 12236
705 12235
706 12234
707 708
709 12231
710 12230
711 12229
712 12228
713 12227
714 715
716 12224
717 12223
718 12222
719 12221
720 721
722 12218
723 12217
724 12216
725 12215
726 727
728 7843
729 7842
730 7841
731 7840
732 7839
733 734
735 7836
736 7835
737 12510
738 12509
739 740
741 12506
742 12505
743 12504
744 12503
745 746
747 12500
748 11923
749 11922
750 11921
751 11920
752 11919
753 11918
754 11917
755 756
757 11914
758 11913
759 11912
760 11911
761 762
763 11908
764 12580
765 12579
766 767
768 12576
769 12575
770 12574
771 12573
772 773
774 12570
775 12569
776 12568
777 12567
778 779
780 7865
781 7864
782 7863
783 7862
784 785
786 7859
787 7858
788 7857
789 13245
790 791
792 13242
793 13241
794 13240
795 13239
796 797
798 13236
799 13200
800 13199
801 13198
802 13197
803 804
805 13194
806 12868
807 12867
808 12866
809 12865
810 12864
811 12863
812 813
814 12860
815 12859
816 12858
817 12857
818 12856
819 12855
820 821
822 12852
823 12851
824 12850
825 12849
826 12848
827 12847
828 12846
829 12845
830 831
832 12842
833 12841
834 12840
835 12839
836 12838
837 12837
838 12836
839 840
841 12833
842 12832
843 12831
844 12830
845 12829
846 12828
847 12827
848 7875
849 7874
850 851
852 7871
853 7870
854 7869
855 7868
858 7721
859 860
861 7718
862 7717
863 7716
864 7715
865 7714
866 7713
867 868
869 7710
870 7709
871 7708
872 7707
873 7706
874 7705
875 7704
876 12773
877 878
879 12770
880 12769
881 12768
882 12767
883 12766
884 12765
885 12764
886 887
888 12903
889 12902
890 12901
891 12900
892 12899
893 12898
894 895
896 12895
897 12894
898 12893
899 12892
900 12891
901 12890
902 903
904 12887
905 12886
906 12885
907 12884
908 12883
909 13207
910 13206
911 13205
912 13204
913 13203
914 915
916 13235
917 13234
918 13233
919 13232
920 921
922 13229
923 13228
924 13227
925 13226
926 927
928 11760
929 11759
930 11758
931 932
933 11755
934 11754
935 11753
936 11752
937 938
939 11787
940 11786
941 11785
942 943
944 11782
945 11781
946 11780
947 948
949 11883
950 11882
951 11881
952 11880
953 954
955 11877
956 11876
957 11875
958 959
960 11931
961 11930
962 11929
963 11928
964 11927
965 11926
966 967
968 12499
969 12498
970 12497
971 12496
972 973
974 12493
975 12492
976 12491
977 12490
978 979
980 12487
981 12486
982 12485
983 12484
984 985
986 12481
987 12480
988 12479
989 12478
990 991
992 12475
993 12474
994 12473
995 12472
996 997
998 12469
999 12468
1000 12467
1001 1002
1003 12464
1004 12463
1005 12268
1006 12267
1007 1008
1009 12264
1010 12263
1011 12262
1012 10567
1013 1014
1015 10564
1016 10563
1017 10562
1018 10561
1019 10560
1020 10559
1021 1022
1023 10556
1024 10555
1025 10554
1026 1027
1028 10551
1029 11437
1030 11436
1031 11435
1032 1033
1034 11432
1035 11431
1036 11430
1037 10716
1038 1039
1040 10713
1041 10712
1042 10711
1043 10710
1044 1045
1046 10707
1047 10706
1048 10705
1049 10704
1050 1051
1052 11243
1053 11242
1054 11241
1055 11240
1056 1057
1058 11237
1059 11236
1060 11235
1061 11234
1062 1063
1064 11231
1065 11230
1066 11229
1067 11228
1068 1069
1070 11225
1071 11224
1072 11223
1073 11222
1074 11221
1075 11220
1076 1077
1078 11217
1079 11216
1080 11215
1081 11214
1082 1083
1084 11211
1085 11210
1086 11209
1087 7631
1088 1089
1090 7628
1091 7627
1092 7626
1093 7625
1094 1095
1096 7622
1097 7621
1098 7620
1099 7619
1100 1101
1102 10231
1103 10230
1104 10229
1105 10228
1106 1107
1108 10225
1109 10224
1110 10223
1111 10222
1112 1113
1114 10219
1115 8966
1116 8965
1117 8964
1118 1119
1120 8961
1121 8960
1122 8959
1123 8958
1124 1125
1126 8955
1127 8954
1128 8953
1129 8952
1130 8951
1131 8950
1132 1133
1134 7430
1135 7429
1136 7428
1137 7427
1138 1139
1140 7424
1141 7423
1142 8753
1143 8752
1144 1145
1146 8749
1147 8748
1148 8747
1149 8787
1150 1151
1152 8784
1153 8783
1154 8782
1155 8781
1156 1157
1158 8778
1159 8777
1160 8776
1161 8775
1162 1163
1164 9620
1165 9619
1166 9618
1167 9617
1168 1169
1170 9614
1171 9613
1172 9612
1173 1174
1175 9609
1176 9608
1177 9607
1178 9606
1179 1180
1181 9603
1182 9602
1183 9601
1184 9600
1185 9599
1186 9598
1187 9597
1188 9596
1189 9979
1190 1191
1192 9976
1193 9975
1194 9974
1195 1196
1197 9971
1198 9970
1199 8647
1200 8646
1201 1202
1203 8643
1204 8642
1205 8641
1206 1207
1208 9395
1209 9394
1210 9393
1211 1212
1213 9390
1214 9389
1215 9388
1216 9387
1217 1218
1219 9384
1220 9383
1221 9382
1222 1223
1224 9379
1225 9378
1226 9377
1227 9376
1228 1229
1230 9373
1231 9372
1232 9371
1233 9370
1234 1235
1236 9336
1237 9335
1238 9334
1239 9333
1240 9332
1241 9331
1242 1243
1244 9328
1245 9327
1246 9326
1247 9325
1248 9324
1249 1250
1251 9321
1252 9320
1253 9319
1254 7954
1255 7953
1256 1257
1258 7950
1259 7949
1260 7948
1261 7947
1262 8372
1263 8371
1264 8370
1265 1266
1267 8367
1268 8366
1269 8365
1270 8364
1271 8363
1272 8362
1273 1274
1275 8359
1276 8358
1277 8357
1278 6958
1279 6957
1280 6956
1281 6955
1282 1283
1284 6952
1285 6951
1286 6950
1287 6949
1288 6948
1289 6947
1290 6946
1293 6971
1294 6970
1295 6969
1296 6968
1297 6967
1298 6966
1299 6965
1300 1301
1302 6962
1303 6961
1304 6960
1305 6959
1306 8356
1307 8355
1308 8354
1309 1310
1311 8351
1312 8350
1313 8349
1314 8348
1315 8347
1316 8346
1317 8345
1318 1319
1320 8342
1321 8341
1322 8168
1323 8167
1324 8166
1325 8165
1326 1327
1328 8162
1329 8161
1330 8160
1331 8159
1332 8158
1333 1334
1335 8155
1336 8154
1337 8153
1338 8152
1339 8151
1340 1341
1342 9342
1343 9341
1344 9340
1345 9339
1346 9338
1347 9337
1348 1349
1350 9365
1351 9364
1352 9363
1353 9362
1354 1355
1356 9359
1357 9824
1358 9823
1359 9822
1360 1361
1362 9819
1363 9818
1364 9411
1365 1366
1367 9408
1368 9407
1369 9406
1370 1371
1372 9403
1373 9402
1374 9401
1375 9400
1376 1377
1378 8640
1379 8639
1380 8638
1381 1382
1383 8635
1384 8634
1385 8633
1386 1387
1388 8630
1389 8629
1390 8628
1391 1392
1393 8625
1394 8624
1395 8623
1396 8622
1397 1398
1399 8619
1400 8618
1401 8617
1402 8616
1403 8615
1404 1405
1406 9639
1407 9638
1408 9637
1409 1410
1411 9634
1412 9633
1413 9632
1414 9631
1415 1416
1417 9628
1418 9627
1419 9626
1420 1421
1422 9623
1423 8774
1424 8773
1425 8772
1426 1427
1428 8769
1429 8768
1430 8767
1431 1432
1433 8764
1434 8763
1435 8762
1436 8761
1437 1438
1439 8758
1440 8757
1441 8756
1442 1443
1444 7441
1445 7440
1446 7439
1447 7438
1448 1449
1450 7435
1451 7434
1452 7433
1453 1454
1455 8947
1456 8946
1457 8945
1458 8944
1459 8943
1460 1461
1462 8940
1463 8939
1464 8938
1465 1466
1467 8935
1468 8934
1469 10250
1470 10249
1471 1472
1473 10246
1474 10245
1475 10244
1476 10243
1477 1478
1479 10240
1480 10239
1481 10238
1482 1483
1484 10235
1485 10234
1486 7618
1487 7617
1488 1489
1490 7614
1491 7613
1492 7612
1493 1494
1495 10823
1496 10822
1497 10821
1498 10820
1499 1500
1501 10817
1502 10816
1503 10815
1504 1505
1506 10812
1507 10811
1508 10810
1509 10809
1510 1511
1512 10862
1513 10861
1514 10860
1515 10859
1516 1517
1518 10856
1519 10855
1520 10854
1521 10853
1522 1523
1524 10742
1525 10741
1526 10740
1527 1528
1529 10737
1530 10736
1531 10735
1532 10734
1533 1534
1535 10731
1536 10730
1537 10729
1538 1539
1540 10726
1541 10725
1542 10724
1543 10723
1544 1545
1546 10720
1547 10719
1548 10718
1549 10717
1550 1551
1552 11427
1553 11426
1554 11425
1555 1556
1557 11422
1558 12293
1559 12292
1560 12291
1561 1562
1563 12288
1564 12287
1565 12286
1566 1567
1568 12283
1569 12282
1570 12281
1571 12280
1572 1573
1574 12277
1575 12276
1576 12275
1577 12274
1578 1579
1580 12271
1581 12270
1582 12269
1583 1584
1585 12460
1586 12459
1587 12458
1588 12457
1589 1590
1591 12454
1592 12453
1593 12452
1594 1595
1596 12449
1597 12448
1598 12447
1599 12446
1600 1601
1602 12443
1603 12442
1604 12441
1605 12440
1606 1607
1608 12437
1609 11952
1610 11951
1611 1612
1613 11948
1614 11947
1615 11946
1616 11945
1617 1618
1619 11942
1620 11941
1621 11940
1622 1623
1624 11937
1625 11936
1626 11935
1627 11934
1628 1629
1630 11872
1631 11871
1632 11870
1633 11869
1634 1635
1636 11802
1637 11801
1638 11800
1639 1640
1641 11797
1642 11796
1643 11795
1644 1645
1646 11792
1647 11791
1648 11790
1649 1650
1651 11749
1652 11748
1653 11747
1654 1655
1656 11744
1657 11743
1658 11742
1659 1660
1661 13056
1662 13055
1663 13054
1664 13053
1665 1666
1667 13050
1668 13094
1669 13093
1670 1671
1672 13090
1673 13089
1674 13088
1675 13087
1676 1677
1678 13084
1679 13083
1680 13082
1681 13081
1682 13080
1683 13079
1684 13078
1685 12921
1686 1687
1688 12918
1689 12917
1690 12916
1691 12915
1692 12914
1693 1694
1695 12911
1696 12910
1697 12909
1698 12908
1699 12907
1700 12906
1701 1702
1703 12761
1704 12760
1705 12759
1706 12758
1707 12757
1708 12756
1709 1710
1711 12753
1712 12752
1713 12751
1714 12750
1715 12749
1716 12748
1717 12747
1718 1719
1720 12744
1721 12743
1722 12742
1723 12741
1724 7657
1725 7656
1726 1727
1728 7653
1729 7652
1730 7651
1731 7650
1734 7393
1735 1736
1737 7390
1738 7389
1739 7388
1740 7387
1741 7386
1742 1743
1744 7383
1745 7382
1746 7381
1747 7380
1748 7379
1749 7378
1750 1751
1752 7375
1753 7374
1754 7373
1755 7372
1756 7371
1757 7370
1758 1759
1760 7367
1761 7366
1762 7365
1763 7364
1764 7363
1765 7362
1766 1767
1768 12955
1769 12954
1770 12953
1771 12952
1772 12951
1773 1774
1775 12948
1776 12947
1777 12946
1778 12945
1779 12944
1780 1781
1782 7095
1783 7094
1784 7093
1785 7092
1786 7091
1787 1788
1789 7088
1790 7087
1791 7086
1792 13102
1793 1794
1795 13099
1796 13098
1797 13097
1798 1799
1800 13049
1801 13048
1802 13047
1803 1804
1805 13044
1806 13043
1807 13042
1808 1809
1810 11824
1811 11823
1812 11822
1813 1814
1815 11819
1816 11818
1817 11817
1818 1819
1820 11814
1821 11813
1822 11812
1823 1824
1825 11809
1826 11808
1827 11807
1828 1829
1830 11804
1831 11803
1832 11866
1833 1834
1835 11863
1836 11862
1837 11861
1838 1839
1840 11987
1841 11986
1842 11985
1843 11984
1844 11983
1845 11982
1846 11981
1847 1848
1849 11978
1850 11977
1851 11976
1852 1853
1854 11973
1855 12413
1856 12412
1857 1858
1859 12409
1860 12408
1861 12407
1862 12406
1863 1864
1865 12403
1866 12402
1867 12401
1868 1869
1870 12398
1871 6817
1872 6816
1873 1874
1875 6813
1876 6812
1877 6811
1878 1879
1880 6808
1881 6797
1882 6796
1883 6795
1884 1885
1886 6792
1887 6791
1888 6790
1889 1890
1891 6776
1892 6775
1893 6774
1894 1895
1896 6771
1897 6770
1898 6769
1899 6768
1900 6767
1901 6766
1902 10948
1903 10947
1904 1905
1906 10944
1907 10943
1908 10942
1909 1910
1911 10939
1912 10938
1913 10937
1914 1915
1916 10934
1917 10933
1918 10932
1919 1920
1921 10929
1922 6753
1923 6752
1924 1925
1926 6749
1927 6748
1928 6747
1929 1930
1931 6744
1932 6743
1933 6732
1934 6731
1935 1936
1937 6728
1938 6727
1939 6726
1940 1941
1942 6723
1943 10879
1944 10878
1945 1946
1947 10875
1948 10874
1949 10873
1950 1951
1952 10870
1953 10869
1954 10868
1955 10867
1956 1957
1958 10808
1959 10807
1960 10806
1961 1962
1963 10803
1964 10286
1965 10285
1966 1967
1968 10282
1969 10281
1970 10280
1971 1972
1973 10277
1974 10276
1975 10275
1976 1977
1978 10272
1979 10271
1980 10270
1981 10269
1982 1983
1984 10266
1985 10265
1986 10264
1987 1988
1989 10261
1990 10260
1991 10259
1992 1993
1994 10256
1995 10255
1996 10254
1997 1998
1999 10251
2000 8933
2001 8932
2002 2003
2004 8929
2005 8928
2006 8927
2007 2008
2009 6689
2010 6688
2011 6687
2012 6686
2013 6685
2014 6684
2015 6683
2016 2017
2018 7203
2019 7202
2020 7201
2021 2022
2023 7198
2024 7197
2025 7196
2026 7195
2027 2028
2029 7192
2030 7191
2031 7190
2032 2033
2034 7187
2035 7186
2036 7185
2037 2038
2039 6670
2040 6669
2041 6668
2042 2043
2044 6665
2045 6664
2046 6663
2047 9655
2048 2049
2050 9652
2051 9651
2052 9650
2053 2054
2055 9647
2056 9646
2057 9645
2058 2059
2060 9642
2061 9641
2062 9640
2063 2064
2065 8610
2066 8609
2067 8608
2068 8607
2069 8606
2070 8605
2071 8604
2072 2073
2074 8601
2075 8600
2076 8599
2077 2078
2079 8596
2080 8595
2081 8594
2082 2083
2084 8591
2085 8590
2086 8589
2087 2088
2089 8586
2090 9770
2091 9769
2092 2093
2094 9766
2095 9765
2096 9764
2097 2098
2099 9417
2100 9416
2101 9415
2102 2103
2104 9412
2105 9817
2106 9816
2107 9815
2108 2109
2110 9812
2111 9811
2112 9810
2113 2114
2115 9807
2116 9806
2117 9805
2118 9804
2119 2120
2121 6652
2122 6651
2123 6650
2124 6649
2125 6648
2126 6647
2127 2128
2129 6644
2130 6643
2131 8184
2132 8183
2133 8182
2134 2135
2136 8179
2137 8178
2138 8177
2139 8176
2140 8175
2141 2142
2143 8172
2144 8171
2145 8170
2146 8169
2147 8340
2148 8339
2149 2150
2151 8336
2152 8335
2153 8334
2154 8333
2155 8332
2156 8331
2157 8330
2158 2159
2160 8327
2161 8326
2162 8325
2163 8276
2164 8275
2165 8274
2166 8273
2167 2168
2169 8270
2170 8269
2171 8268
2172 8267
2173 8266
2174 8265
2175 8264
2178 8289
2179 8288
2180 8287
2181 8286
2182 8285
2183 8284
2184 8283
2185 2186
2187 8280
2188 8279
2189 8278
2190 8277
2191 8324
2192 8323
2193 8322
2194 2195
2196 8319
2197 8318
2198 8317
2199 8316
2200 8315
2201 8206
2202 8205
2203 2204
2205 8202
2206 8201
2207 8200
2208 8199
2209 8198
2210 8197
2211 2212
2213 8194
2214 8193
2215 8192
2216 8191
2217 8190
2218 8189
2219 2220
2221 8186
2222 8185
2223 6662
2224 6661
2225 2226
2227 6658
2228 6657
2229 6656
2230 6655
2231 6654
2232 6653
2233 2234
2235 9799
2236 9798
2237 9797
2238 9796
2239 2240
2241 9793
2242 9792
2243 9791
2244 2245
2246 9788
2247 9787
2248 9786
2249 2250
2251 9783
2252 9782
2253 9781
2254 2255
2256 9778
2257 9777
2258 9776
2259 2260
2261 9773
2262 9772
2263 9771
2264 2265
2266 8583
2267 8582
2268 8581
2269 2270
2271 8578
2272 8577
2273 8576
2274 2275
2276 8573
2277 9685
2278 9684
2279 2280
2281 9681
2282 9680
2283 9679
2284 9678
2285 9677
2286 9676
2287 9675
2288 2289
2290 9672
2291 9671
2292 9670
2293 2294
2295 9667
2296 9666
2297 9665
2298 2299
2300 9662
2301 9661
2302 9660
2303 9659
2304 2305
2306 9656
2307 6682
2308 6681
2309 2310
2311 6678
2312 6677
2313 6676
2314 2315
2316 6673
2317 7184
2318 7183
2319 2320
2321 7180
2322 7179
2323 7178
2324 2325
2326 7175
2327 7216
2328 2329
2330 7213
2331 7212
2332 7211
2333 2334
2335 7208
2336 7207
2337 7206
2338 2339
2340 6699
2341 6698
2342 6697
2343 6696
2344 6695
2345 2346
2347 6692
2348 8926
2349 8925
2350 2351
2352 8922
2353 8921
2354 8920
2355 2356
2357 8917
2358 8916
2359 8915
2360 2361
2362 8912
2363 8911
2364 8910
2365 2366
2367 6722
2368 6721
2369 2370
2371 6718
2372 6717
2373 6716
2374 2375
2376 6713
2377 6712
2378 10300
2379 2380
2381 10297
2382 10296
2383 10295
2384 2385
2386 10292
2387 10291
2388 10290
2389 2390
2391 10287
2392 10802
2393 10801
2394 2395
2396 10798
2397 10797
2398 10796
2399 10795
2400 10794
2401 10793
2402 10889
2403 2404
2405 10886
2406 10885
2407 2408
2409 10882
2410 10881
2411 10880
2412 2413
2414 6740
2415 6739
2416 6738
2417 2418
2419 6735
2420 6734
2421 6733
2422 2423
2424 6763
2425 6762
2426 6761
2427 2428
2429 6758
2430 6757
2431 6756
2432 2433
2434 10928
2435 10927
2436 10926
2437 2438
2439 10923
2440 10922
2441 2442
2443 10959
2444 10958
2445 10957
2446 2447
2448 10954
2449 10953
2450 10952
2451 2452
2453 10949
2454 6787
2455 6786
2456 6785
2457 6784
2458 6783
2459 6782
2460 2461
2462 6779
2463 6778
2464 6777
2465 2466
2467 6805
2468 6804
2469 6803
2470 2471
2472 6800
2473 6799
2474 6798
2475 2476
2477 6825
2478 6824
2479 6823
2480 2481
2482 6820
2483 6819
2484 6818
2485 2486
2487 12395
2488 12394
2489 12393
2490 2491
2492 12390
2493 6847
2494 6846
2495 2496
2497 6843
2498 6842
2499 6841
2500 2501
2502 6838
2503 6837
2504 2505
2506 11998
2507 11997
2508 11996
2509 2510
2511 11993
2512 11992
2513 11991
2514 11990
2515 11989
2516 11988
2517 2518
2519 11856
2520 11855
2521 11854
2522 2523
2524 11851
2525 11850
2526 2527
2528 11847
2529 11846
2530 11845
2531 2532
2533 11842
2534 11841
2535 11840
2536 2537
2538 11837
2539 11836
2540 2541
2542 11833
2543 11832
2544 11831
2545 2546
2547 11828
2548 11827
2549 13041
2550 2551
2552 13038
2553 13037
2554 13036
2555 2556
2557 13033
2558 13032
2559 13031
2560 2561
2562 13028
2563 13027
2564 13026
2565 2566
2567 13023
2568 13022
2569 13021
2570 13020
2571 13019
2572 13018
2573 13017
2574 13016
2575 2576
2577 13013
2578 13012
2579 12969
2580 12968
2581 2582
2583 12965
2584 12964
2585 12963
2586 12962
2587 12961
2588 2589
2590 12958
2591 7361
2592 7360
2593 7359
2594 7358
2595 2596
2597 7355
2598 7354
2599 7353
2600 7352
2601 7351
2602 2603
2604 7348
2605 7347
2606 7346
2607 7345
2608 7344
2609 7343
2610 2611
2612 7340
2613 7339
2614 7338
2615 7337
2616 7336
2617 7335
2618 2619
2620 7332
2621 7331
2622 7330
2625 7071
2626 7070
2627 7069
2628 7068
2629 7067
2630 7066
2631 7065
2632 7064
2633 7063
2634 7062
2635 2636
2637 7059
2638 6876
2639 6875
2640 6874
2641 6873
2642 6872
2643 6871
2644 6870
2645 6869
2646 6868
2647 6867
2648 6866
2649 12984
2650 12983
2651 12982
2652 12981
2653 12980
2654 12979
2655 12978
2656 12977
2657 12976
2658 12975
2659 12974
2660 12973
2661 12972
2662 12971
2663 12970
2664 13011
2665 13010
2666 13009
2667 13008
2668 13007
2669 13006
2670 13005
2671 13127
2672 13126
2673 13125
2674 13124
2675 13123
2676 13122
2677 13121
2678 13120
2679 13119
2680 13118
2681 13117
2682 13116
2683 13115
2684 13114
2685 13113
2686 11721
2687 11720
2688 11719
2689 11718
2690 2691
2692 11715
2693 11714
2694 11713
2695 11712
2696 11711
2697 11710
2698 11709
2699 11708
2700 11621
2701 11620
2702 11619
2703 11618
2704 11617
2705 11616
2706 11615
2707 11614
2708 12018
2709 12017
2710 12016
2711 12015
2712 12014
2713 12013
2714 12012
2715 12011
2716 12010
2717 12009
2718 12008
2719 12007
2720 12006
2721 12005
2722 12004
2723 12003
2724 12002
2725 12001
2726 6836
2727 6835
2728 6834
2729 6833
2730 6832
2731 6831
2732 6830
2733 6829
2734 6828
2735 12389
2736 12388
2737 12387
2738 12386
2739 2740
2741 12383
2742 12382
2743 12381
2744 12380
2745 12379
2746 12378
2747 12377
2748 12376
2749 12375
2750 7292
2751 7291
2752 7290
2753 7289
2754 7288
2755 7287
2756 7286
2757 7285
2758 7284
2759 7283
2760 7282
2761 7281
2762 7280
2763 7279
2764 10976
2765 10975
2766 10974
2767 10973
2768 10972
2769 10971
2770 2771
2772 10968
2773 10967
2774 10966
2775 10965
2776 10964
2777 10963
2778 10962
2779 10921
2780 10920
2781 10919
2782 10918
2783 10917
2784 10916
2785 10915
2786 10914
2787 10913
2788 10912
2789 10911
2790 10910
2791 10909
2792 2793
2794 10906
2795 10905
2796 10904
2797 10903
2798 10902
2799 10901
2800 10900
2801 10899
2802 10898
2803 10897
2804 10896
2805 10895
2806 10894
2807 10893
2808 10892
2809 10891
2810 10890
2811 10792
2812 10791
2813 10790
2814 10789
2815 10788
2816 10787
2817 10786
2818 10785
2819 2820
2821 10782
2822 10781
2823 10780
2824 10308
2825 10307
2826 10306
2827 10305
2828 10304
2829 10303
2830 10302
2831 10301
2832 6711
2833 6710
2834 6709
2835 6708
2836 6707
2837 6706
2838 6705
2839 6704
2840 2841
2842 8907
2843 8906
2844 8905
2845 8904
2846 8903
2847 8902
2848 8901
2849 8900
2850 8899
2851 8898
2852 8897
2853 8896
2854 8895
2855 8894
2856 8893
2857 8892
2858 8891
2859 8890
2860 8889
2861 8888
2862 8887
2863 8886
2864 8885
2865 8884
2866 7224
2867 7223
2868 7222
2869 7221
2870 7220
2871 7219
2872 7218
2873 7217
2874 7174
2875 7173
2876 7172
2877 2878
2879 7169
2880 7168
2881 7167
2882 7166
2883 7165
2884 7164
2885 7163
2886 7162
2887 7145
2888 7144
2889 7143
2890 7142
2891 7141
2892 7140
2893 7139
2894 7138
2895 7137
2896 7136
2897 7135
2898 7134
2899 7133
2900 7132
2901 7131
2902 7130
2903 7129
2904 7128
2905 7127
2906 7126
2907 7125
2908 9693
2909 9692
2910 9691
2911 9690
2912 9689
2913 9688
2914 9687
2915 9686
2916 8572
2917 8571
2918 8570
2919 8569
2920 8568
2921 8567
2922 8566
2923 8565
2924 8564
2925 8563
2926 8562
2927 8561
2928 8560
2929 8559
2930 8558
2931 8557
2932 6857
2933 6856
2934 6855
2935 6854
2936 6853
2937 6852
2938 6851
2939 6850
2940 6849
2941 6848
2942 9445
2943 9444
2944 9443
2945 9442
2946 9441
2947 9440
2948 9439
2949 9438
2950 8126
2951 8125
2952 8124
2953 8123
2954 8122
2955 8121
2956 8120
2957 8119
2958 8118
2959 8117
2960 8116
2961 8115
2962 8114
2963 8113
2964 8112
2965 8111
2966 8110
2967 8109
2968 8108
2969 8107
2970 8106
2971 8214
2972 8213
2973 8212
2974 8211
2975 8210
2976 8209
2977 8208
2978 8207
2979 8314
2980 8313
2981 8312
2982 8311
2983 8310
2984 8309
2985 8308
2986 8307
2987 8306
2988 8305
2989 8304
2990 8303
2991 8302
2992 8301
2993 8300
2994 8299
2995 8298
2996 8297
2997 8296
2998 8295
2999 8294
3002 7037
3003 7036
3004 7035
3005 7034
3006 7033
3007 7032
3008 7031
3009 7030
3010 7029
3011 7028
3012 7027
3013 7026
3014 7025
3015 8227
3016 8226
3017 8225
3018 8224
3019 8223
3020 8222
3021 8221
3022 8220
3023 8219
3024 8218
3025 8217
3026 8216
3027 8215
3028 8105
3029 8104
3030 8103
3031 8102
3032 8101
3033 8100
3034 8099
3035 8098
3036 9461
3037 9460
3038 9459
3039 9458
3040 9457
3041 9456
3042 9455
3043 9454
3044 9453
3045 9452
3046 9451
3047 9450
3048 9449
3049 9448
3050 9447
3051 9446
3052 6865
3053 6864
3054 6863
3055 6862
3056 6861
3057 6860
3058 6859
3059 6858
3060 8556
3061 8555
3062 8554
3063 8553
3064 8552
3065 8551
3066 8550
3067 8549
3068 9704
3069 9703
3070 9702
3071 9701
3072 9700
3073 9699
3074 9698
3075 9697
3076 9696
3077 9695
3078 9694
3079 7124
3080 7123
3081 7122
3082 7121
3083 7120
3084 7119
3085 7118
3086 7117
3087 7116
3088 7115
3089 7114
3090 7113
3091 7112
3092 7111
3093 7110
3094 7109
3095 7108
3096 7107
3097 7106
3098 7105
3099 7238
3100 7237
3101 7236
3102 7235
3103 7234
3104 7233
3105 7232
3106 7231
3107 7230
3108 7229
3109 7228
3110 7227
3111 7226
3112 7225
3113 8883
3114 8882
3115 8881
3116 8880
3117 8879
3118 8878
3119 8877
3120 7058
3121 7057
3122 7056
3123 7055
3124 7054
3125 7053
3126 7052
3127 7051
3128 7050
3129 7049
3130 7048
3131 10345
3132 10344
3133 10343
3134 10342
3135 10341
3136 10340
3137 10339
3138 10338
3139 10337
3140 10336
3141 10335
3142 10334
3143 10333
3144 10332
3145 10331
3146 10330
3147 10329
3148 10328
3149 10327
3150 10326
3151 10325
3152 11020
3153 11019
3154 11018
3155 11017
3156 11016
3157 11015
3158 11014
3159 11013
3160 11012
3161 11011
3162 11010
3163 11009
3164 11008
3165 11007
3166 11006
3167 11005
3168 11004
3169 11003
3170 11002
3171 11001
3172 11000
3173 10999
3174 10998
3175 10997
3176 10996
3177 10995
3178 10994
3179 10993
3180 10992
3181 10991
3182 10990
3183 10989
3184 10988
3185 10987
3186 10986
3187 10985
3188 10984
3189 10983
3190 10982
3191 10981
3192 10980
3193 10979
3194 10978
3195 10977
3196 7278
3197 7277
3198 7276
3199 7275
3200 7274
3201 7273
3202 7272
3203 7271
3204 7270
3205 7269
3206 7268
3207 7267
3208 7266
3209 7265
3210 7264
3211 7263
3212 7262
3213 7261
3214 7260
3215 11654
3216 11653
3217 11652
3218 11651
3219 11650
3220 11649
3221 11648
3222 11647
3223 11646
3224 11645
3225 11644
3226 11643
3227 11642
3228 11641
3229 11640
3230 11639
3231 11638
3232 11637
3233 11636
3234 11635
3235 11634
3236 11633
3237 11632
3238 11631
3239 11630
3240 11629
3241 11628
3242 11627
3243 11626
3244 11625
3245 11624
3246 11623
3247 11622
3248 11707
3249 11706
3250 11705
3251 11704
3252 11703
3253 11702
3254 11701
3255 11700
3256 11699
3257 11698
3258 13140
3259 13139
3260 13138
3261 13137
3262 13136
3263 13135
3264 13134
3265 13133
3266 13132
3267 13131
3268 13130
3269 13129
3270 13128
3271 13004
3272 13003
3273 13002
3274 13001
3275 13000
3276 12999
3277 12998
3278 12997
3279 12996
3280 12995
3281 12994
3282 12993
3283 12992
3284 12991
3285 12990
3286 12989
3287 12988
3288 12987
3289 12986
3290 12985
3291 6886
3292 6885
3293 6884
3294 6883
3295 6882
3296 6881
3297 6880
3298 6879
3299 6878
3300 6877
3301 7085
3302 7084
3303 7083
3304 7082
3305 7081
3306 7080
3307 7079
3308 7078
3309 7077
3310 7076
3313 7422
3314 7421
3315 7420
3316 7419
3317 7418
3318 7417
3319 7416
3320 7415
3321 7414
3322 7413
3323 7412
3324 7411
3325 7534
3326 7533
3327 7532
3328 7531
3329 7530
3330 7529
3331 7528
3332 7527
3333 7526
3334 7525
3335 7524
3336 7523
3337 7522
3338 7521
3339 7520
3340 7519
3341 7518
3342 7517
3343 7516
3344 7515
3345 7514
3346 7513
3347 7512
3348 7511
3349 7510
3350 7509
3351 7508
3352 7507
3353 7506
3354 7505
3355 7504
3356 7503
3357 7502
3358 7501
3359 13146
3360 13145
3361 13144
3362 13143
3363 13142
3364 13141
3365 11697
3366 11696
3367 11695
3368 11694
3369 11693
3370 11692
3371 11691
3372 11690
3373 11689
3374 11688
3375 11687
3376 11686
3377 11685
3378 11684
3379 11683
3380 11682
3381 11681
3382 11680
3383 11679
3384 11678
3385 11677
3386 11676
3387 11675
3388 11674
3389 11673
3390 11672
3391 11671
3392 11670
3393 11669
3394 11668
3395 11667
3396 11666
3397 11665
3398 11664
3399 11663
3400 11662
3401 11661
3402 11660
3403 11659
3404 11658
3405 11657
3406 11656
3407 11655
3408 7329
3409 7328
3410 7327
3411 7326
3412 7325
3413 7324
3414 7323
3415 7322
3416 7321
3417 7320
3418 7319
3419 7318
3420 7317
3421 7316
3422 7315
3423 7314
3424 7313
3425 7312
3426 7311
3427 7310
3428 7309
3429 11374
3430 11373
3431 11372
3432 11371
3433 11370
3434 11369
3435 11368
3436 11367
3437 11366
3438 11365
3439 11364
3440 11363
3441 11362
3442 11361
3443 11360
3444 11359
3445 11358
3446 11357
3447 11356
3448 11355
3449 11354
3450 11353
3451 11352
3452 11351
3453 11350
3454 11349
3455 11348
3456 11347
3457 11346
3458 11345
3459 11344
3460 11343
3461 11342
3462 11341
3463 11027
3464 11026
3465 11025
3466 11024
3467 11023
3468 11022
3469 11021
3470 10324
3471 10323
3472 10322
3473 10321
3474 10320
3475 10319
3476 10318
3477 10317
3478 10316
3479 10357
3480 10356
3481 10355
3482 10354
3483 10353
3484 10352
3485 10351
3486 10350
3487 10349
3488 10348
3489 10347
3490 10346
3491 7047
3492 7046
3493 7045
3494 7044
3495 7043
3496 7042
3497 7041
3498 7040
3499 7039
3500 7038
3501 8876
3502 8875
3503 8874
3504 8873
3505 8872
3506 8871
3507 8870
3508 8869
3509 8868
3510 8867
3511 8866
3512 8865
3513 8864
3514 7246
3515 7245
3516 7244
3517 7243
3518 7242
3519 7241
3520 7240
3521 7239
3522 7161
3523 7160
3524 7159
3525 7158
3526 7157
3527 7156
3528 7155
3529 7154
3530 7153
3531 7448
3532 7447
3533 7446
3534 7445
3535 7444
3536 7443
3537 7442
3538 9719
3539 9718
3540 9717
3541 9716
3542 9715
3543 9714
3544 9713
3545 9712
3546 9711
3547 9710
3548 9709
3549 9708
3550 9707
3551 9706
3552 9705
3553 8548
3554 8547
3555 8546
3556 8545
3557 8544
3558 8543
3559 8542
3560 8541
3561 8540
3562 8539
3563 8538
3564 8537
3565 8536
3566 8535
3567 8534
3568 8533
3569 9477
3570 9476
3571 9475
3572 9474
3573 9473
3574 9472
3575 9471
3576 9470
3577 9469
3578 9468
3579 9467
3580 9466
3581 9465
3582 9464
3583 9463
3584 9462
3585 8097
3586 8096
3587 8095
3588 8094
3589 8093
3590 8092
3591 8091
3592 8090
3593 8089
3594 8088
3595 8087
3596 8086
3597 8085
3598 8235
3599 8234
3600 8233
3601 8232
3602 8231
3603 8230
3604 8229
3605 8228
3606 7024
3607 7023
3608 7022
3609 7021
3610 7020
3611 7019
3612 7018
3613 7017
3614 7016
3615 7015
3616 7014
3617 7013
3618 7012
3621 8259
3622 8258
3623 8257
3624 8256
3625 8255
3626 8254
3627 8253
3628 8252
3629 8251
3630 8250
3631 8249
3632 8248
3633 8247
3634 8246
3635 8245
3636 8244
3637 8243
3638 8242
3639 8241
3640 8240
3641 8239
3642 8238
3643 8237
3644 8236
3645 8084
3646 8083
3647 8082
3648 8081
3649 8080
3650 8079
3651 8078
3652 8077
3653 8076
3654 8075
3655 8142
3656 8141
3657 8140
3658 8139
3659 8138
3660 8137
3661 8136
3662 8135
3663 8134
3664 8133
3665 8132
3666 8131
3667 8130
3668 8129
3669 8128
3670 8127
3671 9437
3672 9436
3673 9435
3674 9434
3675 9433
3676 9432
3677 9431
3678 9430
3679 9429
3680 9428
3681 9427
3682 9426
3683 9425
3684 9424
3685 9423
3686 9422
3687 9421
3688 9420
3689 9763
3690 9762
3691 9761
3692 9760
3693 9759
3694 9758
3695 9757
3696 9756
3697 9755
3698 9754
3699 9753
3700 9752
3701 9751
3702 9750
3703 9749
3704 9748
3705 9747
3706 9746
3707 9745
3708 9744
3709 9743
3710 9742
3711 9741
3712 9740
3713 9739
3714 9738
3715 9737
3716 9736
3717 9735
3718 7457
3719 7456
3720 7455
3721 7454
3722 7453
3723 7452
3724 7451
3725 7450
3726 7449
3727 7152
3728 7151
3729 7150
3730 7149
3731 7148
3732 7147
3733 7146
3734 7259
3735 7258
3736 7257
3737 7256
3738 7255
3739 7254
3740 7253
3741 7252
3742 7251
3743 7250
3744 7249
3745 7248
3746 7247
3747 8863
3748 8862
3749 8861
3750 8860
3751 8859
3752 8858
3753 8857
3754 8856
3755 8855
3756 8854
3757 8853
3758 8852
3759 8851
3760 10386
3761 10385
3762 10384
3763 10383
3764 10382
3765 10381
3766 10380
3767 10379
3768 10378
3769 10377
3770 10376
3771 10375
3772 10374
3773 10373
3774 10372
3775 10371
3776 10370
3777 10369
3778 10368
3779 10367
3780 10366
3781 10365
3782 10364
3783 10363
3784 10362
3785 10361
3786 10360
3787 10359
3788 10358
3789 10315
3790 10314
3791 3792
3793 10311
3794 10310
3795 10309
3796 10779
3797 10778
3798 10777
3799 10776
3800 10775
3801 10774
3802 10773
3803 10772
3804 10771
3805 10770
3806 10769
3807 10768
3808 10767
3809 10766
3810 10765
3811 10764
3812 10763
3813 10762
3814 10761
3815 10760
3816 10759
3817 10758
3818 10757
3819 10756
3820 10755
3821 10754
3822 10753
3823 10752
3824 11402
3825 11401
3826 11400
3827 11399
3828 11398
3829 11397
3830 11396
3831 11395
3832 11394
3833 11393
3834 11392
3835 11391
3836 11390
3837 11389
3838 11388
3839 3840
3841 11385
3842 11384
3843 11383
3844 11382
3845 11381
3846 11380
3847 11379
3848 11378
3849 11377
3850 11376
3851 11375
3852 7308
3853 7307
3854 7306
3855 7305
3856 7304
3857 7303
3858 7302
3859 7301
3860 7300
3861 7299
3862 7298
3863 7297
3864 7296
3865 7295
3866 7294
3867 7293
3868 12374
3869 12373
3870 12372
3871 12371
3872 12370
3873 12369
3874 12368
3875 12367
3876 12426
3877 12425
3878 12424
3879 12423
3880 12422
3881 12421
3882 12420
3883 12419
3884 12418
3885 12417
3886 12416
3887 12415
3888 12414
3889 11972
3890 11971
3891 11970
3892 11969
3893 11968
3894 11967
3895 3896
3897 11964
3898 12030
3899 12029
3900 12028
3901 12027
3902 12026
3903 12025
3904 12024
3905 12023
3906 12022
3907 12021
3908 12020
3909 12019
3910 11613
3911 11612
3912 11611
3913 11610
3914 11609
3915 11608
3916 11607
3917 11606
3918 11605
3919 11604
3920 11603
3921 11731
3922 11730
3923 11729
3924 11728
3925 11727
3926 11726
3927 11725
3928 11724
3929 11723
3930 11722
3931 13112
3932 13111
3933 13110
3934 13109
3935 13108
3936 13107
3937 13106
3938 13105
3939 13104
3940 13103
3941 7104
3942 7103
3943 7102
3944 7101
3945 7100
3946 7099
3947 7098
3948 7097
3949 7096
3950 12941
3951 12940
3952 12939
3953 12938
3954 12937
3955 12936
3956 12935
3957 12934
3958 12933
3959 12932
3960 7552
3961 7551
3962 7550
3963 7549
3964 7548
3965 7547
3966 7546
3967 7545
3968 7544
3969 7543
3970 7542
3971 7541
3972 7540
3973 7539
3974 7538
3975 7537
3976 7536
3977 7535
3978 7410
3979 7409
3980 7408
3981 7407
3982 7406
3983 7405
3984 7404
3985 7403
3986 7402
3987 7401
3988 7400
3989 7399
3990 7398
3993 7664
3994 7663
3995 7662
3996 7661
3997 7660
3998 7659
3999 7658
4000 12740
4001 12739
4002 12738
4003 12737
4004 12736
4005 12735
4006 12734
4007 12733
4008 12732
4009 7567
4010 7566
4011 7565
4012 7564
4013 7563
4014 7562
4015 7561
4016 7560
4017 7559
4018 7558
4019 7557
4020 7556
4021 7555
4022 7554
4023 7553
4024 12931
4025 12930
4026 12929
4027 12928
4028 12927
4029 12926
4030 12925
4031 12924
4032 12923
4033 12922
4034 13077
4035 13076
4036 13075
4037 13074
4038 13073
4039 13072
4040 13071
4041 13070
4042 13069
4043 13068
4044 13067
4045 13066
4046 13065
4047 13064
4048 13063
4049 13062
4050 13061
4051 13060
4052 13059
4053 13058
4054 13057
4055 11739
4056 11738
4057 11737
4058 11736
4059 11735
4060 11734
4061 11733
4062 11732
4063 11602
4064 11601
4065 11600
4066 11599
4067 11598
4068 11597
4069 11596
4070 11595
4071 12045
4072 12044
4073 12043
4074 12042
4075 12041
4076 12040
4077 12039
4078 12038
4079 12037
4080 12036
4081 12035
4082 12034
4083 12033
4084 12032
4085 12031
4086 11963
4087 11962
4088 11961
4089 11960
4090 11959
4091 11958
4092 11957
4093 11956
4094 11955
4095 11954
4096 11953
4097 12436
4098 12435
4099 12434
4100 12433
4101 12432
4102 12431
4103 12430
4104 12429
4105 12428
4106 12427
4107 12366
4108 12365
4109 12364
4110 12363
4111 12362
4112 12361
4113 12360
4114 12359
4115 12358
4116 12357
4117 12356
4118 12355
4119 12354
4120 12353
4121 12352
4122 12351
4123 12309
4124 12308
4125 12307
4126 12306
4127 12305
4128 12304
4129 12303
4130 12302
4131 12301
4132 12300
4133 12299
4134 12298
4135 12297
4136 12296
4137 12295
4138 12294
4139 11421
4140 11420
4141 11419
4142 11418
4143 11417
4144 11416
4145 11415
4146 11414
4147 11413
4148 11412
4149 11411
4150 11410
4151 11409
4152 11408
4153 11407
4154 11406
4155 11405
4156 11404
4157 11403
4158 10751
4159 10750
4160 10749
4161 10748
4162 10747
4163 10746
4164 10745
4165 10744
4166 10743
4167 10850
4168 10849
4169 10848
4170 10847
4171 10846
4172 10845
4173 10844
4174 10843
4175 10842
4176 10841
4177 10840
4178 10839
4179 10838
4180 10837
4181 10836
4182 10835
4183 10834
4184 10833
4185 10832
4186 10831
4187 10830
4188 10829
4189 10828
4190 10827
4191 10826
4192 7611
4193 7610
4194 7609
4195 7608
4196 7607
4197 7606
4198 7605
4199 7604
4200 7603
4201 7602
4202 7601
4203 7600
4204 7599
4205 10402
4206 10401
4207 10400
4208 10399
4209 10398
4210 10397
4211 10396
4212 10395
4213 10394
4214 10393
4215 10392
4216 10391
4217 10390
4218 10389
4219 10388
4220 10387
4221 8850
4222 8849
4223 8848
4224 8847
4225 8846
4226 8845
4227 8844
4228 8843
4229 8842
4230 8841
4231 8840
4232 8839
4233 8838
4234 8837
4235 8836
4236 8835
4237 8834
4238 8833
4239 7481
4240 7480
4241 7479
4242 7478
4243 7477
4244 7476
4245 7475
4246 7474
4247 7473
4248 7472
4249 7471
4250 7470
4251 7469
4252 7468
4253 7467
4254 7466
4255 7465
4256 7464
4257 7463
4258 7462
4259 7461
4260 7460
4261 7459
4262 7458
4263 9734
4264 9733
4265 9732
4266 9731
4267 9730
4268 9729
4269 9728
4270 9727
4271 10013
4272 10012
4273 10011
4274 10010
4275 10009
4276 10008
4277 10007
4278 10006
4279 10005
4280 10004
4281 10003
4282 10002
4283 10001
4284 10000
4285 9999
4286 9998
4287 9997
4288 9996
4289 9839
4290 9838
4291 9837
4292 9836
4293 9835
4294 9834
4295 9833
4296 9832
4297 9831
4298 9830
4299 9829
4300 9828
4301 9827
4302 9826
4303 9825
4304 9358
4305 9357
4306 9356
4307 9355
4308 9354
4309 9353
4310 9352
4311 9351
4312 9350
4313 9349
4314 9348
4315 9347
4316 9346
4317 9345
4318 8150
4319 8149
4320 8148
4321 8147
4322 8146
4323 8145
4324 8144
4325 8143
4326 8074
4327 8073
4328 8072
4329 8071
4330 8070
4331 8069
4332 8068
4333 8067
4334 8066
4335 8065
4336 8064
4337 8063
4338 8062
4339 8061
4340 8060
4341 8059
4342 8058
4343 6992
4344 6991
4345 6990
4346 6989
4347 6988
4348 6987
4349 6986
4350 6985
4351 6984
4352 6983
4353 6982
4354 6981
4355 6980
4356 6979
4357 6978
4358 6977
4359 6976
4362 7007
4363 7006
4364 7005
4365 7004
4366 7003
4367 7002
4368 7001
4369 7000
4370 6999
4371 6998
4372 6997
4373 6996
4374 6995
4375 6994
4376 6993
4377 8057
4378 8056
4379 8055
4380 8054
4381 8053
4382 8052
4383 8051
4384 8050
4385 8049
4386 8048
4387 8047
4388 8046
4389 8045
4390 8044
4391 8043
4392 8042
4393 8041
4394 8040
4395 8039
4396 9493
4397 9492
4398 9491
4399 9490
4400 9489
4401 9488
4402 9487
4403 9486
4404 9485
4405 9484
4406 9483
4407 9482
4408 9481
4409 9480
4410 9479
4411 9478
4412 8532
4413 8531
4414 8530
4415 8529
4416 8528
4417 8527
4418 8526
4419 8525
4420 8524
4421 8523
4422 8522
4423 8521
4424 8520
4425 8519
4426 8518
4427 8517
4428 10021
4429 10020
4430 10019
4431 10018
4432 10017
4433 10016
4434 10015
4435 10014
4436 9726
4437 9725
4438 9724
4439 9723
4440 9722
4441 9721
4442 9720
4443 7500
4444 7499
4445 7498
4446 7497
4447 7496
4448 7495
4449 7494
4450 7493
4451 7492
4452 7491
4453 7490
4454 7489
4455 7488
4456 7487
4457 7486
4458 7485
4459 7484
4460 7483
4461 7482
4462 8832
4463 8831
4464 8830
4465 8829
4466 8828
4467 8827
4468 8826
4469 8825
4470 10439
4471 10438
4472 10437
4473 10436
4474 10435
4475 10434
4476 10433
4477 10432
4478 10431
4479 10430
4480 10429
4481 10428
4482 10427
4483 10426
4484 10425
4485 10424
4486 10423
4487 10422
4488 10421
4489 10420
4490 10419
4491 11052
4492 11051
4493 11050
4494 11049
4495 11048
4496 11047
4497 11046
4498 11045
4499 11044
4500 11043
4501 11042
4502 11041
4503 11040
4504 11039
4505 11038
4506 11037
4507 11036
4508 11035
4509 11034
4510 11033
4511 11032
4512 11031
4513 11030
4514 11029
4515 11028
4516 11340
4517 11339
4518 11338
4519 11337
4520 11336
4521 11335
4522 11334
4523 11333
4524 11332
4525 10623
4526 10622
4527 10621
4528 10620
4529 10619
4530 10618
4531 10617
4532 10616
4533 10615
4534 10614
4535 10613
4536 10612
4537 10611
4538 10610
4539 10609
4540 10608
4541 10607
4542 10606
4543 10605
4544 10604
4545 12320
4546 12319
4547 12318
4548 12317
4549 12316
4550 12315
4551 12314
4552 12313
4553 12312
4554 12311
4555 12310
4556 12350
4557 12349
4558 12348
4559 12347
4560 12346
4561 12345
4562 12344
4563 12343
4564 12342
4565 12341
4566 12077
4567 12076
4568 12075
4569 12074
4570 12073
4571 12072
4572 12071
4573 12070
4574 12069
4575 12068
4576 12067
4577 12066
4578 12065
4579 12064
4580 12063
4581 12062
4582 12061
4583 12060
4584 12059
4585 12058
4586 12057
4587 12056
4588 12055
4589 12054
4590 12053
4591 12052
4592 12051
4593 12050
4594 12049
4595 12048
4596 12047
4597 12046
4598 11594
4599 11593
4600 11592
4601 11591
4602 11590
4603 11589
4604 11588
4605 11587
4606 11586
4607 11585
4608 11584
4609 13155
4610 13154
4611 13153
4612 13152
4613 13151
4614 13150
4615 13149
4616 13148
4617 13147
4618 7598
4619 7597
4620 7596
4621 7595
4622 7594
4623 7593
4624 7592
4625 7591
4626 7590
4627 7589
4628 7588
4629 7587
4630 7586
4631 7585
4632 7584
4633 7583
4634 7582
4635 7581
4636 7580
4637 7579
4638 7578
4639 7577
4640 7576
4641 7575
4642 7574
4643 7573
4644 7572
4645 7571
4646 7570
4647 7569
4648 7568
4649 12731
4650 12730
4651 12729
4652 12728
4653 12727
4654 12726
4655 12725
4656 7675
4657 7674
4658 7673
4659 7672
4660 7671
4661 7670
4662 7669
4665 7683
4666 7682
4667 7681
4668 7680
4669 7679
4670 7678
4671 7677
4672 7676
4673 12724
4674 12723
4675 12722
4676 12721
4677 12720
4678 12719
4679 12718
4680 12717
4681 12716
4682 12715
4683 12714
4684 12713
4685 12712
4686 12711
4687 12710
4688 12709
4689 12708
4690 12707
4691 12706
4692 12705
4693 12704
4694 12703
4695 12702
4696 12701
4697 12700
4698 12699
4699 12698
4700 13173
4701 13172
4702 13171
4703 13170
4704 13169
4705 13168
4706 13167
4707 13166
4708 13165
4709 13164
4710 13163
4711 13162
4712 13161
4713 13160
4714 13159
4715 13158
4716 13157
4717 13156
4718 11583
4719 11582
4720 11581
4721 11580
4722 11579
4723 11578
4724 11577
4725 11576
4726 11575
4727 11574
4728 11573
4729 11572
4730 11571
4731 11570
4732 11569
4733 11568
4734 11567
4735 11566
4736 11565
4737 11564
4738 11563
4739 11562
4740 11561
4741 11560
4742 11559
4743 11558
4744 11557
4745 11556
4746 11555
4747 11554
4748 11553
4749 11552
4750 12087
4751 12086
4752 12085
4753 12084
4754 12083
4755 12082
4756 12081
4757 12080
4758 12079
4759 12078
4760 12340
4761 12339
4762 12338
4763 12337
4764 12336
4765 12335
4766 12334
4767 12333
4768 12332
4769 12331
4770 12330
4771 12329
4772 12328
4773 12327
4774 12326
4775 12325
4776 12324
4777 12323
4778 12322
4779 12321
4780 10603
4781 10602
4782 10601
4783 10600
4784 10599
4785 10598
4786 10597
4787 10596
4788 10595
4789 10594
4790 10593
4791 10632
4792 10631
4793 10630
4794 10629
4795 10628
4796 10627
4797 10626
4798 10625
4799 10624
4800 11331
4801 11330
4802 11329
4803 11328
4804 11327
4805 11326
4806 11325
4807 11324
4808 11323
4809 11322
4810 11321
4811 11320
4812 11319
4813 11199
4814 11198
4815 11197
4816 11196
4817 11195
4818 11194
4819 11193
4820 11192
4821 11191
4822 11190
4823 11189
4824 11188
4825 11187
4826 11059
4827 11058
4828 11057
4829 11056
4830 11055
4831 11054
4832 11053
4833 10418
4834 10417
4835 10416
4836 10415
4837 10414
4838 10413
4839 10412
4840 10411
4841 10451
4842 10450
4843 10449
4844 10448
4845 10447
4846 10446
4847 10445
4848 10444
4849 10443
4850 10442
4851 10441
4852 10440
4853 8824
4854 8823
4855 8822
4856 8821
4857 8820
4858 8819
4859 8818
4860 8817
4861 8816
4862 8815
4863 8814
4864 8813
4865 8812
4866 8811
4867 8810
4868 8809
4869 8808
4870 8807
4871 8806
4872 8805
4873 8804
4874 10041
4875 10040
4876 10039
4877 10038
4878 10037
4879 10036
4880 10035
4881 10034
4882 10033
4883 10032
4884 10031
4885 10030
4886 10029
4887 10028
4888 10027
4889 10026
4890 10025
4891 10024
4892 10023
4893 10022
4894 8516
4895 8515
4896 8514
4897 8513
4898 8512
4899 8511
4900 8510
4901 8509
4902 8508
4903 8507
4904 8506
4905 8505
4906 8504
4907 8503
4908 8502
4909 8501
4910 9509
4911 9508
4912 9507
4913 9506
4914 9505
4915 9504
4916 9503
4917 9502
4918 9501
4919 9500
4920 9499
4921 9498
4922 9497
4923 9496
4924 9495
4925 9494
4926 8038
4927 8037
4928 8036
4929 8035
4930 8034
4931 8033
4932 8032
4933 7989
4934 7988
4935 7987
4936 7986
4937 7985
4938 7984
4939 7983
4940 7982
4941 7981
4942 7980
4943 7979
4944 7978
4945 7977
4946 7976
4947 7975
4948 6928
4949 6927
4950 6926
4951 6925
4952 6924
4953 6923
4954 6922
4955 6921
4956 6920
4957 6919
4958 6918
4959 6917
4962 6941
4963 6940
4964 6939
4965 6938
4966 6937
4967 6936
4968 6935
4969 6934
4970 6933
4971 6932
4972 6931
4973 6930
4974 6929
4975 7974
4976 7973
4977 7972
4978 7971
4979 7970
4980 7969
4981 7968
4982 7967
4983 7966
4984 7965
4985 7964
4986 7963
4987 7962
4988 7961
4989 7960
4990 7959
4991 7958
4992 7957
4993 7956
4994 7955
4995 9318
4996 9317
4997 9316
4998 9315
4999 9314
5000 9313
5001 9312
5002 9311
5003 9310
5004 9309
5005 9308
5006 9307
5007 9306
5008 9305
5009 9304
5010 9303
5011 9302
5012 9301
5013 9300
5014 9299
5015 9298
5016 9297
5017 9855
5018 9854
5019 9853
5020 9852
5021 9851
5022 9850
5023 9849
5024 9848
5025 9847
5026 9846
5027 9845
5028 9844
5029 9843
5030 9842
5031 9841
5032 9840
5033 9995
5034 9994
5035 9993
5036 9992
5037 9991
5038 9990
5039 9989
5040 9988
5041 9987
5042 9986
5043 9985
5044 9984
5045 9983
5046 9982
5047 9981
5048 9980
5049 9595
5050 9594
5051 9593
5052 9592
5053 9591
5054 9590
5055 9589
5056 9588
5057 9587
5058 9586
5059 10049
5060 10048
5061 10047
5062 10046
5063 10045
5064 10044
5065 10043
5066 10042
5067 8803
5068 8802
5069 8801
5070 8800
5071 8799
5072 8798
5073 8797
5074 8796
5075 8795
5076 8794
5077 8793
5078 8792
5079 8791
5080 8790
5081 8789
5082 8788
5083 8746
5084 8745
5085 8744
5086 8743
5087 8742
5088 8741
5089 8740
5090 8739
5091 8738
5092 8737
5093 8736
5094 8735
5095 8734
5096 8733
5097 8732
5098 8731
5099 8730
5100 8729
5101 10459
5102 10458
5103 10457
5104 10456
5105 10455
5106 10454
5107 10453
5108 10452
5109 10410
5110 10409
5111 10408
5112 10407
5113 10406
5114 10405
5115 10404
5116 10403
5117 7649
5118 7648
5119 7647
5120 7646
5121 7645
5122 7644
5123 7643
5124 7642
5125 7641
5126 7640
5127 7639
5128 7638
5129 7637
5130 7636
5131 7635
5132 7634
5133 7633
5134 7632
5135 11208
5136 11207
5137 11206
5138 11205
5139 11204
5140 11203
5141 11202
5142 11201
5143 11200
5144 11318
5145 11317
5146 11316
5147 11315
5148 11314
5149 11313
5150 11312
5151 11311
5152 11310
5153 11309
5154 11308
5155 11307
5156 11306
5157 11305
5158 11304
5159 11303
5160 11302
5161 11301
5162 11300
5163 11299
5164 11298
5165 10640
5166 10639
5167 10638
5168 10637
5169 10636
5170 10635
5171 10634
5172 10633
5173 10592
5174 10591
5175 10590
5176 10589
5177 10588
5178 10587
5179 10586
5180 10585
5181 10584
5182 10583
5183 10582
5184 10581
5185 10580
5186 10579
5187 10578
5188 10577
5189 10576
5190 10575
5191 10574
5192 10573
5193 10572
5194 10571
5195 10570
5196 10569
5197 10568
5198 12261
5199 12260
5200 12259
5201 12258
5202 12257
5203 12256
5204 12255
5205 12254
5206 12253
5207 12252
5208 12104
5209 12103
5210 12102
5211 12101
5212 12100
5213 12099
5214 12098
5215 12097
5216 12096
5217 12095
5218 12094
5219 12093
5220 12092
5221 12091
5222 12090
5223 12089
5224 12088
5225 11551
5226 11550
5227 11549
5228 11548
5229 11547
5230 11546
5231 11545
5232 11544
5233 11543
5234 11542
5235 11541
5236 11540
5237 11539
5238 11896
5239 11895
5240 11894
5241 11893
5242 11892
5243 11891
5244 11890
5245 11889
5246 11888
5247 11887
5248 11886
5249 11885
5250 11884
5251 11777
5252 11776
5253 11775
5254 11774
5255 11773
5256 11772
5257 11771
5258 11770
5259 11769
5260 11768
5261 11767
5262 11766
5263 11765
5264 11764
5265 11763
5266 11762
5267 11761
5268 13223
5269 13222
5270 13221
5271 13220
5272 13219
5273 13218
5274 13217
5275 13216
5276 13215
5277 13214
5278 13213
5279 13212
5280 13211
5281 13210
5282 13209
5283 13208
5284 12882
5285 12881
5286 12880
5287 12879
5288 12878
5289 12877
5290 12876
5291 12795
5292 12794
5293 12793
5294 12792
5295 12791
5296 12790
5297 12789
5298 12788
5299 12787
5300 12786
5301 12785
5302 12784
5303 12783
5304 12782
5305 12781
5306 12780
5307 12779
5308 12778
5309 12777
5310 12776
5311 12775
5312 12774
5313 7703
5314 7702
5315 7701
5316 7700
5317 7699
5318 7698
5319 7697
5320 7696
5321 7695
5322 7694
5323 7693
5324 7692
5325 7691
5326 7690
5327 7689
5328 7688
5331 7882
5332 7881
5333 7880
5334 7879
5335 7878
5336 7877
5337 7876
5338 12826
5339 12825
5340 12824
5341 12823
5342 12822
5343 12821
5344 12820
5345 12819
5346 12818
5347 12817
5348 12816
5349 12815
5350 12814
5351 12813
5352 12812
5353 12811
5354 12810
5355 12809
5356 12808
5357 12807
5358 12806
5359 12805
5360 12804
5361 12803
5362 12802
5363 12801
5364 12800
5365 12799
5366 12798
5367 12797
5368 12796
5369 12875
5370 12874
5371 12873
5372 12872
5373 12871
5374 12870
5375 12869
5376 13193
5377 13192
5378 13191
5379 13190
5380 13189
5381 13188
5382 13187
5383 13186
5384 13185
5385 12606
5386 12605
5387 12604
5388 12603
5389 12602
5390 12601
5391 12600
5392 12599
5393 12598
5394 12597
5395 12596
5396 12595
5397 12594
5398 12593
5399 12592
5400 12591
5401 12590
5402 12589
5403 12588
5404 12587
5405 12586
5406 12585
5407 12584
5408 12583
5409 12582
5410 12581
5411 11907
5412 11906
5413 11905
5414 11904
5415 11903
5416 11902
5417 11901
5418 11900
5419 11899
5420 11898
5421 11897
5422 11538
5423 11537
5424 11536
5425 11535
5426 11534
5427 11533
5428 11532
5429 11531
5430 11530
5431 11529
5432 11528
5433 11527
5434 11526
5435 11525
5436 11524
5437 11523
5438 12117
5439 12116
5440 12115
5441 12114
5442 12113
5443 12112
5444 12111
5445 12110
5446 12109
5447 12108
5448 12107
5449 12106
5450 12105
5451 12251
5452 12250
5453 12249
5454 12248
5455 12247
5456 12246
5457 12245
5458 12244
5459 12243
5460 12242
5461 12241
5462 12240
5463 10537
5464 10536
5465 10535
5466 10534
5467 10533
5468 10532
5469 10531
5470 10530
5471 10529
5472 10528
5473 10527
5474 10526
5475 10525
5476 10524
5477 10523
5478 10522
5479 10654
5480 10653
5481 10652
5482 10651
5483 10650
5484 10649
5485 10648
5486 10647
5487 10646
5488 10645
5489 10644
5490 10643
5491 10642
5492 10641
5493 11297
5494 11296
5495 11295
5496 11294
5497 11293
5498 11292
5499 11291
5500 11290
5501 11289
5502 11288
5503 11287
5504 11286
5505 11285
5506 11284
5507 9044
5508 9043
5509 9042
5510 9041
5511 9040
5512 9039
5513 9038
5514 9037
5515 9036
5516 11101
5517 11100
5518 11099
5519 11098
5520 11097
5521 11096
5522 11095
5523 11094
5524 11093
5525 11092
5526 11091
5527 11090
5528 11089
5529 11088
5530 11087
5531 11086
5532 11085
5533 11084
5534 11083
5535 11082
5536 11081
5537 11080
5538 11079
5539 11078
5540 11077
5541 11076
5542 11075
5543 11074
5544 11073
5545 10470
5546 10469
5547 10468
5548 10467
5549 10466
5550 10465
5551 10464
5552 10463
5553 10462
5554 10461
5555 10460
5556 8728
5557 8727
5558 8726
5559 8725
5560 8724
5561 8723
5562 8722
5563 8721
5564 8720
5565 8719
5566 8718
5567 8717
5568 8716
5569 10124
5570 10123
5571 10122
5572 10121
5573 10120
5574 10119
5575 10118
5576 10117
5577 10116
5578 10115
5579 10114
5580 10113
5581 10112
5582 10111
5583 10110
5584 10109
5585 10062
5586 10061
5587 10060
5588 10059
5589 10058
5590 10057
5591 10056
5592 10055
5593 10054
5594 10053
5595 10052
5596 10051
5597 10050
5598 9585
5599 9584
5600 9583
5601 9582
5602 9581
5603 9580
5604 9579
5605 9923
5606 9922
5607 9921
5608 9920
5609 9919
5610 9918
5611 9917
5612 9916
5613 9915
5614 9914
5615 9913
5616 8484
5617 8483
5618 8482
5619 8481
5620 8480
5621 8479
5622 8478
5623 8477
5624 9871
5625 9870
5626 9869
5627 9868
5628 9867
5629 9866
5630 9865
5631 9864
5632 9863
5633 9862
5634 9861
5635 9860
5636 9859
5637 9858
5638 9857
5639 9856
5640 9296
5641 9295
5642 9294
5643 9293
5644 9292
5645 9291
5646 9290
5647 9289
5648 9288
5649 9287
5650 9286
5651 9285
5652 9284
5653 9283
5654 9282
5655 9281
5656 9280
5657 9279
5658 9278
5659 9277
5660 9276
5661 9275
5662 9274
5663 9273
5664 9272
5665 9271
5666 8434
5667 8433
5668 8432
5669 8431
5670 8430
5671 8429
5672 8428
5673 8427
5674 8426
5675 8425
5676 8424
5677 8423
5678 8422
5679 8421
5680 8420
5681 8419
5682 8418
5683 8417
5684 8416
5685 8415
5686 8414
5687 8413
5688 8412
5689 8411
5690 8410
5691 8409
5692 8408
5693 8407
5694 8406
5697 6912
5698 6911
5699 6910
5700 6909
5701 6908
5702 6907
5703 6906
5704 6905
5705 6904
5706 6903
5707 6902
5708 6901
5709 6900
5710 8003
5711 8002
5712 8001
5713 8000
5714 7999
5715 7998
5716 7997
5717 7996
5718 7995
5719 7994
5720 7993
5721 7992
5722 7991
5723 7990
5724 8031
5725 8030
5726 8029
5727 8028
5728 8027
5729 8026
5730 8025
5731 9525
5732 9524
5733 9523
5734 9522
5735 9521
5736 9520
5737 9519
5738 9518
5739 9517
5740 9516
5741 9515
5742 9514
5743 9513
5744 9512
5745 9511
5746 9510
5747 8500
5748 8499
5749 8498
5750 8497
5751 8496
5752 8495
5753 8494
5754 8493
5755 8492
5756 8491
5757 8490
5758 8489
5759 8488
5760 8487
5761 8486
5762 8485
5763 9912
5764 9911
5765 9910
5766 9909
5767 9908
5768 9907
5769 9906
5770 9905
5771 9904
5772 9903
5773 10076
5774 10075
5775 10074
5776 10073
5777 10072
5778 10071
5779 10070
5780 10069
5781 10068
5782 10067
5783 10066
5784 10065
5785 10064
5786 10063
5787 10108
5788 10107
5789 10106
5790 10105
5791 10104
5792 10103
5793 10102
5794 7908
5795 7907
5796 7906
5797 7905
5798 7904
5799 7903
5800 7902
5801 7901
5802 7900
5803 7899
5804 7898
5805 10483
5806 10482
5807 10481
5808 10480
5809 10479
5810 10478
5811 10477
5812 10476
5813 10475
5814 10474
5815 10473
5816 10472
5817 10471
5818 11072
5819 11071
5820 11070
5821 11069
5822 11068
5823 11067
5824 11066
5825 11065
5826 11064
5827 11063
5828 11062
5829 11061
5830 11060
5831 11186
5832 11185
5833 11184
5834 11183
5835 11182
5836 11181
5837 11180
5838 11179
5839 11178
5840 11177
5841 11176
5842 11175
5843 11174
5844 11173
5845 11172
5846 11171
5847 7930
5848 7929
5849 7928
5850 7927
5851 7926
5852 7925
5853 7924
5854 7923
5855 7922
5856 7921
5857 7920
5858 10666
5859 10665
5860 10664
5861 10663
5862 10662
5863 10661
5864 10660
5865 10659
5866 10658
5867 10657
5868 10656
5869 10655
5870 10521
5871 10520
5872 10519
5873 10518
5874 10517
5875 10516
5876 10515
5877 10514
5878 10513
5879 12140
5880 12139
5881 12138
5882 12137
5883 12136
5884 12135
5885 12134
5886 12133
5887 12132
5888 12131
5889 12130
5890 12129
5891 12128
5892 12127
5893 12126
5894 12125
5895 12124
5896 12123
5897 12122
5898 12121
5899 12120
5900 12119
5901 12118
5902 11522
5903 11521
5904 11520
5905 11519
5906 11518
5907 11517
5908 11516
5909 11515
5910 11514
5911 11513
5912 11512
5913 11511
5914 11510
5915 11509
5916 11508
5917 11507
5918 11506
5919 11505
5920 11504
5921 12629
5922 12628
5923 12627
5924 12626
5925 12625
5926 12624
5927 12623
5928 12622
5929 12621
5930 12620
5931 12619
5932 12618
5933 12617
5934 12616
5935 12615
5936 12614
5937 12613
5938 12612
5939 12611
5940 12610
5941 12609
5942 12608
5943 12607
5944 13184
5945 13183
5946 13182
5947 13181
5948 13180
5949 13179
5950 13178
5951 13177
5952 13176
5953 13175
5954 13174
5955 12697
5956 12696
5957 12695
5958 12694
5959 12693
5960 12692
5961 12691
5962 12690
5963 9165
5964 9164
5965 9163
5966 9162
5967 9161
5968 9160
5969 9159
5970 9158
5971 9157
5972 9156
5973 9155
5974 9154
5975 9153
5976 9152
5977 9151
5978 9150
5979 9149
5980 9148
5981 9147
5982 9146
5983 9145
5984 9144
5985 9143
5986 9142
5987 9141
5988 9140
5989 9139
5992 9191
5993 9190
5994 9189
5995 9188
5996 9187
5997 9186
5998 9185
5999 9184
6000 9183
6001 9182
6002 9181
6003 9180
6004 9179
6005 9178
6006 9177
6007 9176
6008 9175
6009 9174
6010 9173
6011 9172
6012 9171
6013 9170
6014 9169
6015 9168
6016 9167
6017 9166
6018 13305
6019 13304
6020 13303
6021 13302
6022 13301
6023 13300
6024 13299
6025 13298
6026 13297
6027 13296
6028 13295
6029 12678
6030 12677
6031 12676
6032 12675
6033 12674
6034 12673
6035 12672
6036 12671
6037 12670
6038 12651
6039 12650
6040 12649
6041 12648
6042 12647
6043 12646
6044 12645
6045 12644
6046 12643
6047 12642
6048 12641
6049 12640
6050 12639
6051 12638
6052 12637
6053 12636
6054 12635
6055 12634
6056 12633
6057 12632
6058 12631
6059 12630
6060 12559
6061 12558
6062 12557
6063 12556
6064 12555
6065 12554
6066 12553
6067 12552
6068 12551
6069 12550
6070 12549
6071 12170
6072 12169
6073 12168
6074 12167
6075 12166
6076 12165
6077 12164
6078 12163
6079 12162
6080 12161
6081 12160
6082 12159
6083 12158
6084 12157
6085 12156
6086 12155
6087 12154
6088 12153
6089 12152
6090 12151
6091 12150
6092 12149
6093 12148
6094 12147
6095 12146
6096 12145
6097 12144
6098 12143
6099 12142
6100 12141
6101 11503
6102 11502
6103 11501
6104 11500
6105 11499
6106 11498
6107 11497
6108 11496
6109 11495
6110 11494
6111 11493
6112 10675
6113 10674
6114 10673
6115 10672
6116 10671
6117 10670
6118 10669
6119 10668
6120 10667
6121 7919
6122 7918
6123 7917
6124 7916
6125 7915
6126 7914
6127 7913
6128 7912
6129 7911
6130 7910
6131 7909
6132 11170
6133 11169
6134 11168
6135 11167
6136 11166
6137 11165
6138 11164
6139 11163
6140 11162
6141 11161
6142 11160
6143 11159
6144 11158
6145 11157
6146 11156
6147 11155
6148 11154
6149 11153
6150 11152
6151 11151
6152 11150
6153 11149
6154 10502
6155 10501
6156 10500
6157 10499
6158 10498
6159 10497
6160 10496
6161 10495
6162 10494
6163 10493
6164 10492
6165 10491
6166 10490
6167 10489
6168 10488
6169 10487
6170 10486
6171 10485
6172 10484
6173 7897
6174 7896
6175 7895
6176 7894
6177 7893
6178 7892
6179 7891
6180 7890
6181 7889
6182 7888
6183 7887
6184 10184
6185 10183
6186 10182
6187 10181
6188 10180
6189 10179
6190 10178
6191 10177
6192 10176
6193 10175
6194 10174
6195 10086
6196 10085
6197 10084
6198 10083
6199 10082
6200 10081
6201 10080
6202 10079
6203 10078
6204 10077
6205 9902
6206 9901
6207 9900
6208 9899
6209 9898
6210 9897
6211 9896
6212 9895
6213 9894
6214 9893
6215 9892
6216 9891
6217 9890
6218 9889
6219 9888
6220 9887
6221 9886
6222 9885
6223 9884
6224 9883
6225 9882
6226 9881
6227 9880
6228 9544
6229 9543
6230 9542
6231 9541
6232 9540
6233 9539
6234 9538
6235 9537
6236 9536
6237 9535
6238 9534
6239 9533
6240 9532
6241 9531
6242 9530
6243 9529
6244 9528
6245 9527
6246 9526
6247 8024
6248 8023
6249 8022
6250 8021
6251 8020
6252 8019
6253 8018
6254 8017
6255 8016
6256 8015
6257 8014
6258 8013
6259 8012
6260 8011
6261 8010
6262 8009
6263 8008
6264 8007
6265 8006
6266 8005
6267 8004
6268 6899
6269 6898
6270 6897
6271 6896
6272 6895
6273 6894
6274 6893
6275 6892
6276 6891
6277 6890
6278 6889
6279 6888
6280 6887
6283 9266
6284 9265
6285 9264
6286 9263
6287 9262
6288 9261
6289 9260
6290 9259
6291 9258
6292 9257
6293 9256
6294 9255
6295 9254
6296 9253
6297 9252
6298 8448
6299 8447
6300 8446
6301 8445
6302 8444
6303 8443
6304 8442
6305 8441
6306 8440
6307 8439
6308 8438
6309 8437
6310 8436
6311 8435
6312 9578
6313 9577
6314 9576
6315 9575
6316 9574
6317 9573
6318 9572
6319 9571
6320 9570
6321 9569
6322 9568
6323 9567
6324 9566
6325 9565
6326 9564
6327 9563
6328 9562
6329 9561
6330 9560
6331 9559
6332 9558
6333 9557
6334 9556
6335 9555
6336 9554
6337 9553
6338 9552
6339 9551
6340 9550
6341 9549
6342 9548
6343 9547
6344 9546
6345 9545
6346 9879
6347 9878
6348 9877
6349 9876
6350 9875
6351 9874
6352 9873
6353 9872
6354 8684
6355 8683
6356 8682
6357 8681
6358 8680
6359 8679
6360 8678
6361 9935
6362 9934
6363 9933
6364 9932
6365 9931
6366 9930
6367 9929
6368 9928
6369 9927
6370 9926
6371 9925
6372 9924
6373 10101
6374 10100
6375 10099
6376 10098
6377 10097
6378 10096
6379 10095
6380 10094
6381 10093
6382 10092
6383 10091
6384 10090
6385 10089
6386 10088
6387 10087
6388 10173
6389 10172
6390 10171
6391 10170
6392 10169
6393 10168
6394 10167
6395 10166
6396 10165
6397 10164
6398 10163
6399 10162
6400 10161
6401 10160
6402 10159
6403 10158
6404 9021
6405 9020
6406 9019
6407 9018
6408 9017
6409 9016
6410 9015
6411 9014
6412 9013
6413 9012
6414 9011
6415 9010
6416 9009
6417 9008
6418 9007
6419 9006
6420 9005
6421 9004
6422 9003
6423 9002
6424 9001
6425 9000
6426 8999
6427 8998
6428 8997
6429 8996
6430 8995
6431 10512
6432 10511
6433 10510
6434 10509
6435 10508
6436 10507
6437 10506
6438 10505
6439 10504
6440 10503
6441 11148
6442 11147
6443 11146
6444 11145
6445 11144
6446 11143
6447 11142
6448 11141
6449 11140
6450 11139
6451 11138
6452 11137
6453 11136
6454 11135
6455 11134
6456 9057
6457 9056
6458 9055
6459 9054
6460 9053
6461 9052
6462 9051
6463 9050
6464 9049
6465 9048
6466 9047
6467 9046
6468 9045
6469 11283
6470 11282
6471 11281
6472 11280
6473 11279
6474 11278
6475 11277
6476 11276
6477 11275
6478 11274
6479 11273
6480 11272
6481 11271
6482 11270
6483 10685
6484 10684
6485 10683
6486 10682
6487 10681
6488 10680
6489 10679
6490 10678
6491 10677
6492 10676
6493 11492
6494 11491
6495 11490
6496 11489
6497 11488
6498 11487
6499 11486
6500 11485
6501 11484
6502 11483
6503 11482
6504 11481
6505 11480
6506 11479
6507 11478
6508 11477
6509 9097
6510 9096
6511 9095
6512 9094
6513 9093
6514 9092
6515 9091
6516 9090
6517 9089
6518 9088
6519 12197
6520 12196
6521 12195
6522 12194
6523 12193
6524 12192
6525 12191
6526 12190
6527 12189
6528 12188
6529 12187
6530 12186
6531 12185
6532 12184
6533 12183
6534 12182
6535 12181
6536 12180
6537 12179
6538 12178
6539 12177
6540 12176
6541 12175
6542 12174
6543 12173
6544 12172
6545 12171
6546 12548
6547 12547
6548 12546
6549 12545
6550 12544
6551 12543
6552 12542
6553 12541
6554 12540
6555 12539
6556 12538
6557 12537
6558 12536
6559 12535
6560 12534
6561 9117
6562 9116
6563 9115
6564 9114
6565 9113
6566 9112
6567 9111
6568 9110
6569 9109
6570 12669
6571 12668
6572 12667
6573 12666
6574 12665
6575 12664
6576 12663
6577 12662
6578 12661
6579 12660
6580 12659
6581 12658
6582 12657
6583 12656
6584 12655
6585 12654
6586 12653
6587 12652
6588 12689
6589 12688
6590 12687
6591 12686
6592 12685
6593 12684
6594 12683
6595 12682
6596 12681
6597 12680
6598 12679
6599 13294
6600 13293
6601 13292
6602 13291
6603 13290
6604 13289
6605 13288
6606 13287
6607 13286
6608 13285
6609 13284
6610 13283
6611 13282
6612 13281
6613 13280
6614 9138
6615 9137
6616 9136
6617 9135
6618 9134
6619 9133
6620 9132
6621 9131
6622 9130
6623 9129
6624 9213
6625 9212
6626 9211
6627 9210
6628 9209
6629 9208
6630 9207
6631 9206
6632 9205
6633 9204
6634 9203
6635 9202
6636 9201
6637 9200
6638 9199
6639 9198
6640 9197
6641 9196
