0 11070
1 11069
2 11068
3 11067
6 11064
7 11063
8 11062
9 9433
10 9432
11 9431
12 9430
13 9429
14 9428
15 9427
16 9426
18 9424
19 9423
20 9422
21 9421
22 9420
25 9417
26 9416
27 9415
28 9414
29 11091
31 11090
32 11088
33 11087
34 11086
35 11085
36 11084
37 11083
38 11081
40 9223
41 9222
42 9220
45 9218
46 9217
47 9216
48 9214
50 9213
51 9212
52 9211
54 9210
55 9208
56 9207
57 9206
60 9203
61 9202
62 9201
63 9200
65 12416
66 12415
67 12414
68 12413
69 12411
71 12453
72 12452
73 12451
74 12450
75 12449
76 12448
77 12447
78 12446
79 12445
82 12442
83 12441
84 12440
85 12439
87 12437
88 12580
89 12579
90 12578
91 12577
92 12576
95 12573
96 12572
97 12571
98 12570
99 12569
101 12567
102 12566
103 12565
104 12564
105 12563
106 12562
107 12561
109 12559
110 12558
111 12629
112 12628
113 12627
114 12626
115 12625
116 12624
117 12623
118 12622
119 12621
120 12620
121 12619
122 12618
123 12617
124 12616
125 12615
126 12614
128 12904
129 12903
130 12902
131 12901
132 12900
133 12899
134 12898
135 12897
136 12896
137 12895
138 12894
139 12893
140 12892
141 12891
142 11196
143 11195
144 11194
145 11193
146 11192
147 11191
148 11190
149 11189
150 11188
151 11187
152 11186
153 11185
154 11184
155 11183
156 11182
157 11181
158 11180
159 11179
162 11176
163 12977
164 12976
165 12975
166 12974
167 12973
168 12972
169 12971
170 12970
171 12969
172 12968
173 12967
174 12966
175 12965
176 12964
177 12963
178 12962
179 13179
180 13387
181 13386
182 13385
183 13384
184 13383
185 13382
186 13381
187 13380
189 13378
190 13377
191 13376
192 13375
193 13374
194 13373
195 13372
196 13371
197 13370
198 13369
199 13368
200 13367
201 13366
202 13365
203 13364
204 13363
205 13362
206 13361
207 13360
208 13617
209 13616
210 13615
211 13614
212 13613
213 13612
214 13611
215 13610
216 13609
217 13608
218 13607
219 13606
220 13605
221 13647
222 13646
223 13645
224 13644
225 13643
226 13642
227 13641
228 13640
229 11217
230 11216
231 11215
232 11214
233 11213
234 11212
235 11211
236 11210
237 11209
238 11208
239 13684
240 13683
241 13682
242 13681
243 13680
244 13679
245 13678
246 13677
247 13676
248 13675
249 13674
250 13673
251 13672
252 13758
253 13757
254 13756
255 13755
256 13754
257 13753
258 13752
259 13804
260 13803
261 13802
262 13801
263 13800
264 13799
265 13798
266 13797
267 13796
268 13795
269 13794
270 13793
271 13792
272 13791
273 14190
274 12079
275 12078
276 12077
277 12076
278 12075
279 12074
280 12073
281 12072
282 12071
283 12070
284 12069
285 12114
286 12113
287 12112
288 12111
289 12110
290 12109
291 12108
292 12107
293 12106
294 12105
295 12104
296 12103
297 12102
298 12101
299 12100
300 12099
301 12098
302 12097
303 12096
304 12095
305 12132
306 12131
307 12130
308 12129
309 12128
310 12127
311 12126
312 12125
313 12124
314 12123
315 14366
316 14365
317 14364
318 14363
319 14362
320 14361
321 14360
322 14359
323 14753
324 14752
325 14751
326 14750
327 14749
328 14748
329 14747
330 14746
331 14745
332 14744
333 14743
334 14742
335 14741
336 14740
337 14739
338 14738
339 14737
340 14736
341 14735
342 14734
343 14631
344 14630
345 14629
346 14628
347 14627
348 14626
349 14625
350 14624
351 14520
352 14519
353 14518
354 14517
355 14516
356 14515
357 14514
358 14513
359 14512
360 14511
361 14510
362 14509
363 14508
364 14412
365 14411
366 14410
367 14409
368 14408
369 14407
370 14406
371 14405
372 14404
373 14403
374 14402
375 14401
376 14400
377 14399
378 15078
379 12153
380 12152
381 12151
382 12150
383 12149
384 12148
385 12147
386 12146
387 12145
388 12144
389 12143
390 15706
391 15705
392 15704
393 15703
394 15702
395 15701
396 15700
397 15699
398 15698
399 15697
400 15696
401 15695
402 15694
403 15693
404 15692
405 15691
406 15690
407 15502
408 15501
409 15500
410 15499
411 15498
412 15497
413 15496
414 15495
415 15494
416 15493
417 15492
418 15491
419 15490
420 15489
421 15488
422 15487
423 15486
424 15485
425 15484
426 15483
427 15482
428 15481
429 15480
430 15479
431 15850
432 15849
433 15848
434 15847
435 15846
436 15845
437 15844
438 15843
439 15100
440 15099
441 15098
442 15097
443 15096
444 15095
445 15094
446 15093
447 15092
448 15091
449 15090
450 15089
451 15088
452 15087
453 15130
454 15129
455 15128
456 15127
457 15126
458 15125
459 15124
460 11238
461 11237
462 11236
463 11235
464 11234
465 11233
466 11232
467 11231
468 11230
469 11229
470 15282
471 15281
472 15280
473 15279
474 15278
475 15277
476 15276
477 15275
478 15274
479 15273
480 15272
481 15271
482 15270
483 15269
484 15268
485 15267
486 15266
487 15265
488 15264
489 15263
490 15217
491 15216
492 15215
493 15214
494 15213
495 15212
496 15211
497 15210
498 15209
499 15208
500 15207
501 15206
502 15205
503 15204
504 15203
505 15202
506 15201
507 15200
508 15199
509 15198
510 15197
511 15196
512 15195
513 15194
514 15193
515 16376
516 16375
517 16374
518 16373
519 16372
520 16371
521 16370
522 16369
523 16368
524 16367
525 16366
526 16365
527 16364
528 16363
529 16362
530 16361
531 16360
532 16359
533 16358
534 16357
535 16356
536 16355
537 16354
538 16353
539 16352
540 16351
541 16350
542 16349
543 16435
544 16434
545 16433
546 16432
547 16431
548 16430
549 16429
550 16636
551 16635
552 16634
553 16633
554 16632
555 16631
556 16630
557 16629
558 16628
559 16627
560 16626
561 16625
562 16624
563 16623
564 16622
565 16621
566 16620
567 16619
568 16618
569 16617
570 16616
571 16615
572 16614
573 16613
574 16612
575 16698
576 16697
577 16696
578 16695
579 16694
580 16693
581 16692
582 16691
583 16690
584 16689
585 16688
586 16687
587 17117
588 17289
589 17288
590 17287
591 17286
592 17285
593 17284
594 17283
595 17282
596 17281
597 17280
598 17279
599 17278
600 17277
601 17276
602 17275
603 17274
604 17273
605 17272
606 11260
607 11259
608 11258
609 11257
610 11256
611 11255
612 11254
613 11253
614 11252
615 11251
616 11250
617 11429
618 11428
619 11427
620 11426
621 11425
622 11424
623 11423
624 11422
625 11421
626 11420
627 11419
628 11418
629 11417
630 11416
631 11415
632 11414
633 11413
634 11412
635 11411
636 11410
637 17708
638 17707
639 17706
640 17705
641 17704
642 17703
643 17702
644 17701
645 17700
646 17699
647 17698
648 17697
649 17696
650 17695
651 17694
652 12171
653 12170
654 12169
655 12168
656 12167
657 12166
658 12165
659 12164
660 12163
661 12162
662 17765
663 17764
664 17763
665 17762
666 17761
667 17760
668 17759
669 17758
670 17757
671 17756
672 17755
673 17754
674 17753
675 17752
676 17751
677 17422
678 17421
679 17420
680 17419
681 17418
682 17417
683 17416
684 17415
685 17414
686 17413
687 17412
688 17411
689 17410
690 17409
691 17408
692 17407
693 17406
694 17405
695 17404
696 12192
697 12191
698 12190
699 12189
700 12188
701 12187
702 12186
703 12185
704 12184
705 12183
706 12182
707 18103
708 18102
709 18101
710 18100
711 18099
712 18098
713 18097
714 18096
715 18095
716 18094
717 18093
718 18092
719 18091
720 18090
721 18089
722 18088
723 18087
724 18086
725 18085
726 18084
727 18083
728 18082
729 18081
730 18080
731 18079
732 18078
733 18077
734 18076
735 18075
736 18074
737 18073
738 18072
739 18071
740 18070
741 18069
742 18068
743 18067
744 11697
745 11696
746 11695
747 11694
748 11693
749 11692
750 11691
751 11690
752 11689
753 11688
754 11687
755 11686
756 12203
757 12202
758 12201
759 12200
760 12199
761 12198
762 12197
763 12196
764 12195
765 12194
768 11719
769 11718
770 11717
771 11716
772 11715
773 11714
774 11713
775 11712
776 11711
777 11710
778 11709
779 11708
780 11707
781 11706
782 11705
783 11704
784 11703
785 11702
786 11701
787 11700
788 11699
789 11698
790 18066
791 18065
792 18064
793 18063
794 18062
795 18061
796 18060
798 18058
799 18057
800 18056
801 18055
802 18054
803 18053
804 18052
805 18051
806 18050
807 18049
808 18048
809 18047
810 18046
811 18045
812 18044
813 18043
814 18042
815 18041
816 11039
817 11038
818 11037
819 11036
820 11035
821 11034
822 11033
825 11030
826 11052
827 11017
828 11016
829 11015
830 11014
831 11013
832 11012
833 11011
834 11010
835 11009
836 11029
837 10997
838 10996
839 10995
840 10994
841 10993
842 10992
843 10991
844 10990
845 11008
846 17437
847 17436
848 17435
849 17434
850 17433
851 17432
852 17431
853 17430
854 17429
855 17428
856 17427
857 17426
858 17425
859 17424
861 17750
862 17749
863 17748
864 17747
865 17746
866 17745
867 17744
868 17743
869 17742
870 17741
871 17740
872 17739
873 17738
874 17737
875 17736
878 17733
879 17732
880 17731
881 17730
882 17729
883 17728
884 17727
885 17726
886 17725
887 17724
888 17723
889 17722
890 17721
891 17720
893 17718
894 17717
895 17716
896 17715
897 17714
898 17713
899 17712
900 17711
901 17710
902 17709
903 11409
904 11408
905 11407
906 11406
907 11405
910 11402
911 11273
912 11272
913 11271
914 11270
915 11269
916 11268
917 11267
918 11266
919 11265
920 11264
921 11263
922 11262
923 11430
924 11249
925 11248
926 11247
927 11246
928 11245
929 11244
930 11243
931 11242
932 11241
933 11240
934 11261
935 17271
938 17268
939 17267
940 17266
941 17265
942 17264
943 17263
944 17262
945 17261
946 17260
947 17259
948 17258
949 16717
950 16716
951 16715
954 16712
955 16711
956 16710
957 16709
958 16708
959 16707
960 16706
961 16705
962 16704
963 16703
964 16702
965 16701
966 16700
967 16699
968 16611
970 16609
971 16608
972 16607
973 16606
974 16605
975 16604
976 16603
977 16602
978 16601
979 16600
980 16599
981 16598
982 16597
983 16596
986 16593
987 16592
988 16591
989 16590
990 16589
991 16588
992 16587
993 16586
994 16585
995 16442
996 16441
997 16440
998 16439
999 16438
1000 16437
1001 16436
1002 16348
1003 16347
1004 16346
1005 16345
1008 16342
1009 16341
1010 16340
1011 16339
1012 16338
1013 16337
1014 10975
1015 10974
1016 10973
1017 10972
1018 10971
1019 10970
1020 10969
1021 10968
1024 10965
1025 10964
1026 10963
1027 10962
1028 10961
1029 10960
1030 10959
1031 10958
1032 10957
1033 10956
1034 10955
1035 10954
1036 10953
1037 10952
1038 10951
1040 10949
1041 10948
1042 10947
1043 10946
1044 10945
1045 10944
1046 10943
1047 15230
1048 15229
1049 15228
1050 15227
1051 15226
1052 15225
1053 15224
1056 15221
1057 15220
1058 15219
1059 15218
1060 15262
1061 15261
1062 15260
1063 15259
1064 15258
1065 15257
1066 15256
1067 15255
1068 15295
1069 15294
1070 15293
1071 15292
1072 15291
1073 15290
1074 15289
1076 15287
1077 15286
1078 15285
1079 15284
1080 15283
1081 11228
1082 11227
1083 11226
1084 11225
1085 11224
1086 11223
1087 11222
1088 11221
1089 11220
1092 15123
1093 15122
1094 15121
1095 15120
1096 15119
1097 15118
1098 15117
1099 15116
1100 15115
1101 15114
1102 15113
1103 15112
1104 15111
1105 15110
1107 15108
1108 15107
1109 15106
1110 15105
1111 15104
1112 15103
1113 15102
1114 15101
1115 15842
1116 15841
1117 15840
1118 15839
1119 15838
1120 15837
1123 15834
1124 15833
1125 15832
1126 15831
1127 15830
1128 15829
1129 15828
1130 15827
1131 15826
1132 15825
1133 15824
1134 15823
1135 15822
1136 15821
1137 15820
1138 15819
1139 15818
1140 15817
1141 15509
1142 15508
1143 15507
1144 15506
1145 15505
1146 15504
1147 15503
1148 15689
1151 15686
1152 15685
1153 15684
1154 15683
1155 15682
1156 15681
1157 15680
1158 15679
1159 15678
1160 14448
1161 14447
1162 14446
1163 14445
1164 14444
1165 14443
1167 14441
1168 14440
1169 14439
1170 14438
1171 14437
1172 14436
1173 14435
1174 14434
1175 14433
1176 14432
1177 14431
1178 14430
1179 14429
1180 14428
1181 14427
1182 14426
1184 14424
1185 14423
1186 14422
1187 14421
1188 14420
1189 14419
1190 14418
1191 14417
1192 14416
1193 14415
1194 14414
1195 14413
1196 14507
1197 14506
1198 14505
1199 14504
1200 14503
1201 14502
1202 14501
1203 14500
1204 14645
1205 14644
1206 14643
1209 14640
1210 14639
1211 14638
1212 14637
1213 14636
1214 14635
1215 14634
1216 14633
1217 14632
1218 14733
1219 14732
1220 14731
1221 14730
1222 14729
1224 14727
1225 14726
1226 14725
1227 14724
1228 14723
1229 14722
1230 14721
1231 14720
1232 14761
1233 14760
1234 14759
1235 14758
1236 14757
1237 14756
1238 14755
1239 14754
1240 14358
1242 14356
1243 14355
1244 14354
1245 14353
1246 14352
1247 14351
1248 14350
1249 14349
1250 14348
1251 14347
1252 14346
1253 14345
1254 14344
1255 14343
1256 14342
1257 14341
1258 14340
1259 14339
1260 14338
1261 14337
1262 14336
1263 14335
1264 14334
1265 14333
1266 14332
1267 10865
1268 10864
1270 10862
1271 10861
1272 10860
1273 10859
1274 10858
1275 10857
1276 10877
1277 10845
1278 10844
1279 10843
1280 10842
1281 10841
1282 10840
1283 10839
1286 13829
1287 13828
1288 13827
1289 13826
1290 13825
1291 13824
1292 13823
1293 13822
1294 13821
1295 13820
1296 13819
1297 13818
1298 13817
1299 13816
1300 13815
1301 13814
1302 13813
1303 13812
1304 13811
1305 13810
1306 13809
1307 13808
1308 13807
1309 13806
1310 13805
1311 13751
1312 13750
1313 13749
1314 13748
1315 13747
1316 13746
1319 13743
1320 13698
1321 13697
1322 13696
1323 13695
1324 13694
1325 13693
1326 13692
1327 13691
1328 13690
1329 13689
1331 13687
1332 13686
1333 13685
1334 11207
1335 11206
1336 11205
1337 11204
1338 11203
1339 11202
1340 11201
1341 11200
1344 11218
1345 13639
1346 13638
1347 13637
1348 13636
1349 13635
1350 13634
1351 13633
1352 13632
1353 13631
1354 13630
1356 13628
1357 13627
1358 13626
1359 13625
1360 13624
1361 13623
1362 13622
1363 13621
1364 13620
1365 13619
1366 13618
1367 13359
1368 13358
1369 13357
1370 13356
1371 13355
1373 13353
1374 13352
1375 13351
1376 13350
1377 13349
1378 13348
1379 13347
1381 13345
1382 13344
1383 10825
1384 10824
1385 10823
1386 10822
1387 10821
1388 10820
1389 10819
1390 10818
1391 10837
1392 13001
1393 13000
1394 12999
1395 12998
1396 12997
1397 12996
1400 12993
1401 12992
1402 12991
1403 12990
1404 12989
1405 12988
1406 12987
1407 12986
1409 12984
1410 12983
1411 12982
1412 12981
1413 12980
1414 12979
1415 12978
1416 11175
1417 11174
1418 11173
1419 11172
1420 11171
1423 11168
1424 11167
1425 11104
1426 11103
1427 11102
1429 11100
1430 11099
1431 11098
1432 11097
1433 11096
1434 11095
1437 11197
1438 12890
1439 12889
1440 12888
1441 12887
1444 12884
1445 12883
1446 12882
1447 12881
1448 12880
1449 12879
1451 12877
1452 12647
1453 12646
1454 12645
1457 12642
1458 12641
1459 12640
1460 12639
1461 12638
1462 12637
1463 12636
1464 12635
1465 12634
1468 12631
1469 12630
1470 12557
1471 12556
1474 12553
1475 12552
1476 12551
1477 12530
1478 12528
1479 12527
1480 12527
1481 12526
1482 12525
1483 12524
1485 12522
1486 12521
1487 12520
1488 12519
1489 12518
1491 12517
1492 12515
1493 12514
1494 12513
1496 12469
1497 12468
1498 12467
1499 12466
1500 12465
1501 12463
1502 12464
1503 12462
1504 12461
1505 12460
1506 12459
1507 12458
1508 12457
1509 12457
1510 12455
1511 12454
1512 12410
1513 12409
1514 12407
1516 12406
1517 12405
1518 12404
1520 12403
1521 12401
1522 12400
1523 12399
1525 12397
1526 12396
1527 12395
1528 12393
1530 9236
1531 9235
1532 9234
1533 9234
1535 9231
1536 9230
1537 9229
1538 9228
1540 9226
1541 9225
1542 9224
1545 11079
1546 11077
1547 11076
1548 11075
1549 11074
1550 11073
1551 11072
1552 11092
1554 9413
1555 9412
1556 9411
1557 9410
1560 9407
1561 9406
1562 9445
1563 9443
1565 9442
1566 9441
1567 9440
1568 9439
1569 9438
1570 9437
1572 9435
1573 9434
1574 11061
1575 11060
1576 11059
1578 11057
1579 11056
1580 11055
1581 11054
1582 11053
1585 9102
1586 9100
1587 9101
1588 9099
1589 9098
1590 9096
1591 9097
1592 9095
1593 9094
1594 9459
1596 9458
1597 9457
1599 9456
1600 9454
1602 9453
1603 9451
1604 9450
1606 9449
1607 9447
1608 9446
1610 9403
1611 9403
1612 9401
1614 9400
1615 9399
1616 9398
1618 9397
1619 9395
1621 9393
1623 9391
1624 9502
1625 9501
1626 9500
1627 9499
1628 9497
1629 9497
1631 9496
1632 9494
1633 9492
1635 9520
1636 9520
1637 9519
1638 9517
1639 9517
1640 9515
1641 9514
1642 9513
1643 9512
1644 9240
1645 9238
1647 9237
1650 12391
1651 12388
1652 12387
1654 12385
1655 12385
1656 12360
1658 12359
1659 12357
1660 12358
1661 12356
1663 12355
1664 12353
1666 12352
1667 12351
1668 12348
1670 12347
1674 12344
1675 12343
1676 12341
1677 12483
1678 12481
1679 12482
1680 12480
1683 12477
1684 12477
1685 12476
1686 12474
1687 12472
1688 12471
1689 12471
1690 12512
1691 12511
1692 12510
1693 12509
1694 12508
1695 12507
1696 12507
1697 12506
1698 9541
1699 9540
1702 9537
1703 9537
1704 9535
1705 9534
1706 9534
1708 12534
1709 12532
1710 12533
1711 12531
1714 12548
1715 12548
1716 12545
1717 12545
1718 9562
1720 9561
1721 9558
1724 9557
1726 9554
1727 9553
1728 12661
1729 12662
1730 12660
1731 12659
1732 12659
1733 12658
1734 12657
1735 12655
1737 12653
1738 12652
1739 12652
1740 12650
1741 12649
1742 12648
1744 12875
1745 12874
1747 12871
1748 12871
1749 12870
1751 12869
1752 12867
1753 12867
1754 12866
1755 12864
1756 12863
1758 12861
1759 11121
1760 11121
1762 11118
1763 11117
1766 11115
1768 11113
1769 11111
1770 11110
1772 11109
1773 11107
1776 11166
1777 11165
1779 11164
1780 11162
1782 11161
1783 11159
1784 11158
1787 11155
1788 11154
1789 13028
1790 13027
1791 13026
1792 13025
1793 13024
1794 13022
1795 13023
1796 13021
1797 13020
1798 13018
1800 13017
1801 13017
1802 13014
1803 13014
1804 13013
1805 13011
1806 13012
1807 13010
1808 13009
1811 13006
1812 13005
1813 13005
1814 13003
1815 13002
1816 10835
1817 10834
1819 10833
1820 10832
1821 10830
1823 10829
1824 10827
1825 10826
1826 10826
1827 13343
1829 13340
1830 13340
1831 13339
1834 13336
1835 13335
1836 13335
1837 13333
1838 13332
1839 13331
1841 13330
1842 13328
1843 13327
1844 13326
1845 13325
1846 13324
1847 13323
1848 13322
1849 13321
1850 13319
1851 13318
1852 13318
1853 13317
1856 13314
1857 13313
1858 13311
1861 13310
1862 13308
1865 13306
1866 9712
1867 9711
1869 9709
1870 9708
1871 9707
1872 9707
1873 9706
1874 9704
1875 9703
1877 9734
1878 9732
1879 9731
1880 9730
1881 9729
1883 9727
1884 9726
1886 9725
1887 9753
1888 9752
1889 9750
1890 9751
1891 9749
1892 9748
1893 9747
1894 9746
1895 9745
1896 13704
1897 13703
1898 13702
1899 13700
1900 13700
1901 13699
1902 13742
1904 13741
1905 13739
1906 13738
1907 13737
1908 13735
1909 13735
1910 13734
1911 13733
1912 13732
1913 13731
1915 13729
1916 13728
1917 13855
1919 13852
1920 13852
1921 13851
1923 13849
1924 13848
1925 13847
1926 13846
1928 13844
1929 13843
1930 13842
1931 13840
1934 13838
1935 13837
1936 13836
1938 13835
1939 13833
1940 13832
1941 13830
1943 10855
1944 10854
1945 10853
1948 10850
1949 10849
1950 10848
1951 10846
1953 10876
1954 10875
1955 10874
1956 10872
1958 10871
1959 10870
1960 10869
1962 10867
1963 10866
1964 14330
1966 14329
1967 14328
1968 14327
1969 14326
1970 14325
1972 14323
1973 9772
1974 9771
1975 9770
1976 9769
1977 9768
1980 9765
1981 9764
1982 9793
1984 9792
1985 9790
1986 9789
1987 9787
1989 9786
1990 9785
1991 9784
1992 14775
1993 14774
1995 14773
1996 14771
1997 14770
1998 14769
1999 14767
2001 14766
2002 14765
2003 14764
2004 14763
2005 14762
2006 14719
2007 14718
2008 14717
2009 14716
2010 14715
2011 14714
2012 14671
2013 14670
2014 14668
2015 14669
2016 14667
2017 14666
2018 14665
2019 14664
2020 14662
2021 14662
2022 14661
2023 14659
2026 14658
2027 14656
2028 14655
2029 14655
2030 14654
2031 14652
2032 14651
2033 14650
2034 14649
2035 14648
2036 14646
2037 14646
2038 14499
2039 14498
2040 14497
2042 14495
2043 14494
2044 14493
2045 14492
2046 14491
2048 14489
2049 14488
2050 14487
2051 14486
2052 14484
2053 14485
2054 14483
2055 14482
2056 14481
2058 14480
2059 14478
2060 14477
2061 14476
2062 14475
2063 14473
2065 14472
2066 14471
2067 14470
2069 14469
2070 14467
2071 14466
2072 14465
2074 14463
2075 14462
2076 14461
2077 14460
2078 14459
2080 14458
2081 14456
2082 14455
2083 14454
2084 14452
2085 14453
2086 14451
2087 14450
2088 14449
2090 15677
2091 15675
2092 15674
2093 15673
2094 15672
2095 15670
2096 15669
2097 15669
2098 15522
2099 15520
2102 15518
2103 15517
2104 15516
2105 15514
2106 15515
2107 15513
2108 15512
2109 15511
2110 15510
2111 15815
2113 15814
2114 15813
2115 15812
2116 15811
2117 15810
2118 9858
2120 9857
2121 9856
2122 9854
2123 9853
2124 9851
2126 9850
2127 9880
2128 9879
2129 9878
2132 9876
2133 9874
2134 9873
2135 9872
2136 9872
2138 9903
2139 9902
2140 9900
2143 9899
2144 9897
2145 9896
2146 9896
2147 9895
2148 9893
2149 15341
2150 15340
2151 15339
2152 15337
2154 15336
2155 15335
2156 15334
2157 15332
2158 15331
2159 15331
2160 15330
2161 15329
2162 15328
2163 15327
2164 15326
2165 15325
2166 15324
2167 15323
2168 15321
2169 15320
2170 15320
2171 15319
2172 15318
2174 15317
2175 15315
2176 15314
2177 15312
2180 15311
2181 15309
2182 15308
2183 15307
2184 15306
2185 15305
2186 15304
2187 15303
2188 15302
2189 15300
2191 15299
2192 15298
2193 15297
2194 15296
2195 15254
2196 15253
2197 15251
2198 15250
2199 15250
2200 15249
2201 15248
2202 15248
2203 15245
2204 15245
2205 15244
2206 15243
2207 15242
2208 15240
2210 15239
2211 15238
2212 15237
2213 15236
2214 15236
2216 15234
2217 15232
2218 15231
2221 10940
2222 10939
2223 10938
2224 10937
2225 10935
2227 10934
2228 10933
2229 10932
2230 10931
2232 10930
2233 10928
2234 9964
2235 9963
2237 9962
2238 9960
2239 9959
2240 9958
2241 9957
2243 9955
2244 10988
2245 10987
2246 10986
2247 10985
2249 10983
2250 10982
2251 10981
2252 10980
2255 10977
2256 10976
2257 16336
2258 16334
2259 16333
2260 16333
2261 16332
2262 16331
2263 16330
2264 16457
2265 16456
2266 16455
2267 16454
2268 16453
2270 16452
2271 16451
2272 16449
2273 16448
2274 16447
2275 16446
2276 16445
2277 16445
2278 16443
2279 16584
2280 16583
2281 16582
2282 16581
2284 16579
2285 16578
2286 16577
2287 16576
2288 16575
2291 16572
2292 16571
2293 16755
2294 16754
2296 16753
2297 16752
2298 16750
2299 16749
2301 16746
2302 16746
2303 16745
2304 16744
2305 16743
2306 16743
2308 16740
2309 16739
2310 16738
2311 16737
2312 16736
2314 16734
2315 16733
2316 16732
2317 16731
2318 16730
2319 16729
2320 16728
2321 16727
2322 16726
2323 16724
2325 16723
2326 16722
2327 16721
2328 16719
2331 17257
2332 17256
2333 17255
2336 17252
2337 17251
2338 17250
2339 17249
2340 17248
2342 17246
2343 17245
2344 17244
2345 17243
2348 17240
2349 17239
2350 17238
2352 17236
2353 17235
2354 17234
2355 17233
2356 17232
2357 17231
2358 17230
2359 17229
2360 17228
2361 11286
2364 11283
2365 11282
2366 11281
2367 11280
2370 11277
2371 11276
2372 11275
2373 11274
2375 11400
2376 11399
2377 11398
2378 11397
2379 11396
2380 11394
2381 11395
2382 11393
2383 11392
2384 11391
2386 11389
2387 11388
2388 11387
2389 11386
2390 11385
2391 11384
2393 11383
2394 11381
2395 11380
2396 11379
2397 11377
2399 11376
2400 11375
2401 10007
2402 10007
2403 10006
2404 10004
2405 10003
2406 10002
2407 10001
2410 9998
2411 17516
2412 17515
2413 17514
2414 17513
2415 17511
2416 17511
2417 17510
2418 17509
2419 17508
2420 17507
2421 17505
2422 17505
2423 17504
2424 17503
2426 17502
2427 17500
2428 17499
2429 17498
2430 17497
2431 17496
2432 17494
2433 17493
2434 17493
2435 17492
2436 17491
2437 17490
2438 17490
2439 17488
2440 17487
2441 17444
2442 17443
2443 17442
2444 17441
2445 17441
2446 17439
2447 17438
2448 11007
2449 11006
2450 11005
2451 11004
2452 11003
2455 11000
2456 10999
2457 10998
2458 11028
2459 11027
2460 11026
2463 11023
2464 11022
2465 11021
2466 11020
2467 11019
2468 11018
2469 11051
2470 11051
2472 11048
2473 11047
2474 11046
2475 11045
2476 11044
2477 11043
2478 11043
2479 11041
2480 11040
2481 18040
2482 18039
2483 18038
2484 18037
2485 18036
2486 18035
2487 18034
2490 18031
2491 18030
2492 18029
2493 18028
2494 18027
2495 18026
2496 18025
2498 18023
2499 18022
2500 18021
2501 18020
2502 18019
2503 18018
2504 18017
2505 18016
2506 18015
2508 18013
2509 18012
2510 18011
2511 18010
2512 18009
2513 18008
2514 18007
2515 18006
2516 18005
2518 10299
2519 10298
2520 10297
2521 10296
2522 10295
2523 10294
2524 10293
2525 10292
2526 10291
2527 10290
2530 10287
2531 10286
2532 10285
2535 10040
2536 10039
2537 10038
2538 10037
2539 10036
2540 10035
2541 10310
2542 10309
2543 10308
2544 10307
2545 10306
2546 10305
2547 10304
2548 10304
2549 10303
2550 10301
2551 18004
2552 18003
2553 18002
2554 18001
2555 18000
2556 17999
2558 17997
2559 17996
2560 17995
2561 17994
2562 17993
2565 17990
2566 17989
2567 17988
2568 17987
2569 17986
2570 17985
2573 17982
2574 17981
2575 17980
2576 17979
2577 17978
2579 17976
2580 17975
2581 17974
2582 17973
2583 17972
2584 17971
2586 17969
2587 17968
2588 17967
2589 17966
2590 17965
2591 17964
2594 17961
2595 17960
2596 17959
2597 17958
2598 17957
2599 17956
2600 17955
2601 17954
2602 17953
2603 17952
2604 17951
2605 17950
2607 17948
2608 17947
2609 17946
2610 17945
2611 17944
2614 17941
2615 17940
2616 17939
2617 17938
2619 17936
2620 17935
2621 17934
2622 17933
2623 17452
2624 17451
2626 17450
2627 17448
2628 17447
2631 17486
2632 17485
2633 17483
2635 17481
2636 17481
2637 17480
2638 17479
2639 17478
2640 17476
2641 17476
2642 17475
2643 17473
2644 17474
2645 10017
2646 10016
2647 10015
2648 10014
2650 10012
2651 10011
2652 10010
2655 17524
2656 17523
2657 17521
2658 17520
2659 17520
2660 17518
2663 9997
2664 9996
2665 9995
2666 9994
2668 9992
2669 9991
2670 9990
2672 10008
2673 11374
2674 11373
2675 11372
2677 11371
2678 11369
2679 11368
2681 11366
2682 11365
2683 11363
2685 11362
2686 11361
2687 11315
2688 11315
2689 11314
2690 11312
2691 11310
2693 11308
2694 11308
2695 11306
2697 11304
2698 11304
2699 11303
2700 11302
2701 11300
2702 11299
2703 11299
2704 11298
2705 11296
2707 11295
2708 11294
2709 11293
2711 11291
2712 11290
2713 11289
2714 11287
2716 17227
2717 17226
2718 17225
2719 17224
2720 17223
2723 17220
2724 17219
2727 17216
2728 17215
2729 17214
2731 9974
2732 9974
2733 9973
2736 9971
2737 9969
2739 9968
2740 9966
2741 9988
2742 16802
2743 16802
2745 16800
2746 16798
2747 16798
2748 16795
2749 16795
2750 16794
2751 16793
2753 16792
2754 16790
2755 16789
2756 16788
2758 16787
2759 16784
2761 16782
2762 16782
2763 16781
2764 16780
2766 16779
2767 16777
2768 16776
2771 16773
2772 16772
2773 16771
2774 16771
2775 16770
2776 16768
2777 16767
2778 16765
2779 16764
2780 16764
2781 16763
2782 16762
2785 16760
2786 16758
2787 16756
2788 16757
2789 16570
2790 16568
2793 16567
2794 16565
2795 16563
2796 16562
2798 16561
2799 16559
2800 16558
2802 16557
2803 16556
2804 16555
2807 16552
2808 16551
2809 16550
2810 16549
2812 16465
2813 16464
2814 16462
2816 16461
2817 16460
2819 16459
2820 16329
2821 16328
2822 16327
2823 16327
2824 16324
2825 16324
2826 16323
2829 16320
2830 16319
2831 16319
2832 16317
2833 16316
2834 10884
2837 10881
2838 10880
2839 10879
2840 10878
2842 9954
2843 9953
2844 9952
2846 9950
2847 9949
2848 9947
2849 9948
2850 9946
2851 9965
2852 10927
2854 10924
2855 10924
2856 10923
2857 10923
2858 10922
2859 10920
2860 10919
2862 10916
2863 10916
2864 10915
2865 9934
2866 9933
2867 9932
2868 9931
2869 9930
2872 9927
2873 9925
2875 9945
2876 16079
2877 16078
2878 16077
2879 16077
2880 16075
2881 16074
2882 16073
2884 16071
2885 16070
2886 16069
2888 16068
2889 16066
2890 16065
2891 16064
2892 16062
2893 16063
2894 16061
2895 16060
2896 16059
2898 16016
2899 16015
2900 16013
2901 16012
2903 16011
2904 16010
2906 16008
2907 16007
2908 16006
2909 16004
2911 16003
2912 16002
2913 16001
2914 15999
2916 15998
2917 15997
2919 15996
2920 9913
2921 9912
2922 9912
2924 9909
2925 9908
2926 9908
2928 9905
2929 9924
2931 15355
2932 15354
2933 15352
2934 15352
2935 15351
2936 15349
2937 15348
2940 15345
2941 15344
2943 15343
2944 9892
2945 9891
2946 9890
2948 9888
2949 9887
2951 9886
2952 9884
2953 9883
2954 9883
2956 9869
2957 9868
2958 9867
2959 9867
2961 9864
2962 9863
2965 9860
2966 9881
2969 9847
2970 9845
2972 9843
2973 9843
2974 9842
2976 9841
2977 15809
2978 15808
2979 15807
2980 15805
2981 15804
2982 15804
2983 15802
2984 15803
2985 15801
2986 15800
2988 15799
2989 15532
2990 15531
2991 15531
2993 15529
2994 15527
2996 15526
2997 15524
2998 15523
3000 15668
3001 15666
3002 15665
3003 15665
3004 15664
3005 15663
3006 15661
3007 15659
3008 15658
3009 15658
3010 15657
3011 15655
3012 15656
3013 15654
3014 15653
3015 15653
3017 15651
3018 15649
3021 9827
3022 9826
3024 9824
3025 9823
3026 9822
3027 9820
3029 9819
3030 9818
3032 9840
3033 14886
3034 14884
3036 14883
3037 14882
3038 14881
3039 14879
3040 14880
3041 14878
3042 14877
3043 14877
3045 14875
3046 14873
3049 14870
3050 14869
3051 14867
3052 14866
3053 14866
3054 14865
3055 14863
3057 14862
3058 14861
3059 14860
3060 14859
3062 14858
3063 14856
3064 14855
3065 14854
3066 14853
3067 14852
3068 14851
3070 14849
3071 14848
3072 14847
3075 9804
3076 9803
3077 9803
3079 9799
3081 9798
3082 9797
3083 9796
3084 9816
3086 14677
3087 14676
3088 14675
3090 14673
3091 14672
3094 14711
3095 14710
3096 14709
3098 14707
3101 14704
3102 14703
3103 14702
3105 14701
3106 14699
3109 14780
3110 14779
3112 14778
3113 14776
3114 9782
3116 9781
3117 9780
3118 9779
3119 9778
3120 9777
3121 9776
3123 9774
3124 9794
3125 9763
3128 9760
3129 9759
3130 9758
3132 9756
3133 9755
3134 9773
3135 14322
3136 14322
3138 14320
3139 14318
3141 14315
3142 14315
3143 14314
3145 14312
3146 14311
3147 14309
3149 14308
3151 14306
3152 14305
3153 14303
3156 14301
3157 14301
3158 14299
3159 14298
3160 14297
3161 13889
3163 13888
3164 13887
3165 13887
3167 13885
3170 13881
3171 13880
3172 13878
3173 13879
3174 13877
3177 13875
3178 13873
3179 13871
3181 13870
3183 13868
3184 13867
3185 13866
3188 13864
3189 13861
3190 13860
3191 13860
3192 13859
3193 13858
3195 13857
3196 13727
3198 13726
3199 13724
3202 13721
3203 13720
3204 13719
3205 13718
3207 13716
3208 13715
3209 13714
3211 13712
3212 13711
3215 13708
3216 13708
3217 13705
3218 13705
3219 9744
3222 9741
3224 9740
3225 9738
3226 9737
3227 9754
3229 9723
3230 9723
3232 9720
3233 9719
3234 9718
3235 9716
3236 9716
3237 9714
3239 9735
3240 9701
3242 9700
3243 9699
3245 9698
3246 9696
3248 9693
3249 9693
3250 9713
3253 13301
3255 13300
3256 13298
3258 13297
3259 13296
3260 13295
3261 13293
3262 13294
3263 9679
3264 9678
3265 9676
3266 9676
3267 9675
3268 9675
3269 9673
3270 9672
3271 9671
3272 9670
3273 9669
3275 9658
3276 9657
3277 9656
3278 9654
3279 9654
3280 9654
3282 9651
3283 9668
3285 9637
3286 9637
3287 9635
3288 9634
3289 9633
3290 9632
3291 9631
3292 9630
3295 9649
3296 9616
3297 9614
3298 9614
3299 9613
3300 9611
3301 9610
3303 9608
3304 9608
3305 9606
3307 9627
3308 9594
3309 9594
3311 9592
3312 9589
3314 9588
3315 9586
3317 9605
3318 13044
3319 13043
3320 13042
3321 13041
3322 13039
3323 13040
3324 13038
3325 13037
3326 13036
3327 13035
3328 13035
3330 13032
3331 13031
3332 13030
3333 13029
3334 11153
3335 11152
3336 11152
3337 11151
3338 11149
3339 11147
3340 11146
3341 11145
3344 11143
3345 11142
3346 11140
3347 11140
3348 11139
3350 11138
3351 11135
3353 11134
3354 11134
3355 11133
3356 11130
3359 11128
3360 11127
3363 11123
3366 12859
3369 12857
3371 12855
3372 12854
3373 12852
3375 12851
3378 12848
3380 9574
3381 9572
3382 9572
3384 9569
3385 9568
3386 9567
3387 9566
3388 9565
3389 9565
3391 12667
3393 12666
3394 12665
3395 12664
3396 12663
3399 9551
3400 9550
3401 9549
3402 9548
3403 9546
3405 9544
3406 9563
3408 12544
3409 12542
3411 12540
3414 12537
3416 12536
3417 12535
3419 9531
3420 9529
3422 9528
3423 9525
3425 9524
3426 9523
3427 9542
3429 12504
3432 12501
3433 12500
3434 12499
3435 12498
3436 12496
3438 12495
3439 12495
3440 12494
3441 12492
3442 12491
3443 12490
3444 12489
3446 12488
3447 12486
3450 12340
3451 12339
3452 12337
3454 12336
3455 12336
3456 12333
3457 12333
3460 12330
3463 12369
3465 12368
3466 12367
3468 12365
3469 12362
3471 12384
3472 12383
3474 12382
3475 9248
3477 9246
3479 9243
3480 9242
3481 9241
3482 9241
3485 9510
3486 9507
3487 9508
3488 9506
3489 9504
3491 9521
3494 9488
3496 9487
3497 9486
3498 9486
3499 9485
3500 9483
3501 9482
3502 9503
3503 9390
3504 9389
3505 9387
3507 9386
3508 9385
3509 9384
3510 9383
3511 9382
3512 9381
3513 9381
3515 9379
3516 9377
3517 9375
3518 9375
3519 9374
3522 9371
3523 9369
3524 9368
3526 9467
3529 9465
3530 9463
3532 9462
3533 9093
3534 9091
3537 9090
3538 9088
3539 9087
3541 9086
3544 9481
3545 9480
3546 9479
3547 9478
3550 9475
3551 9474
3552 9473
3553 9472
3556 9469
3557 9468
3558 9367
3559 9366
3560 9366
3562 9364
3563 9362
3564 9361
3565 9360
3567 9358
3568 9357
3569 9279
3570 9278
3571 9277
3572 9277
3573 9274
3574 9274
3575 9273
3576 9272
3577 9271
3578 9270
3579 9269
3580 9268
3581 9267
3582 9266
3583 9265
3584 9264
3585 9263
3586 9262
3588 9260
3589 9259
3590 9258
3591 9256
3593 9255
3594 9254
3595 9252
3597 9251
3598 9250
3599 9249
3601 12379
3602 12378
3603 12377
3604 12376
3605 12376
3606 12375
3607 12374
3608 12371
3610 12370
3611 12327
3612 12326
3613 12325
3614 12324
3615 12323
3616 12322
3618 12321
3619 12319
3620 12318
3621 12317
3622 12316
3623 12315
3624 12313
3626 12312
3627 12311
3628 12310
3629 12309
3631 12307
3632 12306
3633 12304
3635 12303
3636 12302
3639 10057
3640 10056
3641 10055
3642 10053
3643 10052
3644 10052
3645 10051
3648 10049
3649 10079
3652 10076
3653 10075
3654 10074
3656 10073
3657 10071
3658 10070
3659 10068
3660 10069
3661 12681
3662 12680
3664 12679
3665 12678
3666 12676
3667 12676
3668 12675
3669 12673
3670 12672
3671 12671
3672 12669
3673 12670
3674 9584
3675 9583
3676 9581
3679 9579
3680 9578
3681 9578
3682 9576
3683 9575
3684 12847
3685 12846
3686 12846
3688 12844
3689 12842
3690 12842
3691 12840
3692 12839
3693 12838
3695 12837
3696 12835
3697 12834
3698 12832
3700 12830
3701 12830
3702 12829
3705 12827
3706 12825
3707 12823
3708 12824
3709 12822
3710 12821
3711 12820
3712 12819
3713 13069
3714 13068
3715 13067
3717 13065
3718 13064
3719 13063
3720 13062
3722 13061
3723 13059
3724 13058
3725 13056
3727 13055
3728 13054
3729 13053
3730 13053
3731 13051
3732 13050
3733 13049
3734 13049
3735 13048
3736 13047
3737 13045
3739 9604
3740 9602
3741 9601
3742 9600
3743 9599
3744 9598
3745 9597
3746 9597
3748 9626
3749 9625
3751 9622
3752 9622
3753 9621
3754 9620
3755 9619
3756 9618
3757 9617
3758 9647
3760 9645
3761 9645
3762 9644
3763 9644
3765 9642
3766 9640
3767 9639
3769 9667
3770 9666
3772 9663
3773 9663
3774 9661
3776 9660
3777 9659
3778 9691
3779 9689
3780 9688
3781 9688
3782 9687
3783 9686
3784 9686
3785 9684
3786 9683
3787 9682
3788 9680
3789 9681
3790 13292
3791 13291
3793 13289
3794 13288
3795 13287
3796 13286
3797 13284
3799 13283
3800 13282
3802 13280
3803 13279
3804 13278
3806 13277
3807 13275
3808 13273
3811 13271
3812 13270
3815 13267
3816 13266
3817 13266
3818 13265
3819 13263
3820 13261
3821 13260
3823 13259
3824 13258
3826 13257
3827 13255
3828 13254
3829 13254
3830 13251
3831 13251
3832 13250
3833 13248
3834 13247
3835 13247
3836 13246
3837 13246
3839 14087
3840 14086
3841 14085
3842 14084
3843 14083
3844 14082
3845 14081
3846 14080
3847 14079
3850 14076
3851 14075
3852 14075
3853 14074
3854 14072
3855 14071
3858 14069
3859 14067
3860 14066
3862 14064
3863 14062
3865 14060
3866 14060
3867 14059
3868 14057
3870 13905
3871 13904
3874 13902
3875 13900
3876 13898
3877 13897
3879 13896
3880 13895
3882 13894
3883 13892
3884 13891
3887 14294
3888 14293
3890 14292
3891 14290
3892 10096
3895 10094
3896 10092
3897 10091
3898 10090
3899 10089
3900 10088
3901 10117
3903 10116
3904 10115
3905 10115
3907 10112
3908 10111
3909 10110
3910 10109
3911 10108
3912 10107
3913 10139
3914 10137
3915 10136
3917 10135
3918 10134
3919 10133
3920 10132
3921 10131
3922 10130
3923 10129
3924 14795
3925 14793
3926 14793
3927 14792
3929 14790
3930 14789
3931 14788
3932 14788
3933 14787
3934 14786
3935 14784
3936 14783
3938 14698
3939 14696
3940 14695
3941 14694
3942 14693
3943 14692
3944 14691
3946 14690
3947 14688
3948 14687
3949 14686
3950 14685
3952 14683
3953 14682
3954 14680
3956 14679
3957 14678
3960 9814
3961 9812
3962 9811
3963 9810
3964 9809
3965 9808
3966 9806
3968 9805
3969 14844
3970 14843
3971 14842
3972 14841
3974 14839
3975 10160
3976 10159
3977 10158
3978 10157
3979 10156
3982 10154
3983 10152
3984 10151
3985 10150
3986 10182
3987 10181
3989 10179
3990 10178
3991 10177
3992 10176
3994 10175
3995 10173
3996 10173
3998 14897
3999 14896
4000 14895
4001 14894
4002 14892
4003 14892
4004 14891
4005 14891
4007 14888
4008 14887
4009 9838
4011 9837
4012 9836
4013 9835
4014 9834
4017 9831
4018 9830
4021 15646
4022 15645
4023 15644
4026 15641
4027 15640
4029 15638
4030 15637
4031 15636
4032 15634
4035 15632
4036 15631
4037 15630
4040 15544
4041 15542
4043 15539
4044 15539
4045 15538
4046 15537
4049 15535
4050 15533
4051 15797
4053 15795
4054 15794
4055 15793
4057 15791
4058 15790
4059 15789
4060 15401
4061 15400
4062 15399
4064 15396
4065 15396
4066 15395
4067 15394
4068 15393
4069 15392
4070 15391
4071 15390
4072 15388
4074 15387
4075 15386
4076 15385
4077 15385
4079 15382
4080 15381
4081 15379
4083 15378
4084 15377
4085 15376
4086 15375
4087 15373
4088 15374
4089 15372
4090 15371
4091 15370
4093 15367
4094 15367
4095 15366
4096 15365
4097 15363
4098 15362
4099 15362
4100 15361
4101 15360
4102 15360
4104 15358
4105 15356
4106 9923
4107 9922
4108 9921
4109 9920
4110 9919
4111 9917
4114 9915
4115 9914
4116 15994
4119 15991
4120 15990
4121 15989
4123 16032
4124 16030
4125 16029
4126 16028
4127 16028
4129 16025
4130 16024
4131 16023
4132 16023
4134 16021
4135 16019
4136 16018
4137 16058
4138 16057
4139 16056
4140 16055
4143 16052
4144 16092
4145 16091
4147 16090
4148 16088
4149 16087
4150 16086
4151 16085
4152 16084
4153 16083
4154 16082
4155 16081
4156 16080
4158 9943
4159 9942
4160 9941
4161 9939
4164 9938
4165 9936
4166 9935
4168 10914
4169 10912
4170 10911
4171 10910
4172 10908
4173 10907
4175 10906
4176 10905
4177 10904
4178 10904
4180 10901
4181 10900
4182 10899
4183 10898
4184 10897
4185 10896
4186 10895
4187 10894
4189 10893
4190 10891
4191 10890
4192 10889
4193 10888
4194 10886
4196 10885
4197 16315
4198 16314
4200 16312
4201 16311
4202 16310
4203 16309
4204 16309
4205 16308
4206 16477
4207 16476
4208 16475
4210 16474
4211 16473
4212 16471
4213 16470
4214 16468
4215 16467
4217 16466
4218 16547
4219 16546
4220 16545
4221 16544
4222 16543
4225 16540
4226 16539
4227 16858
4228 16857
4230 16854
4231 16854
4232 16853
4233 16852
4235 16850
4236 16849
4237 16848
4238 16847
4239 16846
4241 16843
4242 16843
4243 16842
4244 16841
4245 16839
4246 16840
4247 16838
4248 16837
4249 16836
4250 16835
4251 16835
4253 16833
4254 16831
4255 16830
4258 16828
4259 16826
4260 16825
4263 16823
4264 16821
4265 16820
4266 16819
4267 16818
4269 16816
4270 16815
4271 16814
4273 16813
4274 16811
4275 16810
4276 16809
4277 16807
4278 16806
4280 16805
4281 16804
4282 16803
4284 9985
4285 9985
4286 9984
4287 9983
4288 9981
4289 9980
4291 9979
4292 9978
4293 9977
4294 17212
4296 17211
4297 17210
4298 17209
4300 17207
4301 17206
4302 10199
4303 10198
4304 10197
4305 10196
4306 10195
4307 10194
4308 10193
4309 10192
4311 10220
4312 10219
4313 10217
4315 10215
4316 10215
4317 10214
4318 10213
4319 10212
4320 10210
4322 11328
4323 11327
4324 11326
4325 11324
4327 11323
4328 11322
4329 11320
4332 11318
4333 11317
4334 11316
4335 11360
4337 11359
4338 11357
4339 11356
4340 11354
4343 11353
4344 11351
4345 11350
4346 17543
4348 17542
4349 17541
4350 17540
4351 17538
4352 17537
4353 17537
4354 17536
4355 17535
4356 17534
4357 17533
4358 17532
4359 17531
4360 17530
4361 17529
4362 17527
4363 17528
4364 17526
4365 17525
4366 10027
4367 10026
4368 10025
4369 10024
4370 10023
4371 10022
4372 10021
4373 10020
4375 10019
4376 17472
4377 17471
4378 17470
4381 17467
4382 17466
4383 17465
4384 17464
4386 17462
4387 17461
4388 17460
4389 17459
4390 17458
4392 17456
4393 17455
4394 17454
4395 17453
4396 17932
4397 17931
4398 17930
4399 17929
4400 17928
4403 17925
4404 17924
4405 17923
4406 10240
4407 10239
4408 10238
4410 10236
4411 10235
4412 10234
4413 10233
4414 10232
4415 10231
4417 10262
4418 10260
4419 10259
4420 10258
4421 10257
4422 10256
4423 10255
4424 10253
4426 10252
4427 10251
4428 11539
4429 11538
4430 11537
4431 11536
4432 11535
4433 11534
4434 11533
4436 11531
4437 11530
4438 11529
4439 11528
4440 11527
4441 11526
4442 11525
4443 11524
4444 11523
4445 11522
4446 11521
4447 11520
4448 11519
4449 11518
4450 11517
4451 10283
4453 10281
4454 10280
4455 10279
4456 10278
4457 10277
4458 10276
4459 10275
4460 10274
4461 10273
4462 10323
4463 10322
4464 10321
4465 10320
4466 10319
4467 10318
4468 10317
4469 10316
4470 10314
4473 10312
4474 10311
4475 10034
4476 10033
4477 10032
4478 10031
4479 10030
4480 10029
4483 10341
4484 10340
4485 10339
4486 10338
4487 10337
4488 10336
4489 10335
4490 10334
4491 10333
4492 10332
4493 10331
4494 10330
4495 10329
4497 10327
4498 10326
4499 10325
4500 10324
4501 10272
4502 10271
4503 10270
4504 10269
4505 10268
4506 10267
4507 10266
4508 10265
4509 10264
4510 10284
4511 11516
4512 11515
4513 11514
4514 11513
4515 11512
4516 11511
4517 11510
4518 11509
4519 11508
4522 11550
4523 11549
4524 11548
4525 11547
4526 11546
4527 11545
4528 11544
4529 11543
4530 11542
4531 11541
4532 11540
4533 10250
4534 10249
4535 10248
4536 10247
4537 10246
4538 10245
4539 10244
4540 10243
4541 10242
4542 10263
4545 10228
4546 10227
4547 10226
4548 10225
4549 10224
4550 10223
4551 10222
4552 10241
4553 17922
4554 17921
4555 17920
4556 17919
4557 17918
4558 17917
4559 17916
4560 17915
4561 17914
4562 17913
4563 17912
4564 17911
4565 17910
4566 17909
4567 17908
4568 17907
4569 17906
4570 17905
4571 17904
4572 17903
4573 17902
4574 17576
4575 17575
4578 17572
4579 17571
4580 17570
4581 17569
4582 17568
4583 17567
4584 17566
4585 17565
4586 17564
4587 17563
4588 17562
4589 17561
4591 17559
4592 17558
4593 17557
4594 17556
4595 17555
4596 17554
4597 17553
4598 17552
4599 17551
4600 17550
4601 17549
4602 17548
4605 17545
4606 11349
4607 11348
4608 11347
4609 11346
4610 11345
4611 11344
4612 11343
4613 11342
4614 11341
4615 11340
4618 11337
4619 11336
4620 11335
4621 11334
4622 11333
4623 11332
4624 11331
4625 11330
4626 11329
4627 10209
4629 10207
4630 10206
4631 10205
4632 10204
4633 10203
4634 10202
4635 10201
4636 10221
4637 10190
4638 10189
4639 10188
4640 10187
4641 10186
4642 10185
4643 10184
4644 10200
4645 17205
4646 17204
4647 17203
4648 17202
4649 17201
4652 17198
4653 17197
4654 17196
4655 17195
4656 17194
4657 17193
4658 17192
4659 17191
4660 17190
4661 17189
4662 17188
4663 17187
4665 10501
4666 10500
4667 10499
4668 10498
4669 10497
4670 10496
4671 10495
4672 10494
4673 10493
4674 10512
4675 10481
4678 10478
4679 10477
4680 10476
4681 10475
4682 10474
4683 10473
4684 10472
4685 10492
4686 10460
4687 10459
4688 10458
4689 10457
4691 10455
4692 10454
4693 10453
4694 10452
4695 10451
4696 10471
4697 16872
4698 16871
4699 16870
4700 16869
4701 16868
4702 16867
4703 16866
4706 16863
4707 16862
4708 16861
4709 16860
4710 16859
4711 16538
4712 16537
4713 16536
4714 16535
4715 16534
4716 16533
4717 16532
4718 16531
4719 16488
4720 16487
4721 16486
4722 16485
4723 16484
4724 16483
4725 16482
4727 16480
4728 16479
4729 16478
4730 16306
4731 16305
4732 16304
4733 16303
4734 16302
4735 16301
4736 16300
4737 16299
4740 16296
4741 16295
4742 16294
4743 16293
4744 16292
4745 16291
4746 16290
4747 16289
4748 16288
4749 16287
4750 16286
4753 16123
4754 16122
4755 16121
4756 16120
4757 16119
4758 16118
4759 16117
4760 16116
4761 16115
4762 16114
4763 16113
4764 16112
4766 16110
4767 16109
4768 16108
4769 16107
4770 16106
4771 16105
4772 16104
4773 16103
4774 16102
4775 16101
4776 16100
4779 16097
4780 16096
4781 16095
4782 16094
4783 16093
4784 16051
4785 16050
4786 16049
4787 16048
4788 16047
4789 16046
4790 16045
4791 16044
4792 16043
4793 16042
4794 16041
4795 16040
4796 16039
4797 16038
4798 16037
4799 16036
4802 16033
4803 15988
4804 15987
4805 15986
4806 15985
4807 15984
4808 15983
4809 15982
4810 15981
4811 15980
4814 15977
4815 15976
4816 15975
4817 15974
4818 15973
4819 15972
4820 15971
4821 15970
4822 15969
4825 15966
4826 15965
4827 15964
4828 15963
4829 15962
4830 15961
4831 15960
4832 15959
4833 15958
4834 15957
4837 15954
4838 15953
4839 15952
4840 15951
4841 15950
4842 15416
4843 15415
4844 15414
4845 15413
4846 15412
4848 15410
4849 15409
4850 15408
4851 15407
4852 15406
4853 15405
4854 15404
4855 15403
4856 15402
4857 15788
4858 15787
4859 15786
4860 15785
4862 15783
4863 15782
4864 15781
4865 15556
4866 15555
4867 15554
4868 15553
4869 15552
4870 15551
4871 15550
4874 15547
4875 15546
4876 15629
4877 15628
4878 15627
4879 15626
4880 15625
4881 15624
4883 15622
4884 15621
4885 15620
4886 15619
4887 14921
4888 14920
4889 14919
4890 14918
4891 14917
4892 14916
4894 14914
4895 14913
4896 14912
4897 14911
4898 14910
4899 14909
4900 14908
4901 14907
4904 14904
4905 14903
4906 14902
4907 14901
4908 14900
4909 14899
4910 14898
4911 10170
4914 10167
4915 10166
4916 10165
4917 10164
4918 10163
4919 10162
4920 10183
4921 10149
4922 10148
4923 10147
4924 10146
4925 10145
4926 10144
4927 10143
4928 10142
4930 10161
4931 14838
4932 14837
4933 14836
4934 14835
4935 14834
4936 14833
4937 14832
4939 14830
4940 14829
4941 14828
4942 14827
4943 14826
4944 14825
4945 14824
4946 14823
4949 14820
4950 14819
4951 14818
4952 14817
4953 14816
4954 14815
4955 14814
4956 14813
4958 14811
4959 14810
4960 14809
4961 14808
4962 14807
4963 14806
4964 14805
4965 14804
4968 14801
4969 14800
4970 14799
4971 14798
4972 14797
4973 14796
4974 10128
4975 10127
4977 10125
4978 10124
4979 10123
4980 10122
4981 10121
4982 10120
4983 10140
4984 10106
4985 10105
4986 10104
4987 10103
4989 10101
4990 10100
4991 10099
4992 10098
4993 10119
4994 10087
4995 10086
4996 10085
4999 10082
5000 10081
5001 10097
5002 14289
5003 14288
5004 14287
5007 14284
5008 14283
5009 14282
5010 14281
5011 13915
5012 13914
5013 13913
5014 13912
5015 13911
5016 13910
5017 13909
5018 13908
5019 13907
5020 13906
5021 14056
5022 14055
5025 14052
5026 14051
5027 14050
5028 14049
5029 14048
5030 14047
5031 14046
5032 14102
5034 14100
5035 14099
5036 14098
5037 14097
5038 14096
5039 14095
5040 14094
5041 14093
5042 14092
5043 14091
5044 14090
5045 14089
5046 14088
5047 13243
5048 13242
5049 13241
5050 13240
5051 13239
5052 13238
5053 13237
5054 10439
5055 10438
5056 10437
5058 10435
5059 10434
5060 10433
5061 10432
5062 10431
5063 10450
5064 10419
5065 10418
5068 10415
5069 10414
5070 10413
5071 10412
5072 10411
5073 10410
5074 10430
5075 13521
5077 13519
5078 13518
5079 13517
5080 13516
5081 13515
5082 13514
5083 13513
5084 13512
5087 13509
5088 13508
5089 13507
5090 13506
5091 13505
5092 13504
5093 13503
5094 13502
5095 13501
5096 13500
5097 13499
5098 13498
5101 13495
5102 13494
5103 13493
5104 13492
5105 13491
5106 13490
5107 13489
5108 13488
5110 13486
5111 13485
5112 13484
5113 13483
5114 13482
5115 13481
5116 13480
5117 13479
5118 13478
5119 13477
5122 13474
5123 13473
5124 13472
5125 13471
5126 13470
5127 13469
5128 13468
5129 13467
5130 13466
5131 13465
5134 13462
5135 13461
5136 13460
5137 13084
5138 13083
5139 13082
5140 13081
5141 13080
5142 13079
5143 13078
5144 13077
5145 13076
5146 13075
5147 13074
5148 13073
5149 13072
5150 13071
5151 13070
5152 12818
5153 12817
5154 12816
5157 12813
5158 12812
5159 10398
5160 10397
5161 10396
5162 10395
5163 10394
5164 10393
5165 10392
5166 10391
5167 10390
5168 10389
5169 10409
5172 12703
5173 12702
5174 12701
5175 12700
5176 12699
5177 12698
5178 12697
5179 12696
5180 12695
5181 12694
5182 12693
5183 12692
5184 12691
5185 12690
5186 12689
5187 12688
5188 12687
5189 12686
5190 12685
5191 12684
5192 12683
5193 12682
5194 10067
5195 10066
5196 10065
5197 10064
5198 10063
5199 10062
5200 10061
5202 10059
5203 10080
5204 10047
5205 10046
5206 10045
5207 10044
5208 10043
5209 10042
5210 10041
5211 10058
5212 12299
5213 12298
5214 12297
5215 12296
5216 12295
5217 12294
5218 12293
5219 12292
5220 12291
5221 10377
5222 10376
5223 10375
5224 10374
5225 10373
5226 10372
5227 10371
5228 10370
5229 10369
5230 10368
5231 10388
5232 9315
5233 9314
5234 9313
5235 9312
5236 9311
5237 9310
5238 9309
5239 9308
5240 9307
5241 9306
5242 9305
5243 9304
5244 9303
5245 9302
5246 9301
5247 9300
5248 9299
5249 9298
5250 9297
5251 9296
5252 9295
5253 9294
5254 9293
5255 9292
5256 9291
5257 9290
5258 9289
5259 9288
5260 9287
5261 9286
5262 9285
5263 9284
5264 9283
5265 9282
5266 9281
5267 9280
5268 9356
5269 9355
5270 9354
5271 9353
5272 9352
5273 9351
5274 9350
5275 10355
5276 10354
5277 10353
5278 10352
5279 10351
5280 10350
5281 10349
5282 10348
5283 10347
5284 10346
5285 10345
5286 10344
5287 10343
5288 10342
5291 10367
5292 10366
5293 10365
5294 10364
5295 10363
5296 10362
5297 10361
5298 10360
5299 10359
5300 10358
5301 10357
5302 10356
5303 9349
5304 9348
5305 9347
5306 9346
5307 9345
5308 9344
5309 9343
5310 9342
5311 9341
5312 9340
5313 9339
5314 9338
5315 9337
5316 9336
5317 9335
5318 9334
5319 9333
5320 9332
5321 9331
5322 9330
5323 9329
5324 9328
5325 9327
5326 9326
5327 9325
5328 9324
5329 9323
5330 9322
5331 9321
5332 9320
5333 9319
5334 9318
5335 9317
5336 9316
5337 10387
5338 10386
5339 10385
5340 10384
5341 10383
5342 10382
5343 10381
5344 10380
5345 10379
5346 10378
5347 12290
5348 12289
5349 12288
5350 12287
5351 12286
5352 12285
5353 12284
5354 12283
5355 12282
5356 12281
5357 12280
5358 12279
5359 12278
5360 12277
5361 12276
5362 12275
5363 12274
5364 12273
5365 10532
5366 10531
5367 10530
5368 10529
5369 10528
5370 10527
5371 10526
5372 10525
5373 10524
5374 10523
5375 10522
5376 10521
5377 12718
5378 12717
5379 12716
5380 12715
5381 12714
5382 12713
5383 12712
5384 12711
5385 12710
5386 12709
5387 12708
5388 12707
5389 12706
5390 10408
5391 10407
5392 10406
5393 10405
5394 10404
5395 10403
5396 10402
5397 10401
5398 10400
5399 10399
5400 12811
5401 12810
5402 12809
5403 12808
5404 12807
5405 12806
5406 12805
5407 13097
5408 13096
5409 13095
5410 13094
5411 13093
5412 13092
5413 13091
5414 13090
5415 13089
5416 13088
5417 13087
5418 13086
5419 13085
5420 13459
5421 13458
5422 13457
5423 13456
5424 13455
5425 13454
5426 13453
5427 13452
5428 13451
5429 13450
5430 13449
5431 13448
5432 13447
5433 13446
5434 13445
5435 13444
5436 13443
5437 13442
5438 10552
5439 10551
5440 10550
5441 10549
5442 10548
5443 10547
5444 10546
5445 10545
5446 10544
5447 10543
5448 10542
5449 10573
5450 10572
5451 10571
5452 10570
5453 10569
5454 10568
5455 10567
5456 10566
5457 10565
5458 10564
5459 10563
5460 13536
5461 13535
5462 13534
5463 13533
5464 13532
5465 13531
5466 13530
5467 13529
5468 13528
5469 13527
5470 13526
5471 13525
5472 13524
5473 13523
5474 13522
5475 10429
5476 10428
5477 10427
5478 10426
5479 10425
5480 10424
5481 10423
5482 10422
5483 10421
5484 10420
5485 10449
5486 10448
5487 10447
5488 10446
5489 10445
5490 10444
5491 10443
5492 10442
5494 10440
5495 13236
5496 13235
5497 13234
5498 13233
5499 13232
5500 13231
5501 13230
5502 13229
5503 14114
5504 14113
5505 14112
5506 14111
5507 14110
5508 14109
5509 14108
5510 14107
5511 14106
5512 14105
5513 14104
5514 14103
5515 14045
5516 14044
5517 14043
5518 14042
5519 14041
5520 14040
5521 14039
5522 14038
5523 13927
5524 13926
5525 13925
5528 13922
5529 13921
5530 13920
5531 13919
5532 13918
5533 13917
5534 13916
5535 14280
5536 14279
5537 14278
5538 14277
5539 14276
5540 14275
5541 14274
5542 14273
5543 14272
5545 14270
5546 14269
5547 14268
5548 14267
5549 14266
5550 14265
5551 14264
5552 14263
5553 14262
5554 14261
5555 14260
5556 14259
5557 14258
5558 14257
5559 14256
5560 14255
5561 14254
5562 14253
5563 14252
5564 14251
5565 14250
5566 14249
5567 14248
5568 14247
5569 14246
5570 14245
5571 14244
5572 14243
5573 14242
5576 14239
5577 14238
5578 14237
5579 14236
5580 14235
5581 14234
5582 14233
5583 14232
5584 14231
5585 10596
5586 10595
5587 10594
5588 10593
5589 10592
5590 10591
5591 10590
5594 10587
5595 10586
5596 10585
5597 10584
5598 14975
5599 14974
5600 14973
5601 14972
5602 14971
5603 14970
5604 14969
5605 14968
5606 14967
5607 14966
5608 14965
5609 14964
5612 14961
5613 14960
5614 14959
5615 14958
5616 14957
5617 14956
5618 14955
5619 14954
5620 14953
5621 14952
5622 14951
5623 14950
5624 14949
5625 14948
5626 14947
5627 14946
5628 14945
5629 14944
5630 14943
5631 14942
5632 14941
5633 14940
5634 14939
5635 14938
5636 14937
5637 14936
5639 14934
5640 14933
5641 14932
5642 14931
5643 14930
5644 14929
5645 14928
5646 14927
5647 14926
5648 14925
5649 14924
5650 14923
5651 14922
5652 15618
5653 15617
5654 15616
5655 15615
5656 15614
5657 15613
5658 15612
5659 15570
5661 15568
5662 15567
5663 15566
5664 15565
5665 15564
5666 15563
5667 15562
5668 15561
5669 15560
5670 15559
5671 15558
5672 15557
5673 15780
5674 15779
5675 15778
5676 15777
5677 15776
5678 15775
5679 15774
5680 15773
5681 15772
5682 15428
5683 15427
5684 15426
5685 15425
5686 15424
5687 15423
5688 15422
5689 15421
5690 15420
5691 15419
5692 15418
5693 15417
5694 15949
5695 15948
5696 15947
5697 15946
5698 15945
5699 15944
5700 15943
5701 15942
5702 15941
5703 15940
5704 15939
5705 15938
5706 15937
5707 15936
5708 15935
5710 15933
5711 15932
5712 15931
5713 15930
5714 15929
5715 15928
5716 15927
5717 15926
5718 15925
5719 15924
5720 15923
5721 15922
5722 10617
5723 10616
5724 10615
5725 10614
5726 10613
5727 10612
5728 10611
5729 10610
5730 10609
5731 10608
5732 10607
5733 10637
5734 10636
5735 10635
5736 10634
5737 10633
5738 10632
5739 10631
5740 10630
5741 10629
5742 10628
5743 10627
5744 10658
5745 10657
5746 10656
5747 10655
5748 10654
5749 10653
5750 10652
5751 10651
5752 10650
5753 10649
5754 10648
5755 16149
5756 16148
5757 16147
5758 16146
5759 16145
5760 16144
5761 16143
5762 16142
5763 16141
5764 16140
5765 16139
5766 16138
5767 16137
5768 16136
5769 16135
5770 16134
5771 16133
5772 16132
5773 16131
5774 16130
5775 16129
5776 16128
5777 16127
5778 16126
5779 16285
5780 16284
5781 16283
5782 16282
5783 16281
5784 16280
5785 16279
5786 16278
5787 16277
5788 16276
5789 16275
5790 16274
5792 16272
5793 16271
5794 16270
5795 16503
5796 16502
5797 16501
5798 16500
5799 16499
5800 16498
5801 16497
5802 16496
5803 16495
5804 16494
5805 16493
5806 16492
5807 16491
5808 16490
5809 16489
5810 16530
5811 16529
5812 16528
5813 16527
5814 16526
5815 16525
5816 16524
5817 16886
5818 16885
5819 16884
5820 16883
5821 16882
5822 16881
5823 16880
5824 16879
5825 16878
5826 16877
5827 16876
5828 16875
5829 16874
5830 16873
5831 10470
5832 10469
5833 10468
5834 10467
5835 10466
5836 10465
5837 10464
5838 10463
5839 10462
5840 10461
5841 10491
5842 10490
5843 10489
5844 10488
5845 10487
5846 10486
5847 10485
5848 10484
5849 10483
5850 10482
5851 10511
5852 10510
5853 10509
5854 10508
5855 10507
5856 10506
5857 10505
5858 10504
5859 10503
5860 10502
5861 17185
5862 17184
5863 17183
5864 17182
5865 17181
5866 17180
5867 17179
5868 17178
5869 17177
5870 17176
5871 17175
5872 17174
5873 17173
5874 17172
5875 17171
5876 17170
5877 17169
5878 17168
5879 17167
5880 17166
5881 17165
5882 17164
5883 17163
5884 17162
5885 17161
5886 17160
5887 17159
5888 17158
5889 17157
5890 10678
5891 10677
5892 10676
5893 10675
5894 10674
5895 10673
5896 10672
5897 10671
5898 10670
5899 10669
5900 10668
5901 17622
5902 17621
5903 17620
5904 17619
5905 17618
5906 17617
5907 17616
5908 17615
5909 17614
5910 17613
5911 17612
5912 17611
5913 17610
5914 17609
5915 17608
5916 17607
5917 17606
5918 17605
5919 17604
5920 17603
5921 17602
5922 17601
5923 17600
5924 17599
5925 17598
5926 17597
5927 17596
5928 17595
5929 17594
5930 17593
5931 17592
5934 17589
5935 17588
5936 17587
5937 17586
5938 17585
5939 17584
5940 17583
5941 17582
5942 17581
5943 17580
5944 17579
5945 17578
5946 17577
5947 17901
5948 17900
5949 17899
5950 17898
5951 17897
5952 17896
5953 17895
5954 17894
5955 17893
5956 17892
5957 17891
5958 17890
5959 17889
5960 17888
5961 17887
5962 17886
5963 10699
5964 10698
5965 10697
5966 10696
5967 10695
5968 10694
5969 10693
5970 10692
5971 10691
5972 10690
5973 10689
5974 10720
5975 10719
5976 10718
5977 10717
5978 10716
5979 10715
5980 10714
5981 10713
5982 10712
5983 10711
5984 10710
5985 11566
5986 11565
5987 11564
5988 11563
5989 11562
5990 11561
5991 11560
5992 11559
5993 11558
5994 11557
5995 11556
5996 11555
5997 11554
5998 11553
5999 11507
6000 11506
6001 11505
6002 11504
6003 11503
6004 11502
6005 11501
6006 11500
6007 10743
6008 10742
6009 10741
6010 10740
6011 10739
6012 10738
6013 10737
6014 10736
6015 10735
6016 10734
6017 10733
6018 10732
6019 10760
6020 10759
6021 10758
6022 10757
6023 10756
6024 10755
6025 10754
6026 10753
6027 10752
6028 10751
6029 10750
6030 10749
6031 10748
6032 10747
6033 10746
6034 10745
6037 10775
6038 10774
6039 10773
6040 10772
6041 10771
6042 10770
6043 10769
6044 10768
6045 10767
6046 10766
6047 10765
6048 10764
6049 10763
6050 10762
6051 10761
6052 10731
6053 10730
6054 10729
6055 10728
6056 10727
6057 10726
6058 10725
6059 10724
6060 10723
6061 10722
6062 10744
6063 11499
6064 11498
6065 11497
6066 11496
6067 11495
6068 11494
6069 11493
6070 11492
6071 11491
6072 11490
6073 11489
6074 11488
6075 11575
6076 11574
6077 11573
6078 11572
6079 11571
6080 11570
6081 11569
6082 11568
6083 11567
6084 10709
6085 10708
6086 10707
6087 10706
6088 10705
6089 10704
6090 10703
6091 10702
6092 10701
6093 10721
6094 10688
6095 10687
6096 10686
6097 10685
6098 10684
6099 10683
6100 10682
6101 10681
6102 10680
6103 10700
6104 17885
6105 17884
6106 17883
6107 17882
6108 17881
6109 17880
6110 17879
6111 17878
6112 17877
6113 17876
6114 17875
6115 17874
6116 17873
6117 17872
6118 17871
6119 17870
6120 17869
6121 17868
6122 17867
6123 17866
6124 17865
6125 17864
6126 17863
6127 17862
6128 17861
6129 17860
6130 17859
6131 17858
6132 17857
6133 17856
6134 17855
6135 17854
6136 17853
6137 17852
6138 17851
6139 17850
6140 17849
6141 17848
6142 17847
6143 17846
6144 17845
6145 17844
6146 17843
6147 17842
6148 17841
6149 17840
6150 17630
6151 17629
6152 17628
6153 17627
6154 17626
6155 17625
6156 17624
6157 17623
6158 10667
6159 10666
6160 10665
6161 10664
6162 10663
6163 10662
6164 10661
6165 10660
6166 10679
6167 17156
6168 17155
6169 17154
6170 17153
6171 17152
6172 17151
6173 17150
6174 17149
6175 17148
6176 17147
6177 17146
6178 17145
6179 17144
6180 17143
6181 17142
6182 16934
6183 16933
6184 16932
6185 16931
6186 16930
6187 16929
6188 16928
6189 16927
6190 16926
6191 16925
6192 16924
6193 16923
6194 16922
6195 16921
6196 16920
6197 16919
6198 16918
6199 16917
6200 16916
6201 16915
6202 16914
6203 16913
6204 16912
6205 16911
6206 16910
6207 16909
6208 16908
6209 16907
6210 16906
6211 16905
6212 16904
6213 16903
6214 16902
6215 16901
6216 16900
6217 16899
6218 16898
6219 16897
6220 16896
6221 16895
6222 16894
6223 16893
6224 16892
6225 16891
6226 16890
6227 16889
6228 16888
6229 16887
6230 16523
6231 16522
6232 16521
6233 16520
6234 16519
6235 16518
6236 16517
6237 16516
6238 16515
6239 16514
6240 16513
6241 16512
6242 16511
6243 16510
6244 16509
6245 16508
6246 16507
6247 16506
6248 16505
6249 16504
6250 16269
6251 16268
6252 16267
6253 16266
6254 16265
6255 16264
6256 16263
6257 16262
6258 16261
6259 16260
6260 16259
6261 16258
6262 16257
6263 16256
6264 16255
6265 16254
6266 10806
6267 10805
6268 10804
6269 10803
6270 10802
6271 10801
6272 10800
6273 10799
6274 10798
6275 10817
6276 16157
6277 16156
6278 16155
6279 16154
6280 16153
6281 16152
6282 16151
6283 16150
6284 10647
6285 10646
6286 10645
6287 10644
6288 10643
6289 10642
6290 10641
6291 10640
6292 10639
6293 10659
6294 10626
6295 10625
6296 10624
6297 10623
6298 10622
6299 10621
6300 10620
6301 10619
6302 10638
6303 10606
6304 10605
6305 10604
6306 10603
6307 10602
6308 10601
6309 10600
6310 10599
6311 10598
6312 10618
6313 15921
6314 15920
6315 15919
6316 15918
6317 15917
6318 15916
6319 15915
6320 15914
6321 15913
6322 15912
6323 15911
6324 15910
6325 15909
6326 15908
6327 15907
6328 15906
6329 15905
6330 15904
6331 15903
6332 15902
6333 15901
6334 15900
6335 15899
6336 15898
6337 15897
6338 15896
6339 15436
6340 15435
6341 15434
6342 15433
6343 15432
6344 15431
6345 15430
6346 15429
6347 15771
6348 15770
6349 15769
6350 15768
6351 15767
6352 15766
6353 15765
6354 15764
6355 15763
6356 15762
6357 15761
6358 15760
6359 15578
6360 15577
6361 15576
6362 15575
6363 15574
6364 15573
6365 15572
6366 15571
6367 15611
6368 15610
6369 15609
6370 15608
6371 15607
6372 15606
6373 15605
6374 15604
6375 15603
6376 15602
6377 15601
6378 15600
6379 15599
6380 15598
6381 15014
6382 15013
6383 15012
6384 15011
6385 15010
6386 15009
6387 15008
6388 15007
6389 15006
6390 15005
6391 15004
6392 15003
6393 15002
6394 15001
6395 15000
6396 14999
6397 14998
6398 14997
6399 14996
6400 14995
6401 14994
6402 14993
6403 14992
6404 14991
6405 14990
6406 14989
6407 14988
6408 14987
6409 14986
6410 14985
6411 14984
6412 14983
6413 14982
6414 14981
6415 14980
6416 14979
6417 14978
6418 14977
6419 14976
6420 10583
6421 10582
6422 10581
6423 10580
6424 10579
6425 10578
6426 10577
6427 10576
6428 10575
6429 10597
6430 14230
6431 14229
6432 14228
6433 14227
6434 14226
6435 14225
6436 14224
6437 14223
6438 14222
6439 14221
6440 14220
6441 14219
6442 14218
6443 14217
6444 14216
6445 14215
6446 14214
6447 14213
6448 14212
6449 14211
6450 14210
6451 14209
6452 14208
6453 14207
6454 14206
6455 13955
6456 13954
6457 13953
6458 13952
6459 13951
6460 13950
6461 13949
6462 13948
6463 13947
6464 13946
6465 13945
6466 13944
6467 13943
6468 13942
6469 13941
6470 13940
6471 13939
6472 13938
6473 13937
6474 13936
6475 13935
6476 13934
6477 13933
6478 13932
6479 13931
6480 13930
6481 13929
6482 13928
6483 14037
6484 14036
6485 14035
6486 14034
6487 14033
6488 14032
6489 14031
6490 14030
6491 14123
6492 14122
6493 14121
6494 14120
6495 14119
6496 14118
6497 14117
6498 14116
6499 14115
6500 13228
6501 13227
6502 13226
6503 13225
6504 13224
6505 13223
6506 13222
6507 13221
6508 13220
6509 13219
6510 13218
6511 13217
6512 13216
6513 13215
6514 13214
6515 13213
6516 13212
6517 13211
6518 13210
6519 13209
6520 13208
6521 13207
6522 13206
6523 13205
6524 13204
6525 13203
6526 13202
6527 13544
6528 13543
6529 13542
6530 13541
6531 13540
6532 13539
6533 13538
6534 13537
6535 10562
6536 10561
6537 10560
6538 10559
6539 10558
6540 10557
6541 10556
6542 10555
6543 10554
6544 10574
6545 10541
6546 10540
6547 10539
6548 10538
6549 10537
6550 10536
6551 10535
6552 10534
6553 10553
6554 13441
6555 13440
6556 13439
6557 13438
6558 13437
6559 13436
6560 13435
6561 13434
6562 13112
6563 13111
6564 13110
6565 13109
6566 13108
6567 13107
6568 13106
6569 13105
6570 13104
6571 13103
6572 13102
6573 13101
6574 13100
6575 13099
6576 13098
6577 12804
6578 12803
6579 12802
6580 12801
6581 12800
6582 12799
6583 12798
6584 12797
6585 12796
6586 12795
6587 12794
6588 12793
6589 12728
6590 12727
6591 12726
6592 12725
6593 12724
6594 12723
6595 12722
6596 12721
6597 12720
6598 12719
6599 10520
6600 10519
6601 10518
6602 10517
6603 10516
6604 10515
6605 10514
6606 10513
6607 10533
6608 12272
6609 12271
6610 12270
6611 12269
6612 12268
6613 12267
6614 12266
6615 12265
6616 12264
6617 12263
6618 12262
6619 12261
6620 12260
6621 12259
6622 12258
6623 12257
6624 12256
6625 12255
6626 12254
6627 12253
6628 12252
6629 12251
6630 12250
6631 12249
6632 12248
6633 10785
6634 10784
6635 10783
6636 10782
6637 10781
6638 10780
6639 10779
6640 10778
6641 10777
6642 10776
6643 10797
6644 11746
6645 11745
6646 11744
6647 11743
6648 11742
6649 11741
6650 11740
6651 11739
6652 11738
6653 11737
6654 11736
6655 11735
6656 11734
6657 11733
6658 11732
6659 11731
6660 11730
6661 11729
6664 11728
6665 11727
6666 11726
6667 11725
6668 11760
6669 11759
6670 11758
6671 11757
6672 11756
6673 11755
6674 11754
6675 11753
6676 11752
6677 11751
6678 11750
6679 11749
6680 11748
6681 11747
6682 10796
6683 10795
6684 10794
6685 10793
6686 10792
6687 10791
6688 10790
6689 10789
6690 10788
6691 10787
6692 10786
6693 12247
6694 12246
6695 12245
6696 12244
6697 12243
6698 12242
6699 12241
6700 12240
6701 12239
6702 12238
6703 12237
6704 12236
6705 12235
6706 12234
6707 12233
6708 12232
6709 12231
6710 12230
6711 12229
6712 12228
6713 12227
6714 12226
6715 12225
6716 12224
6717 12223
6718 12222
6719 12221
6720 12220
6721 12741
6722 12740
6723 12739
6724 12738
6725 12737
6726 12736
6727 12735
6728 12734
6729 12733
6730 12732
6731 12731
6732 12730
6733 12729
6734 12792
6735 12791
6736 12790
6737 12789
6738 12788
6739 12787
6740 12786
6741 13128
6742 13127
6743 13126
6744 13125
6745 13124
6746 13123
6747 13122
6748 13121
6749 13120
6750 13119
6751 13118
6752 13117
6753 13116
6754 13115
6755 13114
6756 13113
6757 13433
6758 13432
6759 13431
6760 13430
6761 13429
6762 13428
6763 13427
6764 13426
6765 13425
6766 13424
6767 13423
6768 13422
6769 13421
6770 13420
6771 13419
6772 13418
6773 13558
6774 13557
6775 13556
6776 13555
6777 13554
6778 13553
6779 13552
6780 13551
6781 13550
6782 13549
6783 13548
6784 13547
6785 13546
6786 13545
6787 13201
6788 13200
6789 13199
6790 13198
6791 13197
6792 13196
6793 13195
6794 13194
6795 13193
6796 13192
6797 13191
6798 13190
6799 13189
6800 13188
6801 13187
6802 14140
6803 14139
6804 14138
6805 14137
6806 14136
6807 14135
6808 14134
6809 14133
6810 14132
6811 14131
6812 14130
6813 14129
6814 14128
6815 14127
6816 14126
6817 14125
6818 14124
6819 14029
6820 14028
6821 14027
6822 14026
6823 14025
6824 14024
6825 14023
6826 14022
6827 14021
6828 14020
6829 14019
6830 14018
6831 14017
6832 14016
6833 14015
6834 14014
6835 14013
6836 14012
6837 14011
6838 13967
6839 13966
6840 13965
6841 13964
6842 13963
6843 13962
6844 13961
6845 13960
6846 13959
6847 13958
6848 13957
6849 13956
6850 14205
6851 14204
6852 14203
6853 14202
6854 14201
6855 14200
6856 14199
6857 14198
6858 11894
6859 11893
6860 11892
6861 11891
6862 11890
6863 11889
6864 11888
6865 11887
6866 11886
6867 11885
6868 11915
6869 11914
6870 11913
6871 11912
6872 11911
6873 11910
6874 11909
6875 11908
6876 11907
6877 11906
6878 14583
6879 14582
6880 14581
6881 14580
6882 14579
6883 14578
6884 14577
6885 14576
6886 14575
6887 14574
6888 14573
6889 14572
6890 14571
6891 14570
6892 14569
6893 14568
6894 14567
6895 14566
6896 14565
6897 14564
6898 15030
6899 15029
6900 15028
6901 15027
6902 15026
6903 15025
6904 15024
6905 15023
6906 15022
6907 15021
6908 15020
6909 15019
6910 15018
6911 15017
6912 15016
6913 15015
6914 15597
6915 15596
6916 15595
6917 15594
6918 15593
6919 15592
6920 15591
6921 15590
6922 15589
6923 15588
6924 15587
6925 15586
6926 15585
6927 15584
6928 15583
6929 15582
6930 15581
6931 15580
6932 15579
6933 15759
6934 15758
6935 15757
6936 15756
6937 15755
6938 15754
6939 15753
6940 15752
6941 15751
6942 15445
6943 15444
6944 15443
6945 15442
6946 15441
6947 15440
6948 15439
6949 15438
6950 15437
6951 15895
6952 15894
6953 15893
6954 15892
6955 15891
6956 15890
6957 15889
6958 15888
6959 15887
6960 15886
6961 15885
6962 15884
6963 11955
6964 11954
6965 11953
6966 11952
6967 11951
6968 11950
6969 11949
6970 11948
6971 11947
6972 11946
6973 11978
6974 11977
6975 11976
6976 11975
6977 11974
6978 11973
6979 11972
6980 11971
6981 11970
6982 11969
6983 11968
6984 11998
6985 11997
6986 11996
6987 11995
6988 11994
6989 11993
6990 11992
6991 11991
6992 11990
6993 11989
6994 16171
6995 16170
6996 16169
6997 16168
6998 16167
6999 16166
7000 16165
7001 16164
7002 16163
7003 16162
7004 16161
7005 16160
7006 16159
7007 16158
7008 10816
7009 10815
7010 10814
7011 10813
7012 10812
7013 10811
7014 10810
7015 10809
7016 10808
7017 10807
7018 16253
7019 16252
7020 16251
7021 16250
7022 16249
7023 16248
7024 16247
7025 12019
7026 12018
7027 12017
7028 12016
7029 12015
7030 12014
7031 12013
7032 12012
7033 12011
7034 12010
7035 16992
7036 16991
7037 16990
7038 16989
7039 16988
7040 16987
7041 16986
7042 16985
7043 16984
7044 16983
7045 16982
7046 16981
7047 16980
7048 16979
7049 16978
7050 16977
7051 16976
7052 16975
7053 16974
7054 16973
7055 16972
7056 16971
7057 16970
7058 16969
7059 16968
7060 16967
7061 16966
7062 16965
7063 16964
7064 16963
7065 16962
7066 16961
7067 16960
7068 16959
7069 16958
7070 16957
7071 16956
7072 16955
7073 16954
7074 16953
7075 16952
7076 16951
7077 16950
7078 16949
7079 16948
7080 16947
7081 16946
7082 16945
7083 16944
7084 16943
7085 16942
7086 16941
7087 16940
7088 16939
7089 16938
7090 16937
7091 16936
7092 16935
7093 17141
7094 17140
7095 17139
7096 17138
7097 17137
7098 17136
7099 17135
7100 17134
7101 17133
7102 17132
7103 17131
7104 17130
7105 17129
7106 17128
7107 17127
7108 17126
7109 17125
7110 17643
7111 17642
7112 17641
7113 17640
7114 17639
7115 17638
7116 17637
7117 17636
7118 17635
7119 17634
7120 17633
7121 17632
7122 17631
7123 17839
7124 17838
7125 17837
7126 17836
7127 17835
7128 17834
7129 17833
7130 17832
7131 17831
7132 17830
7133 17829
7134 17828
7135 17827
7136 17826
7137 17825
7138 17824
7139 17823
7140 12042
7141 12041
7142 12040
7143 12039
7144 12038
7145 12037
7146 12036
7147 12035
7148 12034
7149 12033
7150 12032
7151 17359
7152 17358
7153 17357
7154 17356
7155 17355
7156 17354
7157 17353
7158 17352
7159 17351
7160 17350
7161 17349
7162 17348
7163 17347
7164 17346
7165 17345
7166 17344
7167 17343
7168 17342
7169 17341
7170 17340
7171 17339
7172 11597
7173 11596
7174 11595
7175 11594
7176 11593
7177 11592
7178 11591
7179 11590
7180 11589
7181 11588
7182 11587
7183 11586
7184 11585
7185 11584
7186 11583
7187 11582
7188 11581
7189 11580
7190 11579
7191 11578
7192 11577
7193 11576
7194 11487
7195 11486
7196 11485
7197 11484
7198 11483
7199 11482
7200 11481
7201 11480
7202 11479
7203 11478
7204 11477
7205 11476
7206 11475
7207 11474
7208 11473
7209 11472
7210 11471
7211 11470
7212 11469
7213 11468
7214 11467
7215 11466
7216 11465
7217 11464
7218 11463
7219 11462
7220 11461
7221 12051
7222 12050
7223 12049
7224 12048
7225 12047
7226 12046
7227 12045
7228 12044
7231 12059
7232 12058
7233 12057
7234 12056
7235 12055
7236 12054
7237 12053
7238 12052
7239 11460
7240 11459
7241 11458
7242 11457
7243 11456
7244 11455
7245 11454
7246 11453
7247 11452
7248 11451
7249 11450
7250 11638
7251 11637
7252 11636
7253 11635
7254 11634
7255 11633
7256 11632
7257 11631
7258 11630
7259 11629
7260 11628
7261 11627
7262 11626
7263 11625
7264 11624
7265 11623
7266 11622
7267 11621
7268 11620
7269 11619
7270 11618
7271 11617
7272 11616
7273 11615
7274 11614
7275 11613
7276 11612
7277 11611
7278 11610
7279 11609
7280 11608
7281 11607
7282 11606
7283 11605
7284 11604
7285 11603
7286 11602
7287 11601
7288 11600
7289 11599
7290 11598
7291 17338
7292 17337
7293 17336
7294 17335
7295 17334
7296 17333
7297 17332
7298 17373
7299 17372
7300 17371
7301 17370
7302 17369
7303 17368
7304 17367
7305 17366
7306 17365
7307 17364
7308 17363
7309 17362
7310 17361
7311 17360
7312 12031
7313 12030
7314 12029
7315 12028
7316 12027
7317 12026
7318 12025
7319 12024
7320 12023
7321 12022
7322 12021
7323 12043
7324 17822
7325 17821
7326 17820
7327 17819
7328 17818
7329 17817
7330 17816
7331 17815
7332 17814
7333 17813
7334 17812
7335 17811
7336 17810
7337 17809
7338 17808
7339 17807
7340 17806
7341 17658
7342 17657
7343 17656
7344 17655
7345 17654
7346 17653
7347 17652
7348 17651
7349 17650
7350 17649
7351 17648
7352 17647
7353 17646
7354 17645
7355 17644
7356 17124
7357 17123
7358 17122
7359 17121
7360 17120
7361 17119
7362 17118
7363 17331
7364 17066
7365 17065
7366 17064
7367 17063
7368 17062
7369 17061
7370 17060
7371 17059
7372 17058
7373 17057
7374 17056
7375 17055
7376 17054
7377 17053
7378 17052
7379 17051
7380 17050
7381 17049
7382 17048
7383 17047
7384 17046
7385 17045
7386 17044
7387 17043
7388 17042
7389 17041
7390 17040
7391 17039
7392 17038
7393 17037
7394 17036
7395 17035
7396 17034
7397 17033
7398 17032
7399 17031
7400 17030
7401 17029
7402 17028
7403 17027
7404 17026
7405 17025
7406 17024
7407 17023
7408 17022
7409 17021
7410 17020
7411 17019
7412 17018
7413 17017
7414 17016
7415 17015
7416 17014
7417 17013
7418 17012
7419 17011
7420 17010
7421 17009
7422 17008
7423 17007
7424 17006
7425 17005
7426 17004
7427 17003
7428 17002
7429 17001
7430 17000
7431 16999
7432 16998
7433 16997
7434 16996
7435 16995
7436 16994
7437 16993
7438 12009
7439 12008
7440 12007
7441 12006
7442 12005
7443 12004
7444 12003
7445 12002
7446 12001
7447 12000
7448 12020
7449 16246
7450 16245
7451 16244
7452 16243
7453 16242
7454 16241
7455 16240
7456 16239
7457 16238
7458 16237
7459 16236
7460 16235
7461 16234
7462 16233
7463 16232
7464 16231
7465 16230
7466 16229
7467 16228
7468 16185
7469 16184
7470 16183
7471 16182
7472 16181
7473 16180
7474 16179
7475 16178
7476 16177
7477 16176
7478 16175
7479 16174
7480 16173
7481 16172
7482 11988
7483 11987
7484 11986
7485 11985
7486 11984
7487 11983
7488 11982
7489 11981
7490 11980
7491 11999
7492 11967
7493 11966
7494 11965
7495 11964
7496 11963
7497 11962
7498 11961
7499 11960
7500 11959
7501 11958
7502 11957
7503 11979
7504 11945
7505 11944
7506 11943
7507 11942
7508 11941
7509 11940
7510 11939
7511 11938
7512 11937
7513 11936
7514 11956
7515 15883
7516 15882
7517 15881
7518 15880
7519 15879
7520 15878
7521 15877
7522 15876
7523 15875
7524 15874
7525 15873
7526 15872
7527 15871
7528 15870
7529 15454
7530 15453
7531 15452
7532 15451
7533 15450
7534 15449
7535 15448
7536 15447
7537 15446
7538 15750
7539 15749
7540 15748
7541 15747
7542 15746
7543 15745
7544 15744
7545 15743
7546 15742
7547 15741
7548 15740
7549 15739
7550 15738
7551 15737
7552 11925
7553 11924
7554 11923
7555 11922
7556 11921
7557 11920
7558 11919
7559 11918
7560 11917
7561 11935
7562 15054
7563 15053
7564 15052
7565 15051
7566 15050
7567 15049
7568 15048
7569 15047
7570 15046
7571 15045
7572 15044
7573 15043
7574 15042
7575 15041
7576 15040
7577 15039
7578 15038
7579 15037
7580 15036
7581 15035
7582 15034
7583 15033
7584 15032
7585 15031
7586 14563
7587 14562
7588 14561
7589 14560
7590 14559
7591 14558
7592 14557
7593 14556
7594 14555
7595 14554
7596 14553
7597 14552
7598 14592
7599 14591
7600 14590
7601 14589
7602 14588
7603 14587
7604 14586
7605 14585
7606 14584
7607 11905
7608 11904
7609 11903
7610 11902
7611 11901
7612 11900
7613 11899
7614 11898
7615 11897
7616 11896
7617 11916
7618 11884
7619 11883
7620 11882
7621 11881
7622 11880
7623 11879
7624 11878
7625 11877
7626 11876
7627 11895
7628 14197
7629 14196
7630 14195
7631 14194
7632 14193
7633 14192
7634 14191
7635 14398
7636 13981
7637 13980
7638 13979
7639 13978
7640 13977
7641 13976
7642 13975
7643 13974
7644 13973
7645 13972
7646 13971
7647 13970
7648 13969
7649 13968
7650 14010
7651 14009
7652 14008
7653 14007
7654 14006
7655 14005
7656 14004
7657 14003
7658 14002
7659 14171
7660 14170
7661 14169
7662 14168
7663 14167
7664 14166
7665 14165
7666 14164
7667 14163
7668 14162
7669 14161
7670 14160
7671 14159
7672 14158
7673 14157
7674 14156
7675 14155
7676 14154
7677 14153
7678 14152
7679 14151
7680 14150
7681 14149
7682 14148
7683 14147
7684 14146
7685 14145
7686 14144
7687 14143
7688 14142
7689 14141
7690 13186
7691 13185
7692 13184
7693 13183
7694 13182
7695 13181
7696 13180
7697 13790
7698 11864
7699 11863
7700 11862
7701 11861
7702 11860
7703 11859
7704 11858
7705 11857
7706 11856
7707 11855
7708 11875
7709 13572
7710 13571
7711 13570
7712 13569
7713 13568
7714 13567
7715 13566
7716 13565
7717 13564
7718 13563
7719 13562
7720 13561
7721 13560
7722 13559
7723 13417
7724 13416
7725 13415
7726 13414
7727 13413
7728 13412
7729 13411
7730 13410
7731 13409
7732 13408
7733 13157
7734 13156
7735 13155
7736 13154
7737 13153
7738 13152
7739 13151
7740 13150
7741 13149
7742 13148
7743 13147
7744 13146
7745 13145
7746 13144
7747 13143
7748 13142
7749 13141
7750 13140
7751 13139
7752 13138
7753 13137
7754 13136
7755 13135
7756 13134
7757 13133
7758 13132
7759 13131
7760 13130
7761 13129
7762 12785
7763 12784
7764 12783
7765 12782
7766 12781
7767 12780
7768 12779
7769 12778
7770 12777
7771 12961
7772 12755
7773 12754
7774 12753
7775 12752
7776 12751
7777 12750
7778 12749
7779 12748
7780 12747
7781 12746
7782 12745
7783 12744
7784 12743
7785 12742
7786 12219
7787 12218
7788 12217
7789 12216
7790 12215
7791 12214
7792 12613
7793 11843
7794 11842
7795 11841
7796 11840
7797 11839
7798 11838
7799 11837
7800 11836
7801 11835
7802 11834
7803 11854
7804 11822
7805 11821
7806 11820
7807 11819
7808 11818
7809 11817
7810 11816
7811 11815
7812 11814
7813 11833
7814 9177
7815 9176
7816 9175
7817 9174
7818 9173
7819 9172
7820 9171
7821 9170
7822 9169
7823 9168
7824 9167
7825 9166
7826 9165
7827 9164
7828 9163
7829 9162
7830 9161
7831 9160
7832 9159
7833 9158
7834 9157
7835 11801
7836 11800
7837 11799
7838 11798
7839 11797
7840 11796
7841 11795
7842 11794
7843 11793
7844 11792
7845 11813
7846 11773
7847 11772
7848 11771
7849 11770
7850 11769
7851 11768
7852 11767
7853 11766
7854 11765
7855 11764
7856 11763
7857 11762
7858 11761
7859 11724
7860 11723
7861 11722
7862 11721
7863 11720
7866 11791
7867 11790
7868 11789
7869 11788
7870 11787
7871 11786
7872 11785
7873 11784
7874 11783
7875 11782
7876 11781
7877 11780
7878 11779
7879 11778
7880 11777
7881 11776
7882 11775
7883 11774
7884 11812
7885 11811
7886 11810
7887 11809
7888 11808
7889 11807
7890 11806
7891 11805
7892 11804
7893 11803
7894 11802
7895 9156
7896 9155
7897 9154
7898 9153
7899 9152
7900 9151
7901 9150
7902 9149
7903 9190
7904 9189
7905 9188
7906 9187
7907 9186
7908 9185
7909 9184
7910 9183
7911 9182
7912 9181
7913 9180
7914 9179
7915 9178
7916 11832
7917 11831
7918 11830
7919 11829
7920 11828
7921 11827
7922 11826
7923 11825
7924 11824
7925 11823
7926 11853
7927 11852
7928 11851
7929 11850
7930 11849
7931 11848
7932 11847
7933 11846
7934 11845
7935 11844
7936 12612
7937 12611
7938 12610
7939 12609
7940 12608
7941 12607
7942 12606
7943 12605
7944 12767
7945 12766
7946 12765
7947 12764
7948 12763
7949 12762
7950 12761
7951 12760
7952 12759
7953 12758
7954 12757
7955 12756
7956 12960
7957 12959
7958 12958
7959 12957
7960 12956
7961 12955
7962 12954
7963 12953
7964 12952
7965 12951
7966 12950
7967 12949
7968 12948
7969 12947
7970 12946
7971 12945
7972 12944
7973 12943
7974 12942
7975 12941
7976 12940
7977 12939
7978 13170
7979 13169
7980 13168
7981 13167
7982 13166
7983 13165
7984 13164
7985 13163
7986 13162
7987 13161
7988 13160
7989 13159
7990 13158
7991 13407
7992 13406
7993 13405
7994 13404
7995 13403
7996 13402
7997 13586
7998 13585
7999 13584
8000 13583
8001 13582
8002 13581
8003 13580
8004 13579
8005 13578
8006 13577
8007 13576
8008 13575
8009 13574
8010 13573
8011 11874
8012 11873
8013 11872
8014 11871
8015 11870
8016 11869
8017 11868
8018 11867
8019 11866
8020 11865
8021 13789
8022 13788
8023 13787
8024 13786
8025 13785
8026 13784
8027 13783
8028 13782
8029 13781
8030 13780
8031 13779
8032 13778
8033 13777
8034 13776
8035 13775
8036 13774
8037 13773
8038 13772
8039 13771
8040 13770
8041 13769
8042 14182
8043 14181
8044 14180
8045 14179
8046 14178
8047 14177
8048 14176
8049 14175
8050 14174
8051 14173
8052 14172
8053 14001
8054 14000
8055 13999
8056 13998
8057 13997
8058 13996
8059 13995
8060 13994
8061 13993
8062 13992
8063 13991
8064 13990
8065 13989
8066 13988
8067 13987
8068 13986
8069 13985
8070 13984
8071 13983
8072 13982
8073 14397
8074 14396
8075 14395
8076 14394
8077 14393
8078 14392
8079 14391
8080 14390
8081 14389
8082 14388
8083 14387
8084 14386
8085 14385
8086 14384
8087 14383
8088 14382
8089 14381
8090 14380
8091 14606
8092 14605
8093 14604
8094 14603
8095 14602
8096 14601
8097 14600
8098 14599
8099 14598
8100 14597
8101 14596
8102 14595
8103 14594
8104 14593
8105 14551
8106 14550
8107 14549
8108 14548
8109 14547
8110 14546
8111 14545
8112 14544
8113 14543
8114 14542
8115 14541
8116 14540
8117 14539
8118 14538
8119 14537
8120 14536
8121 15070
8122 15069
8123 15068
8124 15067
8125 15066
8126 15065
8127 15064
8128 15063
8129 15062
8130 15061
8131 15060
8132 15059
8133 15058
8134 15057
8135 15056
8136 15055
8137 11934
8138 11933
8139 11932
8140 11931
8141 11930
8142 11929
8143 11928
8144 11927
8145 11926
8146 15736
8147 15735
8148 15734
8149 15733
8150 15732
8151 15731
8152 15730
8153 15729
8154 15728
8155 15465
8156 15464
8157 15463
8158 15462
8159 15461
8160 15460
8161 15459
8162 15458
8163 15457
8164 15456
8165 15455
8166 15869
8167 15868
8168 15867
8169 15866
8170 15865
8171 15864
8172 15863
8173 15862
8174 15861
8175 15860
8176 15165
8177 15164
8178 15163
8179 15162
8180 15161
8181 15160
8182 15159
8183 15158
8184 15157
8185 15156
8186 15155
8187 15154
8188 15153
8189 15152
8190 15151
8191 15150
8192 15149
8193 15148
8194 15147
8195 15146
8196 15145
8197 15185
8198 15184
8199 15183
8200 15182
8201 15181
8202 15180
8203 15179
8204 15178
8205 15177
8206 15176
8207 16198
8208 16197
8209 16196
8210 16195
8211 16194
8212 16193
8213 16192
8214 16191
8215 16190
8216 16189
8217 16188
8218 16187
8219 16186
8220 16227
8221 16226
8222 16225
8223 16224
8224 16223
8225 16222
8226 16221
8227 16412
8228 16411
8229 16410
8230 16409
8231 16408
8232 16407
8233 16406
8234 16405
8235 16404
8236 16403
8237 16402
8238 16401
8239 16400
8240 16399
8241 16398
8242 16397
8243 16396
8244 16395
8245 16394
8246 16393
8247 16392
8248 16685
8249 16684
8250 16683
8251 16682
8252 16681
8253 16680
8254 16679
8255 16678
8256 16677
8257 16676
8258 16675
8259 16674
8260 16673
8261 16672
8262 16671
8263 16670
8264 16669
8265 16668
8266 16667
8267 16666
8268 16665
8269 16664
8270 16663
8271 16662
8272 16661
8273 16660
8274 16659
8275 16658
8276 16657
8277 16656
8278 16655
8279 17102
8280 17101
8281 17100
8282 17099
8283 17098
8284 17097
8285 17096
8286 17095
8287 17094
8288 17093
8289 17092
8290 17091
8291 17090
8292 17089
8293 17088
8294 17087
8295 17086
8296 17085
8297 17084
8298 17083
8299 17082
8300 17081
8301 17080
8302 17079
8303 17078
8304 17077
8305 17076
8306 17075
8307 17074
8308 17073
8309 17072
8310 17071
8311 17070
8312 17069
8313 17068
8314 17067
8315 17330
8316 17329
8317 17328
8318 17327
8319 17326
8320 17325
8321 17324
8322 17672
8323 17671
8324 17670
8325 17669
8326 17668
8327 17667
8328 17666
8329 17665
8330 17664
8331 17663
8332 17662
8333 17661
8334 17660
8335 17659
8336 17805
8337 17804
8338 17803
8339 17802
8340 17801
8341 17800
8342 17799
8343 17798
8344 17797
8345 17796
8346 17795
8347 17794
8348 17793
8349 17792
8350 17791
8351 17790
8352 17789
8353 17788
8354 17787
8355 17786
8356 17785
8357 17784
8358 17783
8359 17782
8360 17781
8361 17780
8362 17386
8363 17385
8364 17384
8365 17383
8366 17382
8367 17381
8368 17380
8369 17379
8370 17378
8371 17377
8372 17376
8373 17375
8374 17374
8375 18145
8376 18144
8377 18143
8378 18142
8379 18141
8380 18140
8381 18139
8382 18138
8383 18137
8384 18136
8385 18135
8386 18134
8387 18133
8388 18132
8389 18131
8390 18130
8391 18129
8392 18128
8393 18127
8394 18126
8395 18125
8396 18124
8397 18123
8398 18122
8399 18121
8400 18120
8401 18119
8402 11656
8403 11655
8404 11654
8405 11653
8406 11652
8407 11651
8408 11650
8409 11649
8410 11648
8411 11647
8412 11646
8413 11645
8414 11644
8415 11643
8416 11642
8417 11641
8418 11640
8419 11639
8420 11449
8421 11448
8422 11447
8423 11446
8424 11445
8425 11444
8426 11443
8427 11442
8428 11441
8429 11440
8430 11439
8431 11438
8432 11437
8433 11436
8434 11435
8435 11434
8436 11433
8437 11432
8438 11431
8441 12213
8442 12212
8443 12211
8444 12210
8445 12209
8446 12208
8447 12207
8448 12206
8449 12205
8450 12204
8451 11685
8452 11684
8453 11683
8454 11682
8455 11681
8456 11680
8457 11679
8458 11678
8459 11677
8460 11676
8461 11675
8462 11674
8463 11673
8464 11672
8465 11671
8466 11670
8467 11669
8468 11668
8469 11667
8470 11666
8471 11665
8472 11664
8473 11663
8474 11662
8475 11661
8476 11660
8477 11659
8478 11658
8479 11657
8480 18118
8481 18117
8482 18116
8483 18115
8484 18114
8485 18113
8486 18112
8487 18111
8488 18110
8489 18109
8490 18108
8491 18107
8492 18106
8493 18105
8494 18104
8495 12181
8496 12180
8497 12179
8498 12178
8499 12177
8500 12176
8501 12175
8502 12174
8503 12173
8504 12193
8505 17403
8506 17402
8507 17401
8508 17400
8509 17399
8510 17398
8511 17397
8512 17396
8513 17395
8514 17394
8515 17393
8516 17392
8517 17391
8518 17390
8519 17389
8520 17388
8521 17387
8522 17779
8523 17778
8524 17777
8525 17776
8526 17775
8527 17774
8528 17773
8529 17772
8530 17771
8531 17770
8532 17769
8533 17768
8534 17767
8535 17766
8536 12161
8537 12160
8538 12159
8539 12158
8540 12157
8541 12156
8542 12155
8543 12172
8544 17693
8545 17692
8546 17691
8547 17690
8548 17689
8549 17688
8550 17687
8551 17686
8552 17685
8553 17684
8554 17683
8555 17682
8556 17681
8557 17680
8558 17679
8559 17678
8560 17677
8561 17676
8562 17675
8563 17674
8564 17673
8565 17323
8566 17322
8567 17321
8568 17320
8569 17319
8570 17318
8571 17317
8572 17316
8573 17315
8574 17314
8575 17313
8576 17312
8577 17311
8578 17310
8579 17309
8580 17308
8581 17307
8582 17306
8583 17305
8584 17304
8585 17303
8586 17302
8587 17301
8588 17300
8589 17299
8590 17298
8591 17297
8592 17296
8593 17295
8594 17294
8595 17293
8596 17292
8597 17291
8598 17290
8599 17116
8600 17115
8601 17114
8602 17113
8603 17112
8604 17111
8605 17110
8606 17109
8607 17108
8608 17107
8609 17106
8610 17105
8611 17104
8612 17103
8613 16654
8614 16653
8615 16652
8616 16651
8617 16650
8618 16649
8619 16648
8620 16647
8621 16646
8622 16645
8623 16644
8624 16643
8625 16642
8626 16641
8627 16640
8628 16639
8629 16638
8630 16637
8631 16428
8632 16427
8633 16426
8634 16425
8635 16424
8636 16423
8637 16422
8638 16421
8639 16420
8640 16419
8641 16418
8642 16417
8643 16416
8644 16415
8645 16414
8646 16686
8647 16391
8648 16390
8649 16389
8650 16388
8651 16387
8652 16386
8653 16385
8654 16384
8655 16383
8656 16382
8657 16381
8658 16380
8659 16379
8660 16378
8661 16377
8662 15192
8663 15191
8664 15190
8665 15189
8666 15188
8667 15187
8668 16413
8669 16220
8670 16219
8671 16218
8672 16217
8673 16216
8674 16215
8675 16214
8676 16213
8677 16212
8678 16211
8679 16210
8680 16209
8681 16208
8682 16207
8683 16206
8684 16205
8685 16204
8686 16203
8687 16202
8688 16201
8689 16200
8690 16199
8691 15175
8692 15174
8693 15173
8694 15172
8695 15171
8696 15170
8697 15169
8698 15168
8699 15167
8700 15186
8701 15144
8702 15143
8703 15142
8704 15141
8705 15140
8706 15139
8707 15138
8708 15137
8709 15136
8710 15135
8711 15134
8712 15133
8713 15132
8714 15131
8715 15086
8716 15085
8717 15084
8718 15083
8719 15082
8720 15081
8721 15080
8722 15079
8723 15166
8724 15859
8725 15858
8726 15857
8727 15856
8728 15855
8729 15854
8730 15853
8731 15852
8732 15851
8733 15478
8734 15477
8735 15476
8736 15475
8737 15474
8738 15473
8739 15472
8740 15471
8741 15470
8742 15469
8743 15468
8744 15467
8745 15466
8746 15727
8747 15726
8748 15725
8749 15724
8750 15723
8751 15722
8752 15721
8753 15720
8754 15719
8755 15718
8756 15717
8757 15716
8758 15715
8759 15714
8760 15713
8761 15712
8762 15711
8763 15710
8764 15709
8765 15708
8766 15707
8767 12142
8768 12141
8769 12140
8770 12139
8771 12138
8772 12137
8773 12136
8774 12135
8775 12134
8776 12154
8777 15077
8778 15076
8779 15075
8780 15074
8781 15073
8782 15072
8783 15071
8784 14535
8785 14534
8786 14533
8787 14532
8788 14531
8789 14530
8790 14529
8791 14528
8792 14527
8793 14526
8794 14525
8795 14524
8796 14523
8797 14522
8798 14521
8799 14623
8800 14622
8801 14621
8802 14620
8803 14619
8804 14618
8805 14617
8806 14616
8807 14615
8808 14614
8809 14613
8810 14612
8811 14611
8812 14610
8813 14609
8814 14608
8815 14607
8816 14379
8817 14378
8818 14377
8819 14376
8820 14375
8821 14374
8822 14373
8823 14372
8824 14371
8825 14370
8826 14369
8827 14368
8828 14367
8829 12122
8830 12121
8831 12120
8832 12119
8833 12118
8834 12117
8835 12116
8836 12133
8837 12094
8838 12093
8839 12092
8840 12091
8841 12090
8842 12089
8843 12088
8844 12087
8845 12086
8846 12085
8847 12084
8848 12083
8849 12082
8850 12081
8851 12115
8852 12068
8853 12067
8854 12066
8855 12065
8856 12064
8857 12063
8858 12062
8859 12061
8860 12060
8861 12080
8862 14189
8863 14188
8864 14187
8865 14186
8866 14185
8867 14184
8868 14183
8869 13768
8870 13767
8871 13766
8872 13765
8873 13764
8874 13763
8875 13762
8876 13761
8877 13760
8878 13759
8879 13671
8880 13670
8881 13669
8882 13668
8883 13667
8884 13666
8885 13665
8886 13664
8887 13663
8888 13662
8889 13661
8890 13660
8891 13659
8892 13658
8893 13657
8894 13656
8895 13655
8896 13654
8897 13653
8898 13652
8899 13651
8900 13650
8901 13649
8902 13648
8903 13604
8904 13603
8905 13602
8906 13601
8907 13600
8908 13599
8909 13598
8910 13597
8911 13596
8912 13595
8913 13594
8914 13593
8915 13592
8916 13591
8917 13590
8918 13589
8919 13588
8920 13587
8921 13401
8922 13400
8923 13399
8924 13398
8925 13397
8926 13396
8927 13395
8928 13394
8929 13393
8930 13392
8931 13391
8932 13390
8933 13389
8934 13388
8935 13178
8936 13177
8937 13176
8938 13175
8939 13174
8940 13173
8941 13172
8942 13171
8943 12938
8944 12937
8945 12936
8946 12935
8947 12934
8948 12933
8949 12932
8950 12931
8951 12930
8952 12929
8953 12928
8954 12927
8955 12926
8956 12925
8957 12924
8958 12923
8959 12922
8960 12921
8961 12920
8962 12919
8963 12918
8964 12917
8965 12916
8966 12915
8967 12914
8968 12913
8969 12912
8970 12911
8971 12910
8972 12909
8973 12908
8974 12907
8975 12906
8976 12905
8977 12775
8978 12774
8979 12773
8980 12772
8981 12771
8982 12770
8983 12769
8984 12768
8985 12604
8986 12603
8987 12602
8988 12601
8989 12600
8990 12599
8991 12598
8992 12597
8993 12596
8994 12595
8995 12594
8996 12593
8997 12592
8998 12591
8999 12590
9000 12589
9001 12588
9002 12587
9003 12586
9004 12585
9005 12584
9006 12583
9007 12582
9008 12581
9009 12436
9010 12435
9011 12434
9012 12433
9013 12432
9014 12431
9015 12430
9016 12429
9017 12428
9018 12427
9019 12426
9020 12425
9021 12424
9022 12423
9023 12422
9024 12421
9025 12420
9026 12419
9027 12418
9028 12417
9029 9198
9030 9197
9031 9196
9032 9195
9033 9194
9034 9193
9035 9192
9036 9191
9037 9148
9038 9147
9039 9146
9040 9145
9041 9144
9042 9143
9043 9142
9044 9141
9045 9140
9046 9139
9047 9138
9048 9137
9049 9136
9050 9135
9051 9134
9052 9133
9053 9132
9054 9131
9055 9130
9056 9129
9057 9128
9058 9127
9059 9126
9060 9125
9061 9124
9062 9123
9063 9122
9064 9121
9065 9120
9066 9119
9067 9118
9068 9117
9069 9116
9070 9115
9071 9114
9072 9113
9073 9112
9074 9111
9075 9110
9076 9109
9077 9108
9078 9107
9079 9106
9080 9105
9081 9104
9082 9103
