0 7797
1 7796
2 7795
3 7794
4 7793
5 7792
6 7791
7 7790
8 7789
9 7788
10 7787
13 7784
14 7783
15 7782
16 7781
17 7780
18 7164
19 7163
20 7162
21 7161
22 7160
23 7159
24 7158
25 7157
26 7156
27 8087
28 8086
29 8085
30 8084
31 8083
32 8082
33 8081
34 8080
35 8079
36 8098
37 8068
38 8067
39 8066
40 8065
41 8064
42 8063
43 8062
46 8059
47 8078
48 8047
49 8046
50 8045
51 8044
52 8043
53 8042
54 8041
55 8040
56 8039
57 8038
58 8058
59 12723
60 12722
61 12721
62 12720
63 12719
65 12717
66 12716
67 12715
68 12714
69 12713
70 12712
71 12711
72 12710
73 12709
74 12708
75 12707
76 12706
77 12705
78 12704
79 12703
80 12702
81 12701
82 12700
83 12699
84 12698
85 12697
88 12694
89 12693
90 12692
91 12691
92 12690
93 12689
94 12688
95 12687
96 12686
97 12685
98 12684
99 12683
100 12682
101 12681
102 12680
103 12679
104 7750
105 7749
107 7747
108 7746
109 7745
110 7744
111 7743
112 7742
113 7761
114 12276
115 12275
116 12274
117 12273
118 12272
119 12271
120 12496
121 8026
122 8025
123 8024
124 8023
125 8022
126 8021
127 8020
128 8019
130 8017
131 8037
132 8005
133 8004
134 8003
135 8002
136 8001
137 8000
138 7999
139 7998
140 7997
141 7996
142 8016
143 12241
144 12240
145 12239
146 12238
147 12237
150 12234
151 12233
152 12232
153 12231
154 12230
155 12229
156 12228
157 12227
158 12226
159 12225
160 12224
161 12223
162 12222
163 12221
164 11940
165 11939
166 11938
167 11937
168 11936
169 11935
170 11934
171 11933
172 11932
173 11931
174 12161
176 12019
177 12018
178 12017
179 12016
180 12015
181 12014
182 12013
183 12012
184 12011
185 12010
186 12009
187 12008
188 11842
189 11841
190 11840
191 11839
194 11836
195 11835
196 11834
197 11833
198 11832
199 11831
200 11830
201 11829
202 11828
203 11827
204 11930
205 11725
206 11724
207 11723
208 11722
209 11721
210 11720
211 11719
212 11718
213 11717
214 11716
215 11715
216 11714
217 11713
218 11712
219 11752
220 11751
223 11748
224 11747
225 11746
226 11745
227 11787
228 11786
229 11785
230 11784
231 11783
232 11782
233 11781
234 11780
235 11779
238 11776
239 11775
240 11383
241 11382
242 11381
243 11380
244 11379
245 11378
246 11377
247 11376
248 11375
249 11374
250 11373
251 11372
252 11371
253 11370
254 11369
256 11367
257 11366
258 11365
259 11364
260 11363
261 11362
262 11361
263 11360
264 11359
265 11358
266 11357
267 11356
269 11354
270 11353
271 11352
272 11351
273 11350
274 11349
275 11348
276 11347
277 11346
278 11641
279 11320
280 11319
283 11316
284 11315
285 11314
286 11313
287 11312
288 11311
289 11310
290 11309
291 11308
292 11307
293 11306
294 11305
295 11304
296 11303
297 11302
298 11301
299 11300
300 11299
301 7985
302 7984
303 7983
304 7982
305 7981
308 7978
309 7977
310 7995
311 10973
312 10972
313 10971
314 10970
315 10969
316 10968
319 10965
320 10964
321 10963
322 10962
323 10961
324 10960
325 10959
326 10958
329 10955
330 10954
331 10953
332 10952
333 10951
334 10950
335 10949
336 11011
337 11010
338 11009
339 11008
340 11007
341 11006
342 11005
343 11004
346 11110
347 11109
348 11108
349 11107
350 11106
351 11105
352 11104
353 11103
355 11101
356 11100
357 11099
358 11098
359 11097
360 11096
361 11095
362 11094
365 11091
366 10748
367 10747
368 10746
369 10745
370 10744
371 10743
374 10740
375 10739
376 10738
377 10737
378 10736
379 10735
380 10734
381 10733
382 10732
383 10865
386 7965
387 7963
388 7962
389 7961
390 7960
391 7959
394 7976
395 10639
396 10638
397 10637
398 10636
399 10635
400 10634
403 10631
404 10630
405 10629
406 10628
407 10627
408 10663
409 10662
410 10660
411 10660
412 10659
413 10658
414 10657
415 10698
416 10697
417 10696
420 10693
421 10692
422 10691
423 10690
424 10689
425 10688
426 10687
427 10686
428 10685
429 7729
430 7728
431 7727
434 7724
435 7723
436 7722
437 7721
438 7741
439 10275
442 10272
443 10271
444 10270
445 10269
446 10268
447 10267
450 10264
451 10263
452 10262
453 10261
454 10260
455 10259
458 10116
459 10115
460 10114
461 10113
462 10112
463 10111
464 10110
465 10109
466 10108
467 10107
468 10106
469 10105
470 10104
471 10143
472 10142
473 10141
475 10139
476 10138
477 10137
478 10136
479 10177
480 10176
481 10175
482 10174
483 10173
484 10172
485 10171
486 10170
487 10169
489 10167
490 10166
491 10165
492 10203
493 10202
494 10201
496 10199
497 10198
498 10197
499 10196
500 10237
501 10236
504 10233
505 10232
506 10231
507 10230
508 10229
510 10227
511 10226
512 10225
513 9868
514 9867
515 9866
516 9865
517 9864
518 9863
519 9995
520 9903
522 9901
523 9900
524 9899
525 9898
526 9897
529 9894
530 9893
531 9892
532 9891
533 9890
534 9780
536 9779
537 9778
538 9777
539 9776
540 9775
541 9774
542 9772
544 9771
545 9770
546 9769
547 9768
548 9767
549 9765
551 9862
552 9735
553 9734
554 9733
555 9732
558 9729
559 9728
560 9727
561 9726
562 9725
563 9724
564 9723
565 7711
566 7710
567 7709
568 7708
569 7707
570 7706
571 7705
572 7704
574 7702
575 7701
576 7700
577 7699
578 7698
579 7697
581 7695
582 7694
583 7693
584 7692
585 7691
586 7624
587 7623
588 7622
589 7620
590 7620
591 7619
592 7618
593 7617
594 7616
595 7615
596 7636
597 7603
598 7602
599 7601
600 7600
601 7599
603 7597
604 7596
605 7595
606 7614
607 9417
608 9416
609 9415
610 9414
611 9413
612 9412
613 9411
616 9408
617 9407
618 9406
619 9405
620 9404
623 9401
624 9618
625 7946
626 7945
628 7944
629 7942
630 7941
631 7940
632 7939
633 7938
634 7938
636 9364
637 9363
638 9362
639 9361
640 9360
643 9357
644 9356
645 9355
646 9354
647 9353
650 7583
651 7582
652 7581
653 7580
654 7579
655 7578
656 7577
657 7576
658 7575
659 7594
661 7563
662 7561
663 7560
664 7559
665 7558
666 7557
667 7556
668 7555
669 7574
670 9154
671 9153
672 9152
673 9151
674 9149
676 9148
677 9147
678 9146
679 9145
680 9144
681 9142
683 9141
684 9140
685 9139
686 9138
687 9138
688 9277
689 9102
690 9101
691 9100
692 9099
693 9098
696 9095
697 9094
698 9093
699 9092
700 9091
701 9090
702 7546
703 7545
704 7544
705 7543
706 7542
709 7539
710 7538
711 7537
712 7536
715 7533
716 7532
717 7531
718 7530
719 7529
722 7526
723 8746
724 8745
725 8744
726 8743
729 8740
730 8976
731 8936
732 8935
735 8932
736 8931
737 8930
738 8929
739 8928
742 8925
743 8924
744 8923
745 8922
746 8921
747 8920
748 8919
749 8918
750 8917
751 8916
752 8915
755 8912
756 8668
757 8667
758 8666
760 8664
761 8663
762 8662
763 8661
764 8660
765 8659
767 8657
768 8656
769 8655
770 8654
771 8653
772 8652
775 8649
776 8648
777 8647
778 8646
779 8645
780 8644
782 8739
783 8615
784 8614
785 8613
788 8610
789 8609
790 8608
791 8607
792 8606
793 8605
794 8604
795 8603
796 8602
797 8601
798 8600
799 8599
800 8598
801 8597
804 8594
805 8593
806 8592
807 8391
810 8389
811 8388
812 8387
813 8386
814 8386
816 8323
817 8322
818 8321
819 8320
822 8317
823 8316
824 8315
825 8314
828 8311
829 8310
830 8309
831 8308
832 8307
833 8306
835 8304
836 8303
837 8302
838 8301
839 8300
840 8299
841 8298
842 8297
843 8296
845 8294
846 8293
847 8292
848 8291
849 8115
850 8114
853 8111
854 8110
855 8109
856 8108
857 8107
858 8106
859 8105
860 8104
863 8101
864 8100
865 8099
866 8202
867 7921
868 7920
869 7919
870 7918
871 7917
872 7916
874 7914
875 7913
876 7912
877 7911
878 7910
879 7909
880 7908
881 7907
882 7906
885 6436
886 6435
887 6434
888 6433
889 6432
890 6431
891 6430
892 6429
893 6428
895 6426
896 6425
897 6424
898 6423
899 6422
900 6421
901 6420
902 6419
903 8131
906 8128
907 8127
908 8126
909 8125
910 8124
911 8123
912 8122
913 8121
916 8118
917 8117
918 8116
919 8290
920 8289
921 8288
922 8287
925 8284
926 8283
927 8282
928 8281
929 8280
930 8279
931 8278
932 8277
935 8418
936 8417
937 8416
938 8415
939 8414
942 8411
943 8410
944 8409
945 8408
948 8405
949 8404
950 8403
951 8402
952 8401
954 8399
955 8398
956 8397
957 8396
959 8394
960 8393
961 8591
962 8590
963 8589
964 8588
966 8586
967 8585
968 8584
969 8583
970 8582
971 8581
973 8579
974 8578
975 8577
976 8576
977 6906
978 6905
979 6904
980 6903
981 6902
982 6901
983 6900
984 6899
985 6898
988 6895
989 6894
990 6893
991 6892
992 6891
993 6890
994 6889
995 6888
996 6887
997 6886
998 8682
999 8681
1000 8680
1002 8678
1003 8677
1004 8676
1005 8675
1008 8672
1009 8671
1010 8670
1011 8669
1012 8911
1013 8911
1015 8909
1016 8907
1017 8906
1018 8905
1019 6456
1020 6455
1021 6454
1022 6453
1023 6452
1024 6451
1025 6450
1027 6448
1028 6447
1029 8762
1030 8761
1031 8760
1032 8759
1035 8756
1036 8755
1037 8754
1038 8753
1041 8750
1042 8749
1043 8748
1044 8747
1045 7525
1046 7524
1048 7522
1049 7521
1050 7520
1051 7519
1052 7518
1053 7517
1055 7515
1056 7514
1057 7513
1058 7512
1060 7552
1061 7551
1062 7550
1063 7549
1064 7548
1065 7547
1066 9089
1067 9088
1068 9087
1069 9086
1070 9085
1071 9084
1073 9082
1074 9081
1075 9080
1076 9079
1077 9078
1078 9077
1079 9076
1080 9075
1081 6478
1082 6477
1083 6476
1084 6475
1087 6472
1088 6471
1089 6470
1090 6469
1091 6468
1093 9160
1094 9158
1095 9157
1096 9156
1097 9155
1099 7571
1100 7571
1101 7570
1102 7569
1103 7568
1104 7567
1105 7567
1107 7565
1108 7593
1109 7592
1110 7591
1111 7590
1112 7589
1113 7588
1114 7587
1115 7586
1116 7585
1117 7584
1120 9348
1121 9347
1122 9346
1123 9345
1124 9344
1125 9343
1127 9341
1128 9340
1129 9339
1130 9338
1133 9335
1134 9334
1135 9333
1136 9332
1137 9331
1138 9330
1140 9328
1141 9327
1142 9326
1143 9325
1144 6517
1146 6514
1147 6514
1148 6513
1149 6512
1150 6511
1151 6511
1153 6509
1154 9424
1155 9423
1156 9422
1157 9421
1158 9420
1159 9419
1160 9418
1161 7613
1162 7612
1163 7611
1165 7609
1166 7608
1167 7607
1168 7606
1169 7605
1170 7604
1173 7633
1174 7632
1175 7631
1176 7630
1177 7629
1179 7627
1180 7626
1181 7625
1182 7690
1183 7689
1186 7686
1187 7685
1188 7684
1189 7683
1190 7682
1192 7680
1193 7679
1194 7678
1195 7719
1196 7718
1198 7716
1199 7715
1200 7714
1201 7713
1202 7712
1203 9722
1204 9721
1205 9720
1206 9719
1207 9718
1208 9717
1209 9716
1211 9714
1212 9713
1213 9712
1214 9711
1215 9710
1216 9709
1218 9707
1219 9706
1220 9705
1221 9704
1222 9703
1224 9701
1225 9700
1226 9789
1227 9788
1228 9787
1229 9786
1230 9785
1231 9784
1232 9783
1233 9782
1234 9889
1235 9888
1236 9887
1239 9884
1240 9883
1241 9882
1242 9881
1244 9879
1245 9878
1246 9877
1247 9876
1248 9875
1249 9874
1250 9873
1251 9872
1252 9871
1253 9870
1254 9869
1255 10224
1258 10221
1259 10220
1260 10219
1261 10218
1262 10217
1265 10214
1266 10213
1267 10212
1268 10211
1269 10210
1271 10208
1272 10207
1273 10206
1274 10205
1275 10204
1278 10162
1279 10161
1280 10160
1281 10159
1282 10158
1285 10155
1286 10154
1287 10153
1288 10152
1290 10150
1291 10149
1292 10148
1293 10147
1294 10146
1295 10145
1296 10144
1297 10103
1298 10102
1299 10101
1300 10100
1301 10099
1304 10096
1305 10095
1306 10094
1307 10093
1308 10092
1311 10089
1312 10088
1313 10087
1314 10290
1317 10287
1318 10286
1319 10285
1320 10284
1321 10283
1322 10282
1324 10280
1325 10279
1326 10278
1327 10277
1328 10276
1331 7738
1332 7737
1333 7736
1334 7735
1335 7733
1338 7731
1339 7730
1340 10684
1341 10683
1342 10682
1343 10681
1344 10680
1345 10679
1346 10678
1347 10677
1348 10676
1350 10674
1351 10673
1352 10672
1353 10671
1354 10670
1355 10669
1357 10667
1358 10666
1359 10665
1360 10664
1361 10626
1362 10625
1364 10623
1365 10622
1366 10621
1367 10620
1368 10620
1370 10617
1371 10616
1372 10615
1373 10614
1374 10612
1377 10611
1378 6577
1379 6576
1380 6575
1381 6574
1382 6573
1384 6571
1385 6570
1386 6569
1387 10766
1388 10765
1389 10764
1390 10763
1391 10762
1392 10761
1393 10760
1396 10757
1397 10756
1398 10755
1399 10754
1400 10753
1403 10750
1404 10749
1405 11090
1406 11089
1407 11088
1410 11085
1411 11084
1412 11083
1413 11082
1414 11081
1415 11081
1416 11080
1417 11078
1418 6618
1419 6617
1420 6616
1421 6615
1424 6612
1425 6611
1426 6610
1427 6609
1429 11018
1430 11017
1431 11016
1432 11015
1433 11014
1434 11013
1435 11012
1436 10948
1437 10947
1438 10946
1439 10945
1442 10942
1443 10941
1444 10940
1445 10939
1446 10938
1449 6639
1450 6638
1451 6637
1452 6636
1453 6635
1456 6632
1457 6631
1458 6630
1459 6661
1460 6660
1461 6658
1463 6657
1464 6656
1465 6655
1466 6654
1467 6653
1468 6652
1470 11219
1471 11218
1472 11217
1473 11216
1474 11215
1477 11212
1478 11211
1479 11210
1480 11209
1481 11208
1482 11207
1483 11206
1484 11205
1485 11204
1488 11201
1489 11200
1490 11431
1491 11430
1492 11429
1493 11428
1496 11425
1497 11424
1498 11423
1499 11422
1500 11421
1501 11420
1503 11418
1504 11417
1505 11416
1506 11415
1507 11414
1509 11412
1510 11411
1511 11410
1512 11409
1513 11408
1514 11407
1516 11405
1517 11404
1518 11403
1519 11402
1520 11401
1521 11400
1522 11399
1525 11396
1526 11395
1527 11394
1528 11393
1529 11392
1530 11391
1531 11390
1532 11389
1534 11387
1535 11386
1536 11385
1537 11384
1538 11774
1539 11773
1541 11771
1542 11770
1543 11769
1544 11768
1545 11767
1546 11766
1548 11764
1549 11763
1550 11762
1551 11761
1552 11760
1553 11759
1554 11758
1556 11756
1557 11755
1558 11754
1559 11753
1560 11711
1561 11710
1562 11709
1564 11707
1565 11706
1566 11705
1567 11704
1568 11703
1569 11702
1572 11699
1573 11698
1574 11697
1575 11696
1576 6726
1577 6725
1578 6724
1581 6721
1582 6720
1583 6719
1584 6718
1585 6717
1588 11848
1589 11847
1590 11846
1591 11845
1592 11844
1593 11843
1596 12006
1597 12004
1598 12003
1599 12002
1600 12001
1601 12001
1602 12000
1603 11998
1604 11997
1605 11996
1606 11955
1607 11954
1608 11953
1611 11950
1612 11949
1613 11948
1614 11947
1615 11946
1616 11945
1618 11943
1619 11942
1620 11941
1621 12220
1622 12219
1623 12218
1624 12217
1627 12214
1628 12213
1629 12212
1630 12211
1631 12210
1634 12207
1635 12206
1636 12205
1637 12314
1638 12313
1639 12312
1641 12310
1642 12309
1643 12308
1644 12307
1645 12306
1646 12305
1647 12304
1650 12301
1651 12300
1652 12299
1653 12298
1654 12297
1655 12296
1656 12295
1657 12294
1658 12293
1659 12292
1660 12291
1661 12290
1662 12289
1663 12288
1664 12287
1665 12286
1666 12285
1667 12284
1668 12283
1669 12282
1672 12279
1673 12278
1674 12277
1675 7760
1676 7759
1677 7758
1680 7755
1681 7754
1682 7753
1683 7752
1684 7751
1686 12676
1687 12676
1688 12675
1689 12674
1690 12673
1691 12672
1692 12629
1693 12628
1695 12626
1696 12625
1697 12624
1698 12623
1699 12622
1700 12621
1701 12620
1703 12618
1704 12617
1705 12616
1706 12615
1707 12614
1708 12613
1709 12612
1710 12611
1711 12610
1712 12609
1713 12608
1716 12605
1717 12604
1718 12603
1719 12602
1720 12601
1723 6789
1724 6788
1725 6787
1726 6786
1727 6785
1730 6782
1731 6781
1732 6780
1733 6808
1734 6807
1735 6806
1737 6804
1738 6803
1739 6802
1740 6801
1741 6800
1742 6831
1743 6831
1744 6830
1745 6828
1746 6827
1747 6826
1748 6825
1749 6824
1750 6823
1751 6823
1753 7190
1754 7189
1755 7188
1756 7187
1757 7186
1758 7185
1759 7184
1760 7183
1761 7182
1762 7181
1765 7178
1766 7177
1767 7176
1768 7175
1769 7174
1770 7173
1771 7172
1772 7171
1773 7170
1776 7167
1777 7166
1778 7165
1779 7779
1780 7778
1781 7777
1782 7776
1783 7775
1784 7774
1785 7773
1786 7772
1788 7770
1789 7769
1790 7768
1791 7767
1792 7766
1793 7765
1794 7764
1795 7763
1796 7762
1799 6849
1802 6846
1803 6845
1804 6844
1805 6843
1806 6842
1807 6841
1809 7273
1810 7272
1811 7271
1812 7270
1813 7269
1814 7268
1815 7267
1816 7266
1819 7263
1820 7262
1821 7261
1822 7260
1823 7259
1826 7256
1827 7255
1828 7254
1829 7253
1830 7206
1833 7203
1834 7202
1835 7201
1836 7200
1837 7199
1840 7196
1841 7195
1842 7194
1843 7193
1844 7192
1845 7191
1847 6819
1848 6818
1849 6817
1850 6816
1851 6814
1852 6815
1853 6813
1854 6812
1855 6811
1858 6799
1859 6798
1860 6796
1862 6795
1863 6794
1864 6793
1865 6791
1867 6809
1868 6779
1869 6778
1870 6776
1872 6775
1873 6774
1874 6773
1875 6772
1877 6771
1878 6790
1879 12598
1880 12596
1882 12595
1883 12593
1885 12592
1886 12591
1887 12590
1888 12589
1890 12588
1891 12586
1892 6758
1893 6757
1894 6756
1895 6755
1896 6754
1898 6752
1899 6751
1900 6750
1901 6749
1903 6748
1904 12637
1905 12636
1906 12635
1909 12632
1910 12631
1911 12630
1914 12670
1915 12668
1916 12667
1917 12665
1919 12664
1920 12663
1921 12662
1924 12660
1925 12658
1926 12361
1927 12361
1929 12358
1930 12357
1931 12356
1932 12355
1934 12354
1935 12352
1936 12351
1937 12349
1939 12348
1940 12347
1941 12346
1942 12345
1943 12344
1944 12343
1945 12342
1946 12340
1947 12341
1948 12339
1949 12338
1950 12337
1951 12336
1953 12334
1954 12333
1955 12331
1956 12330
1958 12329
1959 12328
1960 12327
1961 12326
1963 12324
1964 12323
1965 12322
1966 12320
1968 12319
1969 12318
1970 12316
1973 12204
1974 12203
1975 12202
1976 12201
1978 12199
1979 12198
1980 12197
1981 12196
1984 12193
1985 12192
1986 12191
1987 6737
1989 6735
1990 6734
1991 6733
1992 6732
1993 6731
1994 6730
1997 6728
1998 11962
1999 11961
2002 11958
2003 11957
2004 11956
2005 11994
2007 11993
2008 11992
2009 11991
2012 11989
2013 11987
2014 11986
2015 11984
2016 11983
2017 11983
2018 11982
2019 11857
2022 11854
2023 11853
2024 11852
2025 11851
2028 6715
2029 6713
2030 6711
2033 6709
2034 6708
2035 6707
2037 6727
2038 11695
2039 11694
2040 11693
2041 11692
2042 11691
2043 11690
2044 11689
2045 11688
2046 11687
2047 11686
2048 11685
2050 11683
2051 11682
2052 11681
2053 11680
2054 11679
2055 11678
2056 11677
2057 11676
2058 11675
2059 6694
2061 6693
2062 6691
2063 6690
2064 6689
2065 6688
2066 6687
2067 6686
2068 6685
2069 6685
2070 6684
2071 6672
2072 6671
2073 6670
2076 6668
2077 6666
2078 6665
2079 6663
2081 6683
2082 11479
2083 11478
2084 11477
2086 11475
2087 11474
2088 11473
2089 11472
2090 11471
2091 11470
2092 11468
2094 11467
2095 11466
2096 11465
2097 11464
2098 11463
2099 11462
2100 11461
2101 11460
2102 11458
2104 11457
2105 11456
2106 11455
2107 11453
2108 11452
2109 11452
2110 11451
2111 11450
2112 11449
2113 11448
2114 11447
2115 11446
2116 11445
2117 11444
2119 11442
2120 11441
2121 11440
2122 11439
2123 11437
2125 11436
2126 11435
2127 11433
2130 11199
2131 11198
2132 11197
2133 11196
2136 11193
2137 11192
2138 11191
2139 11190
2140 11189
2141 11188
2142 11187
2144 11227
2145 11225
2146 11224
2147 11223
2148 11222
2149 11222
2150 11221
2151 6650
2152 6649
2153 6648
2155 6647
2156 6645
2157 6644
2158 6643
2159 6642
2160 6642
2162 6629
2163 6628
2164 6627
2165 6626
2167 6624
2168 6623
2169 6622
2170 6621
2172 6640
2173 10935
2174 10934
2175 10933
2178 10930
2179 10929
2180 11033
2183 11030
2184 11029
2185 11028
2186 11027
2187 11026
2188 11025
2189 11024
2192 11021
2193 11020
2194 6608
2195 6607
2196 6606
2198 6605
2199 6603
2200 6601
2201 6600
2203 6599
2204 6619
2205 11077
2206 11076
2207 11075
2209 11074
2210 11072
2211 11071
2213 11070
2214 11069
2215 11067
2216 11066
2217 6588
2218 6587
2220 6585
2221 6584
2222 6583
2223 6582
2226 6579
2227 6598
2228 10775
2231 10772
2232 10771
2233 10770
2234 10769
2235 10768
2236 10767
2237 6567
2238 6566
2239 6566
2240 6565
2241 6564
2242 6563
2245 6561
2246 6578
2247 10609
2248 10608
2250 10606
2251 10605
2252 10604
2253 10603
2255 10601
2256 10600
2257 10599
2258 10598
2259 10597
2260 10595
2261 10594
2262 10594
2263 10593
2264 10592
2265 10591
2266 10589
2268 10588
2269 10587
2270 10586
2271 10584
2273 10583
2274 10582
2275 10581
2276 10579
2278 10577
2279 10577
2280 10576
2281 10575
2282 10574
2283 10573
2284 10572
2285 10571
2286 10570
2287 10569
2288 10567
2289 10566
2290 10566
2291 10565
2292 10564
2293 10563
2294 10561
2295 10562
2296 10560
2297 10559
2298 10558
2299 10557
2300 10556
2301 10555
2302 10300
2303 10299
2304 10298
2305 10297
2308 10294
2309 10293
2310 10292
2311 10291
2314 10084
2315 10083
2316 10082
2317 10081
2320 10078
2321 10077
2322 10076
2323 10075
2324 10074
2326 10072
2327 10071
2328 10070
2329 10069
2330 10068
2331 10067
2332 10066
2333 10065
2334 10064
2335 10063
2336 10062
2337 10061
2338 10060
2339 10059
2340 10058
2342 10056
2343 10055
2344 10054
2345 10053
2348 10050
2349 10049
2350 10048
2351 10047
2354 10044
2355 10043
2356 10042
2357 10041
2359 10039
2360 10038
2361 10037
2362 10036
2363 10035
2364 6549
2365 6548
2367 6547
2368 6545
2369 6544
2370 6543
2371 6541
2372 6540
2373 6540
2374 6559
2375 6528
2376 6527
2377 6526
2378 6525
2379 6524
2380 6523
2382 6521
2383 6520
2384 6519
2385 6539
2387 9805
2388 9804
2389 9803
2390 9802
2391 9800
2393 9798
2394 9798
2395 9797
2396 9796
2397 9795
2398 9794
2401 9792
2402 9790
2403 9699
2404 9698
2406 9696
2407 9695
2408 9694
2409 9693
2410 9692
2413 9689
2414 9688
2415 9687
2416 9686
2419 9683
2420 9682
2421 9681
2422 9680
2423 9679
2424 9678
2425 9677
2426 7644
2427 7644
2428 7643
2429 7641
2430 7640
2431 7639
2432 7638
2433 7638
2435 7677
2436 7676
2437 7675
2438 7674
2441 7671
2442 7670
2443 7669
2444 7668
2445 7667
2448 7664
2449 9452
2450 9451
2451 9450
2452 9449
2453 9448
2454 9447
2455 9446
2456 9445
2457 9444
2460 9441
2461 9440
2462 9439
2463 9438
2464 9437
2466 9435
2467 9434
2468 9433
2469 9432
2470 9431
2471 9430
2472 9429
2475 9426
2476 9425
2477 6507
2478 6506
2479 6504
2480 6505
2481 6503
2482 6502
2483 6501
2484 6499
2486 6518
2487 9324
2488 9323
2489 9322
2490 9321
2491 9320
2492 9319
2493 9318
2494 9317
2495 9316
2496 9315
2497 9314
2500 9311
2501 6488
2502 6487
2503 6486
2504 6485
2506 6483
2507 6482
2508 6481
2509 6480
2510 6498
2511 9188
2512 9189
2513 9187
2514 9186
2515 9185
2516 9184
2517 9183
2518 9182
2519 9180
2521 9179
2522 9178
2523 9177
2524 9176
2525 9176
2526 9174
2527 9173
2528 9172
2529 9171
2530 9170
2531 9169
2533 9168
2534 9166
2535 9165
2536 9164
2537 9163
2538 9162
2540 6467
2541 6466
2542 6465
2543 6464
2544 6463
2547 6460
2548 6459
2549 6458
2550 6479
2551 9074
2554 9071
2555 9070
2556 9069
2557 9068
2560 9065
2561 9064
2562 9063
2563 9062
2564 7418
2565 7417
2566 7416
2567 7415
2568 7414
2569 7413
2570 7412
2573 7511
2574 7510
2575 7509
2576 7508
2579 7505
2580 7504
2581 7503
2582 7502
2583 7501
2586 7498
2587 7497
2588 7496
2589 7495
2590 7494
2593 7491
2594 7490
2595 7489
2596 8769
2597 8768
2598 8767
2599 8766
2600 8765
2601 8764
2602 8763
2603 6446
2606 6443
2607 6442
2608 6441
2609 6440
2610 6439
2611 6438
2613 6437
2614 8904
2615 8903
2616 8902
2617 8901
2618 8900
2620 8898
2621 8897
2622 8896
2623 8895
2624 8894
2625 8893
2627 8690
2628 8689
2629 8688
2630 8687
2631 8686
2632 8685
2633 8684
2634 8683
2635 6885
2636 6884
2637 6883
2638 6882
2640 6880
2641 6879
2642 6878
2643 6877
2644 6876
2646 6875
2647 6915
2648 6914
2649 6913
2650 6912
2653 6909
2654 6908
2655 6907
2656 8575
2657 8574
2658 8573
2659 8572
2660 8571
2663 8568
2664 8567
2665 8566
2666 8565
2667 8564
2669 8562
2670 8561
2671 8560
2672 8559
2674 8557
2675 8556
2676 8555
2677 8554
2678 8553
2680 8551
2681 8550
2682 8549
2683 8433
2684 8432
2685 8431
2687 8429
2688 8428
2689 8427
2690 8426
2691 8425
2693 8423
2694 8422
2695 8421
2696 8420
2697 8419
2699 8273
2700 8272
2701 8271
2702 8270
2703 8269
2704 8268
2705 8267
2706 8266
2707 8265
2708 8264
2711 8261
2712 8260
2713 8259
2714 8258
2715 8257
2716 8256
2719 8253
2720 8252
2721 8140
2722 8139
2723 8138
2724 8137
2725 8136
2726 8135
2728 8133
2729 8132
2730 6418
2731 6417
2732 6416
2733 6415
2734 6414
2735 6413
2736 6412
2737 6411
2739 6409
2740 6408
2741 6407
2742 6406
2743 6405
2744 6404
2745 6403
2746 6402
2747 6401
2750 6874
2751 6873
2752 6872
2753 6871
2754 6870
2755 6869
2756 6868
2757 6867
2758 6866
2759 6865
2760 6864
2761 6863
2762 6862
2763 8152
2764 8151
2765 8150
2766 8149
2767 8148
2768 8147
2769 8146
2770 8145
2771 8144
2772 8143
2773 8142
2774 8141
2775 8251
2776 8250
2777 8249
2778 8248
2779 8247
2780 8246
2781 8245
2782 8244
2783 8243
2784 8242
2785 8241
2786 8240
2787 8239
2788 8238
2789 8237
2790 8236
2791 8235
2792 8234
2793 8233
2794 8232
2795 8231
2796 8230
2797 8444
2798 8443
2799 8442
2800 8441
2801 8440
2802 8439
2803 8438
2804 8437
2805 8436
2806 8435
2807 8434
2808 8548
2809 8547
2810 8546
2811 8545
2812 8544
2813 8543
2814 8542
2815 8541
2816 8540
2817 8539
2818 8538
2819 8537
2820 8536
2821 8535
2822 8534
2823 8533
2824 6930
2825 6929
2826 6928
2827 6927
2828 6926
2829 6925
2830 6924
2831 6923
2832 6922
2833 6921
2834 6920
2835 6919
2836 6918
2837 6917
2838 6916
2839 6959
2840 6958
2841 6957
2842 6956
2843 6955
2844 6954
2845 6953
2846 6952
2847 6951
2848 8698
2849 8697
2850 8696
2851 8695
2852 8694
2853 8693
2854 8692
2855 8691
2856 8891
2857 8890
2858 8889
2859 8888
2860 8887
2861 8886
2862 8885
2863 8884
2864 8883
2865 8882
2866 8785
2867 8784
2868 8783
2869 8782
2870 8781
2871 8780
2872 8779
2873 8778
2874 8777
2875 8776
2876 8775
2877 8774
2878 8773
2879 8772
2880 8771
2881 8770
2882 7488
2883 7487
2884 7486
2885 7485
2886 7484
2887 7483
2888 7482
2889 7481
2890 7480
2891 7479
2892 7478
2893 7477
2894 7476
2895 7475
2896 7474
2897 7431
2898 7430
2899 7429
2900 7428
2901 7427
2902 7426
2903 7425
2904 7424
2905 7423
2906 7422
2907 7421
2908 7420
2909 7419
2910 9061
2911 9060
2912 9059
2913 9058
2914 9057
2915 9056
2916 9055
2917 9054
2918 9053
2919 9052
2920 9051
2921 9050
2922 9049
2923 9048
2924 9047
2925 9046
2926 9045
2927 9044
2928 9043
2929 9042
2930 9041
2931 9040
2932 9039
2933 9038
2934 9037
2935 9036
2936 9035
2937 9034
2938 9033
2939 9205
2940 9204
2941 9203
2942 9202
2943 9201
2944 9200
2945 9199
2946 9198
2947 9197
2948 9196
2949 9195
2950 9194
2951 9193
2952 9192
2953 9191
2954 9190
2955 6497
2956 6496
2957 6495
2958 6494
2959 6493
2960 6492
2961 6491
2962 6490
2963 6489
2964 9310
2965 9309
2966 9308
2967 9307
2968 9306
2969 9305
2970 9304
2971 9489
2972 9488
2973 9487
2974 9486
2975 9485
2976 9484
2977 9483
2978 9482
2979 9481
2980 9480
2981 9479
2982 9478
2983 9477
2984 9476
2985 9475
2986 9474
2987 9473
2988 9472
2989 9471
2990 9470
2991 9469
2992 9468
2993 9467
2994 9466
2995 9465
2996 9464
2997 9463
2998 9462
2999 9461
3000 9460
3001 9459
3002 9458
3003 9457
3004 9456
3005 9455
3006 9454
3007 9453
3008 7663
3009 7662
3010 7661
3011 7660
3012 7659
3013 7658
3014 7657
3015 7656
3016 7655
3017 7654
3018 7653
3019 7652
3020 7651
3021 7650
3022 7649
3023 7648
3024 7647
3025 7646
3026 7645
3027 9676
3028 9675
3029 9674
3030 9673
3031 9672
3032 9671
3033 9670
3034 9669
3035 9668
3036 9667
3037 9666
3038 9665
3039 9664
3040 9663
3041 9662
3042 9661
3043 9660
3044 9659
3045 9822
3046 9821
3047 9820
3048 9819
3049 9818
3050 9817
3051 9816
3052 9815
3053 9814
3054 9813
3055 9812
3056 9811
3057 9810
3058 9809
3059 9808
3060 9807
3061 6538
3062 6537
3063 6536
3064 6535
3065 6534
3066 6533
3067 6532
3068 6531
3069 6530
3070 6529
3071 6558
3072 6557
3073 6556
3074 6555
3075 6554
3076 6553
3077 6552
3078 6551
3079 6550
3080 10034
3081 10033
3082 10032
3083 10031
3084 10030
3085 10029
3086 10028
3087 10027
3088 10026
3089 10025
3090 10024
3091 10023
3092 10022
3093 10021
3094 10020
3095 10019
3096 10018
3097 6979
3098 6978
3099 6977
3100 6976
3101 6975
3102 6974
3103 6973
3104 6972
3105 6971
3106 6970
3107 6969
3108 7000
3109 6999
3110 6998
3111 6997
3112 6996
3113 6995
3114 6994
3115 6993
3116 6992
3117 6991
3118 6990
3119 10314
3120 10313
3121 10312
3122 10311
3123 10310
3124 10309
3125 10308
3126 10307
3127 10306
3128 10305
3129 10304
3130 10303
3131 10302
3132 10301
3133 10554
3134 10553
3135 10552
3136 10551
3137 10550
3138 10549
3139 10548
3140 10547
3141 10546
3142 10545
3143 10544
3145 10542
3146 10541
3147 10540
3148 10539
3149 10538
3150 10537
3151 10536
3152 10535
3153 10534
3154 10533
3155 10532
3156 10531
3157 10530
3158 10529
3159 10528
3160 10527
3161 10526
3162 10525
3163 10524
3164 10523
3165 10522
3166 10521
3167 10520
3168 10519
3169 10518
3170 7021
3171 7020
3172 7019
3173 7018
3174 7017
3175 7016
3178 7013
3179 7012
3180 7011
3181 7010
3182 10790
3183 10789
3184 10788
3185 10787
3186 10786
3187 10785
3188 10784
3189 10783
3190 10782
3191 10781
3192 10780
3193 10779
3194 10778
3195 10777
3196 10776
3197 6597
3198 6596
3199 6595
3200 6594
3201 6593
3202 6592
3203 6591
3204 6590
3205 6589
3206 11065
3207 11064
3208 11063
3209 11062
3210 11061
3211 11060
3213 11058
3214 11057
3215 11056
3216 11055
3217 11054
3218 11053
3219 11052
3220 11051
3221 11050
3222 11049
3223 11048
3224 11047
3225 11046
3226 11045
3227 11044
3228 11043
3229 11042
3230 11041
3231 11040
3232 11039
3233 11038
3234 11037
3235 11036
3236 11035
3237 11034
3238 10928
3239 10927
3240 10926
3241 10925
3242 10924
3243 10923
3244 10922
3245 10921
3246 10920
3247 10919
3248 10918
3251 10915
3252 10914
3253 10913
3254 11243
3255 11242
3256 11241
3257 11240
3258 11239
3259 11238
3260 11237
3261 11236
3262 11235
3263 11234
3264 11233
3265 11232
3268 11229
3269 11228
3270 11186
3271 11185
3272 11184
3273 11183
3274 11182
3275 11181
3276 11180
3277 11179
3278 11524
3279 11523
3280 11522
3281 11521
3282 11520
3283 11519
3284 11518
3285 11517
3286 11516
3289 11513
3290 11512
3291 11511
3292 11510
3293 11509
3294 11508
3295 11507
3296 11506
3297 11505
3298 11504
3299 11503
3300 11502
3301 11501
3303 11499
3304 11498
3305 11497
3306 11496
3307 11495
3308 11494
3309 11493
3310 11492
3311 11491
3312 11490
3313 11489
3314 11488
3315 11487
3316 11486
3317 11485
3318 11484
3319 11483
3320 11482
3321 11481
3322 11480
3323 6682
3324 6681
3325 6680
3326 6679
3327 6678
3329 6676
3330 6675
3331 6674
3332 6673
3333 6704
3334 6703
3335 6702
3336 6701
3337 6700
3338 6699
3339 6698
3340 6697
3341 6696
3342 6695
3343 11674
3344 11673
3345 11672
3346 11671
3347 11670
3348 11669
3349 11668
3350 11885
3351 11884
3352 11883
3354 11881
3355 11880
3356 11879
3357 11878
3358 11877
3359 11876
3360 11875
3361 11874
3362 11873
3363 11872
3364 11871
3365 11870
3366 11869
3367 11868
3368 11867
3369 11866
3371 11864
3372 11863
3373 11862
3374 11861
3375 11860
3376 11859
3377 11858
3378 11981
3379 11980
3380 11979
3381 11978
3384 11975
3385 11974
3386 11973
3387 11972
3388 11971
3389 11970
3390 11969
3391 11968
3392 11967
3393 11966
3395 11964
3396 11963
3397 6746
3398 6745
3399 6744
3400 6743
3401 6742
3402 6741
3403 6740
3404 6739
3405 6738
3406 12190
3407 12189
3408 12188
3409 12187
3410 12186
3411 12185
3414 12182
3415 12181
3416 12180
3417 12179
3418 12178
3419 12177
3420 12176
3421 12175
3422 7042
3423 7041
3424 7040
3426 7038
3427 7037
3428 7036
3429 7035
3430 7034
3431 7033
3432 7032
3433 7064
3434 7063
3437 7060
3438 7059
3439 7058
3440 7057
3441 7056
3442 7055
3443 7054
3444 7053
3445 12376
3446 12375
3447 12374
3448 12373
3449 12372
3450 12371
3451 12370
3452 12369
3453 12368
3454 12367
3455 12366
3457 12364
3458 12363
3459 12362
3460 12657
3461 12656
3462 12655
3463 12654
3464 12653
3465 12652
3466 12651
3467 12650
3469 12648
3470 12647
3471 12646
3472 12645
3473 12644
3474 12643
3475 12642
3476 12641
3477 12640
3479 12638
3480 6768
3481 6767
3482 6766
3483 6765
3484 6764
3485 6763
3486 6762
3487 6761
3488 6760
3489 6759
3490 12585
3491 12584
3492 12583
3493 12582
3494 12581
3495 12580
3496 12579
3499 12576
3500 12575
3501 12574
3502 12573
3503 12572
3504 12571
3505 12570
3506 7084
3509 7081
3510 7080
3511 7079
3512 7078
3513 7077
3514 7076
3515 7075
3516 7074
3519 7102
3520 7101
3521 7100
3522 7099
3523 7098
3524 7097
3525 7096
3526 7095
3527 7094
3528 7222
3531 7219
3532 7218
3533 7217
3534 7216
3535 7215
3536 7214
3537 7213
3538 7212
3539 7211
3540 7210
3541 7209
3542 7208
3543 7207
3544 7252
3547 7249
3548 7248
3549 7247
3550 7246
3551 7245
3552 7287
3553 7286
3554 7285
3555 7284
3556 7283
3557 7282
3558 7281
3559 7280
3560 7279
3561 7278
3562 7277
3563 7276
3565 6840
3566 6839
3567 6838
3568 6837
3569 6836
3570 6835
3571 6834
3572 6833
3575 7306
3576 7305
3577 7304
3578 7303
3579 7302
3580 7301
3581 7300
3582 7299
3583 7298
3584 7297
3585 7296
3586 7295
3587 7294
3588 7293
3589 7292
3590 7291
3591 7290
3592 7289
3593 7288
3594 7244
3595 7243
3596 7242
3597 7241
3598 7240
3599 7239
3600 7238
3601 7237
3602 7236
3603 7235
3604 7234
3605 7233
3606 7232
3607 7231
3608 7230
3609 7229
3610 7228
3611 7227
3612 7226
3613 7225
3614 7224
3615 7223
3616 7093
3617 7092
3618 7091
3619 7090
3620 7089
3621 7088
3622 7087
3623 7086
3624 7105
3625 7073
3626 7072
3627 7071
3628 7070
3629 7069
3630 7068
3631 7067
3632 7066
3633 7085
3634 12569
3635 12568
3636 12567
3637 12566
3638 12565
3639 12564
3640 12563
3641 12562
3642 12561
3643 12560
3644 12559
3645 12558
3646 12557
3647 12556
3648 12555
3649 12554
3650 12553
3651 12552
3652 12551
3653 12550
3654 12549
3655 12548
3656 12547
3657 12546
3658 12545
3659 12544
3660 12543
3661 12542
3662 12541
3663 12540
3664 12539
3665 12538
3666 12537
3667 12536
3668 12535
3669 12534
3670 12533
3671 7398
3672 7397
3673 7396
3674 7395
3675 7394
3676 7393
3677 7392
3678 7391
3679 7390
3680 7389
3681 7410
3682 12383
3683 12382
3684 12381
3685 12380
3686 12379
3687 12378
3688 12377
3689 7052
3690 7051
3691 7050
3692 7049
3693 7048
3694 7047
3695 7046
3696 7045
3697 7044
3698 7065
3699 7031
3700 7030
3701 7029
3702 7028
3703 7027
3704 7026
3705 7025
3706 7024
3707 7023
3708 7043
3709 12174
3710 12173
3711 12172
3712 12171
3713 12170
3714 12169
3715 12168
3716 12123
3717 12122
3718 12121
3719 12120
3720 12119
3721 12118
3722 12117
3723 12116
3724 12115
3725 12114
3726 12113
3727 12112
3728 12111
3729 12110
3730 12109
3731 12108
3732 12107
3733 12106
3734 12105
3735 12104
3736 12103
3737 12102
3738 12101
3739 12100
3740 12099
3741 12098
3742 12097
3743 12096
3744 12095
3745 12094
3746 12093
3747 12092
3748 12091
3749 12090
3750 12089
3751 12088
3752 12087
3753 12086
3754 12085
3755 12084
3756 12083
3757 12082
3758 12081
3759 12080
3760 12079
3761 12078
3762 12077
3763 12076
3764 11894
3765 11893
3766 11892
3767 11891
3768 11890
3769 11889
3770 11888
3771 11887
3772 11886
3773 11667
3774 11666
3775 11665
3776 11664
3777 11663
3778 11662
3779 11661
3780 11660
3781 11659
3782 11658
3783 11657
3784 11656
3785 11655
3786 11654
3787 7377
3788 7376
3789 7375
3790 7374
3791 7373
3792 7372
3793 7371
3794 7370
3795 7369
3796 7388
3797 11563
3798 11562
3799 11561
3800 11560
3801 11559
3802 11558
3803 11557
3804 11556
3805 11555
3806 11554
3807 11553
3808 11552
3809 11551
3810 11550
3811 11549
3812 11548
3813 11547
3814 11546
3815 11545
3816 11544
3817 11543
3818 11542
3819 11541
3820 11540
3821 11539
3822 11538
3823 11537
3824 11536
3825 11535
3826 11534
3827 11533
3828 11532
3829 11531
3830 11530
3831 11529
3832 11528
3833 11527
3834 11526
3835 11525
3836 11178
3837 11177
3838 11176
3839 11175
3840 11174
3841 11173
3842 11172
3843 11257
3844 11256
3845 11255
3846 11254
3847 11253
3848 11252
3849 11251
3850 11250
3851 11249
3852 11248
3853 11247
3854 11246
3855 11245
3856 11244
3857 10912
3858 10911
3859 10910
3860 10909
3861 10908
3862 10907
3863 10906
3864 10905
3865 10904
3866 10903
3867 10902
3868 10901
3869 10900
3870 10899
3871 10898
3872 10897
3873 10896
3874 10895
3875 10894
3876 10893
3877 10892
3878 10891
3879 10890
3880 10889
3881 10888
3882 10887
3883 10886
3884 10885
3885 10884
3886 10883
3887 10882
3888 10881
3889 10821
3890 10820
3891 10819
3892 10818
3893 10817
3894 10816
3895 10815
3896 10814
3897 10813
3898 10812
3899 10811
3900 10810
3901 10809
3902 10808
3903 10807
3904 10806
3905 10805
3906 10804
3907 10803
3908 10802
3909 10801
3910 10800
3911 10799
3912 10798
3913 10797
3914 10796
3915 10795
3916 10794
3917 10793
3918 10792
3919 10791
3920 7009
3921 7008
3922 7007
3923 7006
3924 7005
3925 7004
3926 7003
3927 7002
3928 7022
3929 10517
3930 10516
3931 10515
3932 10514
3933 10513
3934 10512
3935 10511
3936 10510
3937 10509
3938 10508
3939 10507
3940 10506
3941 10505
3942 10504
3943 10503
3944 10502
3945 10501
3946 10500
3947 10499
3948 10498
3949 10497
3950 10496
3951 10495
3952 10494
3953 10493
3954 10492
3955 10491
3956 10490
3957 10489
3958 10488
3959 10487
3960 10486
3961 10485
3962 10484
3963 10483
3964 10482
3965 10322
3966 10321
3967 10320
3968 10319
3969 10318
3970 10317
3971 10316
3972 10315
3973 6989
3974 6988
3975 6987
3976 6986
3977 6985
3978 6984
3979 6983
3980 6982
3981 6981
3982 7001
3983 6968
3984 6967
3985 6966
3986 6965
3987 6964
3988 6963
3989 6962
3990 6961
3991 6980
3992 10017
3993 10016
3994 10015
3995 10014
3996 10013
3997 10012
3998 10011
3999 10010
4000 10009
4001 10008
4002 10007
4003 10006
4004 10005
4005 10004
4006 10003
4007 9962
4008 9961
4009 9960
4010 9959
4011 9958
4012 9957
4013 9956
4014 9955
4015 9954
4016 9953
4017 9952
4018 9951
4019 9950
4020 9949
4021 9948
4022 9947
4023 9946
4024 9945
4025 9944
4026 9943
4027 9942
4028 9830
4029 9829
4030 9828
4031 9827
4032 9826
4033 9825
4034 9824
4035 9823
4036 9658
4037 9657
4038 9656
4039 9655
4040 9654
4041 9653
4042 9652
4043 9651
4044 9650
4045 9649
4046 9648
4047 9647
4048 9646
4049 7356
4050 7355
4051 7354
4052 7353
4053 7352
4054 7351
4055 7350
4056 7349
4057 7348
4058 7347
4059 7368
4060 9555
4061 9554
4062 9553
4063 9552
4064 9551
4065 9550
4066 9549
4067 9548
4068 9547
4069 9546
4070 9545
4071 9544
4072 9543
4073 9542
4074 9541
4075 9540
4076 9539
4077 9538
4078 9537
4079 9536
4080 9535
4081 7335
4082 7334
4083 7333
4084 7332
4085 7331
4086 7330
4087 7329
4088 7328
4089 7327
4090 7346
4091 9497
4092 9496
4093 9495
4094 9494
4095 9493
4096 9492
4097 9491
4098 9490
4099 9303
4100 9302
4101 9301
4102 9300
4103 9299
4104 9298
4105 9297
4106 9296
4107 9295
4108 9294
4109 9293
4110 9292
4111 9291
4112 9220
4113 9219
4114 9218
4115 9217
4116 9216
4117 9215
4118 9214
4119 9213
4120 9212
4121 9211
4122 9210
4123 9209
4124 9208
4125 9207
4126 9206
4127 9032
4128 9031
4129 9030
4130 9029
4131 9028
4132 9027
4133 9026
4134 9025
4135 9024
4136 9023
4137 9022
4138 9021
4139 9020
4140 9019
4141 9018
4142 9017
4143 9016
4144 7315
4145 7314
4146 7313
4147 7312
4148 7311
4149 7310
4150 7309
4151 7308
4152 7307
4153 7326
4154 7439
4155 7438
4156 7437
4157 7436
4158 7435
4159 7434
4160 7433
4161 7432
4162 7473
4163 7472
4164 7471
4165 7470
4166 7469
4167 7468
4168 7467
4169 7466
4170 7465
4171 7464
4172 7463
4173 7462
4174 7461
4175 8799
4176 8798
4177 8797
4178 8796
4179 8795
4180 8794
4181 8793
4182 8792
4183 8791
4184 8790
4185 8789
4186 8788
4187 8787
4188 8786
4189 8881
4190 8880
4191 8879
4192 8878
4193 8877
4194 8876
4195 8875
4196 8874
4197 8705
4198 8704
4199 8703
4200 8702
4201 8701
4202 8700
4203 8699
4204 6950
4205 6949
4206 6948
4207 6947
4208 6946
4209 6945
4210 6944
4211 6943
4212 6942
4213 6941
4214 6940
4215 6939
4216 6938
4217 6937
4218 6936
4219 6935
4220 6934
4221 6933
4222 6932
4223 6931
4224 8532
4225 8531
4226 8530
4227 8529
4228 8528
4229 8527
4230 8526
4231 8525
4232 8524
4233 8523
4234 8522
4235 8521
4236 8520
4237 8519
4238 8452
4239 8451
4240 8450
4241 8449
4242 8448
4243 8447
4244 8446
4245 8445
4246 8229
4247 8228
4248 8227
4249 8226
4250 8225
4251 8224
4252 8223
4253 8222
4254 8221
4255 8220
4256 8219
4257 8218
4258 8217
4259 8169
4260 8168
4261 8167
4262 8166
4263 8165
4264 8164
4265 8163
4266 8162
4267 8161
4268 8160
4269 8159
4270 8158
4271 8157
4272 8156
4273 8155
4274 8154
4275 8153
4276 6861
4277 6860
4278 6859
4279 6858
4280 6857
4281 6856
4282 6855
4283 6854
4284 6853
4285 6852
4286 6851
4287 6850
4290 7823
4291 7822
4292 7821
4293 7820
4294 7819
4295 7818
4296 7817
4297 7816
4298 7815
4299 7814
4300 7813
4301 7812
4302 7811
4303 8185
4304 8184
4305 8183
4306 8182
4307 8181
4308 8180
4309 8179
4310 8178
4311 8177
4312 8176
4313 8175
4314 8174
4315 8173
4316 8172
4317 8171
4318 8170
4319 8216
4320 8215
4321 8214
4322 8213
4323 8212
4324 8211
4325 8210
4326 8209
4327 8208
4328 8207
4329 8206
4330 8205
4331 8204
4332 8203
4333 8384
4334 8458
4335 8457
4336 8456
4337 8455
4338 8454
4339 8453
4340 8518
4341 8517
4342 8516
4343 8515
4344 8514
4345 8513
4346 8512
4347 8511
4348 8510
4349 8509
4350 8508
4351 8507
4352 8506
4353 8505
4354 8504
4355 8503
4356 8502
4357 8501
4358 8500
4359 8499
4360 8498
4361 8497
4362 8496
4363 8495
4364 8494
4365 8642
4366 8720
4367 8719
4368 8718
4369 8717
4370 8716
4371 8715
4372 8714
4373 8713
4374 8712
4375 8711
4376 8710
4377 8709
4378 8708
4379 8707
4380 8706
4381 8873
4382 8872
4383 8871
4384 8870
4385 8869
4386 8868
4387 8815
4388 8814
4389 8813
4390 8812
4391 8811
4392 8810
4393 8809
4394 8808
4395 8807
4396 8806
4397 8805
4398 8804
4399 8803
4400 8802
4401 8801
4402 8800
4403 7460
4404 7459
4405 7458
4406 7457
4407 7456
4408 7455
4409 7454
4410 7453
4411 7452
4412 7451
4413 7450
4414 7449
4415 7448
4416 7447
4417 7446
4418 7445
4419 7444
4420 7443
4421 7442
4422 7441
4423 7440
4424 7325
4425 7324
4426 7323
4427 7322
4428 7321
4429 7320
4430 7319
4431 7318
4432 7317
4433 7316
4434 9015
4435 9014
4436 9013
4437 9012
4438 9011
4439 9010
4440 9009
4441 9008
4442 9007
4443 9006
4444 9005
4445 9004
4446 9003
4447 9002
4448 9001
4449 9136
4450 9236
4451 9235
4452 9234
4453 9233
4454 9232
4455 9231
4456 9230
4457 9229
4458 9228
4459 9227
4460 9226
4461 9225
4462 9224
4463 9223
4464 9222
4465 9221
4466 9290
4467 9289
4468 9288
4469 9287
4470 9286
4471 9285
4472 9284
4473 9283
4474 9282
4475 9281
4476 9280
4477 9279
4478 9278
4479 9400
4480 9504
4481 9503
4482 9502
4483 9501
4484 9500
4485 9499
4486 9498
4487 7345
4488 7344
4489 7343
4490 7342
4491 7341
4492 7340
4493 7339
4494 7338
4495 7337
4496 7336
4497 9534
4498 9533
4499 9532
4500 9531
4501 9530
4502 9529
4503 9528
4504 9569
4505 9568
4506 9567
4507 9566
4508 9565
4509 9564
4510 9563
4511 9562
4512 9561
4513 9560
4514 9559
4515 9558
4516 9557
4517 9556
4518 7367
4519 7366
4520 7365
4521 7364
4522 7363
4523 7362
4524 7361
4525 7360
4526 7359
4527 7358
4528 7357
4529 9645
4530 9644
4531 9643
4532 9642
4533 9641
4534 9640
4535 9639
4536 9764
4537 9843
4538 9842
4539 9841
4540 9840
4541 9839
4542 9838
4543 9837
4544 9836
4545 9835
4546 9834
4547 9833
4548 9832
4549 9831
4550 9941
4551 9940
4552 9939
4553 9938
4554 9937
4555 9936
4556 9935
4557 9934
4558 9975
4559 9974
4560 9973
4561 9972
4562 9971
4563 9970
4564 9969
4565 9968
4566 9967
4567 9966
4568 9965
4569 9964
4570 9963
4571 10002
4572 10001
4573 10000
4574 9999
4575 9998
4576 9997
4577 9996
4578 10257
4579 10356
4580 10355
4581 10354
4582 10353
4583 10352
4584 10351
4585 10350
4586 10349
4587 10348
4588 10347
4589 10346
4590 10345
4591 10344
4592 10343
4593 10342
4594 10341
4595 10340
4596 10339
4597 10338
4598 10337
4599 10336
4600 10335
4601 10334
4602 10333
4603 10332
4604 10331
4605 10330
4606 10329
4607 10328
4608 10327
4609 10326
4610 10325
4611 10324
4612 10323
4613 10481
4614 10480
4615 10479
4616 10478
4617 10477
4618 10476
4619 10475
4620 10474
4621 10473
4622 10472
4623 10471
4624 10470
4625 10469
4626 10468
4627 10467
4628 10466
4629 10465
4630 10464
4631 10463
4632 10462
4633 10461
4634 10460
4635 10459
4636 10458
4637 10457
4638 10456
4639 10455
4640 10454
4641 10453
4642 10452
4643 10451
4644 10450
4645 10449
4646 10448
4647 10447
4648 10446
4649 10445
4650 10444
4651 10443
4652 10442
4653 10441
4654 10440
4655 10439
4656 10438
4657 10731
4658 7843
4659 7842
4660 7841
4661 7840
4662 7839
4663 7838
4664 7837
4665 7836
4666 7835
4667 7834
4668 7833
4669 10838
4670 10837
4671 10836
4672 10835
4673 10834
4674 10833
4675 10832
4676 10831
4677 10830
4678 10829
4679 10828
4680 10827
4681 10826
4682 10825
4683 10824
4684 10823
4685 10822
4686 10880
4687 10879
4688 10878
4689 10877
4690 10876
4691 10875
4692 10874
4693 10873
4694 10872
4695 10871
4696 10870
4697 10869
4698 10868
4699 10867
4700 10866
4701 11154
4702 7864
4703 7863
4704 7862
4705 7861
4706 7860
4707 7859
4708 7858
4709 7857
4710 7856
4711 7855
4712 7854
4713 11272
4714 11271
4715 11270
4716 11269
4717 11268
4718 11267
4719 11266
4720 11265
4721 11264
4722 11263
4723 11262
4724 11261
4725 11260
4726 11259
4727 11258
4728 11171
4729 11170
4730 11169
4731 11168
4732 11167
4733 11166
4734 11165
4735 11164
4736 11163
4737 11162
4738 11161
4739 11160
4740 11159
4741 11158
4742 11157
4743 11156
4744 11155
4745 11345
4746 11588
4747 11587
4748 11586
4749 11585
4750 11584
4751 11583
4752 11582
4753 11581
4754 11580
4755 11579
4756 11578
4757 11577
4758 11576
4759 11575
4760 11574
4761 11573
4762 11572
4763 11571
4764 11570
4765 11569
4766 11568
4767 11567
4768 11566
4769 11565
4770 11564
4771 7387
4772 7386
4773 7385
4774 7384
4775 7383
4776 7382
4777 7381
4778 7380
4779 7379
4780 7378
4781 11653
4782 11652
4783 11651
4784 11650
4785 11649
4786 11648
4787 11647
4788 11646
4789 11645
4790 11644
4791 11643
4792 11642
4793 11826
4794 11901
4795 11900
4796 11899
4797 11898
4798 11897
4799 11896
4800 11895
4801 12075
4802 12074
4803 12073
4804 12072
4805 12071
4806 12070
4807 12069
4808 12068
4809 12067
4810 12066
4811 12065
4812 12064
4813 12063
4814 12062
4815 12061
4816 12060
4817 12059
4818 12058
4819 12057
4820 12056
4821 12055
4822 12054
4823 12053
4824 12052
4825 12051
4826 12050
4827 12049
4828 12139
4829 12138
4830 12137
4831 12136
4832 12135
4833 12134
4834 12133
4835 12132
4836 12131
4837 12130
4838 12129
4839 12128
4840 12127
4841 12126
4842 12125
4843 12124
4844 12167
4845 12166
4846 12165
4847 12164
4848 12163
4849 12162
4850 12270
4851 12407
4852 12406
4853 12405
4854 12404
4855 12403
4856 12402
4857 12401
4858 12400
4859 12399
4860 12398
4861 12397
4862 12396
4863 12395
4864 12394
4865 12393
4866 12392
4867 12391
4868 12390
4869 12389
4870 12388
4871 12387
4872 12386
4873 12385
4874 12384
4875 7409
4876 7408
4877 7407
4878 7406
4879 7405
4880 7404
4881 7403
4882 7402
4883 7401
4884 7400
4885 7399
4886 12532
4887 12531
4888 12530
4889 12529
4890 12528
4891 12527
4892 12526
4893 12525
4894 12524
4895 12523
4896 12522
4897 12521
4898 12520
4899 12519
4900 12518
4901 12517
4902 12516
4903 12515
4904 12514
4905 12513
4906 12512
4907 12511
4908 12510
4909 12509
4910 12508
4911 12507
4912 12506
4913 12505
4914 12504
4915 12503
4916 12502
4917 12501
4918 12500
4919 12499
4920 12498
4921 12497
4922 12753
4923 7885
4924 7884
4925 7883
4926 7882
4927 7881
4928 7880
4929 7879
4930 7878
4931 7877
4932 7876
4933 7875
4934 7904
4935 7903
4936 7902
4937 7901
4938 7900
4939 7899
4940 7898
4941 7897
4942 7896
4943 7895
4944 7135
4945 7134
4946 7133
4947 7132
4948 7131
4949 7130
4950 7129
4951 7128
4952 7127
4953 7126
4954 7125
4955 7124
4956 7123
4957 7122
4958 7121
4959 7120
4960 7119
4961 7118
4962 7117
4963 7116
4964 7115
4965 7114
4966 7113
4967 7112
4968 7111
4969 7110
4970 7109
4971 7108
4972 7107
4973 7106
4976 12785
4977 12784
4978 12783
4979 12782
4980 12781
4981 12762
4982 12761
4983 12760
4984 12759
4985 12758
4986 12757
4987 12756
4988 12755
4989 12754
4990 12774
4991 7148
4992 7147
4993 7146
4994 7145
4995 7144
4996 7143
4997 7142
4998 7141
4999 7140
5000 7139
5001 7138
5002 7137
5003 7136
5004 7894
5005 7893
5006 7892
5007 7891
5008 7890
5009 7889
5010 7888
5011 7887
5012 7905
5013 7874
5014 7873
5015 7872
5016 7871
5017 7870
5018 7869
5019 7868
5020 7867
5021 7866
5022 7886
5023 12752
5024 12751
5025 12750
5026 12749
5027 12748
5028 12747
5029 12746
5030 12745
5031 12744
5032 12743
5033 12742
5034 12741
5035 12740
5036 12457
5037 12456
5038 12455
5039 12454
5040 12453
5041 12452
5042 12451
5043 12450
5044 12449
5045 12448
5046 12447
5047 12446
5048 12445
5049 12444
5050 12443
5051 12442
5052 12441
5053 12440
5054 12439
5055 12438
5056 12437
5057 12436
5058 12435
5059 12434
5060 12433
5061 12432
5062 12431
5063 12430
5064 12429
5065 12428
5066 12427
5067 12426
5068 12425
5069 12424
5070 12423
5071 12422
5072 12421
5073 12420
5074 12419
5075 12418
5076 12417
5077 12416
5078 12415
5079 12414
5080 12413
5081 12412
5082 12411
5083 12410
5084 12409
5085 12408
5086 12269
5087 12268
5088 12267
5089 12266
5090 12265
5091 12264
5092 12263
5093 12262
5094 12261
5095 12260
5096 12259
5097 12258
5098 12148
5099 12147
5100 12146
5101 12145
5102 12144
5103 12143
5104 12142
5105 12141
5106 12140
5107 12048
5108 12047
5109 12046
5110 12045
5111 12044
5112 12043
5113 12042
5114 12041
5115 12040
5116 12039
5117 12038
5118 12037
5119 12036
5120 11918
5121 11917
5122 11916
5123 11915
5124 11914
5125 11913
5126 11912
5127 11911
5128 11910
5129 11909
5130 11908
5131 11907
5132 11906
5133 11905
5134 11904
5135 11903
5136 11902
5137 11825
5138 11824
5139 11823
5140 11822
5141 11821
5142 11820
5143 11819
5144 11818
5145 11817
5146 11816
5147 11815
5148 11814
5149 11813
5150 11812
5151 11811
5152 11810
5153 11809
5154 11808
5155 11807
5156 11806
5157 11805
5158 11804
5159 11610
5160 11609
5161 11608
5162 11607
5163 11606
5164 11605
5165 11604
5166 11603
5167 11602
5168 11601
5169 11600
5170 11599
5171 11598
5172 11597
5173 11596
5174 11595
5175 11594
5176 11593
5177 11592
5178 11591
5179 11590
5180 11589
5181 11344
5182 11343
5183 11342
5184 11341
5185 11340
5186 11339
5187 11338
5188 11337
5189 11336
5190 11335
5191 11334
5192 11333
5193 11291
5194 11290
5195 11289
5196 11288
5197 11287
5198 11286
5199 11285
5200 11284
5201 11283
5202 11282
5203 11281
5204 11280
5205 11279
5206 11278
5207 11277
5208 11276
5209 11275
5210 11274
5211 11273
5212 7853
5213 7852
5214 7851
5215 7850
5216 7849
5217 7848
5218 7847
5219 7846
5220 7845
5221 7865
5222 11153
5223 11152
5224 11151
5225 11150
5226 11149
5227 11148
5228 11147
5229 11146
5230 11145
5231 11144
5232 11143
5233 11142
5234 11141
5235 11140
5236 11139
5237 11138
5238 11137
5239 11136
5240 11135
5241 11134
5242 11133
5243 11132
5244 11131
5245 11130
5246 10846
5247 10845
5248 10844
5249 10843
5250 10842
5251 10841
5252 10840
5253 10839
5254 7832
5255 7831
5256 7830
5257 7829
5258 7828
5259 7827
5260 7826
5261 7825
5262 7824
5263 7844
5264 10730
5265 10729
5266 10728
5267 10727
5268 10726
5269 10725
5270 10724
5271 10723
5272 10722
5273 10721
5274 10720
5275 10719
5276 10718
5277 10717
5278 10716
5279 10715
5280 10714
5281 10713
5282 10712
5283 10711
5284 10710
5285 10709
5286 10708
5287 10707
5288 10426
5289 10425
5290 10424
5291 10423
5292 10422
5293 10421
5294 10420
5295 10419
5296 10418
5297 10437
5298 10397
5299 10396
5300 10395
5301 10394
5302 10393
5303 10392
5304 10391
5305 10390
5306 10389
5307 10388
5308 10387
5309 10386
5310 10385
5311 10384
5312 10383
5313 10382
5314 10381
5315 10380
5316 10379
5317 10378
5318 10377
5319 10376
5320 10375
5321 10374
5322 10373
5323 10372
5324 10371
5325 10370
5326 10369
5327 10368
5328 10367
5329 10366
5330 10365
5331 10364
5332 10363
5333 10362
5334 10361
5335 10360
5336 10359
5337 10358
5338 10357
5339 10256
5340 10255
5341 10254
5342 10253
5343 10252
5344 10251
5345 10250
5346 10249
5347 10248
5348 10247
5349 10246
5350 9984
5351 9983
5352 9982
5353 9981
5354 9980
5355 9979
5356 9978
5357 9977
5358 9976
5359 9933
5360 9932
5361 9931
5362 9930
5363 9929
5364 9928
5365 9927
5366 9926
5367 9925
5368 9924
5369 9923
5370 9922
5371 9921
5372 9851
5373 9850
5374 9849
5375 9848
5376 9847
5377 9846
5378 9845
5379 9844
5380 9763
5381 9762
5382 9761
5383 9760
5384 9759
5385 9758
5386 9757
5387 9756
5388 9755
5389 9754
5390 9753
5391 9752
5392 9751
5393 9626
5394 9625
5395 9624
5396 9623
5397 9622
5398 9621
5399 9620
5400 9619
5401 9638
5402 9579
5403 9578
5404 9577
5405 9576
5406 9575
5407 9574
5408 9573
5409 9572
5410 9571
5411 9570
5412 9527
5413 9526
5414 9525
5415 9524
5416 9523
5417 9522
5418 9521
5419 9520
5420 9519
5421 9518
5422 9517
5423 9516
5424 9515
5425 9514
5426 9513
5427 9512
5428 9511
5429 9510
5430 9509
5431 9508
5432 9507
5433 9506
5434 9505
5435 9399
5436 9398
5437 9397
5438 9396
5439 9395
5440 9394
5441 9393
5442 9392
5443 9391
5444 9390
5445 9389
5446 9388
5447 9387
5448 9386
5449 9385
5450 9384
5451 9383
5452 9382
5453 9381
5454 9246
5455 9245
5456 9244
5457 9243
5458 9242
5459 9241
5460 9240
5461 9239
5462 9238
5463 9237
5464 9135
5465 9134
5466 9133
5467 9132
5468 9131
5469 9130
5470 9129
5471 9128
5472 9127
5473 9126
5474 9125
5475 9124
5476 9123
5477 9122
5478 9121
5479 9120
5480 9119
5481 9118
5482 9117
5483 9116
5484 9115
5485 9114
5486 9113
5487 8986
5488 8985
5489 8984
5490 8983
5491 8982
5492 8981
5493 8980
5494 8979
5495 8978
5496 8977
5497 9000
5498 8961
5499 8960
5500 8959
5501 8958
5502 8957
5503 8956
5504 8955
5505 8954
5506 8953
5507 8952
5508 8951
5509 8950
5510 8949
5511 8948
5512 8947
5513 8946
5514 8945
5515 8944
5516 8826
5517 8825
5518 8824
5519 8823
5520 8822
5521 8821
5522 8820
5523 8819
5524 8818
5525 8817
5526 8816
5527 8867
5528 8866
5529 8865
5530 8864
5531 8863
5532 8862
5533 8861
5534 8860
5535 8859
5536 8858
5537 8857
5538 8856
5539 8855
5540 8728
5541 8727
5542 8726
5543 8725
5544 8724
5545 8723
5546 8722
5547 8721
5548 8641
5549 8640
5550 8639
5551 8638
5552 8637
5553 8636
5554 8635
5555 8634
5556 8633
5557 8632
5558 8631
5559 8630
5560 8478
5561 8477
5562 8476
5563 8475
5564 8474
5565 8473
5566 8472
5567 8471
5568 8470
5569 8469
5570 8468
5571 8467
5572 8466
5573 8465
5574 8464
5575 8463
5576 8462
5577 8461
5578 8460
5579 8459
5580 8383
5581 8382
5582 8381
5583 8380
5584 8379
5585 8378
5586 8377
5587 8376
5588 8375
5589 8374
5590 8373
5591 8372
5592 8371
5593 8370
5594 8369
5595 8368
5596 8367
5597 8366
5598 8365
5599 8364
5600 8363
5601 8362
5602 8361
5603 8193
5604 8192
5605 8191
5606 8190
5607 8189
5608 8188
5609 8187
5610 8186
5611 7810
5612 7809
5613 7808
5614 7807
5615 7806
5616 7805
5617 7804
5618 7803
5619 7802
5620 7801
5621 7800
5622 7799
5623 7798
5626 7936
5627 7935
5628 7934
5629 7933
5630 7932
5631 7931
5632 7930
5633 7929
5634 7928
5635 7927
5636 7926
5637 7925
5638 7924
5639 7923
5640 7922
5641 8201
5642 8200
5643 8199
5644 8198
5645 8197
5646 8196
5647 8195
5648 8194
5649 8360
5650 8359
5651 8358
5652 8357
5653 8356
5654 8355
5655 8354
5656 8353
5657 8352
5658 8351
5659 8350
5660 8349
5661 8348
5662 8347
5663 8346
5664 8345
5665 8344
5666 8343
5667 8342
5668 8341
5669 8340
5670 8339
5671 8338
5672 8337
5673 8336
5674 8335
5675 8334
5676 8333
5677 8332
5678 8331
5679 8330
5680 8329
5681 8328
5682 8327
5683 8326
5684 8325
5685 8324
5686 8492
5687 8491
5688 8490
5689 8489
5690 8488
5691 8487
5692 8486
5693 8485
5694 8484
5695 8483
5696 8482
5697 8481
5698 8480
5699 8479
5700 8629
5701 8628
5702 8627
5703 8626
5704 8625
5705 8624
5706 8623
5707 8622
5708 8621
5709 8620
5710 8619
5711 8618
5712 8617
5713 8616
5714 8738
5715 8737
5716 8736
5717 8735
5718 8734
5719 8733
5720 8732
5721 8731
5722 8730
5723 8729
5724 8854
5725 8853
5726 8852
5727 8851
5728 8850
5729 8849
5730 8848
5731 8847
5732 8846
5733 8845
5734 8844
5735 8843
5736 8842
5737 8841
5738 8840
5739 8839
5740 8838
5741 8837
5742 8836
5743 8835
5744 8834
5745 8833
5746 8832
5747 8831
5748 8830
5749 8829
5750 8828
5751 8827
5752 8943
5753 8942
5754 8941
5755 8940
5756 8939
5757 8938
5758 8937
5759 8975
5760 8974
5761 8973
5762 8972
5763 8971
5764 8970
5765 8969
5766 8968
5767 8967
5768 8966
5769 8965
5770 8964
5771 8963
5772 8962
5773 8999
5774 8998
5775 8997
5776 8996
5777 8995
5778 8994
5779 8993
5780 8992
5781 8991
5782 8990
5783 8989
5784 8988
5785 8987
5786 9112
5787 9111
5788 9110
5789 9109
5790 9108
5791 9107
5792 9106
5793 9105
5794 9104
5795 9103
5796 9276
5797 9275
5798 9274
5799 9273
5800 9272
5801 9271
5802 9270
5803 9269
5804 9268
5805 9267
5806 9266
5807 9265
5808 9264
5809 9263
5810 9262
5811 9261
5812 9260
5813 9259
5814 9258
5815 9257
5816 9256
5817 9255
5818 9254
5819 9253
5820 9252
5821 9251
5822 9250
5823 9249
5824 9248
5825 9247
5826 9380
5827 9379
5828 9378
5829 9377
5830 9376
5831 9375
5832 9374
5833 9373
5834 9372
5835 9371
5836 9370
5837 9369
5838 9368
5839 9367
5840 9366
5841 9365
5842 7955
5843 7954
5844 7953
5845 7952
5846 7951
5847 7950
5848 7949
5849 7948
5850 7947
5851 9617
5852 9616
5853 9615
5854 9614
5855 9613
5856 9612
5857 9611
5858 9610
5859 9609
5860 9608
5861 9607
5862 9606
5863 9605
5864 9604
5865 9603
5866 9602
5867 9601
5868 9600
5869 9599
5870 9598
5871 9597
5872 9596
5873 9595
5874 9594
5875 9593
5876 9592
5877 9591
5878 9590
5879 9589
5880 9588
5881 9587
5882 9586
5883 9585
5884 9584
5885 9583
5886 9582
5887 9581
5888 9580
5889 9637
5890 9636
5891 9635
5892 9634
5893 9633
5894 9632
5895 9631
5896 9630
5897 9629
5898 9628
5899 9627
5900 9750
5901 9749
5902 9748
5903 9747
5904 9746
5905 9745
5906 9744
5907 9743
5908 9742
5909 9741
5910 9740
5911 9739
5912 9738
5913 9737
5914 9736
5915 9861
5916 9860
5917 9859
5918 9858
5919 9857
5920 9856
5921 9855
5922 9854
5923 9853
5924 9852
5925 9920
5926 9919
5927 9918
5928 9917
5929 9916
5930 9915
5931 9914
5932 9913
5933 9912
5934 9911
5935 9910
5936 9909
5937 9908
5938 9907
5939 9906
5940 9905
5941 9904
5942 9994
5943 9993
5944 9992
5945 9991
5946 9990
5947 9989
5948 9988
5949 9987
5950 9986
5951 9985
5952 10245
5953 10244
5954 10243
5955 10242
5956 10241
5957 10240
5958 10239
5959 10238
5960 10195
5961 10194
5962 10193
5963 10192
5964 10191
5965 10190
5966 10189
5967 10188
5968 10187
5969 10186
5970 10185
5971 10184
5972 10183
5973 10182
5974 10181
5975 10180
5976 10179
5977 10178
5978 10135
5979 10134
5980 10133
5981 10132
5982 10131
5983 10130
5984 10129
5985 10128
5986 10127
5987 10126
5988 10125
5989 10124
5990 10123
5991 10122
5992 10121
5993 10120
5994 10119
5995 10118
5996 10117
5997 10416
5998 10415
5999 10414
6000 10413
6001 10412
6002 10411
6003 10410
6004 10409
6005 10408
6006 10407
6007 10406
6008 10405
6009 10404
6010 10403
6011 10402
6012 10401
6013 10400
6014 10399
6015 10398
6016 10436
6017 10435
6018 10434
6019 10433
6020 10432
6021 10431
6022 10430
6023 10429
6024 10428
6025 10427
6026 10706
6027 10705
6028 10704
6029 10703
6030 10702
6031 10701
6032 10700
6033 10699
6034 10656
6035 10655
6036 10654
6037 10653
6038 10652
6039 10651
6040 10650
6041 10649
6042 10648
6043 10647
6044 10646
6045 10645
6046 10644
6047 10643
6048 10642
6049 10641
6050 10640
6051 7975
6052 7974
6053 7973
6054 7972
6055 7971
6056 7970
6057 7969
6058 7968
6059 7967
6060 10864
6061 10863
6062 10862
6063 10861
6064 10860
6065 10859
6066 10858
6067 10857
6068 10856
6069 10855
6070 10854
6071 10853
6072 10852
6073 10851
6074 10850
6075 10849
6076 10848
6077 10847
6078 11129
6079 11128
6080 11127
6081 11126
6082 11125
6083 11124
6084 11123
6085 11122
6086 11121
6087 11120
6088 11119
6089 11118
6090 11117
6091 11116
6092 11115
6093 11114
6094 11113
6095 11003
6096 11002
6097 11001
6098 11000
6099 10999
6100 10998
6101 10997
6102 10996
6103 10995
6104 10994
6105 10993
6106 10992
6107 10991
6108 10990
6109 10989
6110 10988
6111 10987
6112 10986
6113 10985
6114 10984
6115 10983
6116 10982
6117 10981
6118 10980
6119 10979
6120 10978
6121 10977
6122 10976
6123 10975
6124 10974
6125 7994
6126 7993
6127 7992
6128 7991
6129 7990
6130 7989
6131 7988
6132 7987
6133 7986
6134 11298
6135 11297
6136 11296
6137 11295
6138 11294
6139 11293
6140 11292
6141 11332
6142 11331
6143 11330
6144 11329
6145 11328
6146 11327
6147 11326
6148 11325
6149 11324
6150 11323
6151 11322
6152 11321
6153 11640
6154 11639
6155 11638
6156 11637
6157 11636
6158 11635
6159 11634
6160 11633
6161 11632
6162 11631
6163 11630
6164 11629
6165 11628
6166 11627
6167 11626
6168 11625
6169 11624
6170 11623
6171 11622
6172 11621
6173 11620
6174 11619
6175 11618
6176 11617
6177 11616
6178 11615
6179 11614
6180 11613
6181 11612
6182 11611
6183 11803
6184 11802
6185 11801
6186 11800
6187 11799
6188 11798
6189 11797
6190 11796
6191 11795
6192 11794
6193 11793
6194 11792
6195 11791
6196 11790
6197 11789
6198 11788
6199 11744
6200 11743
6201 11742
6202 11741
6203 11740
6204 11739
6205 11738
6206 11737
6207 11736
6208 11735
6209 11734
6210 11733
6211 11732
6212 11731
6213 11730
6214 11729
6215 11728
6216 11727
6217 11726
6218 11929
6219 11928
6220 11927
6221 11926
6222 11925
6223 11924
6224 11923
6225 11922
6226 11921
6227 11920
6228 11919
6229 12035
6230 12034
6231 12033
6232 12032
6233 12031
6234 12030
6235 12029
6236 12028
6237 12027
6238 12026
6239 12025
6240 12024
6241 12023
6242 12022
6243 12021
6244 12160
6245 12159
6246 12158
6247 12157
6248 12156
6249 12155
6250 12154
6251 12153
6252 12152
6253 12151
6254 12150
6255 12149
6256 12257
6257 12256
6258 12255
6259 12254
6260 12253
6261 12252
6262 12251
6263 12250
6264 12249
6265 12248
6266 12247
6267 12246
6268 12245
6269 12244
6270 12243
6271 12242
6272 8015
6273 8014
6274 8013
6275 8012
6276 8011
6277 8010
6278 8009
6279 8008
6280 8007
6281 8006
6282 8036
6283 8035
6284 8034
6285 8033
6286 8032
6287 8031
6288 8030
6289 8029
6290 8028
6291 8027
6292 12495
6293 12494
6294 12493
6295 12492
6296 12491
6297 12490
6298 12489
6299 12488
6300 12487
6301 12486
6302 12485
6303 12484
6304 12483
6305 12482
6306 12481
6307 12480
6308 12479
6309 12478
6310 12477
6311 12476
6312 12475
6313 12474
6314 12473
6315 12472
6316 12471
6317 12470
6318 12469
6319 12468
6320 12467
6321 12466
6322 12465
6323 12464
6324 12463
6325 12462
6326 12461
6327 12460
6328 12459
6329 12458
6330 12739
6331 12738
6332 12737
6333 12736
6334 12735
6335 12734
6336 12733
6337 12732
6338 12731
6339 12730
6340 12729
6341 12728
6342 12727
6343 12726
6344 12725
6345 12724
6346 8057
6347 8056
6348 8055
6349 8054
6350 8053
6351 8052
6352 8051
6353 8050
6354 8049
6355 8048
6356 8077
6357 8076
6358 8075
6359 8074
6360 8073
6361 8072
6362 8071
6363 8070
6364 8069
6365 8097
6366 8096
6367 8095
6368 8094
6369 8093
6370 8092
6371 8091
6372 8090
6373 8089
6374 8088
6375 7155
6376 7154
6377 7153
6378 7152
6379 7151
6380 7150
6381 7149
6382 12773
6383 12772
6384 12771
6385 12770
6386 12769
6387 12768
6388 12767
6389 12766
6390 12765
6391 12764
6392 12763
6393 12780
6394 12779
6395 12778
6396 12777
6397 12776
6398 12775
