1 8751
2 8750
3 4
5 8747
6 8746
7 8745
8 8744
9 8743
10 8742
11 8741
12 7625
13 7624
14 7623
15 7622
16 17
18 7619
19 7618
20 7617
21 7616
22 7615
23 7614
24 7613
25 12870
26 12869
27 12868
28 29
30 12865
31 12864
32 12863
33 12862
34 12861
35 12860
36 12859
37 12858
38 12857
39 12856
40 41
42 12853
43 12852
44 12851
45 12850
46 12849
47 12848
48 12847
49 12846
50 12845
51 52
53 12842
54 12841
55 12840
56 12839
57 12838
58 12837
59 60
61 12834
62 12833
63 12832
64 12831
65 12830
66 12829
67 68
69 12826
70 12825
71 12824
72 12823
73 8683
74 75
76 8680
77 8679
78 8678
79 8677
80 8676
81 82
83 8673
84 8662
85 8661
86 8660
87 8659
88 89
90 8656
91 8655
92 8654
93 8653
94 8652
95 12796
96 97
98 12793
99 12792
100 12791
101 12790
102 12789
103 12788
104 12787
105 12786
106 12785
107 12784
108 109
110 8354
111 8353
112 8352
113 8351
114 8350
115 8349
116 117
118 8346
119 8345
120 11606
121 11605
122 11604
123 124
125 11601
126 11600
127 11599
128 11598
129 11597
130 11596
131 132
133 11593
134 11592
135 11591
136 11590
137 11589
138 11588
139 140
141 11585
142 11584
143 11583
144 11582
145 11581
146 11580
147 148
149 11577
150 11953
151 11952
152 11951
153 11950
154 11949
155 11948
156 11947
157 158
159 8640
160 8639
161 8638
162 8637
163 8636
164 8635
165 166
167 8632
168 11076
169 11075
170 11074
171 11073
172 11072
173 11071
174 175
176 11068
177 11067
178 11066
179 11065
180 11064
181 11063
182 183
184 8320
185 8319
186 8318
187 8317
188 8316
189 8315
190 191
192 8312
193 8311
194 8310
195 8309
196 8308
197 8307
198 8306
199 200
201 8303
202 8302
203 8301
204 10352
205 10351
206 10350
207 10349
208 10348
209 210
211 10345
212 10344
213 10343
214 10342
215 10341
216 10340
217 218
219 10337
220 8622
221 8621
222 8620
223 8619
224 8618
225 8617
226 227
228 8614
229 8613
230 8602
231 8601
232 8600
233 8599
234 235
236 8596
237 8595
238 8594
239 8593
240 8592
241 8591
242 10298
243 244
245 10295
246 10294
247 10293
248 10292
249 10291
250 10290
251 252
253 10287
254 10286
255 10285
256 8289
257 8288
258 8287
259 8286
260 8285
261 8284
262 8283
263 8282
264 8281
265 8280
266 267
268 8268
269 8267
270 8266
271 8265
272 8264
273 8263
274 275
276 9315
277 9314
278 9313
279 9312
280 9311
281 9310
282 283
284 9307
285 9306
286 9305
287 9304
288 9303
289 290
291 9300
292 9299
293 9298
294 9297
295 9296
296 9295
297 298
299 9375
300 9374
301 9373
302 9372
303 9371
304 8581
305 306
307 8578
308 8577
309 8576
310 8575
311 8574
312 8573
313 8572
314 10161
315 10160
316 10159
317 318
319 10156
320 10155
321 10154
322 10153
323 10152
324 325
326 10149
327 10148
328 10147
329 10146
330 10145
331 332
333 10142
334 10141
335 10140
336 10139
337 338
339 10136
340 10135
341 10134
342 10133
343 10132
344 345
346 10129
347 10128
348 10127
349 10126
350 351
352 10123
353 10122
354 10121
355 10120
356 10119
357 358
359 10116
360 9504
361 9503
362 9502
363 9501
364 9500
365 9499
366 9498
367 368
369 8825
370 8824
371 8823
372 8822
373 8821
374 8820
375 376
377 8817
378 8816
379 8815
380 8814
381 8250
382 8249
383 8248
384 8247
385 386
387 8244
388 8243
389 8242
390 8241
391 8229
392 8228
393 8227
394 8226
395 396
397 8223
398 8222
399 8221
400 8220
401 8219
402 6957
403 6956
404 6955
405 406
407 6952
408 6951
409 6950
410 6949
411 6948
412 6947
413 6946
414 6945
417 6970
418 6969
419 6968
420 6967
421 6966
422 6965
423 6964
424 6963
425 426
427 6960
428 6959
429 6958
430 8240
431 8239
432 8238
433 8237
434 8236
435 436
437 8233
438 8232
439 8231
440 8230
441 8260
442 8259
443 8258
444 8257
445 446
447 8254
448 8253
449 8252
450 8251
451 8813
452 8812
453 8811
454 8810
455 456
457 8807
458 8806
459 8805
460 8804
461 8803
462 8802
463 464
465 9511
466 9510
467 9509
468 9508
469 9507
470 9506
471 9505
472 473
474 10113
475 10112
476 10111
477 10110
478 10109
479 480
481 10106
482 10105
483 10104
484 10103
485 10102
486 487
488 9758
489 9757
490 9756
491 9755
492 493
494 9752
495 9751
496 9750
497 9749
498 9748
499 500
501 9412
502 9411
503 9410
504 9409
505 506
507 9406
508 9405
509 9404
510 9403
511 9402
512 513
514 9399
515 9398
516 9397
517 9396
518 519
520 9393
521 9392
522 9391
523 9390
524 9389
525 9388
526 527
528 9385
529 9384
530 9383
531 9382
532 9381
533 534
535 9378
536 9294
537 9293
538 9292
539 9291
540 541
542 9288
543 9287
544 9286
545 9285
546 9284
547 9283
548 549
550 9280
551 9322
552 9321
553 9320
554 9319
555 556
557 9316
558 8279
559 8278
560 8277
561 8276
562 563
564 8273
565 8272
566 8271
567 8300
568 8299
569 8298
570 571
572 8295
573 8294
574 8293
575 8292
576 8291
577 8290
578 10284
579 10283
580 581
582 10280
583 10279
584 10278
585 10639
586 10638
587 10637
588 589
590 10634
591 10633
592 10632
593 10631
594 10630
595 596
597 10627
598 10626
599 10625
600 10624
601 10623
602 10622
603 604
605 10619
606 10618
607 10617
608 10616
609 10615
610 611
612 10612
613 10611
614 10368
615 10367
616 10366
617 10365
618 619
620 10362
621 10361
622 10360
623 10359
624 10358
625 10357
626 10356
627 10355
628 10354
629 10353
630 8344
631 8343
632 633
634 8340
635 8339
636 8338
637 8337
638 8336
639 8335
640 641
642 8332
643 8331
644 8330
645 8329
646 8328
647 8327
648 649
650 8324
651 8323
652 11062
653 11061
654 11060
655 656
657 11057
658 11056
659 11055
660 11054
661 11053
662 11052
663 664
665 11049
666 11048
667 11047
668 11046
669 11045
670 671
672 11042
673 11041
674 11040
675 11039
676 11961
677 11960
678 11959
679 11958
680 11957
681 11956
682 11955
683 11954
684 685
686 11574
687 11573
688 11572
689 11571
690 11570
691 11569
692 693
694 11566
695 11565
696 11624
697 11623
698 11622
699 700
701 11619
702 11618
703 11617
704 11616
705 11615
706 707
708 11612
709 11611
710 11610
711 11609
712 11608
713 11607
714 715
716 8366
717 8365
718 8364
719 8363
720 8362
721 722
723 8359
724 8358
725 8357
726 12783
727 12782
728 729
730 12779
731 12778
732 12777
733 12776
734 12775
735 12774
736 12773
737 738
739 12770
740 12769
741 12768
742 12767
743 8408
744 745
746 8405
747 8404
748 8403
749 8402
750 751
752 8399
753 8398
754 8397
755 8396
756 8395
757 758
759 8392
760 7829
761 7828
762 7827
763 7826
764 765
766 7823
767 7822
768 7821
769 7820
770 7819
771 772
773 7816
774 7815
775 7814
776 7813
777 7812
778 779
780 7809
781 7767
782 7766
783 7765
784 7764
785 7763
786 7762
787 7761
788 7760
789 7759
790 7758
791 7757
792 793
794 7754
795 12885
796 12884
797 12883
798 12882
799 12881
800 12880
801 12879
802 12878
803 804
805 12875
806 12874
807 12873
808 12872
809 12871
810 7612
811 7611
812 7610
813 7609
814 815
816 7606
817 7605
818 7604
819 7603
820 7602
821 7601
822 7600
823 7599
824 7598
825 7597
826 827
828 7594
829 7593
830 7592
831 7591
832 7590
833 7589
836 8123
837 838
839 8120
840 8119
841 8118
842 8117
843 8116
844 8115
845 12930
846 12929
847 848
849 12926
850 12925
851 12924
852 12923
853 8189
854 8188
855 8187
856 8186
857 8185
858 859
860 8182
861 8181
862 8180
863 8179
864 8178
865 8177
866 8176
867 8175
868 869
870 8172
871 8171
872 8170
873 8169
874 8168
875 8167
876 8166
877 878
879 7779
880 7778
881 7777
882 7776
883 7775
884 7774
885 7773
886 7772
887 888
889 7769
890 7768
891 7808
892 7807
893 7806
894 7805
895 896
897 7802
898 7801
899 7842
900 7841
901 7840
902 903
904 7837
905 7836
906 7835
907 7834
908 909
910 7831
911 7830
912 8391
913 8390
914 8389
915 916
917 8386
918 8385
919 8384
920 8383
921 922
923 8380
924 8379
925 8378
926 12744
927 928
929 12741
930 12740
931 12739
932 12738
933 12737
934 935
936 12734
937 12733
938 12732
939 12731
940 12730
941 12729
942 12728
943 12727
944 12726
945 946
947 12723
948 12722
949 12721
950 11721
951 11720
952 953
954 11717
955 11716
956 11715
957 11714
958 11642
959 960
961 11639
962 11638
963 11637
964 11636
965 11635
966 967
968 11632
969 11631
970 11630
971 11629
972 11628
973 974
975 11625
976 11564
977 11563
978 11562
979 980
981 11559
982 11558
983 11557
984 11973
985 11972
986 987
988 11969
989 11968
990 11967
991 11966
992 11965
993 11964
994 11963
995 11962
996 11038
997 11037
998 999
1000 11034
1001 11033
1002 11032
1003 11031
1004 1005
1006 11028
1007 11027
1008 11026
1009 11025
1010 12090
1011 1012
1013 12087
1014 12086
1015 12085
1016 12084
1017 12083
1018 1019
1020 12080
1021 12079
1022 12078
1023 12077
1024 10404
1025 1026
1027 10401
1028 10400
1029 10399
1030 10398
1031 10397
1032 1033
1034 10394
1035 10393
1036 10392
1037 10391
1038 10390
1039 1040
1041 10387
1042 10386
1043 10385
1044 10384
1045 10383
1046 10382
1047 10381
1048 10380
1049 10379
1050 10378
1051 1052
1053 10375
1054 10374
1055 10373
1056 10372
1057 10371
1058 1059
1060 10610
1061 10609
1062 10608
1063 10607
1064 10606
1065 1066
1067 10603
1068 10602
1069 10601
1070 10600
1071 10599
1072 1073
1074 10596
1075 10595
1076 10667
1077 10666
1078 10665
1079 1080
1081 10662
1082 10661
1083 10880
1084 10879
1085 10878
1086 1087
1088 10875
1089 10874
1090 10873
1091 10872
1092 10871
1093 1094
1095 10868
1096 10867
1097 8095
1098 8094
1099 8093
1100 8092
1101 8091
1102 8090
1103 8089
1104 8088
1105 1106
1107 9115
1108 9114
1109 9113
1110 9112
1111 9111
1112 1113
1114 9108
1115 9330
1116 9329
1117 9328
1118 9327
1119 1120
1121 9324
1122 9323
1123 9279
1124 9278
1125 9277
1126 1127
1128 9274
1129 9273
1130 9272
1131 9271
1132 9270
1133 1134
1135 9267
1136 9266
1137 9265
1138 9264
1139 1140
1141 9261
1142 9260
1143 9259
1144 9258
1145 9257
1146 1147
1148 9254
1149 9253
1150 9252
1151 9251
1152 9250
1153 9249
1154 9248
1155 1156
1157 9245
1158 9244
1159 9243
1160 8075
1161 1162
1163 8072
1164 8071
1165 8070
1166 8069
1167 8068
1168 1169
1170 9774
1171 9773
1172 9772
1173 9771
1174 1175
1176 9768
1177 9767
1178 9766
1179 9765
1180 1181
1182 9762
1183 9761
1184 9760
1185 9759
1186 1187
1188 10097
1189 10096
1190 10095
1191 10094
1192 10093
1193 1194
1195 10090
1196 10089
1197 10088
1198 10087
1199 10086
1200 1201
1202 10031
1203 10030
1204 10029
1205 10028
1206 10027
1207 10026
1208 10025
1209 1210
1211 10022
1212 10021
1213 10020
1214 10019
1215 10018
1216 10017
1217 1218
1219 10014
1220 10013
1221 10012
1222 10011
1223 8055
1224 8054
1225 8053
1226 1227
1228 8050
1229 8049
1230 8048
1231 8047
1232 8046
1233 7081
1234 7080
1235 7079
1236 1237
1238 7076
1239 7075
1240 7074
1241 7073
1242 7072
1243 7071
1244 7070
1245 7069
1246 7068
1247 1248
1249 7065
1250 7064
1251 7063
1252 7062
1253 7061
1254 7060
1255 7059
1256 7058
1259 7140
1260 7139
1261 7138
1262 7137
1263 7136
1264 7135
1265 7134
1266 7133
1267 1268
1269 7095
1270 7094
1271 7093
1272 7092
1273 7091
1274 7090
1275 7089
1276 7088
1277 7087
1278 1279
1280 7084
1281 7083
1282 7082
1283 8065
1284 8064
1285 8063
1286 8062
1287 8061
1288 1289
1290 8058
1291 8057
1292 8056
1293 10010
1294 10009
1295 10008
1296 10007
1297 1298
1299 10004
1300 10003
1301 10002
1302 10001
1303 10000
1304 9999
1305 1306
1307 10038
1308 10037
1309 10036
1310 10035
1311 10034
1312 10033
1313 10032
1314 1315
1316 10081
1317 10080
1318 10079
1319 10078
1320 10077
1321 1322
1323 10074
1324 10073
1325 10072
1326 10071
1327 1328
1329 10068
1330 10067
1331 10066
1332 10065
1333 1334
1335 9785
1336 9784
1337 9783
1338 9782
1339 9781
1340 1341
1342 9778
1343 9777
1344 9776
1345 9775
1346 1347
1348 8083
1349 8082
1350 8081
1351 8080
1352 1353
1354 8077
1355 8076
1356 9242
1357 9241
1358 1359
1360 9238
1361 9237
1362 9236
1363 9235
1364 9234
1365 9233
1366 9232
1367 9231
1368 1369
1370 9228
1371 9227
1372 8967
1373 8966
1374 1375
1376 8963
1377 8962
1378 8961
1379 8960
1380 1381
1382 8957
1383 8956
1384 8955
1385 9140
1386 9139
1387 1388
1389 9136
1390 9135
1391 9134
1392 9133
1393 1394
1395 9130
1396 9129
1397 9128
1398 9127
1399 9126
1400 1401
1402 9123
1403 9122
1404 9121
1405 9120
1406 1407
1408 9117
1409 9116
1410 8105
1411 8104
1412 8103
1413 1414
1415 8100
1416 8099
1417 8098
1418 8097
1419 8096
1420 10866
1421 10865
1422 1423
1424 10862
1425 10861
1426 10860
1427 10859
1428 1429
1430 10678
1431 10677
1432 10676
1433 10675
1434 10674
1435 1436
1437 10671
1438 10670
1439 10669
1440 10668
1441 1442
1443 10592
1444 10591
1445 10590
1446 10589
1447 10588
1448 1449
1450 10585
1451 10584
1452 10583
1453 10582
1454 1455
1456 10495
1457 10494
1458 10493
1459 10492
1460 10491
1461 1462
1463 10488
1464 10487
1465 10486
1466 10485
1467 1468
1469 11248
1470 11247
1471 11246
1472 11245
1473 11244
1474 11243
1475 11242
1476 1477
1478 10420
1479 10419
1480 10418
1481 10417
1482 10416
1483 1484
1485 10413
1486 10412
1487 10411
1488 10410
1489 1490
1491 10407
1492 10406
1493 10405
1494 12076
1495 12075
1496 1497
1498 12072
1499 12071
1500 12070
1501 12069
1502 1503
1504 12066
1505 12065
1506 12064
1507 12063
1508 1509
1510 12060
1511 12059
1512 12058
1513 12057
1514 12056
1515 1516
1517 12053
1518 11990
1519 11989
1520 11988
1521 1522
1523 11985
1524 11984
1525 11983
1526 11982
1527 11981
1528 11980
1529 11979
1530 1531
1532 11976
1533 11975
1534 11974
1535 11556
1536 11555
1537 1538
1539 11552
1540 11551
1541 11550
1542 11549
1543 1544
1545 11546
1546 11545
1547 11544
1548 11543
1549 11542
1550 1551
1552 11539
1553 11737
1554 11736
1555 11735
1556 1557
1558 11732
1559 11731
1560 11730
1561 11729
1562 1563
1564 11726
1565 11725
1566 11724
1567 11723
1568 11722
1569 1570
1571 12718
1572 12717
1573 12716
1574 12715
1575 1576
1577 12712
1578 12711
1579 12710
1580 12709
1581 12708
1582 12707
1583 12706
1584 1585
1586 12703
1587 12702
1588 12701
1589 12700
1590 1591
1592 12697
1593 12696
1594 12695
1595 12694
1596 1597
1598 12691
1599 12690
1600 12689
1601 12591
1602 1603
1604 12588
1605 12587
1606 12586
1607 12585
1608 1609
1610 12582
1611 12581
1612 12580
1613 12579
1614 1615
1616 7847
1617 7846
1618 7845
1619 7844
1620 7843
1621 1622
1623 7798
1624 7797
1625 7796
1626 7795
1627 1628
1629 7792
1630 7791
1631 7790
1632 7789
1633 7788
1634 7787
1635 7786
1636 7785
1637 7784
1638 7783
1639 7782
1640 1641
1642 8163
1643 8162
1644 8161
1645 8160
1646 8159
1647 8158
1648 8157
1649 1650
1651 12954
1652 12953
1653 12952
1654 12951
1655 12950
1656 12949
1657 12948
1658 1659
1660 12945
1661 12944
1662 12943
1663 12942
1664 12941
1665 12940
1666 12939
1667 12938
1668 1669
1670 12935
1671 12934
1672 12933
1673 12932
1674 12931
1675 8114
1676 8113
1677 8112
1678 1679
1680 8109
1681 8108
1682 8107
1683 8106
1686 7534
1687 7533
1688 7532
1689 7531
1690 7530
1691 7529
1692 7528
1693 1694
1695 6754
1696 6753
1697 6752
1698 6751
1699 6750
1700 6749
1701 6748
1702 6747
1703 1704
1705 7953
1706 7952
1707 7951
1708 7950
1709 7949
1710 7948
1711 7947
1712 1713
1714 7944
1715 7943
1716 7942
1717 7941
1718 7940
1719 7939
1720 7938
1721 1722
1723 7935
1724 7934
1725 7933
1726 7932
1727 7931
1728 7930
1729 1730
1731 7927
1732 7926
1733 7925
1734 7924
1735 7883
1736 7882
1737 7881
1738 1739
1740 7878
1741 7877
1742 7876
1743 7875
1744 1745
1746 7872
1747 7871
1748 7870
1749 7869
1750 7868
1751 1752
1753 12608
1754 12607
1755 12606
1756 1757
1758 12603
1759 12602
1760 12601
1761 12600
1762 1763
1764 12597
1765 12596
1766 12595
1767 12594
1768 1769
1770 12688
1771 12687
1772 12686
1773 12685
1774 1775
1776 12682
1777 12681
1778 12680
1779 1780
1781 12677
1782 12676
1783 12675
1784 12674
1785 1786
1787 7441
1788 7440
1789 7439
1790 7438
1791 7437
1792 1793
1794 11822
1795 11821
1796 11820
1797 11819
1798 1799
1800 11816
1801 11815
1802 11814
1803 11813
1804 1805
1806 11810
1807 11809
1808 11765
1809 11764
1810 1811
1812 11761
1813 11760
1814 11759
1815 11758
1816 1817
1818 11494
1819 11493
1820 11492
1821 11491
1822 1823
1824 11488
1825 11487
1826 11486
1827 11485
1828 1829
1830 11482
1831 11481
1832 11480
1833 11479
1834 1835
1836 11476
1837 11475
1838 11474
1839 11473
1840 1841
1842 12003
1843 12002
1844 12001
1845 12000
1846 11999
1847 1848
1849 11996
1850 11995
1851 11994
1852 11993
1853 1854
1855 12052
1856 12051
1857 12050
1858 12049
1859 1860
1861 12046
1862 12045
1863 12044
1864 12043
1865 1866
1867 12040
1868 12039
1869 12038
1870 12037
1871 1872
1873 6733
1874 6732
1875 6731
1876 6730
1877 1878
1879 6727
1880 6726
1881 6725
1882 7434
1883 1884
1885 7431
1886 7430
1887 7429
1888 7428
1889 1890
1891 10424
1892 10423
1893 10422
1894 10421
1895 1896
1897 11237
1898 11236
1899 11235
1900 11234
1901 11233
1902 11232
1903 1904
1905 10508
1906 10507
1907 10506
1908 10505
1909 1910
1911 10502
1912 10501
1913 10500
1914 10499
1915 1916
1917 10496
1918 10579
1919 10578
1920 10577
1921 1922
1923 10574
1924 10573
1925 10572
1926 10571
1927 1928
1929 10568
1930 10567
1931 10566
1932 10565
1933 1934
1935 10562
1936 10561
1937 10560
1938 10559
1939 1940
1941 10556
1942 10555
1943 10554
1944 10553
1945 1946
1947 10769
1948 10768
1949 10767
1950 10766
1951 1952
1953 10763
1954 10762
1955 10761
1956 10760
1957 10759
1958 10758
1959 10757
1960 10756
1961 10755
1962 1963
1964 9034
1965 9033
1966 9032
1967 9031
1968 1969
1970 9028
1971 9027
1972 9026
1973 9025
1974 1975
1976 6693
1977 6692
1978 6691
1979 6690
1980 1981
1982 6687
1983 6686
1984 6685
1985 6684
1986 1987
1988 8981
1989 8980
1990 8979
1991 8978
1992 1993
1994 8975
1995 8974
1996 8973
1997 8972
1998 8971
1999 2000
2001 8968
2002 9226
2003 9225
2004 9224
2005 2006
2007 9221
2008 9220
2009 9219
2010 9218
2011 9217
2012 9216
2013 9215
2014 9214
2015 2016
2017 9211
2018 9615
2019 9614
2020 9613
2021 2022
2023 9610
2024 9609
2025 9608
2026 9607
2027 2028
2029 9604
2030 9603
2031 9602
2032 9601
2033 2034
2035 9598
2036 9597
2037 9596
2038 9595
2039 2040
2041 6671
2042 6670
2043 6669
2044 6668
2045 2046
2047 6665
2048 6664
2049 6652
2050 6651
2051 2052
2053 6648
2054 6647
2055 6646
2056 6645
2057 6644
2058 2059
2060 9890
2061 9889
2062 9888
2063 9887
2064 9886
2065 9885
2066 9884
2067 2068
2069 9881
2070 9880
2071 9879
2072 9878
2073 9877
2074 9876
2075 2076
2077 9873
2078 9872
2079 9871
2080 9870
2081 7385
2082 7384
2083 7383
2084 2085
2086 7380
2087 7379
2088 7378
2089 7377
2090 7376
2091 7375
2092 7374
2093 7373
2094 2095
2096 7370
2097 7369
2098 7368
2099 7105
2100 7104
2101 7103
2102 7102
2103 7101
2104 2105
2106 7098
2107 7132
2108 7131
2109 7130
2110 7129
2111 7128
2112 7127
2113 7126
2114 7125
2117 6789
2118 6788
2119 6787
2120 6786
2121 6785
2122 6784
2123 6783
2124 6782
2125 6781
2126 2127
2128 6778
2129 6777
2130 6776
2131 6775
2132 6774
2133 6773
2134 6772
2135 6771
2136 6770
2137 2138
2139 6767
2140 7345
2141 7344
2142 7343
2143 7342
2144 7341
2145 7340
2146 2147
2148 7337
2149 7336
2150 7335
2151 9869
2152 9868
2153 9867
2154 9866
2155 2156
2157 9863
2158 9862
2159 9861
2160 9860
2161 9859
2162 9858
2163 2164
2165 9897
2166 9896
2167 9895
2168 9894
2169 9893
2170 9892
2171 9891
2172 2173
2174 6661
2175 6660
2176 6659
2177 6658
2178 2179
2180 6655
2181 6654
2182 6653
2183 6683
2184 2185
2186 6680
2187 6679
2188 6678
2189 6677
2190 2191
2192 6674
2193 9594
2194 9593
2195 9592
2196 2197
2198 9589
2199 9588
2200 9587
2201 9628
2202 2203
2204 9625
2205 9624
2206 9623
2207 9622
2208 2209
2210 9619
2211 9618
2212 9617
2213 9616
2214 2215
2216 9208
2217 9207
2218 9206
2219 9205
2220 9204
2221 9203
2222 9202
2223 9201
2224 9200
2225 2226
2227 9197
2228 9196
2229 9195
2230 9194
2231 2232
2233 9191
2234 9190
2235 9189
2236 9188
2237 2238
2239 8990
2240 8989
2241 8988
2242 8987
2243 2244
2245 8984
2246 6704
2247 6703
2248 6702
2249 2250
2251 6699
2252 6698
2253 6697
2254 2255
2256 6694
2257 9022
2258 9021
2259 9020
2260 2261
2262 9017
2263 9016
2264 6724
2265 6723
2266 2267
2268 6720
2269 6719
2270 6718
2271 2272
2273 6715
2274 6714
2275 10784
2276 10783
2277 10782
2278 10781
2279 10780
2280 2281
2282 10777
2283 10776
2284 10775
2285 10774
2286 2287
2288 10552
2289 10551
2290 10550
2291 2292
2293 10547
2294 10546
2295 10545
2296 10544
2297 2298
2299 10541
2300 10540
2301 10539
2302 2303
2304 10536
2305 10535
2306 10534
2307 10533
2308 2309
2310 10530
2311 10529
2312 10528
2313 10527
2314 2315
2316 10524
2317 10523
2318 10522
2319 2320
2321 10519
2322 10518
2323 10517
2324 10516
2325 2326
2327 10513
2328 10512
2329 10511
2330 11231
2331 11230
2332 11229
2333 11228
2334 11227
2335 2336
2337 11224
2338 7398
2339 7397
2340 7396
2341 2342
2343 7393
2344 7392
2345 7391
2346 7390
2347 2348
2349 7387
2350 7386
2351 6746
2352 2353
2354 6743
2355 6742
2356 6741
2357 6740
2358 2359
2360 6737
2361 6736
2362 12036
2363 12035
2364 2365
2366 12032
2367 12031
2368 12030
2369 2370
2371 12027
2372 12026
2373 12025
2374 12024
2375 2376
2377 12021
2378 12020
2379 12019
2380 2381
2382 12016
2383 12015
2384 12014
2385 12013
2386 12012
2387 12011
2388 12010
2389 12009
2390 2391
2392 12006
2393 11472
2394 11471
2395 11470
2396 2397
2398 11467
2399 11466
2400 11465
2401 11464
2402 2403
2404 11461
2405 11460
2406 11459
2407 11458
2408 2409
2410 11455
2411 11779
2412 11778
2413 11777
2414 2415
2416 11774
2417 11773
2418 11772
2419 2420
2421 11769
2422 11768
2423 11767
2424 11766
2425 2426
2427 11806
2428 11805
2429 11804
2430 11803
2431 2432
2433 11800
2434 7453
2435 7452
2436 7451
2437 2438
2439 7448
2440 7447
2441 7446
2442 7445
2443 7444
2444 7443
2445 7442
2446 2447
2448 12669
2449 12668
2450 12667
2451 2452
2453 12664
2454 12663
2455 12662
2456 12661
2457 2458
2459 12658
2460 12657
2461 12656
2462 2463
2464 12653
2465 12652
2466 12651
2467 2468
2469 12648
2470 12647
2471 12646
2472 12645
2473 2474
2475 12642
2476 12641
2477 12640
2478 12639
2479 2480
2481 12636
2482 12635
2483 12634
2484 2485
2486 7895
2487 7894
2488 7893
2489 7892
2490 2491
2492 7889
2493 7888
2494 7887
2495 7886
2496 7885
2497 7884
2498 7923
2499 7922
2500 7921
2501 7920
2502 2503
2504 7917
2505 7916
2506 7915
2507 7978
2508 7977
2509 2510
2511 7974
2512 7973
2513 7972
2514 7971
2515 7970
2516 7969
2517 7968
2518 2519
2520 7965
2521 7964
2522 7963
2523 7962
2524 7961
2525 7960
2526 2527
2528 7957
2529 7956
2530 6766
2531 6765
2532 6764
2533 6763
2534 6762
2535 2536
2537 6759
2538 6758
2539 6757
2540 7527
2541 7526
2542 7525
2543 7524
2544 2545
2546 7521
2547 7520
2550 13046
2551 13045
2552 2553
2554 13042
2555 13041
2556 13040
2557 13039
2558 13038
2559 13037
2560 13036
2561 13035
2562 13034
2563 13033
2564 13032
2565 13031
2566 13030
2567 7998
2568 7997
2569 7996
2570 7995
2571 7994
2572 7993
2573 7992
2574 7991
2575 7990
2576 7989
2577 7988
2578 7987
2579 7986
2580 7985
2581 7984
2582 7983
2583 7982
2584 7981
2585 7980
2586 7979
2587 7914
2588 7913
2589 7912
2590 7911
2591 7910
2592 7909
2593 7908
2594 7907
2595 7906
2596 7905
2597 7904
2598 7903
2599 7902
2600 7901
2601 7900
2602 7899
2603 7898
2604 7897
2605 7896
2606 12631
2607 12630
2608 12629
2609 2610
2611 12626
2612 12625
2613 12624
2614 12623
2615 12622
2616 12621
2617 12620
2618 12619
2619 12618
2620 12512
2621 12511
2622 12510
2623 12509
2624 12508
2625 12507
2626 12506
2627 12505
2628 12504
2629 12503
2630 12502
2631 12501
2632 12500
2633 12499
2634 12498
2635 7468
2636 7467
2637 7466
2638 7465
2639 7464
2640 7463
2641 7462
2642 7461
2643 7460
2644 7459
2645 7458
2646 7457
2647 7456
2648 7455
2649 7454
2650 11799
2651 11798
2652 11797
2653 11796
2654 11795
2655 11794
2656 11793
2657 11792
2658 11791
2659 2660
2661 11788
2662 11787
2663 11786
2664 11785
2665 11784
2666 11783
2667 11782
2668 11781
2669 11780
2670 11454
2671 11453
2672 11452
2673 11451
2674 11450
2675 11449
2676 11448
2677 11447
2678 11446
2679 11445
2680 11444
2681 11443
2682 11442
2683 11441
2684 11440
2685 11439
2686 6886
2687 6885
2688 6884
2689 6883
2690 6882
2691 6881
2692 6880
2693 6879
2694 6878
2695 6877
2696 6876
2697 6866
2698 6865
2699 6864
2700 6863
2701 6862
2702 6861
2703 6860
2704 6859
2705 6858
2706 6857
2707 12171
2708 12170
2709 12169
2710 12168
2711 12167
2712 2713
2714 12164
2715 7415
2716 7414
2717 7413
2718 7412
2719 7411
2720 7410
2721 7409
2722 7408
2723 7407
2724 7406
2725 7405
2726 7404
2727 7403
2728 7402
2729 7401
2730 7400
2731 7399
2732 11223
2733 11222
2734 11221
2735 11220
2736 11219
2737 11218
2738 11217
2739 11216
2740 11215
2741 11214
2742 11213
2743 11212
2744 11211
2745 11210
2746 11209
2747 11208
2748 6846
2749 6845
2750 6844
2751 6843
2752 6842
2753 6841
2754 6840
2755 6839
2756 6838
2757 6837
2758 6836
2759 2760
2761 6824
2762 6823
2763 6822
2764 6821
2765 6820
2766 6819
2767 6818
2768 6817
2769 6816
2770 6815
2771 10799
2772 10798
2773 10797
2774 10796
2775 10795
2776 10794
2777 10793
2778 10792
2779 10791
2780 10790
2781 10789
2782 10788
2783 10787
2784 10786
2785 10785
2786 6713
2787 6712
2788 6711
2789 6710
2790 6709
2791 6708
2792 6707
2793 6706
2794 6705
2795 2796
2797 9013
2798 9012
2799 9011
2800 9010
2801 9009
2802 9008
2803 9007
2804 9006
2805 9005
2806 9004
2807 9003
2808 9002
2809 9001
2810 9000
2811 8999
2812 8998
2813 8997
2814 8996
2815 8995
2816 8994
2817 8993
2818 9187
2819 9186
2820 9185
2821 9184
2822 9183
2823 9182
2824 9181
2825 9180
2826 9179
2827 9178
2828 9177
2829 9176
2830 9175
2831 9646
2832 9645
2833 9644
2834 9643
2835 9642
2836 9641
2837 9640
2838 9639
2839 9638
2840 9637
2841 9636
2842 9635
2843 9634
2844 9633
2845 9632
2846 9631
2847 9630
2848 9629
2849 9586
2850 9585
2851 9584
2852 9583
2853 9582
2854 9581
2855 9580
2856 9579
2857 9578
2858 9577
2859 9576
2860 9575
2861 9574
2862 9573
2863 9572
2864 9571
2865 9570
2866 9569
2867 9568
2868 9567
2869 9911
2870 9910
2871 9909
2872 9908
2873 9907
2874 9906
2875 9905
2876 9904
2877 9903
2878 9902
2879 9901
2880 9900
2881 9857
2882 9856
2883 9855
2884 9854
2885 9853
2886 9852
2887 9851
2888 9850
2889 9849
2890 9848
2891 9847
2892 9846
2893 9845
2894 7353
2895 7352
2896 7351
2897 7350
2898 7349
2899 7348
2900 7347
2901 7346
2902 6814
2903 6813
2904 6812
2905 6811
2906 6810
2907 6809
2908 6808
2909 6807
2910 6806
2911 6805
2912 6804
2913 6803
2914 6802
2915 6801
2916 6800
2917 6799
2918 6798
2919 6797
2920 6796
2921 6795
2922 6794
2925 7209
2926 7208
2927 7207
2928 7206
2929 7205
2930 7204
2931 7203
2932 7202
2933 7201
2934 7200
2935 7199
2936 7198
2937 7197
2938 7196
2939 7195
2940 7194
2941 7193
2942 7192
2943 7191
2944 7190
2945 7189
2946 7188
2947 7187
2948 7186
2949 7229
2950 7228
2951 7227
2952 7226
2953 7225
2954 7224
2955 7223
2956 7222
2957 7221
2958 7220
2959 9925
2960 9924
2961 9923
2962 9922
2963 9921
2964 9920
2965 9919
2966 9918
2967 9917
2968 9916
2969 9915
2970 9914
2971 9913
2972 9912
2973 9566
2974 9565
2975 9564
2976 9563
2977 9562
2978 9561
2979 9560
2980 7251
2981 7250
2982 7249
2983 7248
2984 7247
2985 7246
2986 7245
2987 7244
2988 7243
2989 7242
2990 7241
2991 7271
2992 7270
2993 7269
2994 7268
2995 7267
2996 7266
2997 7265
2998 7264
2999 7263
3000 7262
3001 7292
3002 7291
3003 7290
3004 7289
3005 7288
3006 7287
3007 7286
3008 7285
3009 7284
3010 7283
3011 7282
3012 7314
3013 7313
3014 7312
3015 7311
3016 7310
3017 7309
3018 7308
3019 7307
3020 7306
3021 7305
3022 7304
3023 7334
3024 7333
3025 7332
3026 7331
3027 7330
3028 7329
3029 7328
3030 7327
3031 7326
3032 7325
3033 10823
3034 10822
3035 10821
3036 10820
3037 10819
3038 10818
3039 10817
3040 10816
3041 10815
3042 10814
3043 10813
3044 10812
3045 10811
3046 10810
3047 10809
3048 10808
3049 10807
3050 10806
3051 10805
3052 10804
3053 10803
3054 10802
3055 10801
3056 10800
3057 6835
3058 6834
3059 6833
3060 6832
3061 6831
3062 6830
3063 6829
3064 6828
3065 6827
3066 6856
3067 6855
3068 6854
3069 6853
3070 6852
3071 6851
3072 6850
3073 6849
3074 6848
3075 6847
3076 11207
3077 11206
3078 11205
3079 11204
3080 11203
3081 11202
3082 11201
3083 11200
3084 11199
3085 11198
3086 12195
3087 12194
3088 12193
3089 12192
3090 12191
3091 12190
3092 12189
3093 12188
3094 12187
3095 12186
3096 12185
3097 12184
3098 12183
3099 12182
3100 12181
3101 12180
3102 12179
3103 12178
3104 12177
3105 12176
3106 12175
3107 12174
3108 12173
3109 12172
3110 6875
3111 6874
3112 6873
3113 6872
3114 6871
3115 6870
3116 6869
3117 6868
3118 6867
3119 6896
3120 6895
3121 6894
3122 6893
3123 6892
3124 6891
3125 6890
3126 6889
3127 6888
3128 6887
3129 11438
3130 11437
3131 11436
3132 11435
3133 11434
3134 11433
3135 11432
3136 11431
3137 11430
3138 11429
3139 11428
3140 11427
3141 11426
3142 11425
3143 11424
3144 11423
3145 11422
3146 11421
3147 11420
3148 11419
3149 7491
3150 7490
3151 7489
3152 7488
3153 7487
3154 7486
3155 7485
3156 7484
3157 7483
3158 7482
3159 7481
3160 7480
3161 7479
3162 7478
3163 7477
3164 7476
3165 7475
3166 7474
3167 7473
3168 7472
3169 7471
3170 7470
3171 7469
3172 12497
3173 12496
3174 12495
3175 12494
3176 12493
3177 12492
3178 12491
3179 12490
3180 12489
3181 12488
3182 12487
3183 12486
3184 12485
3185 12484
3186 12483
3187 12482
3188 12481
3189 12480
3190 12479
3191 12478
3192 12477
3193 13102
3194 13101
3195 13100
3196 13099
3197 13098
3198 13097
3199 13096
3200 13095
3201 13094
3202 13093
3203 13092
3204 13091
3205 13090
3206 13089
3207 13088
3208 13087
3209 13086
3210 13085
3211 13084
3212 13083
3213 13082
3214 13081
3215 13080
3216 13079
3217 13078
3218 13077
3219 13076
3220 13075
3221 13074
3222 13073
3223 13072
3224 13071
3225 13070
3226 13069
3227 13068
3228 13067
3229 13066
3230 13065
3231 13064
3232 13063
3233 13062
3234 13061
3235 13060
3236 13059
3237 13058
3238 13057
3239 13056
3240 13055
3241 13054
3242 13053
3243 13052
3244 13051
3247 8045
3248 8044
3249 8043
3250 8042
3251 8041
3252 8040
3253 8039
3254 8038
3255 8037
3256 8036
3257 8035
3258 8034
3259 8033
3260 8032
3261 8031
3262 8030
3263 8029
3264 8028
3265 8027
3266 8026
3267 8025
3268 8024
3269 8023
3270 8022
3271 8021
3272 8020
3273 8019
3274 8018
3275 8017
3276 8016
3277 13124
3278 13123
3279 13122
3280 13121
3281 13120
3282 13119
3283 13118
3284 13117
3285 13116
3286 13115
3287 13114
3288 13113
3289 13112
3290 13111
3291 13110
3292 13109
3293 13108
3294 13107
3295 13106
3296 13105
3297 13104
3298 13103
3299 12476
3300 12475
3301 12474
3302 12473
3303 12472
3304 12471
3305 12470
3306 12469
3307 12468
3308 12467
3309 12466
3310 12465
3311 12464
3312 12463
3313 12462
3314 12537
3315 12536
3316 12535
3317 12534
3318 12533
3319 12532
3320 12531
3321 12530
3322 7511
3323 7510
3324 7509
3325 7508
3326 7507
3327 7506
3328 7505
3329 7504
3330 7503
3331 7502
3332 7501
3333 7500
3334 7499
3335 7498
3336 7497
3337 7496
3338 7495
3339 7494
3340 7493
3341 7492
3342 11418
3343 11417
3344 11416
3345 11415
3346 11414
3347 11413
3348 11412
3349 11411
3350 11410
3351 11409
3352 11408
3353 11407
3354 11406
3355 11405
3356 11404
3357 11403
3358 11402
3359 11401
3360 11400
3361 11399
3362 11398
3363 11397
3364 11396
3365 11395
3366 11394
3367 11352
3368 11351
3369 11350
3370 11349
3371 11348
3372 11347
3373 11346
3374 11345
3375 12149
3376 12148
3377 12147
3378 12146
3379 12145
3380 12144
3381 12143
3382 12142
3383 12141
3384 12140
3385 12139
3386 12138
3387 12137
3388 12136
3389 12135
3390 12134
3391 12133
3392 12132
3393 12131
3394 12130
3395 12129
3396 12128
3397 12127
3398 12202
3399 12201
3400 12200
3401 12199
3402 12198
3403 12197
3404 12196
3405 11197
3406 11196
3407 11195
3408 11194
3409 11193
3410 11192
3411 11191
3412 11190
3413 11189
3414 11188
3415 11187
3416 11186
3417 11185
3418 11184
3419 11183
3420 11182
3421 11181
3422 11180
3423 11179
3424 11178
3425 11177
3426 11176
3427 11175
3428 11174
3429 11173
3430 10714
3431 10713
3432 10712
3433 10711
3434 10710
3435 10709
3436 10708
3437 10707
3438 10842
3439 10841
3440 10840
3441 10839
3442 10838
3443 10837
3444 10836
3445 10835
3446 10834
3447 10833
3448 10832
3449 10831
3450 10830
3451 10829
3452 10828
3453 10827
3454 10826
3455 10825
3456 10824
3457 7324
3458 7323
3459 7322
3460 7321
3461 7320
3462 7319
3463 7318
3464 7317
3465 7316
3466 7315
3467 7303
3468 7302
3469 7301
3470 7300
3471 7299
3472 7298
3473 7297
3474 7296
3475 7295
3476 7294
3477 7293
3478 7281
3479 7280
3480 7279
3481 7278
3482 7277
3483 7276
3484 7275
3485 7274
3486 7273
3487 7272
3488 7261
3489 7260
3490 7259
3491 7258
3492 7257
3493 7256
3494 7255
3495 7254
3496 7253
3497 7252
3498 7240
3499 7239
3500 7238
3501 7237
3502 7236
3503 7235
3504 7234
3505 7233
3506 7232
3507 7231
3508 7230
3509 9559
3510 9558
3511 9557
3512 9556
3513 9555
3514 9554
3515 9940
3516 9939
3517 9938
3518 9937
3519 9936
3520 9935
3521 9934
3522 9933
3523 9932
3524 9931
3525 9930
3526 9929
3527 9928
3528 9927
3529 9926
3530 7219
3531 7218
3532 7217
3533 7216
3534 7215
3535 7214
3536 7213
3537 7212
3538 7211
3539 7210
3540 7185
3541 7184
3542 7183
3543 7182
3544 7181
3545 7180
3546 7179
3547 7178
3548 7177
3549 7176
3550 7175
3551 7174
3552 7173
3553 7172
3554 7171
3555 7170
3556 8131
3557 8130
3558 8129
3559 8128
3560 8127
3561 8126
3562 8125
3563 8124
3566 7120
3567 7119
3568 7118
3569 7117
3570 7116
3571 7115
3572 7114
3573 7113
3574 7112
3575 7111
3576 7110
3577 7109
3578 7108
3579 7107
3580 7106
3581 7367
3582 7366
3583 7365
3584 7364
3585 7363
3586 7362
3587 7361
3588 7360
3589 7359
3590 7358
3591 7357
3592 7356
3593 7355
3594 7354
3595 9844
3596 9843
3597 9842
3598 9841
3599 9840
3600 9839
3601 9838
3602 9837
3603 9836
3604 9835
3605 9834
3606 9833
3607 9832
3608 9831
3609 9830
3610 9829
3611 9828
3612 9827
3613 9826
3614 9825
3615 9824
3616 9823
3617 9822
3618 9821
3619 9820
3620 9819
3621 9818
3622 9817
3623 9816
3624 9815
3625 9814
3626 9813
3627 9812
3628 9811
3629 9810
3630 9809
3631 9808
3632 9807
3633 9806
3634 9805
3635 9804
3636 9803
3637 9802
3638 9801
3639 9800
3640 9799
3641 9798
3642 9662
3643 9661
3644 9660
3645 9659
3646 9658
3647 9657
3648 9656
3649 9655
3650 9654
3651 9653
3652 9652
3653 9651
3654 9650
3655 9649
3656 9648
3657 9647
3658 9174
3659 9173
3660 9172
3661 9171
3662 9170
3663 9169
3664 9168
3665 9167
3666 9166
3667 9165
3668 9164
3669 9163
3670 9162
3671 9161
3672 9160
3673 9159
3674 9158
3675 9157
3676 9156
3677 9155
3678 9154
3679 9153
3680 9152
3681 9151
3682 9150
3683 9149
3684 9047
3685 9046
3686 9045
3687 9044
3688 9043
3689 9042
3690 9041
3691 9040
3692 9039
3693 9038
3694 9037
3695 9036
3696 9035
3697 10752
3698 10751
3699 10750
3700 10749
3701 10748
3702 10747
3703 10746
3704 10745
3705 10850
3706 10849
3707 10848
3708 10847
3709 10846
3710 10845
3711 10844
3712 10843
3713 10706
3714 10705
3715 10704
3716 10703
3717 10702
3718 10701
3719 10700
3720 10699
3721 10698
3722 10697
3723 10696
3724 10695
3725 10694
3726 10461
3727 10460
3728 10459
3729 10458
3730 10457
3731 10456
3732 10455
3733 10454
3734 10453
3735 10452
3736 10451
3737 10450
3738 10449
3739 10448
3740 10447
3741 10446
3742 10445
3743 3744
3745 10442
3746 10441
3747 10440
3748 10439
3749 10438
3750 10437
3751 10436
3752 10435
3753 10434
3754 10433
3755 10432
3756 10431
3757 10430
3758 10429
3759 10428
3760 10427
3761 7427
3762 7426
3763 7425
3764 7424
3765 7423
3766 7422
3767 7421
3768 7420
3769 7419
3770 7418
3771 7417
3772 7416
3773 12163
3774 12162
3775 12161
3776 12160
3777 12159
3778 12158
3779 12157
3780 12156
3781 12155
3782 12154
3783 12153
3784 12152
3785 12151
3786 12150
3787 11344
3788 11343
3789 11342
3790 11341
3791 3792
3793 11338
3794 11337
3795 11336
3796 11335
3797 11334
3798 11333
3799 11332
3800 11331
3801 11518
3802 11517
3803 11516
3804 11515
3805 11514
3806 11513
3807 11512
3808 11511
3809 11510
3810 11509
3811 11508
3812 11507
3813 11506
3814 11505
3815 11504
3816 11503
3817 11502
3818 11501
3819 11500
3820 11499
3821 11498
3822 11497
3823 11757
3824 11756
3825 11755
3826 11754
3827 11753
3828 11752
3829 11751
3830 11750
3831 11749
3832 11832
3833 11831
3834 11830
3835 11829
3836 11828
3837 11827
3838 11826
3839 11825
3840 11824
3841 11823
3842 7519
3843 7518
3844 7517
3845 7516
3846 7515
3847 7514
3848 7513
3849 7512
3850 12529
3851 12528
3852 12527
3853 12526
3854 12525
3855 12524
3856 12523
3857 12522
3858 12521
3859 12520
3860 12519
3861 12518
3862 12517
3863 12516
3864 12515
3865 12514
3866 12513
3867 12617
3868 12616
3869 12615
3870 12614
3871 12613
3872 12612
3873 12611
3874 12610
3875 12609
3876 7865
3877 7864
3878 7863
3879 7862
3880 7861
3881 7860
3882 7859
3883 7858
3884 13142
3885 13141
3886 13140
3887 13139
3888 13138
3889 13137
3890 13136
3891 13135
3892 13134
3893 13133
3894 13132
3895 13131
3896 13130
3897 13129
3898 13128
3899 13127
3900 13126
3901 13125
3902 8015
3903 8014
3904 8013
3905 8012
3906 8011
3907 8010
3908 8009
3909 8008
3910 8007
3911 8006
3912 8005
3913 8004
3914 8003
3915 8002
3916 8001
3917 8000
3918 7999
3919 13029
3920 13028
3921 13027
3922 13026
3923 13025
3924 13024
3925 13023
3926 13022
3927 7546
3928 7545
3929 7544
3930 7543
3931 7542
3932 7541
3933 7540
3934 7539
3937 7554
3938 7553
3939 7552
3940 7551
3941 7550
3942 7549
3943 7548
3944 7547
3945 13021
3946 13020
3947 13019
3948 13018
3949 13017
3950 13016
3951 13015
3952 13014
3953 12971
3954 12970
3955 12969
3956 12968
3957 12967
3958 12966
3959 12965
3960 12964
3961 12963
3962 12962
3963 12961
3964 12960
3965 12959
3966 12958
3967 12957
3968 8156
3969 8155
3970 8154
3971 8153
3972 8152
3973 8151
3974 8150
3975 8149
3976 8148
3977 8147
3978 8146
3979 8145
3980 8144
3981 13149
3982 13148
3983 13147
3984 13146
3985 13145
3986 13144
3987 13143
3988 7857
3989 7856
3990 7855
3991 7854
3992 7853
3993 7852
3994 7851
3995 7850
3996 7849
3997 7848
3998 12576
3999 12575
4000 12574
4001 12573
4002 12572
4003 12571
4004 12570
4005 12569
4006 12568
4007 12567
4008 12566
4009 12565
4010 12564
4011 12563
4012 12562
4013 12561
4014 12560
4015 12559
4016 12558
4017 12557
4018 12556
4019 12555
4020 12554
4021 12553
4022 12552
4023 12551
4024 12550
4025 12549
4026 11846
4027 11845
4028 11844
4029 11843
4030 11842
4031 11841
4032 11840
4033 11839
4034 11838
4035 11837
4036 11836
4037 11835
4038 11834
4039 11833
4040 11748
4041 11747
4042 11746
4043 11745
4044 11744
4045 11743
4046 11742
4047 11741
4048 11740
4049 11739
4050 11738
4051 11538
4052 11537
4053 11536
4054 11535
4055 11534
4056 11533
4057 11532
4058 11531
4059 11530
4060 11529
4061 11528
4062 11527
4063 11526
4064 11525
4065 11524
4066 11523
4067 11522
4068 11521
4069 11520
4070 11519
4071 11330
4072 11329
4073 11328
4074 11327
4075 11326
4076 11325
4077 11324
4078 11323
4079 11322
4080 11321
4081 11320
4082 11319
4083 11318
4084 11317
4085 11316
4086 11315
4087 11314
4088 11313
4089 11312
4090 11311
4091 11310
4092 11309
4093 11308
4094 11307
4095 11306
4096 11305
4097 11304
4098 11303
4099 12116
4100 12115
4101 12114
4102 12113
4103 12112
4104 12111
4105 12110
4106 12109
4107 11264
4108 11263
4109 11262
4110 11261
4111 11260
4112 11259
4113 11258
4114 11257
4115 11256
4116 11255
4117 11254
4118 11253
4119 11252
4120 11251
4121 11250
4122 11249
4123 10482
4124 10481
4125 10480
4126 10479
4127 10478
4128 10477
4129 10476
4130 10475
4131 10474
4132 10473
4133 10472
4134 10471
4135 10470
4136 10469
4137 10468
4138 10467
4139 10466
4140 10465
4141 10464
4142 10463
4143 10462
4144 10693
4145 10692
4146 10691
4147 10690
4148 10689
4149 10688
4150 10687
4151 10686
4152 10685
4153 10684
4154 10683
4155 10682
4156 10681
4157 10858
4158 10857
4159 10856
4160 10855
4161 10854
4162 10853
4163 10852
4164 10851
4165 10744
4166 10743
4167 10742
4168 10741
4169 10740
4170 10739
4171 10738
4172 10737
4173 9060
4174 9059
4175 9058
4176 9057
4177 9056
4178 9055
4179 9054
4180 9053
4181 9052
4182 9051
4183 9050
4184 9049
4185 9048
4186 9148
4187 9147
4188 9146
4189 9145
4190 9144
4191 9143
4192 9142
4193 9141
4194 8954
4195 8953
4196 8952
4197 8951
4198 8950
4199 8949
4200 8948
4201 8947
4202 8946
4203 8945
4204 8944
4205 8943
4206 8942
4207 8941
4208 8940
4209 8939
4210 8938
4211 8937
4212 8936
4213 8935
4214 9676
4215 9675
4216 9674
4217 9673
4218 9672
4219 9671
4220 9670
4221 9669
4222 9668
4223 9667
4224 9666
4225 9665
4226 9664
4227 9663
4228 9797
4229 9796
4230 9795
4231 9794
4232 9793
4233 9792
4234 9791
4235 9790
4236 9789
4237 9788
4238 10064
4239 10063
4240 10062
4241 10061
4242 10060
4243 10059
4244 10058
4245 10057
4246 10056
4247 10055
4248 10054
4249 10053
4250 10052
4251 10051
4252 10050
4253 10049
4254 10048
4255 10047
4256 10046
4257 10045
4258 10044
4259 10043
4260 10042
4261 10041
4262 9998
4263 9997
4264 9996
4265 9995
4266 9994
4267 9993
4268 9992
4269 9991
4270 9990
4271 9989
4272 9988
4273 9987
4274 9986
4275 9985
4276 9984
4277 9983
4278 9982
4279 9981
4280 9980
4281 9979
4282 9978
4283 9977
4284 9976
4285 9975
4286 9974
4287 7161
4288 7160
4289 7159
4290 7158
4291 7157
4292 7156
4293 7155
4294 7154
4295 7153
4296 7152
4297 7151
4298 7150
4299 7149
4300 7148
4301 7147
4302 7146
4303 7145
4306 8139
4307 8138
4308 8137
4309 8136
4310 8135
4311 8134
4312 8133
4313 8132
4314 7169
4315 7168
4316 7167
4317 7166
4318 7165
4319 7164
4320 7163
4321 7162
4322 9973
4323 9972
4324 9971
4325 9970
4326 9969
4327 9968
4328 9967
4329 9966
4330 9965
4331 9964
4332 9963
4333 9962
4334 9961
4335 9960
4336 9959
4337 9958
4338 9957
4339 9956
4340 9955
4341 9954
4342 9953
4343 9952
4344 9951
4345 9950
4346 9949
4347 9948
4348 9947
4349 9946
4350 9945
4351 9944
4352 9943
4353 9942
4354 9941
4355 9553
4356 9552
4357 9551
4358 9550
4359 9549
4360 9548
4361 9698
4362 9697
4363 9696
4364 9695
4365 9694
4366 9693
4367 9692
4368 9691
4369 9690
4370 9689
4371 9688
4372 9687
4373 9686
4374 9685
4375 9684
4376 9683
4377 9682
4378 9681
4379 9680
4380 9679
4381 9678
4382 9677
4383 8934
4384 8933
4385 8932
4386 8931
4387 8930
4388 8929
4389 8928
4390 8927
4391 8926
4392 8925
4393 8924
4394 8923
4395 8922
4396 8921
4397 8920
4398 8919
4399 8918
4400 8917
4401 8916
4402 8915
4403 9075
4404 9074
4405 9073
4406 9072
4407 9071
4408 9070
4409 9069
4410 9068
4411 9067
4412 9066
4413 9065
4414 9064
4415 9063
4416 9062
4417 9061
4418 10736
4419 10735
4420 10734
4421 10733
4422 10732
4423 10731
4424 10730
4425 10729
4426 10728
4427 10727
4428 10726
4429 10725
4430 10724
4431 10723
4432 10722
4433 10721
4434 10720
4435 10719
4436 10718
4437 10717
4438 10716
4439 10715
4440 11172
4441 11171
4442 11170
4443 11169
4444 11168
4445 11167
4446 11166
4447 11165
4448 11164
4449 11163
4450 11162
4451 11161
4452 11160
4453 11159
4454 11158
4455 11157
4456 12217
4457 12216
4458 12215
4459 12214
4460 12213
4461 12212
4462 12211
4463 12210
4464 12209
4465 12208
4466 12207
4467 12206
4468 12205
4469 12204
4470 12203
4471 12126
4472 12125
4473 12124
4474 12123
4475 12122
4476 12121
4477 12120
4478 12119
4479 12118
4480 12117
4481 11302
4482 11301
4483 11300
4484 11299
4485 11298
4486 11297
4487 11296
4488 11295
4489 11364
4490 11363
4491 11362
4492 11361
4493 11360
4494 11359
4495 11358
4496 11357
4497 11356
4498 11355
4499 11354
4500 11353
4501 11393
4502 11392
4503 11391
4504 11390
4505 11389
4506 11388
4507 11387
4508 11386
4509 11385
4510 11879
4511 11878
4512 11877
4513 11876
4514 11875
4515 11874
4516 11873
4517 11872
4518 11871
4519 11870
4520 11869
4521 11868
4522 11867
4523 11866
4524 11865
4525 11864
4526 11863
4527 11862
4528 11861
4529 11860
4530 11859
4531 11858
4532 11857
4533 11856
4534 11855
4535 11854
4536 11853
4537 11852
4538 11851
4539 11850
4540 11849
4541 11848
4542 11847
4543 12548
4544 12547
4545 12546
4546 12545
4547 12544
4548 12543
4549 12542
4550 12541
4551 12540
4552 12539
4553 12538
4554 12461
4555 12460
4556 12459
4557 12458
4558 12457
4559 12456
4560 12455
4561 12454
4562 12453
4563 13209
4564 13208
4565 13207
4566 13206
4567 13205
4568 13204
4569 13203
4570 13202
4571 13201
4572 13200
4573 13199
4574 13198
4575 13197
4576 13196
4577 13195
4578 13194
4579 13193
4580 13192
4581 13191
4582 13190
4583 13189
4584 13188
4585 13187
4586 13186
4587 13185
4588 13184
4589 13183
4590 13182
4591 13181
4592 13180
4593 13179
4594 12982
4595 12981
4596 12980
4597 12979
4598 12978
4599 12977
4600 12976
4601 12975
4602 12974
4603 12973
4604 12972
4605 13013
4606 13012
4607 13011
4608 13010
4609 13009
4610 13008
4611 13007
4612 13006
4613 13005
4614 13004
4615 7562
4616 7561
4617 7560
4618 7559
4621 7566
4622 7565
4623 7564
4624 7563
4625 13003
4626 13002
4627 13001
4628 13000
4629 12999
4630 12998
4631 12997
4632 12996
4633 12995
4634 12994
4635 12993
4636 12992
4637 12991
4638 12990
4639 12989
4640 12988
4641 12987
4642 12986
4643 12985
4644 12984
4645 12983
4646 13178
4647 13177
4648 13176
4649 13175
4650 13174
4651 13173
4652 13172
4653 13171
4654 13170
4655 13169
4656 13168
4657 13167
4658 13166
4659 13165
4660 13164
4661 13163
4662 13162
4663 13161
4664 13160
4665 13159
4666 13158
4667 13219
4668 13218
4669 13217
4670 13216
4671 13215
4672 13214
4673 13213
4674 13212
4675 13211
4676 13210
4677 12452
4678 12451
4679 12450
4680 12449
4681 12448
4682 12447
4683 12446
4684 12445
4685 12444
4686 12443
4687 12442
4688 12441
4689 12440
4690 12439
4691 12438
4692 12437
4693 12436
4694 12435
4695 12434
4696 12433
4697 12432
4698 12431
4699 12430
4700 12429
4701 11668
4702 11667
4703 11666
4704 11665
4705 11664
4706 11663
4707 11662
4708 11661
4709 11660
4710 11659
4711 11658
4712 11657
4713 11656
4714 11655
4715 11654
4716 11653
4717 11652
4718 11651
4719 11889
4720 11888
4721 11887
4722 11886
4723 11885
4724 11884
4725 11883
4726 11882
4727 11881
4728 11880
4729 11384
4730 11383
4731 11382
4732 11381
4733 11380
4734 11379
4735 11378
4736 11377
4737 11376
4738 11375
4739 11374
4740 11373
4741 11372
4742 11371
4743 11370
4744 11369
4745 11368
4746 11367
4747 11366
4748 11365
4749 11294
4750 11293
4751 11292
4752 11291
4753 11290
4754 11289
4755 11288
4756 11287
4757 11286
4758 11285
4759 11284
4760 11283
4761 11282
4762 11281
4763 11280
4764 11279
4765 11278
4766 11277
4767 11276
4768 11275
4769 11274
4770 11273
4771 12228
4772 12227
4773 12226
4774 12225
4775 12224
4776 12223
4777 12222
4778 12221
4779 12220
4780 12219
4781 12218
4782 11156
4783 11155
4784 11154
4785 11153
4786 11152
4787 11151
4788 11150
4789 11149
4790 11148
4791 11147
4792 11146
4793 11145
4794 11144
4795 11143
4796 10913
4797 10912
4798 10911
4799 10910
4800 10909
4801 10908
4802 10907
4803 10906
4804 10905
4805 10904
4806 10903
4807 10902
4808 10901
4809 10900
4810 10899
4811 10898
4812 10897
4813 10896
4814 9094
4815 9093
4816 9092
4817 9091
4818 9090
4819 9089
4820 9088
4821 9087
4822 9086
4823 9085
4824 9084
4825 9083
4826 9082
4827 9081
4828 9080
4829 9079
4830 9078
4831 9077
4832 9076
4833 8914
4834 8913
4835 8912
4836 8911
4837 8910
4838 8909
4839 8908
4840 8907
4841 8906
4842 8905
4843 8904
4844 8903
4845 8902
4846 8483
4847 8482
4848 8481
4849 8480
4850 8479
4851 8478
4852 8477
4853 8476
4854 8475
4855 8474
4856 8473
4857 8472
4858 8471
4859 9441
4860 9440
4861 9439
4862 9438
4863 9437
4864 9436
4865 9435
4866 9707
4867 9706
4868 9705
4869 9704
4870 9703
4871 9702
4872 9701
4873 9700
4874 9699
4875 9547
4876 9546
4877 9545
4878 9544
4879 9543
4880 9542
4881 9541
4882 9540
4883 9539
4884 9538
4885 9537
4886 9536
4887 9535
4888 8780
4889 8779
4890 8778
4891 8777
4892 8776
4893 8775
4894 8774
4895 8773
4896 8772
4897 8771
4898 8770
4899 8769
4900 8768
4901 8438
4902 8437
4903 8436
4904 8435
4905 8434
4906 8433
4907 8432
4908 8431
4909 7030
4910 7029
4911 7028
4912 7027
4913 7026
4914 7025
4915 7024
4916 7023
4917 7022
4918 7021
4919 7020
4920 7019
4921 7018
4922 7017
4923 7016
4924 7015
4925 7014
4926 7013
4927 7012
4928 7011
4929 7010
4932 7053
4933 7052
4934 7051
4935 7050
4936 7049
4937 7048
4938 7047
4939 7046
4940 7045
4941 7044
4942 7043
4943 7042
4944 7041
4945 7040
4946 7039
4947 7038
4948 7037
4949 7036
4950 7035
4951 7034
4952 7033
4953 7032
4954 7031
4955 8430
4956 8429
4957 8428
4958 8427
4959 8426
4960 8425
4961 8424
4962 8423
4963 8422
4964 8421
4965 8420
4966 8793
4967 8792
4968 8791
4969 8790
4970 8789
4971 8788
4972 8787
4973 8786
4974 8785
4975 8784
4976 8783
4977 8782
4978 8781
4979 9534
4980 9533
4981 9532
4982 9531
4983 9530
4984 9529
4985 9528
4986 9527
4987 9726
4988 9725
4989 9724
4990 9723
4991 9722
4992 9721
4993 9720
4994 9719
4995 9718
4996 9717
4997 9716
4998 9715
4999 9714
5000 9713
5001 9712
5002 9711
5003 9710
5004 9709
5005 9708
5006 9434
5007 9433
5008 9432
5009 9431
5010 9430
5011 9429
5012 9428
5013 9427
5014 9426
5015 9425
5016 9424
5017 8496
5018 8495
5019 8494
5020 8493
5021 8492
5022 8491
5023 8490
5024 8489
5025 8488
5026 8487
5027 8486
5028 8485
5029 8484
5030 8901
5031 8900
5032 8899
5033 8898
5034 8897
5035 8896
5036 8895
5037 8894
5038 9348
5039 9347
5040 9346
5041 9345
5042 9344
5043 9343
5044 9342
5045 9341
5046 9340
5047 9339
5048 9338
5049 9337
5050 9336
5051 9335
5052 9334
5053 9333
5054 9332
5055 9331
5056 9107
5057 9106
5058 9105
5059 9104
5060 9103
5061 9102
5062 9101
5063 9100
5064 9099
5065 9098
5066 9097
5067 9096
5068 9095
5069 10895
5070 10894
5071 10893
5072 10892
5073 10891
5074 10890
5075 10889
5076 10888
5077 10887
5078 10886
5079 10885
5080 10884
5081 10883
5082 10882
5083 10881
5084 10660
5085 10659
5086 10658
5087 10657
5088 10656
5089 10655
5090 10654
5091 10653
5092 12257
5093 12256
5094 12255
5095 12254
5096 12253
5097 12252
5098 12251
5099 12250
5100 12249
5101 12248
5102 12247
5103 12246
5104 12245
5105 12244
5106 12243
5107 12242
5108 12241
5109 12240
5110 12239
5111 12238
5112 12237
5113 12236
5114 12235
5115 12234
5116 12233
5117 12232
5118 12231
5119 12230
5120 12229
5121 11272
5122 11271
5123 11270
5124 11269
5125 11268
5126 11267
5127 11266
5128 11265
5129 12108
5130 12107
5131 12106
5132 12105
5133 12104
5134 12103
5135 12102
5136 12101
5137 12100
5138 12099
5139 12098
5140 12097
5141 12096
5142 12095
5143 12094
5144 12093
5145 12092
5146 12091
5147 11024
5148 11023
5149 11022
5150 11021
5151 11020
5152 11019
5153 11018
5154 11017
5155 11016
5156 11917
5157 11916
5158 11915
5159 11914
5160 11913
5161 11912
5162 11911
5163 11910
5164 11909
5165 11908
5166 11907
5167 11906
5168 11905
5169 11904
5170 11903
5171 11902
5172 11901
5173 11900
5174 11899
5175 11898
5176 11897
5177 11896
5178 11895
5179 11894
5180 11893
5181 11892
5182 11891
5183 11890
5184 11650
5185 11649
5186 11648
5187 11647
5188 11646
5189 11645
5190 11644
5191 11643
5192 11713
5193 11712
5194 11711
5195 11710
5196 11709
5197 11708
5198 11707
5199 11706
5200 11705
5201 11704
5202 11703
5203 11702
5204 11701
5205 11700
5206 11699
5207 11698
5208 12756
5209 12755
5210 12754
5211 12753
5212 12752
5213 12751
5214 12750
5215 12749
5216 12748
5217 12747
5218 12746
5219 12745
5220 8377
5221 8376
5222 8375
5223 8374
5224 8373
5225 8372
5226 8371
5227 8370
5228 8369
5229 13237
5230 13236
5231 13235
5232 13234
5233 13233
5234 13232
5235 13231
5236 13230
5237 13229
5238 13228
5239 13227
5240 13226
5241 13225
5242 13224
5243 13223
5244 13222
5245 13221
5246 13220
5247 13157
5248 13156
5249 13155
5250 13154
5251 13153
5252 13152
5253 13151
5254 13150
5255 8218
5256 8217
5257 8216
5258 8215
5259 8214
5260 8213
5261 8212
5262 8211
5263 8210
5264 8209
5265 8208
5266 8207
5267 8206
5268 8205
5269 8204
5270 8203
5271 8202
5272 8201
5273 8200
5274 8199
5275 8198
5276 8197
5277 8196
5278 8195
5279 8194
5280 8193
5281 8192
5282 8191
5283 8190
5284 12922
5285 12921
5286 12920
5287 12919
5288 12918
5289 12917
5290 12916
5291 12915
5292 7577
5293 7576
5294 7575
5295 7574
5296 7573
5297 7572
5298 7571
5301 7584
5302 7583
5303 7582
5304 7581
5305 7580
5306 7579
5307 7578
5308 12914
5309 12913
5310 12912
5311 12911
5312 12910
5313 12909
5314 12908
5315 12907
5316 12906
5317 12905
5318 12904
5319 12903
5320 12902
5321 12901
5322 12900
5323 12899
5324 12898
5325 12897
5326 12896
5327 12895
5328 12894
5329 12893
5330 12892
5331 12891
5332 12890
5333 12889
5334 12888
5335 12887
5336 12886
5337 7753
5338 7752
5339 7751
5340 7750
5341 7749
5342 7748
5343 7747
5344 7746
5345 7745
5346 7744
5347 7743
5348 7742
5349 7741
5350 7740
5351 7739
5352 7738
5353 7737
5354 7736
5355 7735
5356 13252
5357 13251
5358 13250
5359 13249
5360 13248
5361 13247
5362 13246
5363 13245
5364 13244
5365 13243
5366 13242
5367 13241
5368 13240
5369 13239
5370 13238
5371 8419
5372 8418
5373 8417
5374 8416
5375 8415
5376 8414
5377 8413
5378 8412
5379 8411
5380 8410
5381 8409
5382 12766
5383 12765
5384 12764
5385 12763
5386 12762
5387 12761
5388 12760
5389 12759
5390 12758
5391 12757
5392 11697
5393 11696
5394 11695
5395 11694
5396 11693
5397 11692
5398 11691
5399 11690
5400 11689
5401 11688
5402 11687
5403 11686
5404 11685
5405 11684
5406 11683
5407 11682
5408 11681
5409 12341
5410 12340
5411 12339
5412 12338
5413 12337
5414 12336
5415 12335
5416 12334
5417 12333
5418 12332
5419 12331
5420 12330
5421 12329
5422 12328
5423 12327
5424 12326
5425 12325
5426 12324
5427 11933
5428 11932
5429 11931
5430 11930
5431 11929
5432 11928
5433 11927
5434 11926
5435 11925
5436 11924
5437 11923
5438 11922
5439 11921
5440 11920
5441 11919
5442 11918
5443 11015
5444 11014
5445 11013
5446 11012
5447 11011
5448 11010
5449 11009
5450 11008
5451 11007
5452 11006
5453 11005
5454 11004
5455 11003
5456 11002
5457 11001
5458 11000
5459 10999
5460 10998
5461 11104
5462 11103
5463 11102
5464 11101
5465 11100
5466 11099
5467 11098
5468 11097
5469 12294
5470 12293
5471 12292
5472 12291
5473 12290
5474 12289
5475 12288
5476 12287
5477 12286
5478 12285
5479 12284
5480 12283
5481 12282
5482 12281
5483 12280
5484 12279
5485 12278
5486 12277
5487 12276
5488 12275
5489 12274
5490 12273
5491 12272
5492 12271
5493 12270
5494 12269
5495 12268
5496 12267
5497 12266
5498 12265
5499 12264
5500 12263
5501 12262
5502 12261
5503 12260
5504 12259
5505 12258
5506 10652
5507 10651
5508 10650
5509 10649
5510 10648
5511 10647
5512 10646
5513 10645
5514 10644
5515 10643
5516 10642
5517 10641
5518 10640
5519 10277
5520 10276
5521 10275
5522 10274
5523 10273
5524 10272
5525 10271
5526 10270
5527 10269
5528 10268
5529 10267
5530 10266
5531 10265
5532 10264
5533 10263
5534 10262
5535 10217
5536 10216
5537 10215
5538 10214
5539 10213
5540 10212
5541 10211
5542 10210
5543 10209
5544 10208
5545 10207
5546 10206
5547 10205
5548 10204
5549 10203
5550 10202
5551 10201
5552 10200
5553 9355
5554 9354
5555 9353
5556 9352
5557 9351
5558 9350
5559 9349
5560 8893
5561 8892
5562 8891
5563 8890
5564 8889
5565 8888
5566 8887
5567 8886
5568 8885
5569 8884
5570 8883
5571 8882
5572 8881
5573 8880
5574 8503
5575 8502
5576 8501
5577 8500
5578 8499
5579 8498
5580 8497
5581 9423
5582 9422
5583 9421
5584 9420
5585 9419
5586 9418
5587 9417
5588 9416
5589 9415
5590 9414
5591 9413
5592 9745
5593 9744
5594 9743
5595 9742
5596 9741
5597 9740
5598 9739
5599 9738
5600 9737
5601 9736
5602 9735
5603 9734
5604 9733
5605 9732
5606 9731
5607 9730
5608 9729
5609 9728
5610 9727
5611 9526
5612 9525
5613 9524
5614 9523
5615 9522
5616 9521
5617 9520
5618 9519
5619 9518
5620 9517
5621 9516
5622 9515
5623 9514
5624 8801
5625 8800
5626 8799
5627 8798
5628 8797
5629 8796
5630 8795
5631 8794
5632 8470
5633 8469
5634 8468
5635 8467
5636 8466
5637 8465
5638 8464
5639 8463
5640 8462
5641 8461
5642 8460
5643 8459
5644 8458
5645 8457
5646 8456
5647 8455
5648 8454
5649 8453
5650 6990
5651 6989
5652 6988
5653 6987
5654 6986
5655 6985
5656 6984
5657 6983
5658 6982
5659 6981
5660 6980
5661 6979
5662 6978
5663 6977
5664 6976
5665 6975
5668 7005
5669 7004
5670 7003
5671 7002
5672 7001
5673 7000
5674 6999
5675 6998
5676 6997
5677 6996
5678 6995
5679 6994
5680 6993
5681 6992
5682 6991
5683 8452
5684 8451
5685 8450
5686 8449
5687 8448
5688 8447
5689 8446
5690 8445
5691 8444
5692 8443
5693 8442
5694 8441
5695 8440
5696 8439
5697 8767
5698 8766
5699 8765
5700 8764
5701 8763
5702 8762
5703 8761
5704 8760
5705 8759
5706 8758
5707 8757
5708 8756
5709 8755
5710 8754
5711 8753
5712 8752
5713 8531
5714 8530
5715 8529
5716 8528
5717 8527
5718 8526
5719 8525
5720 8524
5721 8523
5722 8522
5723 9457
5724 9456
5725 9455
5726 9454
5727 9453
5728 9452
5729 9451
5730 9450
5731 9449
5732 9448
5733 9447
5734 9446
5735 9445
5736 9444
5737 9443
5738 9442
5739 8511
5740 8510
5741 8509
5742 8508
5743 8507
5744 8506
5745 8505
5746 8504
5747 8879
5748 8878
5749 8877
5750 8876
5751 8875
5752 8874
5753 8873
5754 8872
5755 8551
5756 8550
5757 8549
5758 8548
5759 8547
5760 8546
5761 8545
5762 8544
5763 8543
5764 8542
5765 10231
5766 10230
5767 10229
5768 10228
5769 10227
5770 10226
5771 10225
5772 10224
5773 10223
5774 10222
5775 10221
5776 10220
5777 10219
5778 10218
5779 10261
5780 10260
5781 10259
5782 10258
5783 10257
5784 10256
5785 10255
5786 10254
5787 10928
5788 10927
5789 10926
5790 10925
5791 10924
5792 10923
5793 10922
5794 10921
5795 10920
5796 10919
5797 10918
5798 10917
5799 10916
5800 10915
5801 10914
5802 11142
5803 11141
5804 11140
5805 11139
5806 11138
5807 11137
5808 11136
5809 11135
5810 11134
5811 11133
5812 11132
5813 11131
5814 11130
5815 11129
5816 11128
5817 11127
5818 11126
5819 11125
5820 11124
5821 11123
5822 11122
5823 11121
5824 11120
5825 11119
5826 11118
5827 11117
5828 11116
5829 11115
5830 11114
5831 11113
5832 11112
5833 11111
5834 11110
5835 11109
5836 11108
5837 11107
5838 11106
5839 11105
5840 10997
5841 10996
5842 10995
5843 10994
5844 10993
5845 10992
5846 10991
5847 10990
5848 10989
5849 10988
5850 8571
5851 8570
5852 8569
5853 8568
5854 8567
5855 8566
5856 8565
5857 8564
5858 8563
5859 8562
5860 12364
5861 12363
5862 12362
5863 12361
5864 12360
5865 12359
5866 12358
5867 12357
5868 12356
5869 12355
5870 12354
5871 12353
5872 12352
5873 12351
5874 12350
5875 12349
5876 12348
5877 12347
5878 12346
5879 12345
5880 12344
5881 12343
5882 12342
5883 11680
5884 11679
5885 11678
5886 11677
5887 11676
5888 11675
5889 11674
5890 11673
5891 11672
5892 11671
5893 11670
5894 11669
5895 12428
5896 12427
5897 12426
5898 12425
5899 12424
5900 12423
5901 12422
5902 13275
5903 13274
5904 13273
5905 13272
5906 13271
5907 13270
5908 13269
5909 13268
5910 13267
5911 13266
5912 13265
5913 13264
5914 13263
5915 13262
5916 13261
5917 13260
5918 13259
5919 13258
5920 13257
5921 13256
5922 13255
5923 13254
5924 13253
5925 7734
5926 7733
5927 7732
5928 7731
5929 7730
5930 7729
5931 7728
5932 7727
5933 7726
5934 7684
5935 7683
5936 7682
5937 7681
5938 7680
5939 7679
5940 7678
5941 7677
5942 7676
5943 7675
5944 7674
5945 7673
5946 7672
5947 7671
5948 7670
5949 7669
5950 7668
5951 7667
5952 7666
5953 7665
5954 7664
5955 8710
5956 8709
5957 8708
5958 8707
5959 8706
5960 8705
5961 8704
5962 8703
5963 8702
5964 8701
5965 8700
5966 8699
5967 8698
5968 8697
5969 8696
5970 8695
5971 8694
5972 8693
5975 8727
5976 8726
5977 8725
5978 8724
5979 8723
5980 8722
5981 8721
5982 8720
5983 8719
5984 8718
5985 8717
5986 8716
5987 8715
5988 8714
5989 8713
5990 8712
5991 8711
5992 7663
5993 7662
5994 7661
5995 7660
5996 7659
5997 7658
5998 7657
5999 7656
6000 7655
6001 7654
6002 7653
6003 7652
6004 7651
6005 7692
6006 7691
6007 7690
6008 7689
6009 7688
6010 7687
6011 7686
6012 7685
6013 7725
6014 7724
6015 7723
6016 7722
6017 7721
6018 7720
6019 7719
6020 7718
6021 7717
6022 7716
6023 7715
6024 13296
6025 13295
6026 13294
6027 13293
6028 13292
6029 13291
6030 13290
6031 13289
6032 13288
6033 13287
6034 13286
6035 13285
6036 13284
6037 13283
6038 13282
6039 13281
6040 13280
6041 13279
6042 13278
6043 13277
6044 13276
6045 12822
6046 12821
6047 12820
6048 12819
6049 12818
6050 12817
6051 12816
6052 12815
6053 12814
6054 12813
6055 12812
6056 12811
6057 12408
6058 12407
6059 12406
6060 12405
6061 12404
6062 12403
6063 12402
6064 12401
6065 12400
6066 12399
6067 12398
6068 12383
6069 12382
6070 12381
6071 12380
6072 12379
6073 12378
6074 12377
6075 12376
6076 12375
6077 12374
6078 12373
6079 12372
6080 12371
6081 12370
6082 12369
6083 12368
6084 12367
6085 12366
6086 12365
6087 8561
6088 8560
6089 8559
6090 8558
6091 8557
6092 8556
6093 8555
6094 8554
6095 8553
6096 8552
6097 12323
6098 12322
6099 12321
6100 12320
6101 12319
6102 12318
6103 12317
6104 12316
6105 12315
6106 12314
6107 12313
6108 12312
6109 12311
6110 12310
6111 12309
6112 12308
6113 12307
6114 12306
6115 12305
6116 12304
6117 12303
6118 12302
6119 10977
6120 10976
6121 10975
6122 10974
6123 10973
6124 10972
6125 10971
6126 10970
6127 10969
6128 10960
6129 10959
6130 10958
6131 10957
6132 10956
6133 10955
6134 10954
6135 10953
6136 10952
6137 10951
6138 10950
6139 10949
6140 10948
6141 10947
6142 10946
6143 10945
6144 10944
6145 10943
6146 10942
6147 10941
6148 10940
6149 10939
6150 10938
6151 10937
6152 10936
6153 10935
6154 10934
6155 10933
6156 10932
6157 10931
6158 10930
6159 10929
6160 10336
6161 10335
6162 10334
6163 10333
6164 10332
6165 10331
6166 10330
6167 10329
6168 10328
6169 10327
6170 10326
6171 10325
6172 10240
6173 10239
6174 10238
6175 10237
6176 10236
6177 10235
6178 10234
6179 10233
6180 10232
6181 8541
6182 8540
6183 8539
6184 8538
6185 8537
6186 8536
6187 8535
6188 8534
6189 8533
6190 8532
6191 10199
6192 10198
6193 10197
6194 10196
6195 10195
6196 10194
6197 10193
6198 10192
6199 10191
6200 10190
6201 10189
6202 10188
6203 10187
6204 10186
6205 10185
6206 10184
6207 10183
6208 10182
6209 10181
6210 10180
6211 10179
6212 10178
6213 10177
6214 9466
6215 9465
6216 9464
6217 9463
6218 9462
6219 9461
6220 9460
6221 9459
6222 9458
6223 8521
6224 8520
6225 8519
6226 8518
6227 8517
6228 8516
6229 8515
6230 8514
6231 8513
6232 8512
6233 8871
6234 8870
6235 8869
6236 8868
6237 8867
6238 8866
6239 8865
6240 8864
6241 8863
6242 8862
6243 8861
6244 8860
6245 8859
6246 8858
6247 8857
6248 8856
6249 8855
6250 8854
6251 8853
6252 8852
6253 8851
6254 8850
6255 8849
6256 8848
6257 6917
6258 6916
6259 6915
6260 6914
6261 6913
6262 6912
6263 6911
6264 6910
6265 6909
6266 6908
6267 6907
6268 6906
6269 6905
6270 6904
6271 6903
6272 6902
6273 6901
6274 6900
6275 6899
6276 6898
6277 6897
6280 6940
6281 6939
6282 6938
6283 6937
6284 6936
6285 6935
6286 6934
6287 6933
6288 6932
6289 6931
6290 6930
6291 6929
6292 6928
6293 6927
6294 6926
6295 6925
6296 6924
6297 6923
6298 6922
6299 6921
6300 6920
6301 6919
6302 6918
6303 8847
6304 8846
6305 8845
6306 8844
6307 8843
6308 8842
6309 8841
6310 8840
6311 8839
6312 8838
6313 8837
6314 8836
6315 8835
6316 8834
6317 8833
6318 8832
6319 8831
6320 8830
6321 8829
6322 8828
6323 9497
6324 9496
6325 9495
6326 9494
6327 9493
6328 9492
6329 9491
6330 9490
6331 9489
6332 9488
6333 9487
6334 9486
6335 9485
6336 9484
6337 9483
6338 9482
6339 9481
6340 9480
6341 9479
6342 9478
6343 9477
6344 9476
6345 9475
6346 9474
6347 9473
6348 9472
6349 9471
6350 9470
6351 9469
6352 9468
6353 9467
6354 10176
6355 10175
6356 10174
6357 10173
6358 10172
6359 10171
6360 10170
6361 10169
6362 10168
6363 10167
6364 10166
6365 10165
6366 10164
6367 10163
6368 10162
6369 8590
6370 8589
6371 8588
6372 8587
6373 8586
6374 8585
6375 8584
6376 8583
6377 8582
6378 9370
6379 9369
6380 9368
6381 9367
6382 9366
6383 9365
6384 9364
6385 9363
6386 9362
6387 9361
6388 9360
6389 9359
6390 9358
6391 9357
6392 9356
6393 10253
6394 10252
6395 10251
6396 10250
6397 10249
6398 10248
6399 10247
6400 10246
6401 10245
6402 10244
6403 10243
6404 10242
6405 10241
6406 10324
6407 10323
6408 10322
6409 10321
6410 10320
6411 10319
6412 10318
6413 10317
6414 10316
6415 10315
6416 10314
6417 10313
6418 10312
6419 10311
6420 10310
6421 10309
6422 10308
6423 10307
6424 10306
6425 10305
6426 10304
6427 10303
6428 10302
6429 10301
6430 10300
6431 10299
6432 8612
6433 8611
6434 8610
6435 8609
6436 8608
6437 8607
6438 8606
6439 8605
6440 8604
6441 8603
6442 8631
6443 8630
6444 8629
6445 8628
6446 8627
6447 8626
6448 8625
6449 8624
6450 8623
6451 10968
6452 10967
6453 10966
6454 10965
6455 10964
6456 10963
6457 10962
6458 10961
6459 10987
6460 10986
6461 10985
6462 10984
6463 10983
6464 10982
6465 10981
6466 10980
6467 10979
6468 10978
6469 12301
6470 12300
6471 12299
6472 12298
6473 12297
6474 12296
6475 12295
6476 11096
6477 11095
6478 11094
6479 11093
6480 11092
6481 11091
6482 11090
6483 11089
6484 11088
6485 11087
6486 11086
6487 11085
6488 11084
6489 11083
6490 11082
6491 11081
6492 11080
6493 11079
6494 11078
6495 11077
6496 8651
6497 8650
6498 8649
6499 8648
6500 8647
6501 8646
6502 8645
6503 8644
6504 8643
6505 11946
6506 11945
6507 11944
6508 11943
6509 11942
6510 11941
6511 11940
6512 11939
6513 11938
6514 11937
6515 11936
6516 11935
6517 11934
6518 12397
6519 12396
6520 12395
6521 12394
6522 12393
6523 12392
6524 12391
6525 12390
6526 12389
6527 12388
6528 12387
6529 12386
6530 12385
6531 12384
6532 12421
6533 12420
6534 12419
6535 12418
6536 12417
6537 12416
6538 12415
6539 12414
6540 12413
6541 12412
6542 12411
6543 12410
6544 12409
6545 12810
6546 12809
6547 12808
6548 12807
6549 12806
6550 12805
6551 12804
6552 12803
6553 12802
6554 12801
6555 12800
6556 12799
6557 12798
6558 12797
6559 8672
6560 8671
6561 8670
6562 8669
6563 8668
6564 8667
6565 8666
6566 8665
6567 8664
6568 8663
6569 8692
6570 8691
6571 8690
6572 8689
6573 8688
6574 8687
6575 8686
6576 8685
6577 8684
6578 13303
6579 13302
6580 13301
6581 13300
6582 13299
6583 13298
6584 13297
6585 7714
6586 7713
6587 7712
6588 7711
6589 7710
6590 7709
6591 7708
6592 7707
6593 7706
6594 7705
6595 7704
6596 7703
6597 7702
6598 7701
6599 7700
6600 7699
6601 7698
6602 7697
6603 7696
6604 7695
6605 7694
6606 7693
6607 7650
6608 7649
6609 7648
6610 7647
6611 7646
6612 7645
6613 7644
6614 7643
6615 7642
6616 7641
6617 7640
6618 7639
6619 7638
6620 7637
6621 7636
6622 7635
6623 7634
6624 7633
6625 7632
6626 7631
6627 7630
6628 7629
6629 7628
6630 7627
6631 7626
6632 8740
6633 8739
6634 8738
6635 8737
6636 8736
6637 8735
6638 8734
6639 8733
6640 8732
