1, 0, 1, 0.2
2, 3, 2, 0.5
3, 5, 4, 0.2
4, 2, 1, 0.2
5, 0, 5, 0.3
6, 3, 4, 0.3
7, 2, 3, 0.6
8, 1, 0, 0.3
9, 4, 5, 0.2
10, 2, 1, 0.6
11, 0, 5, 0.6
12, 3, 4, 0.6
13, 2, 3, 1.4
15, 2, 1, 1.2
16, 4, 3, 0.6
17, 5, 0, 0.6
20, 0, 1, 1.1
21, 3, 2, 0.8
22, 4, 3, 0.5
23, 5, 0, 0.9
24, 2, 1, 0.2
26, 0, 1, 0.6
27, 3, 2, 0.8
28, 2, 1, 0.2
31, 2, 3, 1.2
32, 1, 0, 1.8
33, 4, 3, 1.2
37, 2, 3, 2.7
38, 1, 0, 2.9
39, 4, 3, 2.4
41, 5, 0, 2.4
42, 2, 3, 0.9
43, 1, 0, 0.6
46, 4, 3, 1.8
47, 5, 0, 1.2
48, 2, 3, 0.9
52, 2, 3, 1.8
54, 4, 3, 3.0
55, 5, 0, 3.0
58, 2, 3, 2.7
63, 3, 4, 1.5
64, 2, 3, 2.4
65, 1, 0, 2.9
67, 4, 3, 3.0
68, 5, 0, 2.1
71, 0, 5, 2.1
72, 3, 2, 1.8
14, 1, 0, 0.3, LOOP
18, 2, 1, 0.2, LOOP
19, 4, 5, 0.2, LOOP
25, 4, 5, 0.2, LOOP
29, 0, 5, 0.6, LOOP
30, 3, 4, 0.5, LOOP
34, 5, 0, 0.8, LOOP
35, 2, 1, 0.2, LOOP
36, 4, 5, 0.2, LOOP
40, 2, 1, 0.2, LOOP
44, 4, 5, 0.2, LOOP
45, 2, 1, 0.2, LOOP
49, 1, 0, 0.9, LOOP
50, 4, 5, 0.2, LOOP
51, 2, 1, 0.2, LOOP
53, 1, 0, 1.2, LOOP
56, 2, 1, 0.2, LOOP
57, 4, 5, 0.2, LOOP
59, 1, 0, 1.2, LOOP
60, 4, 5, 0.5, LOOP
61, 2, 1, 0.2, LOOP
62, 0, 5, 0.9, LOOP
66, 2, 1, 0.5, LOOP
69, 2, 1, 0.5, LOOP
70, 4, 5, 0.5, LOOP
73, 1, 0, 2.4, LOOP
74, 4, 3, 0.6, LOOP
Helix 0 has an average crossover density of 25/369 = 0.0678 (1/bp). Target is 0.0700 (1/bp).
Helix 1 has an average crossover density of 27/413 = 0.0654 (1/bp). Target is 0.0700 (1/bp).
Helix 2 has an average crossover density of 27/414 = 0.0652 (1/bp). Target is 0.0700 (1/bp).
Helix 3 has an average crossover density of 25/369 = 0.0678 (1/bp). Target is 0.0700 (1/bp).
Helix 4 has an average crossover density of 22/326 = 0.0675 (1/bp). Target is 0.0700 (1/bp).
Helix 5 has an average crossover density of 22/325 = 0.0677 (1/bp). Target is 0.0700 (1/bp).
