1, 0, 1, 0.2
2, 3, 2, 0.2
3, 7, 4, 0.1
4, 6, 5, 0.3
5, 15, 8, 0.1
6, 12, 11, 0.3
7, 13, 10, 0.1
8, 14, 9, 0.3
9, 17, 16, 0.2
10, 17, 6, 0.1
11, 16, 15, 0.2
12, 14, 13, 0.2
13, 12, 13, 0.2
14, 7, 8, 0.2
15, 9, 10, 0.2
16, 11, 0, 0.1
17, 5, 4, 0.2
18, 3, 8, 0.3
19, 2, 1, 0.2
20, 17, 6, 0.3
21, 16, 15, 0.2
22, 14, 9, 0.3
23, 12, 11, 0.3
24, 7, 4, 0.1
25, 10, 1, 0.3
26, 5, 4, 1.8
27, 3, 2, 0.6
28, 0, 11, 0.1
29, 17, 16, 0.6
30, 15, 14, 0.2
31, 13, 12, 0.2
32, 6, 7, 0.2
33, 9, 8, 0.2
34, 10, 13, 0.1
35, 17, 6, 0.6
36, 16, 15, 0.6
37, 14, 9, 2.4
38, 5, 6, 1.5
39, 12, 13, 1.8
40, 3, 8, 0.3
41, 2, 1, 0.2
42, 0, 1, 0.6
43, 7, 16, 0.3
44, 10, 11, 0.2
45, 17, 16, 1.2
46, 15, 14, 0.2
48, 5, 4, 2.4
49, 3, 2, 1.2
50, 0, 11, 0.3
51, 7, 8, 0.2
52, 9, 10, 0.2
53, 17, 6, 0.9
54, 15, 14, 2.4
55, 13, 12, 0.2
57, 17, 16, 1.8
58, 3, 8, 0.6
59, 15, 16, 1.2
60, 7, 6, 0.2
61, 9, 10, 1.2
62, 14, 13, 0.2
63, 2, 1, 0.6
64, 12, 11, 2.7
65, 0, 1, 0.8
66, 17, 6, 1.2
67, 15, 14, 3.0
68, 5, 6, 0.3
69, 7, 8, 0.2
70, 13, 10, 0.3
71, 9, 2, 0.1
72, 4, 3, 0.2
74, 0, 11, 0.6
76, 15, 8, 0.1
77, 14, 9, 0.3
78, 12, 11, 0.6
79, 7, 4, 0.6
80, 10, 1, 0.3
82, 3, 2, 0.2
83, 17, 6, 3.0
84, 16, 15, 0.6
85, 14, 13, 1.2
88, 7, 8, 0.2
89, 9, 10, 0.2
91, 5, 6, 0.6
92, 15, 14, 1.8
93, 3, 2, 2.7
94, 12, 11, 3.0
96, 7, 8, 1.2
97, 9, 10, 1.2
99, 15, 14, 3.0
101, 13, 12, 0.6
102, 3, 8, 0.9
103, 2, 9, 0.6
104, 17, 6, 3.0
105, 7, 16, 0.6
106, 10, 11, 0.2
107, 15, 16, 1.2
108, 0, 11, 3.0
109, 14, 13, 2.3
110, 12, 11, 0.6
111, 5, 6, 1.8
112, 4, 3, 1.7
114, 15, 8, 0.3
115, 7, 4, 1.2
116, 9, 14, 0.6
117, 10, 13, 0.3
118, 2, 1, 1.2
123, 15, 14, 1.2
124, 7, 8, 0.2
125, 9, 2, 1.2
126, 10, 13, 1.2
127, 3, 8, 1.8
130, 0, 11, 2.4
131, 15, 8, 1.5
132, 14, 9, 0.6
134, 7, 6, 0.2
135, 10, 1, 0.6
136, 12, 13, 1.2
137, 3, 2, 0.2
139, 15, 14, 2.0
141, 7, 4, 1.2
143, 9, 10, 0.6
144, 5, 6, 2.1
146, 15, 8, 1.5
147, 3, 2, 1.1
148, 14, 9, 1.2
150, 7, 4, 1.5
153, 10, 13, 0.6
154, 15, 16, 0.2
156, 14, 9, 1.8
157, 3, 8, 2.1
160, 7, 16, 0.6
161, 2, 3, 1.8
162, 15, 8, 2.4
163, 10, 13, 2.1
164, 14, 15, 0.6
166, 5, 6, 0.6
169, 7, 8, 0.6
170, 9, 10, 1.2
171, 14, 15, 2.0
172, 2, 9, 1.5
173, 11, 0, 1.2
177, 7, 6, 1.2
178, 14, 9, 1.8
179, 3, 4, 1.4
180, 10, 11, 0.6
182, 2, 1, 1.8
184, 15, 8, 2.4
185, 5, 6, 1.2
186, 0, 1, 1.2
187, 14, 9, 2.1
188, 7, 8, 1.2
189, 10, 11, 1.4
191, 3, 4, 1.8
192, 12, 11, 2.7
47, 12, 11, 0.6, LOOP
56, 5, 4, 0.2, LOOP
73, 12, 13, 0.2, LOOP
75, 17, 16, 0.2, LOOP
81, 5, 4, 0.2, LOOP
86, 0, 1, 0.2, LOOP
87, 12, 13, 0.2, LOOP
90, 17, 16, 0.2, LOOP
95, 0, 1, 0.2, LOOP
98, 17, 16, 0.2, LOOP
100, 5, 4, 0.2, LOOP
113, 17, 16, 0.5, LOOP
119, 12, 13, 0.2, LOOP
120, 0, 1, 0.2, LOOP
121, 17, 16, 0.5, LOOP
122, 5, 6, 0.3, LOOP
128, 12, 11, 0.6, LOOP
129, 17, 16, 0.5, LOOP
133, 5, 4, 0.2, LOOP
138, 17, 16, 0.6, LOOP
140, 0, 1, 0.5, LOOP
142, 12, 13, 0.5, LOOP
145, 17, 16, 0.6, LOOP
149, 12, 11, 0.9, LOOP
151, 17, 6, 1.2, LOOP
152, 0, 1, 0.6, LOOP
155, 5, 4, 0.6, LOOP
158, 12, 11, 0.9, LOOP
159, 17, 6, 1.5, LOOP
165, 0, 1, 1.1, LOOP
167, 12, 13, 0.8, LOOP
168, 17, 16, 0.6, LOOP
174, 17, 16, 1.1, LOOP
175, 12, 13, 1.1, LOOP
176, 5, 4, 0.6, LOOP
181, 17, 16, 1.2, LOOP
183, 12, 13, 1.2, LOOP
190, 17, 16, 1.2, LOOP
Helix 0 has an average crossover density of 17/299 = 0.0569 (1/bp). Target is 0.0600 (1/bp).
Helix 1 has an average crossover density of 18/302 = 0.0596 (1/bp). Target is 0.0600 (1/bp).
Helix 2 has an average crossover density of 17/305 = 0.0557 (1/bp). Target is 0.0600 (1/bp).
Helix 3 has an average crossover density of 18/310 = 0.0581 (1/bp). Target is 0.0600 (1/bp).
Helix 4 has an average crossover density of 19/315 = 0.0603 (1/bp). Target is 0.0600 (1/bp).
Helix 5 has an average crossover density of 18/319 = 0.0564 (1/bp). Target is 0.0600 (1/bp).
Helix 6 has an average crossover density of 22/377 = 0.0584 (1/bp). Target is 0.0600 (1/bp).
Helix 7 has an average crossover density of 21/371 = 0.0566 (1/bp). Target is 0.0600 (1/bp).
Helix 8 has an average crossover density of 22/369 = 0.0596 (1/bp). Target is 0.0600 (1/bp).
Helix 9 has an average crossover density of 22/369 = 0.0596 (1/bp). Target is 0.0600 (1/bp).
Helix 10 has an average crossover density of 21/367 = 0.0572 (1/bp). Target is 0.0600 (1/bp).
Helix 11 has an average crossover density of 22/361 = 0.0609 (1/bp). Target is 0.0600 (1/bp).
Helix 12 has an average crossover density of 24/419 = 0.0573 (1/bp). Target is 0.0600 (1/bp).
Helix 13 has an average crossover density of 24/423 = 0.0567 (1/bp). Target is 0.0600 (1/bp).
Helix 14 has an average crossover density of 24/428 = 0.0561 (1/bp). Target is 0.0600 (1/bp).
Helix 15 has an average crossover density of 24/433 = 0.0554 (1/bp). Target is 0.0600 (1/bp).
Helix 16 has an average crossover density of 26/436 = 0.0596 (1/bp). Target is 0.0600 (1/bp).
Helix 17 has an average crossover density of 25/439 = 0.0569 (1/bp). Target is 0.0600 (1/bp).
