1, 0, 1, 0.2
2, 3, 2, 0.3
3, 5, 4, 0.2
4, 2, 1, 0.2
5, 0, 5, 0.5
6, 3, 4, 0.2
7, 2, 1, 1.8
8, 0, 1, 0.5
9, 3, 4, 0.2
10, 5, 0, 0.5
11, 2, 3, 0.3
12, 4, 5, 0.8
13, 2, 1, 0.2
14, 0, 1, 0.2
15, 3, 2, 1.5
16, 4, 5, 2.7
17, 0, 5, 0.5
18, 3, 4, 0.2
19, 2, 3, 0.6
20, 1, 0, 0.5
23, 0, 5, 1.5
24, 3, 4, 1.2
25, 2, 3, 1.5
26, 1, 2, 1.2
28, 2, 3, 0.6
29, 1, 0, 1.5
30, 4, 5, 1.4
32, 0, 5, 1.2
33, 3, 4, 0.5
34, 2, 3, 1.8
35, 1, 2, 2.9
39, 3, 4, 2.4
40, 2, 3, 0.5
41, 5, 0, 0.6
43, 4, 5, 0.6
44, 0, 1, 1.8
45, 3, 4, 0.3
49, 2, 3, 2.9
50, 4, 5, 1.8
54, 3, 4, 2.4
57, 3, 4, 2.7
61, 2, 3, 2.1
62, 5, 0, 1.8
64, 4, 5, 0.6
65, 0, 1, 2.6
66, 3, 2, 2.4
67, 4, 5, 3.0
70, 4, 3, 2.9
71, 2, 1, 2.9
21, 2, 1, 0.2, LOOP
22, 4, 5, 0.2, LOOP
27, 0, 1, 0.5, LOOP
31, 2, 1, 0.2, LOOP
36, 0, 1, 0.6, LOOP
37, 4, 5, 0.2, LOOP
38, 0, 1, 0.6, LOOP
42, 2, 1, 0.5, LOOP
46, 2, 3, 0.3, LOOP
47, 2, 1, 0.6, LOOP
48, 0, 5, 0.8, LOOP
51, 0, 1, 0.6, LOOP
52, 2, 1, 1.1, LOOP
53, 0, 5, 0.8, LOOP
55, 2, 1, 1.2, LOOP
56, 0, 5, 1.2, LOOP
58, 2, 1, 1.2, LOOP
59, 0, 1, 2.1, LOOP
60, 3, 4, 0.6, LOOP
63, 2, 1, 1.7, LOOP
68, 0, 1, 2.4, LOOP
69, 3, 2, 0.6, LOOP
72, 0, 5, 1.5, LOOP
73, 2, 3, 0.8, LOOP
74, 4, 5, 1.2, LOOP
Helix 0 has an average crossover density of 24/369 = 0.0650 (1/bp). Target is 0.0700 (1/bp).
Helix 1 has an average crossover density of 27/415 = 0.0651 (1/bp). Target is 0.0700 (1/bp).
Helix 2 has an average crossover density of 28/419 = 0.0668 (1/bp). Target is 0.0700 (1/bp).
Helix 3 has an average crossover density of 25/369 = 0.0678 (1/bp). Target is 0.0700 (1/bp).
Helix 4 has an average crossover density of 22/324 = 0.0679 (1/bp). Target is 0.0700 (1/bp).
Helix 5 has an average crossover density of 22/319 = 0.0690 (1/bp). Target is 0.0700 (1/bp).
