4 13490
5 13489
6 13488
7 13487
8 13486
9 13485
10 13484
11 13483
12 13482
13 13481
14 13480
15 13479
16 13478
17 13477
18 13476
19 13475
20 13474
21 13473
22 13270
23 13269
24 13268
25 13267
26 13266
27 13265
28 13264
29 13263
30 12986
31 12985
32 12984
33 12983
34 12982
35 12981
36 12980
37 12979
38 13365
39 13364
40 13363
41 13362
42 13361
43 13360
44 13359
45 13358
46 13357
47 13356
48 13355
49 13354
58 12637
59 12636
60 12635
61 12634
62 12633
63 12632
64 12631
65 12630
66 12629
67 12628
68 12627
69 12626
70 12032
71 12031
72 12030
73 12029
74 12028
75 12027
76 12026
77 12025
78 11890
79 11889
80 11888
81 11887
82 11886
83 11885
84 11884
85 11883
86 11882
87 11881
88 11880
89 11879
90 11878
91 11877
92 11876
93 11875
94 12648
95 12647
96 12646
97 12645
98 12644
99 12643
100 12642
101 12641
102 12640
103 12639
104 12638
113 11825
114 11824
115 11823
116 11822
117 11821
118 11820
119 11819
120 11818
121 11817
122 11816
123 11815
124 11814
125 11813
126 11812
127 11811
128 11810
129 11809
130 11808
131 11807
132 11806
133 11676
134 11675
135 11674
136 11673
137 11672
138 11671
139 11670
140 11669
141 11417
142 11416
143 11415
144 11414
145 11413
146 11412
147 11411
148 11410
149 11535
150 11534
151 11533
152 11532
153 11531
154 11530
155 11529
156 11528
157 11527
158 11526
167 10976
168 10975
169 10974
170 10973
171 10972
172 10971
173 10970
174 10969
175 10968
176 10967
177 10966
178 10965
179 10964
180 10963
181 10215
182 10214
183 10213
184 10212
185 10211
186 10210
187 10209
188 10208
189 10347
190 10346
191 10345
192 10344
193 10343
194 10342
195 10341
196 10340
197 10339
198 10338
199 10337
200 10336
201 10335
202 10334
203 10333
204 10332
205 10985
206 10984
207 10983
208 10982
209 10981
210 10980
211 10979
212 10978
213 10977
222 10160
223 10159
224 10158
225 10157
226 10156
227 10155
228 10154
229 10153
230 10152
231 10151
232 10150
233 10149
234 10148
235 10147
236 10146
237 10145
238 10144
239 10143
240 10142
241 10141
242 10140
243 10139
244 9990
245 9989
246 9988
247 9987
248 9986
249 9985
250 9984
251 9983
252 9654
253 9653
254 9652
255 9651
256 9650
257 9649
258 9648
259 9647
260 9646
261 9645
262 9644
263 9643
264 9642
265 9641
266 9640
267 9639
276 9323
277 9322
278 9321
279 9320
280 9319
281 9318
282 9317
283 9316
284 8795
285 8794
286 8793
287 8792
288 8791
289 8790
290 8789
291 8788
292 8539
293 8538
294 8537
295 8536
296 8535
297 8534
298 8533
299 8532
300 8671
301 8670
302 8669
303 8668
304 8667
305 8666
306 8665
307 8664
308 8663
309 8662
310 8661
311 8660
312 8659
313 8658
314 8657
315 8656
316 9294
317 9293
318 9292
319 9291
320 9290
321 9289
322 9288
331 8486
332 8485
333 8484
334 8483
335 8482
336 8481
337 8480
338 8479
339 8478
340 8477
341 8476
342 8475
343 8474
344 8473
345 8472
346 8471
347 8470
348 8469
349 8468
350 8467
351 8466
352 8465
353 8464
354 8463
355 8462
356 8386
357 8385
358 8384
359 8383
360 8382
361 8381
362 8380
363 8379
364 7982
365 7981
366 7980
367 7979
368 7978
369 7977
370 7976
371 7975
372 7974
373 7973
374 7972
375 7971
376 7970
377 7969
378 7968
379 7967
380 7966
383 7965
384 7964
385 7963
386 7962
387 7961
388 7960
389 7959
390 7958
391 7957
392 7956
393 7955
394 7954
395 7953
396 7952
397 7951
398 7950
399 7949
400 7948
401 7947
402 7946
403 7945
404 7944
405 7943
406 7942
407 7941
408 7940
409 7939
410 7938
411 7937
412 7936
413 8301
414 8300
415 8299
416 8298
417 8297
418 8296
419 8295
420 8294
421 8293
422 8292
423 8291
424 8290
425 8289
434 9287
435 9286
436 9285
437 9284
438 9283
439 9282
440 9281
441 9280
442 9279
443 9278
444 9277
445 9276
446 8678
447 8677
448 8676
449 8675
450 8674
451 8673
452 8672
453 8531
454 8530
455 8529
456 8528
457 8527
458 8526
459 8525
460 8524
461 8523
462 8522
463 8521
464 8520
465 8519
466 8518
467 8517
468 8516
469 8515
470 8514
471 8513
472 8512
473 8511
482 9830
483 9829
484 9828
485 9827
486 9826
487 9825
488 9824
489 9823
490 9822
491 9821
492 9820
493 9819
494 9818
495 9817
496 9816
497 9815
498 9814
499 9813
500 9812
501 9811
502 9810
503 9809
504 9808
505 9807
506 9806
507 9805
508 9804
509 9803
510 9802
511 9842
512 9841
513 9840
514 9839
515 9838
516 9837
517 9836
518 9835
519 9834
520 9833
521 9832
522 9831
531 10948
532 10947
533 10946
534 10945
535 10944
536 10943
537 10942
538 10941
539 10940
540 10939
541 10938
542 10937
543 10936
544 10935
545 10354
546 10353
547 10352
548 10351
549 10350
550 10349
551 10348
552 10207
553 10206
554 10205
555 10204
556 10203
557 10202
558 10201
559 10200
560 10199
561 10198
562 10197
563 10196
564 10195
565 10194
566 10193
567 10192
568 10191
569 10190
570 10189
579 11541
580 11540
581 11539
582 11538
583 11537
584 11536
585 11409
586 11408
587 11407
588 11406
589 11405
590 11404
591 11403
592 11402
593 11401
594 11400
595 11399
596 11398
597 11397
598 11396
599 11395
600 11394
601 11393
602 11392
603 11391
604 11390
605 11389
606 11388
607 11387
608 11386
609 11463
610 11462
611 11461
612 11460
613 11459
614 11458
615 11457
616 11456
617 11455
618 11454
627 12613
628 12612
629 12611
630 12610
631 12609
632 12608
633 12607
634 12606
635 12605
636 12604
637 12603
638 12602
639 12601
640 12600
641 12599
642 12598
643 11897
644 11896
645 11895
646 11894
647 11893
648 11892
649 11891
650 12024
651 12023
652 12022
653 12021
654 12020
655 12019
656 12018
657 12017
658 12016
659 12015
660 12014
661 12013
662 12012
663 12011
664 12010
665 12009
666 12008
675 13373
676 13372
677 13371
678 13370
679 13369
680 13368
681 13367
682 13366
683 12978
684 12977
685 12976
686 12975
687 12974
688 12973
689 12972
690 12971
691 12970
692 12969
693 12968
694 12967
695 12966
696 12965
697 12964
698 12963
699 12962
700 12961
701 12960
702 12959
703 12958
704 12957
705 12956
706 12955
707 13126
708 13125
709 13124
710 13123
711 13122
712 13121
713 13120
714 13119
723 14256
724 14255
725 14254
726 14253
727 14252
728 14251
729 14250
730 14249
731 14248
732 14247
733 14246
734 14245
735 14244
736 14243
737 14242
738 14241
739 14240
740 14239
741 13581
742 13580
743 13579
744 13578
745 13577
746 13576
747 13575
748 13701
749 13700
750 13699
751 13698
752 13697
753 13696
754 13695
755 13694
758 13597
759 13596
760 13595
761 13594
762 13593
763 13592
764 13591
765 13590
766 13589
767 13588
768 13587
769 13586
770 13585
771 13584
772 13583
773 13582
774 14238
775 14237
776 14236
777 14235
778 14234
779 14233
780 14232
781 14231
782 14156
783 14155
784 14154
785 14153
786 14152
787 14151
788 14150
789 14149
790 14148
791 14147
800 13133
801 13132
802 13131
803 13130
804 13129
805 13128
806 13127
807 12954
808 12953
809 12952
810 12951
811 12950
812 12949
813 12948
814 12947
815 13254
816 13253
817 13252
818 13251
819 13250
820 13249
821 13248
822 13247
823 12694
824 12693
825 12692
826 12691
827 12690
828 12689
829 12688
830 12687
831 12686
832 12685
833 12684
834 12683
835 12682
836 12681
837 12680
838 12679
839 12678
848 12469
849 12468
850 12467
851 12466
852 12465
853 12464
854 12463
855 12462
856 12461
857 11913
858 11912
859 11911
860 11910
861 11909
862 11908
863 11907
864 11906
865 11905
866 11904
867 11903
868 11902
869 11901
870 11900
871 11899
872 11898
873 12597
874 12596
875 12595
876 12594
877 12593
878 12592
879 12591
880 12590
881 12532
882 12531
883 12530
884 12529
885 12528
886 12527
887 12526
888 12525
897 11472
898 11471
899 11470
900 11469
901 11468
902 11467
903 11466
904 11465
905 11464
906 11385
907 11384
908 11383
909 11382
910 11381
911 11380
912 11379
913 11378
914 11660
915 11659
916 11658
917 11657
918 11656
919 11655
920 11654
921 11653
922 11125
923 11124
924 11123
925 11122
926 11121
927 11120
928 11119
929 11118
930 11117
931 11116
932 11115
933 11114
934 11113
935 11112
936 11111
945 10812
946 10811
947 10810
948 10809
949 10808
950 10807
951 10806
952 10805
953 10804
954 10803
955 10802
956 10370
957 10369
958 10368
959 10367
960 10366
961 10365
962 10364
963 10363
964 10362
965 10361
966 10360
967 10359
968 10358
969 10357
970 10356
971 10355
972 10934
973 10933
974 10932
975 10931
976 10930
977 10929
978 10928
979 10927
980 10926
981 10925
982 10924
983 10923
984 10922
985 10921
994 9853
995 9852
996 9851
997 9850
998 9849
999 9848
1000 9847
1001 9846
1002 9845
1003 9844
1004 9843
1005 9801
1006 9800
1007 9799
1008 9798
1009 9797
1010 9796
1011 9795
1012 9794
1013 9793
1014 9792
1015 9791
1016 9790
1017 9789
1018 9788
1019 9787
1020 9786
1021 9578
1022 9577
1023 9576
1024 9575
1025 9574
1026 9573
1027 9572
1028 9571
1029 9570
1030 9569
1031 9568
1032 9567
1033 9566
1042 9127
1043 9126
1044 9125
1045 9124
1046 9123
1047 9122
1048 9121
1049 9120
1050 9119
1051 9118
1052 9117
1053 9116
1054 9115
1055 8694
1056 8693
1057 8692
1058 8691
1059 8690
1060 8689
1061 8688
1062 8687
1063 8686
1064 8685
1065 8684
1066 8683
1067 8682
1068 8681
1069 8680
1070 8679
1071 9275
1072 9274
1073 9273
1074 9272
1075 9271
1076 9270
1077 9269
1078 9268
1079 9267
1080 9266
1081 9265
1082 9264
1091 8315
1092 8314
1093 8313
1094 8312
1095 8311
1096 8310
1097 8309
1098 8308
1099 8307
1100 8306
1101 8305
1102 8304
1103 8303
1104 8302
1105 7935
1106 7934
1107 7933
1108 7932
1109 7931
1110 7930
1111 7929
1112 7928
1113 8370
1114 8369
1115 8368
1116 8367
1117 8366
1118 8365
1119 8364
1120 8363
1121 8362
1122 8361
1123 8360
1124 8359
1125 8358
1126 8357
1127 8356
1128 8355
1129 8354
1130 8353
1131 8352
1132 8351
1133 8350
1134 8349
1137 8348
1138 8347
1139 8346
1140 8345
1141 8344
1142 8343
1143 8342
1144 8341
1145 8340
1146 7990
1147 7989
1148 7988
1149 7987
1150 7986
1151 7985
1152 7984
1153 7983
1154 8378
1155 8377
1156 8376
1157 8375
1158 8374
1159 8373
1160 8372
1161 8371
1162 7927
1163 7926
1164 7925
1165 7924
1166 7923
1167 7922
1168 7921
1169 7920
1170 8271
1171 8270
1172 8269
1173 8268
1174 8267
1175 8266
1176 8265
1177 8324
1178 8323
1179 8322
1180 8321
1181 8320
1182 8319
1183 8318
1184 8317
1185 8316
1194 9193
1195 9192
1196 9191
1197 9190
1198 9189
1199 9188
1200 9187
1201 9186
1202 9185
1203 9184
1204 9183
1205 9182
1206 9181
1207 9180
1208 9179
1209 8833
1210 8832
1211 8831
1212 8830
1213 8829
1214 8828
1215 8827
1216 8547
1217 8546
1218 8545
1219 8544
1220 8543
1221 8542
1222 8541
1223 8540
1224 8787
1225 8786
1226 8785
1227 8784
1228 8783
1229 8782
1230 8781
1231 8780
1232 8779
1233 8778
1234 8777
1235 8776
1236 8775
1237 8774
1238 8773
1239 8772
1248 9872
1249 9871
1250 9870
1251 9869
1252 9868
1253 9867
1254 9866
1255 9865
1256 9662
1257 9661
1258 9660
1259 9659
1260 9658
1261 9657
1262 9656
1263 9655
1264 9982
1265 9981
1266 9980
1267 9979
1268 9978
1269 9977
1270 9976
1271 9975
1272 9974
1273 9973
1274 9972
1275 9971
1276 9970
1277 9969
1278 9968
1279 9967
1280 9624
1281 9623
1282 9622
1283 9621
1284 9620
1285 9619
1286 9618
1287 9617
1288 9879
1289 9878
1290 9877
1291 9876
1292 9875
1293 9874
1294 9873
1303 10886
1304 10885
1305 10884
1306 10883
1307 10882
1308 10881
1309 10880
1310 10879
1311 10878
1312 10877
1313 10876
1314 10875
1315 10874
1316 10873
1317 10872
1318 10871
1319 10870
1320 10496
1321 10495
1322 10494
1323 10493
1324 10492
1325 10491
1326 10490
1327 10223
1328 10222
1329 10221
1330 10220
1331 10219
1332 10218
1333 10217
1334 10216
1335 10962
1336 10961
1337 10960
1338 10959
1339 10958
1340 10957
1341 10956
1342 10955
1343 10954
1344 10953
1345 10952
1346 10951
1347 10950
1348 10949
1357 11494
1358 11493
1359 11492
1360 11491
1361 11490
1362 11489
1363 11488
1364 11487
1365 11486
1366 11425
1367 11424
1368 11423
1369 11422
1370 11421
1371 11420
1372 11419
1373 11418
1374 11668
1375 11667
1376 11666
1377 11665
1378 11664
1379 11663
1380 11662
1381 11661
1382 11377
1383 11376
1384 11375
1385 11374
1386 11373
1387 11372
1388 11371
1389 11370
1390 11278
1391 11277
1392 11276
1393 11275
1394 11274
1395 11273
1396 11272
1397 11271
1398 11270
1399 11269
1400 11268
1401 11267
1402 11266
1411 12543
1412 12542
1413 12541
1414 12540
1415 12539
1416 12538
1417 12537
1418 12536
1419 12535
1420 12534
1421 12533
1422 12589
1423 12588
1424 12587
1425 12586
1426 12585
1427 12584
1428 12583
1429 12582
1430 12163
1431 12162
1432 12161
1433 12160
1434 12159
1435 12158
1436 12157
1437 12040
1438 12039
1439 12038
1440 12037
1441 12036
1442 12035
1443 12034
1444 12033
1445 12625
1446 12624
1447 12623
1448 12622
1449 12621
1450 12620
1451 12619
1452 12618
1453 12617
1454 12616
1455 12615
1456 12614
1465 13312
1466 13311
1467 13310
1468 13309
1469 13308
1470 13307
1471 13306
1472 13305
1473 13304
1474 13303
1475 13302
1476 12994
1477 12993
1478 12992
1479 12991
1480 12990
1481 12989
1482 12988
1483 12987
1484 13262
1485 13261
1486 13260
1487 13259
1488 13258
1489 13257
1490 13256
1491 13255
1492 12946
1493 12945
1494 12944
1495 12943
1496 12942
1497 12941
1498 12940
1499 12939
1500 13108
1501 13107
1502 13106
1503 13105
1504 13104
1505 13103
1506 13102
1507 13101
1508 13100
1509 13099
1510 13098
1519 14169
1520 14168
1521 14167
1522 14166
1523 14165
1524 14164
1525 14163
1526 14162
1527 14161
1528 14160
1529 14159
1530 14158
1531 14157
1532 14230
1533 14229
1534 14228
1535 14227
1536 14226
1537 14225
1538 14224
1539 14223
1540 13956
1541 13955
1542 13954
1543 13953
1544 13952
1545 13951
1546 13950
1547 13717
1548 13716
1549 13715
1550 13714
1551 13713
1552 13712
1553 13711
1554 13710
1555 14261
1556 14260
1557 14259
1558 14258
1559 14257
1562 14119
1563 14118
1564 14117
1565 14116
1566 14115
1567 14114
1568 14113
1569 14112
1570 14111
1571 14110
1572 14109
1573 14108
1574 14107
1575 13613
1576 13612
1577 13611
1578 13610
1579 13609
1580 13608
1581 13607
1582 13606
1583 13964
1584 13963
1585 13962
1586 13961
1587 13960
1588 13959
1589 13958
1590 13957
1591 14222
1592 14221
1593 14220
1594 14219
1595 14218
1596 14217
1597 14216
1598 14215
1599 13526
1600 13525
1601 13524
1602 13523
1603 13522
1604 13521
1605 13520
1606 13519
1607 13518
1608 13517
1609 13516
1610 13515
1611 13514
1620 13118
1621 13117
1622 13116
1623 13115
1624 13114
1625 13113
1626 13112
1627 13111
1628 13110
1629 13109
1630 12938
1631 12937
1632 12936
1633 12935
1634 12934
1635 12933
1636 12932
1637 12931
1638 13440
1639 13439
1640 13438
1641 13437
1642 13436
1643 13435
1644 13434
1645 13433
1646 12710
1647 12709
1648 12708
1649 12707
1650 12706
1651 12705
1652 12704
1653 12703
1654 13089
1655 13088
1656 13087
1657 13086
1658 13085
1659 13084
1660 13083
1661 13082
1662 13081
1663 13080
1664 13079
1665 13078
1674 12451
1675 12450
1676 12449
1677 12448
1678 12447
1679 12446
1680 12445
1681 12444
1682 12443
1683 12442
1684 12441
1685 12440
1686 11929
1687 11928
1688 11927
1689 11926
1690 11925
1691 11924
1692 11923
1693 11922
1694 12171
1695 12170
1696 12169
1697 12168
1698 12167
1699 12166
1700 12165
1701 12164
1702 12581
1703 12580
1704 12579
1705 12578
1706 12577
1707 12576
1708 12575
1709 12574
1710 12480
1711 12479
1712 12478
1713 12477
1714 12476
1715 12475
1716 12474
1717 12473
1718 12472
1719 12471
1720 12470
1729 11290
1730 11289
1731 11288
1732 11287
1733 11286
1734 11285
1735 11284
1736 11283
1737 11282
1738 11281
1739 11280
1740 11279
1741 11369
1742 11368
1743 11367
1744 11366
1745 11365
1746 11364
1747 11363
1748 11362
1749 11773
1750 11772
1751 11771
1752 11770
1753 11769
1754 11768
1755 11767
1756 11766
1757 11141
1758 11140
1759 11139
1760 11138
1761 11137
1762 11136
1763 11135
1764 11134
1765 11259
1766 11258
1767 11257
1768 11256
1769 11255
1770 11254
1771 11253
1772 11252
1773 11251
1774 11250
1783 10790
1784 10789
1785 10788
1786 10787
1787 10786
1788 10785
1789 10784
1790 10783
1791 10782
1792 10781
1793 10780
1794 10779
1795 10778
1796 10777
1797 10386
1798 10385
1799 10384
1800 10383
1801 10382
1802 10381
1803 10380
1804 10379
1805 10504
1806 10503
1807 10502
1808 10501
1809 10500
1810 10499
1811 10498
1812 10497
1813 10869
1814 10868
1815 10867
1816 10866
1817 10865
1818 10864
1819 10863
1820 10862
1821 10821
1822 10820
1823 10819
1824 10818
1825 10817
1826 10816
1827 10815
1828 10814
1829 10813
1838 9638
1839 9637
1840 9636
1841 9635
1842 9634
1843 9633
1844 9632
1845 9631
1846 9630
1847 9629
1848 9628
1849 9627
1850 9626
1851 9625
1852 9966
1853 9965
1854 9964
1855 9963
1856 9962
1857 9961
1858 9960
1859 9959
1860 10106
1861 10105
1862 10104
1863 10103
1864 10102
1865 10101
1866 10100
1867 10099
1868 9471
1869 9470
1870 9469
1871 9468
1872 9467
1873 9466
1874 9465
1875 9464
1876 9463
1877 9462
1878 9461
1879 9460
1880 9459
1881 9458
1882 9457
1883 9456
1892 9212
1893 9211
1894 9210
1895 9209
1896 9208
1897 9207
1898 9206
1899 9205
1900 9236
1901 9235
1902 9234
1903 9233
1904 9232
1905 9231
1906 9230
1907 9229
1908 8710
1909 8709
1910 8708
1911 8707
1912 8706
1913 8705
1914 8704
1915 8703
1916 8841
1917 8840
1918 8839
1919 8838
1920 8837
1921 8836
1922 8835
1923 8834
1924 9178
1925 9177
1926 9176
1927 9175
1928 9174
1929 9173
1930 9172
1931 9171
1932 9134
1933 9133
1934 9132
1935 9131
1936 9130
1937 9129
1938 9128
1947 8288
1948 8287
1949 8286
1950 8285
1951 8284
1952 8283
1953 8282
1954 8281
1955 8280
1956 8279
1957 8278
1958 8277
1959 8276
1960 8275
1961 8274
1962 8273
1963 8272
1964 7919
1965 7918
1966 7917
1967 7916
1968 7915
1969 7914
1970 7913
1971 7912
1972 8429
1973 8428
1974 8427
1975 8426
1976 8425
1977 8424
1978 8423
1979 8422
1980 8035
1981 8034
1982 8033
1983 8032
1984 8031
1985 8030
1986 8029
1987 8028
1988 8027
1989 8026
1990 8025
1991 8024
1992 8023
1993 8022
1994 8021
1995 8020
1996 8019
1999 8168
2000 8167
2001 8166
2002 8165
2003 8164
2004 8163
2005 8162
2006 8161
2007 8160
2008 8159
2009 8158
2010 8157
2011 8156
2012 8155
2013 8154
2014 8153
2015 8181
2016 8180
2017 8179
2018 8178
2019 8177
2020 8176
2021 8175
2022 8174
2023 8173
2024 8172
2025 8171
2026 8170
2027 8169
2036 9101
2037 9100
2038 9099
2039 9098
2040 9097
2041 9096
2042 9095
2043 9094
2044 9093
2045 9092
2046 9091
2047 9090
2048 8848
2049 8847
2050 8846
2051 8845
2052 8844
2053 8843
2054 8842
2055 8702
2056 8701
2057 8700
2058 8699
2059 8698
2060 8697
2061 8696
2062 8695
2063 9114
2064 9113
2065 9112
2066 9111
2067 9110
2068 9109
2069 9108
2070 9107
2071 9106
2072 9105
2073 9104
2074 9103
2075 9102
2084 9591
2085 9590
2086 9589
2087 9588
2088 9587
2089 9586
2090 9585
2091 9584
2092 9583
2093 9582
2094 9581
2095 9580
2096 9579
2097 9785
2098 9784
2099 9783
2100 9782
2101 9781
2102 9780
2103 9779
2104 9778
2105 9777
2106 9776
2107 9775
2108 9774
2109 9773
2110 9772
2111 9771
2112 9770
2113 9518
2114 9517
2115 9516
2116 9515
2117 9514
2118 9513
2119 9512
2120 9511
2121 9510
2122 9509
2123 9508
2124 9507
2133 10762
2134 10761
2135 10760
2136 10759
2137 10758
2138 10757
2139 10756
2140 10755
2141 10754
2142 10753
2143 10752
2144 10751
2145 10750
2146 10749
2147 10511
2148 10510
2149 10509
2150 10508
2151 10507
2152 10506
2153 10505
2154 10378
2155 10377
2156 10376
2157 10375
2158 10374
2159 10373
2160 10372
2161 10371
2162 10801
2163 10800
2164 10799
2165 10798
2166 10797
2167 10796
2168 10795
2169 10794
2170 10793
2171 10792
2172 10791
2181 11265
2182 11264
2183 11263
2184 11262
2185 11261
2186 11260
2187 11133
2188 11132
2189 11131
2190 11130
2191 11129
2192 11128
2193 11127
2194 11126
2195 11652
2196 11651
2197 11650
2198 11649
2199 11648
2200 11647
2201 11646
2202 11645
2203 11644
2204 11643
2205 11642
2206 11641
2207 11640
2208 11639
2209 11638
2210 11637
2211 11187
2212 11186
2213 11185
2214 11184
2215 11183
2216 11182
2217 11181
2218 11180
2219 11179
2220 11178
2229 12427
2230 12426
2231 12425
2232 12424
2233 12423
2234 12422
2235 12421
2236 12420
2237 12419
2238 12418
2239 12417
2240 12416
2241 12415
2242 12414
2243 12413
2244 12412
2245 12178
2246 12177
2247 12176
2248 12175
2249 12174
2250 12173
2251 12172
2252 11921
2253 11920
2254 11919
2255 11918
2256 11917
2257 11916
2258 11915
2259 11914
2260 12460
2261 12459
2262 12458
2263 12457
2264 12456
2265 12455
2266 12454
2267 12453
2268 12452
2277 13097
2278 13096
2279 13095
2280 13094
2281 13093
2282 13092
2283 13091
2284 13090
2285 12702
2286 12701
2287 12700
2288 12699
2289 12698
2290 12697
2291 12696
2292 12695
2293 13246
2294 13245
2295 13244
2296 13243
2297 13242
2298 13241
2299 13240
2300 13239
2301 13238
2302 13237
2303 13236
2304 13235
2305 13234
2306 13233
2307 13232
2308 13231
2309 12850
2310 12849
2311 12848
2312 12847
2313 12846
2314 12845
2315 12844
2316 12843
2325 13899
2326 13898
2327 13897
2328 13896
2329 13895
2330 13894
2331 13893
2332 13892
2333 13891
2334 13890
2335 13889
2336 13888
2337 13887
2338 13886
2339 13885
2340 13884
2341 13883
2342 13882
2343 13971
2344 13970
2345 13969
2346 13968
2347 13967
2348 13966
2349 13965
2350 13605
2351 13604
2352 13603
2353 13602
2354 13601
2355 13600
2356 13599
2357 13598
2360 13987
2361 13986
2362 13985
2363 13984
2364 13983
2365 13982
2366 13981
2367 13980
2368 13979
2369 13978
2370 13977
2371 13976
2372 13975
2373 13974
2374 13973
2375 13972
2376 13881
2377 13880
2378 13879
2379 13878
2380 13877
2381 13876
2382 13875
2383 13874
2384 13812
2385 13811
2386 13810
2387 13809
2388 13808
2389 13807
2390 13806
2391 13805
2392 13804
2393 13803
2402 12857
2403 12856
2404 12855
2405 12854
2406 12853
2407 12852
2408 12851
2409 13230
2410 13229
2411 13228
2412 13227
2413 13226
2414 13225
2415 13224
2416 13223
2417 13424
2418 13423
2419 13422
2420 13421
2421 13420
2422 13419
2423 13418
2424 13417
2425 13150
2426 13149
2427 13148
2428 13147
2429 13146
2430 13145
2431 13144
2432 13143
2433 13142
2434 13141
2435 13140
2436 13139
2437 13138
2438 13137
2439 13136
2440 13135
2441 13134
2450 12283
2451 12282
2452 12281
2453 12280
2454 12279
2455 12278
2456 12277
2457 12276
2458 12275
2459 12194
2460 12193
2461 12192
2462 12191
2463 12190
2464 12189
2465 12188
2466 12187
2467 12186
2468 12185
2469 12184
2470 12183
2471 12182
2472 12181
2473 12180
2474 12179
2475 12411
2476 12410
2477 12409
2478 12408
2479 12407
2480 12406
2481 12405
2482 12404
2483 12346
2484 12345
2485 12344
2486 12343
2487 12342
2488 12341
2489 12340
2490 12339
2499 11196
2500 11195
2501 11194
2502 11193
2503 11192
2504 11191
2505 11190
2506 11189
2507 11188
2508 11636
2509 11635
2510 11634
2511 11633
2512 11632
2513 11631
2514 11630
2515 11629
2516 11757
2517 11756
2518 11755
2519 11754
2520 11753
2521 11752
2522 11751
2523 11750
2524 11556
2525 11555
2526 11554
2527 11553
2528 11552
2529 11551
2530 11550
2531 11549
2532 11548
2533 11547
2534 11546
2535 11545
2536 11544
2537 11543
2538 11542
2547 10626
2548 10625
2549 10624
2550 10623
2551 10622
2552 10621
2553 10620
2554 10619
2555 10618
2556 10617
2557 10616
2558 10527
2559 10526
2560 10525
2561 10524
2562 10523
2563 10522
2564 10521
2565 10520
2566 10519
2567 10518
2568 10517
2569 10516
2570 10515
2571 10514
2572 10513
2573 10512
2574 10748
2575 10747
2576 10746
2577 10745
2578 10744
2579 10743
2580 10742
2581 10741
2582 10740
2583 10739
2584 10738
2585 10737
2586 10736
2587 10735
2596 9529
2597 9528
2598 9527
2599 9526
2600 9525
2601 9524
2602 9523
2603 9522
2604 9521
2605 9520
2606 9519
2607 9769
2608 9768
2609 9767
2610 9766
2611 9765
2612 9764
2613 9763
2614 9762
2615 10090
2616 10089
2617 10088
2618 10087
2619 10086
2620 10085
2621 10084
2622 10083
2623 9395
2624 9394
2625 9393
2626 9392
2627 9391
2628 9390
2629 9389
2630 9388
2631 9387
2632 9386
2633 9385
2634 9384
2635 9383
2644 8941
2645 8940
2646 8939
2647 8938
2648 8937
2649 8936
2650 8935
2651 8934
2652 8933
2653 8932
2654 8931
2655 8930
2656 8929
2657 8864
2658 8863
2659 8862
2660 8861
2661 8860
2662 8859
2663 8858
2664 8857
2665 8856
2666 8855
2667 8854
2668 8853
2669 8852
2670 8851
2671 8850
2672 8849
2673 9089
2674 9088
2675 9087
2676 9086
2677 9085
2678 9084
2679 9083
2680 9082
2681 9081
2682 9080
2683 9079
2684 9078
2693 8195
2694 8194
2695 8193
2696 8192
2697 8191
2698 8190
2699 8189
2700 8188
2701 8187
2702 8186
2703 8185
2704 8184
2705 8183
2706 8182
2707 8152
2708 8151
2709 8150
2710 8149
2711 8148
2712 8147
2713 8146
2714 8145
2715 8413
2716 8412
2717 8411
2718 8410
2719 8409
2720 8408
2721 8407
2722 8406
2725 8216
2726 8215
2727 8214
2728 8213
2729 8212
2730 8211
2731 8210
2732 8209
2733 8208
2734 8043
2735 8042
2736 8041
2737 8040
2738 8039
2739 8038
2740 8037
2741 8036
2742 8421
2743 8420
2744 8419
2745 8418
2746 8417
2747 8416
2748 8415
2749 8414
2750 8144
2751 8143
2752 8142
2753 8141
2754 8140
2755 8139
2756 8138
2757 8137
2758 7838
2759 7837
2760 7836
2761 7835
2762 7834
2763 7833
2764 7832
2765 8225
2766 8224
2767 8223
2768 8222
2769 8221
2770 8220
2771 8219
2772 8218
2773 8217
2782 9007
2783 9006
2784 9005
2785 9004
2786 9003
2787 9002
2788 9001
2789 9000
2790 8999
2791 8998
2792 8997
2793 8996
2794 8995
2795 8994
2796 8993
2797 8585
2798 8584
2799 8583
2800 8582
2801 8581
2802 8580
2803 8579
2804 8718
2805 8717
2806 8716
2807 8715
2808 8714
2809 8713
2810 8712
2811 8711
2812 9228
2813 9227
2814 9226
2815 9225
2816 9224
2817 9223
2818 9222
2819 9221
2820 9220
2821 9219
2822 9218
2823 9217
2824 9216
2825 9215
2826 9214
2827 9213
2836 9548
2837 9547
2838 9546
2839 9545
2840 9544
2841 9543
2842 9542
2843 9541
2844 9479
2845 9478
2846 9477
2847 9476
2848 9475
2849 9474
2850 9473
2851 9472
2852 10098
2853 10097
2854 10096
2855 10095
2856 10094
2857 10093
2858 10092
2859 10091
2860 9761
2861 9760
2862 9759
2863 9758
2864 9757
2865 9756
2866 9755
2867 9754
2868 9441
2869 9440
2870 9439
2871 9438
2872 9437
2873 9436
2874 9435
2875 9434
2876 9555
2877 9554
2878 9553
2879 9552
2880 9551
2881 9550
2882 9549
2891 10700
2892 10699
2893 10698
2894 10697
2895 10696
2896 10695
2897 10694
2898 10693
2899 10692
2900 10691
2901 10690
2902 10689
2903 10688
2904 10687
2905 10686
2906 10685
2907 10684
2908 10261
2909 10260
2910 10259
2911 10258
2912 10257
2913 10256
2914 10255
2915 10394
2916 10393
2917 10392
2918 10391
2919 10390
2920 10389
2921 10388
2922 10387
2923 10776
2924 10775
2925 10774
2926 10773
2927 10772
2928 10771
2929 10770
2930 10769
2931 10768
2932 10767
2933 10766
2934 10765
2935 10764
2936 10763
2945 11218
2946 11217
2947 11216
2948 11215
2949 11214
2950 11213
2951 11212
2952 11211
2953 11210
2954 11149
2955 11148
2956 11147
2957 11146
2958 11145
2959 11144
2960 11143
2961 11142
2962 11765
2963 11764
2964 11763
2965 11762
2966 11761
2967 11760
2968 11759
2969 11758
2970 11628
2971 11627
2972 11626
2973 11625
2974 11624
2975 11623
2976 11622
2977 11621
2978 11098
2979 11097
2980 11096
2981 11095
2982 11094
2983 11093
2984 11092
2985 11091
2986 11090
2987 11089
2988 11088
2989 11087
2990 11086
2999 12357
3000 12356
3001 12355
3002 12354
3003 12353
3004 12352
3005 12351
3006 12350
3007 12349
3008 12348
3009 12347
3010 12403
3011 12402
3012 12401
3013 12400
3014 12399
3015 12398
3016 12397
3017 12396
3018 12078
3019 12077
3020 12076
3021 12075
3022 12074
3023 12073
3024 12072
3025 11937
3026 11936
3027 11935
3028 11934
3029 11933
3030 11932
3031 11931
3032 11930
3033 12439
3034 12438
3035 12437
3036 12436
3037 12435
3038 12434
3039 12433
3040 12432
3041 12431
3042 12430
3043 12429
3044 12428
3053 13036
3054 13035
3055 13034
3056 13033
3057 13032
3058 13031
3059 13030
3060 13029
3061 13028
3062 13027
3063 13026
3064 12718
3065 12717
3066 12716
3067 12715
3068 12714
3069 12713
3070 12712
3071 12711
3072 13432
3073 13431
3074 13430
3075 13429
3076 13428
3077 13427
3078 13426
3079 13425
3080 13222
3081 13221
3082 13220
3083 13219
3084 13218
3085 13217
3086 13216
3087 13215
3088 12832
3089 12831
3090 12830
3091 12829
3092 12828
3093 12827
3094 12826
3095 12825
3096 12824
3097 12823
3098 12822
3107 13825
3108 13824
3109 13823
3110 13822
3111 13821
3112 13820
3113 13819
3114 13818
3115 13817
3116 13816
3117 13815
3118 13814
3119 13813
3120 13873
3121 13872
3122 13871
3123 13870
3124 13869
3125 13868
3126 13867
3127 13866
3128 13755
3129 13754
3130 13753
3131 13752
3132 13751
3133 13750
3134 13749
3135 13621
3136 13620
3137 13619
3138 13618
3139 13617
3140 13616
3141 13615
3142 13614
3143 14106
3144 14105
3145 14104
3146 14103
3147 14102
3148 14101
3149 14100
3150 14099
3151 14098
3152 14097
3153 14096
3154 14095
3155 14094
3158 14061
3159 14060
3160 14059
3161 14058
3162 14057
3163 14056
3164 14055
3165 14054
3166 14053
3167 14052
3168 14051
3169 14050
3170 14049
3171 14003
3172 14002
3173 14001
3174 14000
3175 13999
3176 13998
3177 13997
3178 13996
3179 13763
3180 13762
3181 13761
3182 13760
3183 13759
3184 13758
3185 13757
3186 13756
3187 13865
3188 13864
3189 13863
3190 13862
3191 13861
3192 13860
3193 13859
3194 13858
3195 14182
3196 14181
3197 14180
3198 14179
3199 14178
3200 14177
3201 14176
3202 14175
3203 14174
3204 14173
3205 14172
3206 14171
3207 14170
3216 12842
3217 12841
3218 12840
3219 12839
3220 12838
3221 12837
3222 12836
3223 12835
3224 12834
3225 12833
3226 13214
3227 13213
3228 13212
3229 13211
3230 13210
3231 13209
3232 13208
3233 13207
3234 12898
3235 12897
3236 12896
3237 12895
3238 12894
3239 12893
3240 12892
3241 12891
3242 13166
3243 13165
3244 13164
3245 13163
3246 13162
3247 13161
3248 13160
3249 13159
3250 12813
3251 12812
3252 12811
3253 12810
3254 12809
3255 12808
3256 12807
3257 12806
3258 12805
3259 12804
3260 12803
3261 12802
3270 12265
3271 12264
3272 12263
3273 12262
3274 12261
3275 12260
3276 12259
3277 12258
3278 12257
3279 12256
3280 12255
3281 12254
3282 12210
3283 12209
3284 12208
3285 12207
3286 12206
3287 12205
3288 12204
3289 12203
3290 12086
3291 12085
3292 12084
3293 12083
3294 12082
3295 12081
3296 12080
3297 12079
3298 12395
3299 12394
3300 12393
3301 12392
3302 12391
3303 12390
3304 12389
3305 12388
3306 12294
3307 12293
3308 12292
3309 12291
3310 12290
3311 12289
3312 12288
3313 12287
3314 12286
3315 12285
3316 12284
3325 11110
3326 11109
3327 11108
3328 11107
3329 11106
3330 11105
3331 11104
3332 11103
3333 11102
3334 11101
3335 11100
3336 11099
3337 11620
3338 11619
3339 11618
3340 11617
3341 11616
3342 11615
3343 11614
3344 11613
3345 11329
3346 11328
3347 11327
3348 11326
3349 11325
3350 11324
3351 11323
3352 11322
3353 11572
3354 11571
3355 11570
3356 11569
3357 11568
3358 11567
3359 11566
3360 11565
3361 11079
3362 11078
3363 11077
3364 11076
3365 11075
3366 11074
3367 11073
3368 11072
3369 11071
3370 11070
3379 10604
3380 10603
3381 10602
3382 10601
3383 10600
3384 10599
3385 10598
3386 10597
3387 10596
3388 10595
3389 10594
3390 10593
3391 10592
3392 10591
3393 10543
3394 10542
3395 10541
3396 10540
3397 10539
3398 10538
3399 10537
3400 10536
3401 10269
3402 10268
3403 10267
3404 10266
3405 10265
3406 10264
3407 10263
3408 10262
3409 10683
3410 10682
3411 10681
3412 10680
3413 10679
3414 10678
3415 10677
3416 10676
3417 10635
3418 10634
3419 10633
3420 10632
3421 10631
3422 10630
3423 10629
3424 10628
3425 10627
3434 9455
3435 9454
3436 9453
3437 9452
3438 9451
3439 9450
3440 9449
3441 9448
3442 9447
3443 9446
3444 9445
3445 9444
3446 9443
3447 9442
3448 9753
3449 9752
3450 9751
3451 9750
3452 9749
3453 9748
3454 9747
3455 9746
3456 9926
3457 9925
3458 9924
3459 9923
3460 9922
3461 9921
3462 9920
3463 9919
3464 9705
3465 9704
3466 9703
3467 9702
3468 9701
3469 9700
3470 9699
3471 9698
3472 9697
3473 9696
3474 9695
3475 9694
3476 9693
3477 9692
3478 9691
3479 9690
3488 9026
3489 9025
3490 9024
3491 9023
3492 9022
3493 9021
3494 9020
3495 9019
3496 9050
3497 9049
3498 9048
3499 9047
3500 9046
3501 9045
3502 9044
3503 9043
3504 8880
3505 8879
3506 8878
3507 8877
3508 8876
3509 8875
3510 8874
3511 8873
3512 8593
3513 8592
3514 8591
3515 8590
3516 8589
3517 8588
3518 8587
3519 8586
3520 8992
3521 8991
3522 8990
3523 8989
3524 8988
3525 8987
3526 8986
3527 8985
3528 8948
3529 8947
3530 8946
3531 8945
3532 8944
3533 8943
3534 8942
3543 7855
3544 7854
3545 7853
3546 7852
3547 7851
3548 7850
3549 7849
3550 7848
3551 7847
3552 7846
3553 7845
3554 7844
3555 7843
3556 7842
3557 7841
3558 7840
3559 7839
3560 8136
3561 8135
3562 8134
3563 8133
3564 8132
3565 8131
3566 8130
3567 8129
3568 7879
3569 7878
3570 7877
3571 7876
3572 7875
3573 7874
3574 7873
3575 7872
3576 8088
3577 8087
3578 8086
3579 8085
3580 8084
3581 8083
3582 8082
3583 8081
3584 8080
3585 8079
3586 8078
3587 8077
3588 8076
3589 8075
3590 8074
3591 8073
3592 8072
3595 7735
3596 7734
3597 7733
3598 7732
3599 7731
3600 7730
3601 7729
3602 7728
3603 7727
3604 7726
3605 7725
3606 7724
3607 7723
3608 7722
3609 7721
3610 7720
3611 7748
3612 7747
3613 7746
3614 7745
3615 7744
3616 7743
3617 7742
3618 7741
3619 7740
3620 7739
3621 7738
3622 7737
3623 7736
3632 8510
3633 8509
3634 8508
3635 8507
3636 8506
3637 8505
3638 8504
3639 8503
3640 8502
3641 8501
3642 8500
3643 8499
3644 8600
3645 8599
3646 8598
3647 8597
3648 8596
3649 8595
3650 8594
3651 8872
3652 8871
3653 8870
3654 8869
3655 8868
3656 8867
3657 8866
3658 8865
3659 8928
3660 8927
3661 8926
3662 8925
3663 8924
3664 8923
3665 8922
3666 8921
3667 8920
3668 8919
3669 8918
3670 8917
3671 8916
3680 9408
3681 9407
3682 9406
3683 9405
3684 9404
3685 9403
3686 9402
3687 9401
3688 9400
3689 9399
3690 9398
3691 9397
3692 9396
3693 10082
3694 10081
3695 10080
3696 10079
3697 10078
3698 10077
3699 10076
3700 10075
3701 10074
3702 10073
3703 10072
3704 10071
3705 10070
3706 10069
3707 10068
3708 10067
3709 9335
3710 9334
3711 9333
3712 9332
3713 9331
3714 9330
3715 9329
3716 9328
3717 9327
3718 9326
3719 9325
3720 9324
3729 10188
3730 10187
3731 10186
3732 10185
3733 10184
3734 10183
3735 10182
3736 10181
3737 10180
3738 10179
3739 10178
3740 10177
3741 10176
3742 10175
3743 10276
3744 10275
3745 10274
3746 10273
3747 10272
3748 10271
3749 10270
3750 10535
3751 10534
3752 10533
3753 10532
3754 10531
3755 10530
3756 10529
3757 10528
3758 10615
3759 10614
3760 10613
3761 10612
3762 10611
3763 10610
3764 10609
3765 10608
3766 10607
3767 10606
3768 10605
3777 11085
3778 11084
3779 11083
3780 11082
3781 11081
3782 11080
3783 11564
3784 11563
3785 11562
3786 11561
3787 11560
3788 11559
3789 11558
3790 11557
3791 11749
3792 11748
3793 11747
3794 11746
3795 11745
3796 11744
3797 11743
3798 11742
3799 11741
3800 11740
3801 11739
3802 11738
3803 11737
3804 11736
3805 11735
3806 11734
3807 11007
3808 11006
3809 11005
3810 11004
3811 11003
3812 11002
3813 11001
3814 11000
3815 10999
3816 10998
3825 12007
3826 12006
3827 12005
3828 12004
3829 12003
3830 12002
3831 12001
3832 12000
3833 11999
3834 11998
3835 11997
3836 11996
3837 11995
3838 11994
3839 11993
3840 11992
3841 12093
3842 12092
3843 12091
3844 12090
3845 12089
3846 12088
3847 12087
3848 12202
3849 12201
3850 12200
3851 12199
3852 12198
3853 12197
3854 12196
3855 12195
3856 12274
3857 12273
3858 12272
3859 12271
3860 12270
3861 12269
3862 12268
3863 12267
3864 12266
3873 12821
3874 12820
3875 12819
3876 12818
3877 12817
3878 12816
3879 12815
3880 12814
3881 13158
3882 13157
3883 13156
3884 13155
3885 13154
3886 13153
3887 13152
3888 13151
3889 13416
3890 13415
3891 13414
3892 13413
3893 13412
3894 13411
3895 13410
3896 13409
3897 13408
3898 13407
3899 13406
3900 13405
3901 13404
3902 13403
3903 13402
3904 13401
3905 12670
3906 12669
3907 12668
3908 12667
3909 12666
3910 12665
3911 12664
3912 12663
3921 13693
3922 13692
3923 13691
3924 13690
3925 13689
3926 13688
3927 13687
3928 13686
3929 13685
3930 13684
3931 13683
3932 13682
3933 13681
3934 13680
3935 13679
3936 13678
3937 13677
3938 13676
3939 13770
3940 13769
3941 13768
3942 13767
3943 13766
3944 13765
3945 13764
3946 13995
3947 13994
3948 13993
3949 13992
3950 13991
3951 13990
3952 13989
3953 13988
3956 13786
3957 13785
3958 13784
3959 13783
3960 13782
3961 13781
3962 13780
3963 13779
3964 13778
3965 13777
3966 13776
3967 13775
3968 13774
3969 13773
3970 13772
3971 13771
3972 13675
3973 13674
3974 13673
3975 13672
3976 13671
3977 13670
3978 13669
3979 13668
3980 13500
3981 13499
3982 13498
3983 13497
3984 13496
3985 13495
3986 13494
3987 13493
3988 13492
3989 13491
3998 12677
3999 12676
4000 12675
4001 12674
4002 12673
4003 12672
4004 12671
4005 13400
4006 13399
4007 13398
4008 13397
4009 13396
4010 13395
4011 13394
4012 13393
4013 12882
4014 12881
4015 12880
4016 12879
4017 12878
4018 12877
4019 12876
4020 12875
4021 12874
4022 12873
4023 12872
4024 12871
4025 12870
4026 12869
4027 12868
4028 12867
4029 12866
4030 12865
4031 12864
4032 12863
4033 12862
4034 12861
4035 12860
4036 12859
4037 12858
4046 12118
4047 12117
4048 12116
4049 12115
4050 12114
4051 12113
4052 12112
4053 12111
4054 12110
4055 12109
4056 12108
4057 12107
4058 12106
4059 12105
4060 12104
4061 12103
4062 12102
4063 12101
4064 12100
4065 12099
4066 12098
4067 12097
4068 12096
4069 12095
4070 12094
4071 11991
4072 11990
4073 11989
4074 11988
4075 11987
4076 11986
4077 11985
4078 11984
4079 11833
4080 11832
4081 11831
4082 11830
4083 11829
4084 11828
4085 11827
4086 11826
4095 11016
4096 11015
4097 11014
4098 11013
4099 11012
4100 11011
4101 11010
4102 11009
4103 11008
4104 11733
4105 11732
4106 11731
4107 11730
4108 11729
4109 11728
4110 11727
4111 11726
4112 11313
4113 11312
4114 11311
4115 11310
4116 11309
4117 11308
4118 11307
4119 11306
4120 11305
4121 11304
4122 11303
4123 11302
4124 11301
4125 11300
4126 11299
4127 11298
4128 11297
4129 11296
4130 11295
4131 11294
4132 11293
4133 11292
4134 11291
4143 10303
4144 10302
4145 10301
4146 10300
4147 10299
4148 10298
4149 10297
4150 10296
4151 10295
4152 10294
4153 10293
4154 10292
4155 10291
4156 10290
4157 10289
4158 10288
4159 10287
4160 10286
4161 10285
4162 10284
4163 10283
4164 10282
4165 10281
4166 10280
4167 10279
4168 10278
4169 10277
4170 10174
4171 10173
4172 10172
4173 10171
4174 10170
4175 10169
4176 10168
4177 10167
4178 10166
4179 10165
4180 10164
4181 10163
4182 10162
4183 10161
4192 9346
4193 9345
4194 9344
4195 9343
4196 9342
4197 9341
4198 9340
4199 9339
4200 9338
4201 9337
4202 9336
4203 10066
4204 10065
4205 10064
4206 10063
4207 10062
4208 10061
4209 10060
4210 10059
4211 9910
4212 9909
4213 9908
4214 9907
4215 9906
4216 9905
4217 9904
4218 9903
4219 9902
4220 9901
4221 9900
4222 9899
4223 9898
4224 9897
4225 9896
4226 9895
4227 9894
4228 9893
4229 9892
4230 9891
4231 9890
4240 8629
4241 8628
4242 8627
4243 8626
4244 8625
4245 8624
4246 8623
4247 8622
4248 8621
4249 8620
4250 8619
4251 8618
4252 8617
4253 8616
4254 8615
4255 8614
4256 8613
4257 8612
4258 8611
4259 8610
4260 8609
4261 8608
4262 8607
4263 8606
4264 8605
4265 8604
4266 8603
4267 8602
4268 8601
4269 8498
4270 8497
4271 8496
4272 8495
4273 8494
4274 8493
4275 8492
4276 8491
4277 8490
4278 8489
4279 8488
4280 8487
4289 7762
4290 7761
4291 7760
4292 7759
4293 7758
4294 7757
4295 7756
4296 7755
4297 7754
4298 7753
4299 7752
4300 7751
4301 7750
4302 7749
4303 7719
4304 7718
4305 7717
4306 7716
4307 7715
4308 7714
4309 7713
4310 7712
4311 7863
4312 7862
4313 7861
4314 7860
4315 7859
4316 7858
4317 7857
4318 7856
4321 7783
4322 7782
4323 7781
4324 7780
4325 7779
4326 7778
4327 7777
4328 7776
4329 7775
4330 8096
4331 8095
4332 8094
4333 8093
4334 8092
4335 8091
4336 8090
4337 8089
4338 7871
4339 7870
4340 7869
4341 7868
4342 7867
4343 7866
4344 7865
4345 7864
4346 7711
4347 7710
4348 7709
4349 7708
4350 7707
4351 7706
4352 7705
4353 7704
4354 7703
4355 7702
4356 7701
4357 7700
4358 7699
4359 7698
4360 7697
4361 7792
4362 7791
4363 7790
4364 7789
4365 7788
4366 7787
4367 7786
4368 7785
4369 7784
4378 8771
4379 8770
4380 8769
4381 8768
4382 8767
4383 8766
4384 8765
4385 8764
4386 8763
4387 8762
4388 8761
4389 8760
4390 8759
4391 8758
4392 8757
4393 8756
4394 8755
4395 8754
4396 8753
4397 8752
4398 8751
4399 8750
4400 8888
4401 8887
4402 8886
4403 8885
4404 8884
4405 8883
4406 8882
4407 8881
4408 9042
4409 9041
4410 9040
4411 9039
4412 9038
4413 9037
4414 9036
4415 9035
4416 9034
4417 9033
4418 9032
4419 9031
4420 9030
4421 9029
4422 9028
4423 9027
4432 9365
4433 9364
4434 9363
4435 9362
4436 9361
4437 9360
4438 9359
4439 9358
4440 9713
4441 9712
4442 9711
4443 9710
4444 9709
4445 9708
4446 9707
4447 9706
4448 9918
4449 9917
4450 9916
4451 9915
4452 9914
4453 9913
4454 9912
4455 9911
4456 10058
4457 10057
4458 10056
4459 10055
4460 10054
4461 10053
4462 10052
4463 10051
4464 10050
4465 10049
4466 10048
4467 10047
4468 10046
4469 10045
4470 10044
4471 10043
4472 9372
4473 9371
4474 9370
4475 9369
4476 9368
4477 9367
4478 9366
4487 10449
4488 10448
4489 10447
4490 10446
4491 10445
4492 10444
4493 10443
4494 10442
4495 10441
4496 10440
4497 10439
4498 10438
4499 10437
4500 10436
4501 10435
4502 10434
4503 10433
4504 10432
4505 10431
4506 10430
4507 10429
4508 10428
4509 10427
4510 10426
4511 10551
4512 10550
4513 10549
4514 10548
4515 10547
4516 10546
4517 10545
4518 10544
4519 10590
4520 10589
4521 10588
4522 10587
4523 10586
4524 10585
4525 10584
4526 10583
4527 10582
4528 10581
4529 10580
4530 10579
4531 10578
4532 10577
4541 11038
4542 11037
4543 11036
4544 11035
4545 11034
4546 11033
4547 11032
4548 11031
4549 11030
4550 11580
4551 11579
4552 11578
4553 11577
4554 11576
4555 11575
4556 11574
4557 11573
4558 11321
4559 11320
4560 11319
4561 11318
4562 11317
4563 11316
4564 11315
4565 11314
4566 11725
4567 11724
4568 11723
4569 11722
4570 11721
4571 11720
4572 11719
4573 11718
4574 11717
4575 11716
4576 11715
4577 11714
4578 11713
4579 11712
4580 11711
4581 11710
4582 11709
4583 11708
4584 11707
4585 11706
4586 11705
4595 11844
4596 11843
4597 11842
4598 11841
4599 11840
4600 11839
4601 11838
4602 11837
4603 11836
4604 11835
4605 11834
4606 11983
4607 11982
4608 11981
4609 11980
4610 11979
4611 11978
4612 11977
4613 11976
4614 11975
4615 11974
4616 11973
4617 11972
4618 11971
4619 11970
4620 11969
4621 12218
4622 12217
4623 12216
4624 12215
4625 12214
4626 12213
4627 12212
4628 12211
4629 12253
4630 12252
4631 12251
4632 12250
4633 12249
4634 12248
4635 12247
4636 12246
4637 12245
4638 12244
4639 12243
4640 12242
4649 12760
4650 12759
4651 12758
4652 12757
4653 12756
4654 12755
4655 12754
4656 12753
4657 12752
4658 12751
4659 12750
4660 13174
4661 13173
4662 13172
4663 13171
4664 13170
4665 13169
4666 13168
4667 13167
4668 12890
4669 12889
4670 12888
4671 12887
4672 12886
4673 12885
4674 12884
4675 12883
4676 13392
4677 13391
4678 13390
4679 13389
4680 13388
4681 13387
4682 13386
4683 13385
4684 13384
4685 13383
4686 13382
4687 13381
4688 13380
4689 13379
4690 13378
4691 13377
4692 13376
4693 13375
4694 13374
4703 13513
4704 13512
4705 13511
4706 13510
4707 13509
4708 13508
4709 13507
4710 13506
4711 13505
4712 13504
4713 13503
4714 13502
4715 13501
4716 13667
4717 13666
4718 13665
4719 13664
4720 13663
4721 13662
4722 13661
4723 13660
4724 13659
4725 13658
4726 13657
4727 13656
4728 13655
4729 13654
4730 13653
4731 14011
4732 14010
4733 14009
4734 14008
4735 14007
4736 14006
4737 14005
4738 14004
4739 14048
4740 14047
4741 14046
4742 14045
4743 14044
4744 14043
4745 14042
4746 14041
4747 14040
4748 14039
4749 14038
4750 14037
4751 14036
4754 14035
4755 14034
4756 14033
4757 14032
4758 14031
4759 14030
4760 14029
4761 14028
4762 14027
4763 14026
4764 14025
4765 14024
4766 14023
4767 14022
4768 14021
4769 14020
4770 14019
4771 14018
4772 14017
4773 14016
4774 14015
4775 14014
4776 14013
4777 14012
4778 13652
4779 13651
4780 13650
4781 13649
4782 13648
4783 13647
4784 13646
4785 13645
4786 13849
4787 13848
4788 13847
4789 13846
4790 13845
4791 13844
4792 13843
4793 13842
4794 13841
4795 13840
4796 13839
4797 13838
4798 13837
4799 13836
4800 13835
4801 13834
4802 13833
4803 13832
4804 13831
4805 13830
4806 13829
4807 13828
4808 13827
4809 13826
4818 12801
4819 12800
4820 12799
4821 12798
4822 12797
4823 12796
4824 12795
4825 12794
4826 12793
4827 12792
4828 12791
4829 12790
4830 12789
4831 13198
4832 13197
4833 13196
4834 13195
4835 13194
4836 13193
4837 13192
4838 13191
4839 13190
4840 13189
4841 13188
4842 13187
4843 13186
4844 13185
4845 13184
4846 13183
4847 13182
4848 13181
4849 13180
4850 13179
4851 13178
4852 13177
4853 13176
4854 13175
4855 12749
4856 12748
4857 12747
4858 12746
4859 12745
4860 12744
4861 12743
4862 12742
4863 12767
4864 12766
4865 12765
4866 12764
4867 12763
4868 12762
4869 12761
4878 12241
4879 12240
4880 12239
4881 12238
4882 12237
4883 12236
4884 12235
4885 12234
4886 12233
4887 12232
4888 12231
4889 12230
4890 12229
4891 12228
4892 12227
4893 12226
4894 12225
4895 12224
4896 12223
4897 12222
4898 12221
4899 12220
4900 12219
4901 11968
4902 11967
4903 11966
4904 11965
4905 11964
4906 11963
4907 11962
4908 11961
4909 12379
4910 12378
4911 12377
4912 12376
4913 12375
4914 12374
4915 12373
4916 12372
4917 12371
4918 12370
4919 12369
4920 12368
4921 12367
4922 12366
4923 12365
4924 12364
4925 12363
4926 12362
4927 12361
4928 12360
4929 12359
4930 12358
4939 11069
4940 11068
4941 11067
4942 11066
4943 11065
4944 11064
4945 11063
4946 11062
4947 11061
4948 11060
4949 11059
4950 11058
4951 11057
4952 11056
4953 11055
4954 11604
4955 11603
4956 11602
4957 11601
4958 11600
4959 11599
4960 11598
4961 11597
4962 11596
4963 11595
4964 11594
4965 11593
4966 11592
4967 11591
4968 11590
4969 11589
4970 11588
4971 11587
4972 11586
4973 11585
4974 11584
4975 11583
4976 11582
4977 11581
4978 11029
4979 11028
4980 11027
4981 11026
4982 11025
4983 11024
4984 11023
4985 11022
4986 11021
4987 11020
4988 11019
4989 11018
4990 11017
4999 10576
5000 10575
5001 10574
5002 10573
5003 10572
5004 10571
5005 10570
5006 10569
5007 10568
5008 10567
5009 10566
5010 10565
5011 10564
5012 10563
5013 10562
5014 10561
5015 10560
5016 10559
5017 10558
5018 10557
5019 10556
5020 10555
5021 10554
5022 10553
5023 10552
5024 10425
5025 10424
5026 10423
5027 10422
5028 10421
5029 10420
5030 10419
5031 10418
5032 10667
5033 10666
5034 10665
5035 10664
5036 10663
5037 10662
5038 10661
5039 10660
5040 10659
5041 10658
5042 10657
5043 10656
5044 10655
5045 10654
5046 10653
5047 10652
5048 10651
5049 10650
5050 10649
5051 10648
5060 9382
5061 9381
5062 9380
5063 9379
5064 9378
5065 9377
5066 9376
5067 9375
5068 9374
5069 9373
5070 10042
5071 10041
5072 10040
5073 10039
5074 10038
5075 10037
5076 10036
5077 9737
5078 9736
5079 9735
5080 9734
5081 9733
5082 9732
5083 9731
5084 9730
5085 9729
5086 9728
5087 9727
5088 9726
5089 9725
5090 9724
5091 9723
5092 9722
5093 9721
5094 9720
5095 9719
5096 9718
5097 9717
5098 9716
5099 9715
5100 9714
5101 9357
5102 9356
5103 9355
5104 9354
5105 9353
5106 9352
5107 9351
5108 9350
5109 9349
5110 9348
5111 9347
5120 8915
5121 8914
5122 8913
5123 8912
5124 8911
5125 8910
5126 8909
5127 8908
5128 8907
5129 8906
5130 8905
5131 8904
5132 8903
5133 8902
5134 8901
5135 8900
5136 8899
5137 8898
5138 8897
5139 8896
5140 8895
5141 8894
5142 8893
5143 8892
5144 8891
5145 8890
5146 8889
5147 8749
5148 8748
5149 8747
5150 8746
5151 8745
5152 8744
5153 8743
5154 8742
5155 8976
5156 8975
5157 8974
5158 8973
5159 8972
5160 8971
5161 8970
5162 8969
5163 8968
5164 8967
5165 8966
5166 8965
5167 8964
5168 8963
5169 8962
5170 8961
5171 8960
5172 8959
5181 7804
5182 7803
5183 7802
5184 7801
5185 7800
5186 7799
5187 7798
5188 7797
5189 7796
5190 7795
5191 7794
5192 7793
5193 7696
5194 7695
5195 7694
5196 7693
5197 7692
5198 7691
5199 7690
5200 7689
5201 8120
5202 8119
5203 8118
5204 8117
5205 8116
5206 8115
5207 8114
5208 8113
5209 8112
5210 8111
5211 8110
5212 8109
5213 8108
5214 8107
5215 8106
5216 8105
5217 8104
5218 8103
5219 8102
5220 8101
5221 8100
5222 8099
5223 8098
5224 8097
5225 7774
5226 7773
5227 7772
5228 7771
5229 7770
5230 7769
5231 7768
5232 7767
5233 7766
5234 7765
5235 7764
5236 7763
5239 8071
5240 8070
5241 8069
5242 8068
5243 8067
5244 8066
5245 8065
5246 8064
5247 8063
5248 8062
5249 8061
5250 8060
5251 8059
5252 8058
5253 8057
5254 8056
5255 8055
5256 8054
5257 8053
5258 8052
5259 7887
5260 7886
5261 7885
5262 7884
5263 7883
5264 7882
5265 7881
5266 7880
5267 8128
5268 8127
5269 8126
5270 8125
5271 8124
5272 8123
5273 8122
5274 8121
5275 7688
5276 7687
5277 7686
5278 7685
5279 7684
5280 7683
5281 7682
5282 7681
5283 7680
5284 7679
5285 7678
5286 7677
5287 7676
5288 7675
5289 7674
5290 7673
5291 7672
5292 7671
5293 7670
5302 8958
5303 8957
5304 8956
5305 8955
5306 8954
5307 8953
5308 8952
5309 8951
5310 8950
5311 8949
5312 8984
5313 8983
5314 8982
5315 8981
5316 8980
5317 8979
5318 8978
5319 8977
5320 8741
5321 8740
5322 8739
5323 8738
5324 8737
5325 8736
5326 8735
5327 8734
5328 8733
5329 8732
5330 8731
5331 8730
5332 8729
5333 8728
5334 8727
5335 9058
5336 9057
5337 9056
5338 9055
5339 9054
5340 9053
5341 9052
5342 9051
5343 9018
5344 9017
5345 9016
5346 9015
5347 9014
5348 9013
5349 9012
5350 9011
5351 9010
5352 9009
5353 9008
5362 9506
5363 9505
5364 9504
5365 9503
5366 9502
5367 9501
5368 9500
5369 9499
5370 9498
5371 9497
5372 9496
5373 9495
5374 9494
5375 9493
5376 9492
5377 9491
5378 9490
5379 9489
5380 9488
5381 9934
5382 9933
5383 9932
5384 9931
5385 9930
5386 9929
5387 9928
5388 9927
5389 9745
5390 9744
5391 9743
5392 9742
5393 9741
5394 9740
5395 9739
5396 9738
5397 10035
5398 10034
5399 10033
5400 10032
5401 10031
5402 10030
5403 10029
5404 10028
5405 10027
5406 10026
5407 10025
5408 10024
5409 10023
5410 10022
5411 10021
5412 10020
5413 10019
5414 10018
5423 10647
5424 10646
5425 10645
5426 10644
5427 10643
5428 10642
5429 10641
5430 10640
5431 10639
5432 10638
5433 10637
5434 10636
5435 10675
5436 10674
5437 10673
5438 10672
5439 10671
5440 10670
5441 10669
5442 10668
5443 10417
5444 10416
5445 10415
5446 10414
5447 10413
5448 10412
5449 10411
5450 10410
5451 10409
5452 10408
5453 10407
5454 10406
5455 10405
5456 10404
5457 10403
5458 10717
5459 10716
5460 10715
5461 10714
5462 10713
5463 10712
5464 10711
5465 10710
5466 10709
5467 10708
5468 10707
5469 10706
5470 10705
5471 10704
5472 10703
5473 10702
5474 10701
5483 11177
5484 11176
5485 11175
5486 11174
5487 11173
5488 11172
5489 11171
5490 11170
5491 11169
5492 11168
5493 11167
5494 11166
5495 11165
5496 11164
5497 11163
5498 11162
5499 11161
5500 11160
5501 11159
5502 11158
5503 11337
5504 11336
5505 11335
5506 11334
5507 11333
5508 11332
5509 11331
5510 11330
5511 11612
5512 11611
5513 11610
5514 11609
5515 11608
5516 11607
5517 11606
5518 11605
5519 11054
5520 11053
5521 11052
5522 11051
5523 11050
5524 11049
5525 11048
5526 11047
5527 11046
5528 11045
5529 11044
5530 11043
5531 11042
5532 11041
5533 11040
5534 11039
5543 12308
5544 12307
5545 12306
5546 12305
5547 12304
5548 12303
5549 12302
5550 12301
5551 12300
5552 12299
5553 12298
5554 12297
5555 12296
5556 12295
5557 12387
5558 12386
5559 12385
5560 12384
5561 12383
5562 12382
5563 12381
5564 12380
5565 11960
5566 11959
5567 11958
5568 11957
5569 11956
5570 11955
5571 11954
5572 11953
5573 11952
5574 11951
5575 11950
5576 11949
5577 11948
5578 11947
5579 11946
5580 12323
5581 12322
5582 12321
5583 12320
5584 12319
5585 12318
5586 12317
5587 12316
5588 12315
5589 12314
5590 12313
5591 12312
5592 12311
5593 12310
5594 12309
5603 12774
5604 12773
5605 12772
5606 12771
5607 12770
5608 12769
5609 12768
5610 12741
5611 12740
5612 12739
5613 12738
5614 12737
5615 12736
5616 12735
5617 12734
5618 12733
5619 12732
5620 12731
5621 12730
5622 12729
5623 12728
5624 12727
5625 12906
5626 12905
5627 12904
5628 12903
5629 12902
5630 12901
5631 12900
5632 12899
5633 13206
5634 13205
5635 13204
5636 13203
5637 13202
5638 13201
5639 13200
5640 13199
5641 12788
5642 12787
5643 12786
5644 12785
5645 12784
5646 12783
5647 12782
5648 12781
5649 12780
5650 12779
5651 12778
5652 12777
5653 12776
5654 12775
5663 13802
5664 13801
5665 13800
5666 13799
5667 13798
5668 13797
5669 13796
5670 13795
5671 14190
5672 14189
5673 14188
5674 14187
5675 14186
5676 14185
5677 14184
5678 14183
5679 13857
5680 13856
5681 13855
5682 13854
5683 13853
5684 13852
5685 13851
5686 13850
5687 13644
5688 13643
5689 13642
5690 13641
5691 13640
5692 13639
5693 13638
5694 13637
5695 13636
5696 13635
5697 13634
5698 13633
5699 13632
5700 13631
5701 13630
5702 14077
5703 14076
5704 14075
5705 14074
5706 14073
5707 14072
5708 14071
5709 14070
5710 14069
5711 14068
5712 14067
5713 14066
5714 14065
5715 14064
5716 14063
5717 14062
5720 14093
5721 14092
5722 14091
5723 14090
5724 14089
5725 14088
5726 14087
5727 14086
5728 14085
5729 14084
5730 14083
5731 14082
5732 14081
5733 14080
5734 14079
5735 14078
5736 13629
5737 13628
5738 13627
5739 13626
5740 13625
5741 13624
5742 13623
5743 13622
5744 13748
5745 13747
5746 13746
5747 13745
5748 13744
5749 13743
5750 13742
5751 13741
5752 14206
5753 14205
5754 14204
5755 14203
5756 14202
5757 14201
5758 14200
5759 14199
5760 14198
5761 14197
5762 14196
5763 14195
5764 14194
5765 14193
5766 14192
5767 14191
5768 13794
5769 13793
5770 13792
5771 13791
5772 13790
5773 13789
5774 13788
5775 13787
5784 13077
5785 13076
5786 13075
5787 13074
5788 13073
5789 13072
5790 13071
5791 13070
5792 13069
5793 13068
5794 13067
5795 13066
5796 13065
5797 12922
5798 12921
5799 12920
5800 12919
5801 12918
5802 12917
5803 12916
5804 12915
5805 12914
5806 12913
5807 12912
5808 12911
5809 12910
5810 12909
5811 12908
5812 12907
5813 12726
5814 12725
5815 12724
5816 12723
5817 12722
5818 12721
5819 12720
5820 12719
5821 13025
5822 13024
5823 13023
5824 13022
5825 13021
5826 13020
5827 13019
5828 13018
5829 13043
5830 13042
5831 13041
5832 13040
5833 13039
5834 13038
5835 13037
5844 12338
5845 12337
5846 12336
5847 12335
5848 12334
5849 12333
5850 12332
5851 12331
5852 12330
5853 12329
5854 12328
5855 12327
5856 12326
5857 12325
5858 12324
5859 11945
5860 11944
5861 11943
5862 11942
5863 11941
5864 11940
5865 11939
5866 11938
5867 12071
5868 12070
5869 12069
5870 12068
5871 12067
5872 12066
5873 12065
5874 12064
5875 12565
5876 12564
5877 12563
5878 12562
5879 12561
5880 12560
5881 12559
5882 12558
5883 12557
5884 12556
5885 12555
5886 12554
5887 12553
5888 12552
5889 12551
5890 12550
5891 12549
5892 12548
5893 12547
5894 12546
5895 12545
5896 12544
5905 11249
5906 11248
5907 11247
5908 11246
5909 11245
5910 11244
5911 11243
5912 11242
5913 11241
5914 11240
5915 11239
5916 11238
5917 11237
5918 11236
5919 11235
5920 11353
5921 11352
5922 11351
5923 11350
5924 11349
5925 11348
5926 11347
5927 11346
5928 11345
5929 11344
5930 11343
5931 11342
5932 11341
5933 11340
5934 11339
5935 11338
5936 11157
5937 11156
5938 11155
5939 11154
5940 11153
5941 11152
5942 11151
5943 11150
5944 11209
5945 11208
5946 11207
5947 11206
5948 11205
5949 11204
5950 11203
5951 11202
5952 11201
5953 11200
5954 11199
5955 11198
5956 11197
5965 10734
5966 10733
5967 10732
5968 10731
5969 10730
5970 10729
5971 10728
5972 10727
5973 10726
5974 10725
5975 10724
5976 10723
5977 10722
5978 10721
5979 10720
5980 10719
5981 10718
5982 10402
5983 10401
5984 10400
5985 10399
5986 10398
5987 10397
5988 10396
5989 10395
5990 10254
5991 10253
5992 10252
5993 10251
5994 10250
5995 10249
5996 10248
5997 10247
5998 10853
5999 10852
6000 10851
6001 10850
6002 10849
6003 10848
6004 10847
6005 10846
6006 10845
6007 10844
6008 10843
6009 10842
6010 10841
6011 10840
6012 10839
6013 10838
6014 10837
6015 10836
6016 10835
6017 10834
6026 9565
6027 9564
6028 9563
6029 9562
6030 9561
6031 9560
6032 9559
6033 9558
6034 9557
6035 9556
6036 9433
6037 9432
6038 9431
6039 9430
6040 9429
6041 9428
6042 9427
6043 9950
6044 9949
6045 9948
6046 9947
6047 9946
6048 9945
6049 9944
6050 9943
6051 9942
6052 9941
6053 9940
6054 9939
6055 9938
6056 9937
6057 9936
6058 9935
6059 9487
6060 9486
6061 9485
6062 9484
6063 9483
6064 9482
6065 9481
6066 9480
6067 9540
6068 9539
6069 9538
6070 9537
6071 9536
6072 9535
6073 9534
6074 9533
6075 9532
6076 9531
6077 9530
6086 9077
6087 9076
6088 9075
6089 9074
6090 9073
6091 9072
6092 9071
6093 9070
6094 9069
6095 9068
6096 9067
6097 9066
6098 9065
6099 9064
6100 9063
6101 9062
6102 9061
6103 9060
6104 9059
6105 8726
6106 8725
6107 8724
6108 8723
6109 8722
6110 8721
6111 8720
6112 8719
6113 8578
6114 8577
6115 8576
6116 8575
6117 8574
6118 8573
6119 8572
6120 8571
6121 9162
6122 9161
6123 9160
6124 9159
6125 9158
6126 9157
6127 9156
6128 9155
6129 9154
6130 9153
6131 9152
6132 9151
6133 9150
6134 9149
6135 9148
6136 9147
6137 9146
6138 9145
6147 8237
6148 8236
6149 8235
6150 8234
6151 8233
6152 8232
6153 8231
6154 8230
6155 8229
6156 8228
6157 8227
6158 8226
6159 7831
6160 7830
6161 7829
6162 7828
6163 7827
6164 7826
6165 7825
6166 7824
6167 7903
6168 7902
6169 7901
6170 7900
6171 7899
6172 7898
6173 7897
6174 7896
6175 7895
6176 7894
6177 7893
6178 7892
6179 7891
6180 7890
6181 7889
6182 7888
6183 8051
6184 8050
6185 8049
6186 8048
6187 8047
6188 8046
6189 8045
6190 8044
6191 8207
6192 8206
6193 8205
6194 8204
6195 8203
6196 8202
6197 8201
6198 8200
6199 8199
6200 8198
6201 8197
6202 8196
6205 8018
6206 8017
6207 8016
6208 8015
6209 8014
6210 8013
6211 8012
6212 8011
6213 8010
6214 8009
6215 8008
6216 8007
6217 8006
6218 8005
6219 8004
6220 8003
6221 8002
6222 8001
6223 8000
6224 7999
6225 8437
6226 8436
6227 8435
6228 8434
6229 8433
6230 8432
6231 8431
6232 8430
6233 7911
6234 7910
6235 7909
6236 7908
6237 7907
6238 7906
6239 7905
6240 7904
6241 7823
6242 7822
6243 7821
6244 7820
6245 7819
6246 7818
6247 7817
6248 7816
6249 7815
6250 7814
6251 7813
6252 7812
6253 7811
6254 7810
6255 7809
6256 7808
6257 7807
6258 7806
6259 7805
6268 9144
6269 9143
6270 9142
6271 9141
6272 9140
6273 9139
6274 9138
6275 9137
6276 9136
6277 9135
6278 9170
6279 9169
6280 9168
6281 9167
6282 9166
6283 9165
6284 9164
6285 9163
6286 8570
6287 8569
6288 8568
6289 8567
6290 8566
6291 8565
6292 8564
6293 8563
6294 8562
6295 8561
6296 8560
6297 8559
6298 8558
6299 8557
6300 8556
6301 9244
6302 9243
6303 9242
6304 9241
6305 9240
6306 9239
6307 9238
6308 9237
6309 9204
6310 9203
6311 9202
6312 9201
6313 9200
6314 9199
6315 9198
6316 9197
6317 9196
6318 9195
6319 9194
6328 9689
6329 9688
6330 9687
6331 9686
6332 9685
6333 9684
6334 9683
6335 9682
6336 9681
6337 9680
6338 9679
6339 9678
6340 9677
6341 9676
6342 9675
6343 9674
6344 9673
6345 9672
6346 9671
6347 10114
6348 10113
6349 10112
6350 10111
6351 10110
6352 10109
6353 10108
6354 10107
6355 9958
6356 9957
6357 9956
6358 9955
6359 9954
6360 9953
6361 9952
6362 9951
6363 9426
6364 9425
6365 9424
6366 9423
6367 9422
6368 9421
6369 9420
6370 9419
6371 9418
6372 9417
6373 9416
6374 9415
6375 9414
6376 9413
6377 9412
6378 9411
6379 9410
6380 9409
6389 10833
6390 10832
6391 10831
6392 10830
6393 10829
6394 10828
6395 10827
6396 10826
6397 10825
6398 10824
6399 10823
6400 10822
6401 10861
6402 10860
6403 10859
6404 10858
6405 10857
6406 10856
6407 10855
6408 10854
6409 10246
6410 10245
6411 10244
6412 10243
6413 10242
6414 10241
6415 10240
6416 10239
6417 10238
6418 10237
6419 10236
6420 10235
6421 10234
6422 10233
6423 10232
6424 10903
6425 10902
6426 10901
6427 10900
6428 10899
6429 10898
6430 10897
6431 10896
6432 10895
6433 10894
6434 10893
6435 10892
6436 10891
6437 10890
6438 10889
6439 10888
6440 10887
6449 11453
6450 11452
6451 11451
6452 11450
6453 11449
6454 11448
6455 11447
6456 11446
6457 11445
6458 11444
6459 11443
6460 11442
6461 11441
6462 11440
6463 11439
6464 11438
6465 11437
6466 11436
6467 11435
6468 11434
6469 11781
6470 11780
6471 11779
6472 11778
6473 11777
6474 11776
6475 11775
6476 11774
6477 11361
6478 11360
6479 11359
6480 11358
6481 11357
6482 11356
6483 11355
6484 11354
6485 11234
6486 11233
6487 11232
6488 11231
6489 11230
6490 11229
6491 11228
6492 11227
6493 11226
6494 11225
6495 11224
6496 11223
6497 11222
6498 11221
6499 11220
6500 11219
6509 12494
6510 12493
6511 12492
6512 12491
6513 12490
6514 12489
6515 12488
6516 12487
6517 12486
6518 12485
6519 12484
6520 12483
6521 12482
6522 12481
6523 12573
6524 12572
6525 12571
6526 12570
6527 12569
6528 12568
6529 12567
6530 12566
6531 12063
6532 12062
6533 12061
6534 12060
6535 12059
6536 12058
6537 12057
6538 12056
6539 12055
6540 12054
6541 12053
6542 12052
6543 12051
6544 12050
6545 12049
6546 12509
6547 12508
6548 12507
6549 12506
6550 12505
6551 12504
6552 12503
6553 12502
6554 12501
6555 12500
6556 12499
6557 12498
6558 12497
6559 12496
6560 12495
6569 13050
6570 13049
6571 13048
6572 13047
6573 13046
6574 13045
6575 13044
6576 13017
6577 13016
6578 13015
6579 13014
6580 13013
6581 13012
6582 13011
6583 13010
6584 13009
6585 13008
6586 13007
6587 13006
6588 13005
6589 13004
6590 13003
6591 13448
6592 13447
6593 13446
6594 13445
6595 13444
6596 13443
6597 13442
6598 13441
6599 12930
6600 12929
6601 12928
6602 12927
6603 12926
6604 12925
6605 12924
6606 12923
6607 13064
6608 13063
6609 13062
6610 13061
6611 13060
6612 13059
6613 13058
6614 13057
6615 13056
6616 13055
6617 13054
6618 13053
6619 13052
6620 13051
6629 13915
6630 13914
6631 13913
6632 13912
6633 13911
6634 13910
6635 13909
6636 13908
6637 13534
6638 13533
6639 13532
6640 13531
6641 13530
6642 13529
6643 13528
6644 13527
6645 14214
6646 14213
6647 14212
6648 14211
6649 14210
6650 14209
6651 14208
6652 14207
6653 13740
6654 13739
6655 13738
6656 13737
6657 13736
6658 13735
6659 13734
6660 13733
6661 13732
6662 13731
6663 13730
6664 13729
6665 13728
6666 13727
6667 13726
6668 14135
6669 14134
6670 14133
6671 14132
6672 14131
6673 14130
6674 14129
6675 14128
6676 14127
6677 14126
6678 14125
6679 14124
6680 14123
6681 14122
6682 14121
6683 14120
6686 14146
6687 14145
6688 14144
6689 14143
6690 14142
6691 14141
6692 14140
6693 14139
6694 14138
6695 14137
6696 14136
6697 13725
6698 13724
6699 13723
6700 13722
6701 13721
6702 13720
6703 13719
6704 13718
6705 13949
6706 13948
6707 13947
6708 13946
6709 13945
6710 13944
6711 13943
6712 13942
6713 13550
6714 13549
6715 13548
6716 13547
6717 13546
6718 13545
6719 13544
6720 13543
6721 13542
6722 13541
6723 13540
6724 13539
6725 13538
6726 13537
6727 13536
6728 13535
6729 13907
6730 13906
6731 13905
6732 13904
6733 13903
6734 13902
6735 13901
6736 13900
6745 13353
6746 13352
6747 13351
6748 13350
6749 13349
6750 13348
6751 13347
6752 13346
6753 13345
6754 13344
6755 13343
6756 13342
6757 13341
6758 13464
6759 13463
6760 13462
6761 13461
6762 13460
6763 13459
6764 13458
6765 13457
6766 13456
6767 13455
6768 13454
6769 13453
6770 13452
6771 13451
6772 13450
6773 13449
6774 13002
6775 13001
6776 13000
6777 12999
6778 12998
6779 12997
6780 12996
6781 12995
6782 13301
6783 13300
6784 13299
6785 13298
6786 13297
6787 13296
6788 13295
6789 13294
6790 13319
6791 13318
6792 13317
6793 13316
6794 13315
6795 13314
6796 13313
6805 12524
6806 12523
6807 12522
6808 12521
6809 12520
6810 12519
6811 12518
6812 12517
6813 12516
6814 12515
6815 12514
6816 12513
6817 12512
6818 12511
6819 12510
6820 12048
6821 12047
6822 12046
6823 12045
6824 12044
6825 12043
6826 12042
6827 12041
6828 12156
6829 12155
6830 12154
6831 12153
6832 12152
6833 12151
6834 12150
6835 12149
6836 11866
6837 11865
6838 11864
6839 11863
6840 11862
6841 11861
6842 11860
6843 11859
6844 11858
6845 11857
6846 11856
6847 11855
6848 11854
6849 11853
6850 11852
6851 11851
6852 11850
6853 11849
6854 11848
6855 11847
6856 11846
6857 11845
6866 11525
6867 11524
6868 11523
6869 11522
6870 11521
6871 11520
6872 11519
6873 11518
6874 11517
6875 11516
6876 11515
6877 11514
6878 11513
6879 11512
6880 11511
6881 11797
6882 11796
6883 11795
6884 11794
6885 11793
6886 11792
6887 11791
6888 11790
6889 11789
6890 11788
6891 11787
6892 11786
6893 11785
6894 11784
6895 11783
6896 11782
6897 11433
6898 11432
6899 11431
6900 11430
6901 11429
6902 11428
6903 11427
6904 11426
6905 11485
6906 11484
6907 11483
6908 11482
6909 11481
6910 11480
6911 11479
6912 11478
6913 11477
6914 11476
6915 11475
6916 11474
6917 11473
6926 10920
6927 10919
6928 10918
6929 10917
6930 10916
6931 10915
6932 10914
6933 10913
6934 10912
6935 10911
6936 10910
6937 10909
6938 10908
6939 10907
6940 10906
6941 10905
6942 10904
6943 10231
6944 10230
6945 10229
6946 10228
6947 10227
6948 10226
6949 10225
6950 10224
6951 10489
6952 10488
6953 10487
6954 10486
6955 10485
6956 10484
6957 10483
6958 10482
6959 10323
6960 10322
6961 10321
6962 10320
6963 10319
6964 10318
6965 10317
6966 10316
6967 10315
6968 10314
6969 10313
6970 10312
6971 10311
6972 10310
6973 10309
6974 10308
6975 10307
6976 10306
6977 10305
6978 10304
6987 9889
6988 9888
6989 9887
6990 9886
6991 9885
6992 9884
6993 9883
6994 9882
6995 9881
6996 9880
6997 9616
6998 9615
6999 9614
7000 9613
7001 9612
7002 9611
7003 9610
7004 10130
7005 10129
7006 10128
7007 10127
7008 10126
7009 10125
7010 10124
7011 10123
7012 10122
7013 10121
7014 10120
7015 10119
7016 10118
7017 10117
7018 10116
7019 10115
7020 9670
7021 9669
7022 9668
7023 9667
7024 9666
7025 9665
7026 9664
7027 9663
7028 9864
7029 9863
7030 9862
7031 9861
7032 9860
7033 9859
7034 9858
7035 9857
7036 9856
7037 9855
7038 9854
7047 9263
7048 9262
7049 9261
7050 9260
7051 9259
7052 9258
7053 9257
7054 9256
7055 9255
7056 9254
7057 9253
7058 9252
7059 9251
7060 9250
7061 9249
7062 9248
7063 9247
7064 9246
7065 9245
7066 8555
7067 8554
7068 8553
7069 8552
7070 8551
7071 8550
7072 8549
7073 8548
7074 8826
7075 8825
7076 8824
7077 8823
7078 8822
7079 8821
7080 8820
7081 8819
7082 8647
7083 8646
7084 8645
7085 8644
7086 8643
7087 8642
7088 8641
7089 8640
7090 8639
7091 8638
7092 8637
7093 8636
7094 8635
7095 8634
7096 8633
7097 8632
7098 8631
7099 8630
7108 8336
7109 8335
7110 8334
7111 8333
7112 8332
7113 8331
7114 8330
7115 8329
7116 8328
7117 8327
7118 8326
7119 8325
7120 8264
7121 8263
7122 8262
7123 8261
7124 8260
7125 8259
7126 8258
7127 8257
7128 8453
7129 8452
7130 8451
7131 8450
7132 8449
7133 8448
7134 8447
7135 8446
7136 8445
7137 8444
7138 8443
7139 8442
7140 8441
7141 8440
7142 8439
7143 8438
7144 7998
7145 7997
7146 7996
7147 7995
7148 7994
7149 7993
7150 7992
7151 7991
7152 8339
7153 8338
7154 8337
7157 8405
7158 8404
7159 8403
7160 8402
7161 8401
7162 8400
7163 8399
7164 8398
7165 8397
7166 8396
7167 8395
7168 8394
7169 8393
7170 8392
7171 8391
7172 8390
7173 8389
7174 8388
7175 8387
7176 8461
7177 8460
7178 8459
7179 8458
7180 8457
7181 8456
7182 8455
7183 8454
7184 8256
7185 8255
7186 8254
7187 8253
7188 8252
7189 8251
7190 8250
7191 8249
7192 8248
7193 8247
7194 8246
7195 8245
7196 8244
7197 8243
7198 8242
7199 8241
7200 8240
7201 8239
7202 8238
7211 9304
7212 9303
7213 9302
7214 9301
7215 9300
7216 9299
7217 9298
7218 9297
7219 9296
7220 9295
7221 8655
7222 8654
7223 8653
7224 8652
7225 8651
7226 8650
7227 8649
7228 8648
7229 8818
7230 8817
7231 8816
7232 8815
7233 8814
7234 8813
7235 8812
7236 8811
7237 8810
7238 8809
7239 8808
7240 8807
7241 8806
7242 8805
7243 8804
7244 8803
7245 8802
7246 8801
7247 8800
7248 8799
7249 8798
7250 8797
7251 8796
7252 9315
7253 9314
7254 9313
7255 9312
7256 9311
7257 9310
7258 9309
7259 9308
7260 9307
7261 9306
7262 9305
7271 10017
7272 10016
7273 10015
7274 10014
7275 10013
7276 10012
7277 10011
7278 10010
7279 10009
7280 10008
7281 10007
7282 10006
7283 10005
7284 10004
7285 10003
7286 10002
7287 10001
7288 10000
7289 9999
7290 9998
7291 9997
7292 9996
7293 9995
7294 9994
7295 9993
7296 9992
7297 9991
7298 10138
7299 10137
7300 10136
7301 10135
7302 10134
7303 10133
7304 10132
7305 10131
7306 9609
7307 9608
7308 9607
7309 9606
7310 9605
7311 9604
7312 9603
7313 9602
7314 9601
7315 9600
7316 9599
7317 9598
7318 9597
7319 9596
7320 9595
7321 9594
7322 9593
7323 9592
7332 10997
7333 10996
7334 10995
7335 10994
7336 10993
7337 10992
7338 10991
7339 10990
7340 10989
7341 10988
7342 10987
7343 10986
7344 10331
7345 10330
7346 10329
7347 10328
7348 10327
7349 10326
7350 10325
7351 10324
7352 10481
7353 10480
7354 10479
7355 10478
7356 10477
7357 10476
7358 10475
7359 10474
7360 10473
7361 10472
7362 10471
7363 10470
7364 10469
7365 10468
7366 10467
7367 10466
7368 10465
7369 10464
7370 10463
7371 10462
7372 10461
7373 10460
7374 10459
7375 10458
7376 10457
7377 10456
7378 10455
7379 10454
7380 10453
7381 10452
7382 10451
7383 10450
7392 11704
7393 11703
7394 11702
7395 11701
7396 11700
7397 11699
7398 11698
7399 11697
7400 11696
7401 11695
7402 11694
7403 11693
7404 11692
7405 11691
7406 11690
7407 11689
7408 11688
7409 11687
7410 11686
7411 11685
7412 11684
7413 11683
7414 11682
7415 11681
7416 11680
7417 11679
7418 11678
7419 11677
7420 11805
7421 11804
7422 11803
7423 11802
7424 11801
7425 11800
7426 11799
7427 11798
7428 11510
7429 11509
7430 11508
7431 11507
7432 11506
7433 11505
7434 11504
7435 11503
7436 11502
7437 11501
7438 11500
7439 11499
7440 11498
7441 11497
7442 11496
7443 11495
7452 12662
7453 12661
7454 12660
7455 12659
7456 12658
7457 12657
7458 12656
7459 12655
7460 12654
7461 12653
7462 12652
7463 12651
7464 12650
7465 12649
7466 11874
7467 11873
7468 11872
7469 11871
7470 11870
7471 11869
7472 11868
7473 11867
7474 12148
7475 12147
7476 12146
7477 12145
7478 12144
7479 12143
7480 12142
7481 12141
7482 12140
7483 12139
7484 12138
7485 12137
7486 12136
7487 12135
7488 12134
7489 12133
7490 12132
7491 12131
7492 12130
7493 12129
7494 12128
7495 12127
7496 12126
7497 12125
7498 12124
7499 12123
7500 12122
7501 12121
7502 12120
7503 12119
7512 13326
7513 13325
7514 13324
7515 13323
7516 13322
7517 13321
7518 13320
7519 13293
7520 13292
7521 13291
7522 13290
7523 13289
7524 13288
7525 13287
7526 13286
7527 13285
7528 13284
7529 13283
7530 13282
7531 13281
7532 13280
7533 13279
7534 13278
7535 13277
7536 13276
7537 13275
7538 13274
7539 13273
7540 13272
7541 13271
7542 13472
7543 13471
7544 13470
7545 13469
7546 13468
7547 13467
7548 13466
7549 13465
7550 13340
7551 13339
7552 13338
7553 13337
7554 13336
7555 13335
7556 13334
7557 13333
7558 13332
7559 13331
7560 13330
7561 13329
7562 13328
7563 13327
7572 14295
7573 14294
7574 14293
7575 14292
7576 14291
7577 14290
7578 14289
7579 14288
7580 14287
7581 14286
7582 14285
7583 14284
7584 14283
7585 14282
7586 14281
7587 14280
7588 13558
7589 13557
7590 13556
7591 13555
7592 13554
7593 13553
7594 13552
7595 13551
7596 13941
7597 13940
7598 13939
7599 13938
7600 13937
7601 13936
7602 13935
7603 13934
7604 13933
7605 13932
7606 13931
7607 13930
7608 13929
7609 13928
7610 13927
7611 13926
7612 13925
7613 13924
7614 13923
7615 13922
7616 13921
7617 13920
7618 13919
7619 13918
7620 13917
7621 13916
7624 14266
7625 14265
7626 14264
7627 14263
7628 14262
7629 13709
7630 13708
7631 13707
7632 13706
7633 13705
7634 13704
7635 13703
7636 13702
7637 13574
7638 13573
7639 13572
7640 13571
7641 13570
7642 13569
7643 13568
7644 13567
7645 13566
7646 13565
7647 13564
7648 13563
7649 13562
7650 13561
7651 13560
7652 13559
7653 14279
7654 14278
7655 14277
7656 14276
7657 14275
7658 14274
7659 14273
7660 14272
7661 14271
7662 14270
7663 14269
7664 14268
7665 14267
