0 12652
1 12651
2 12650
3 12649
4 12648
5 12647
6 12646
7 12645
8 12644
9 12643
10 12642
11 12641
12 12640
13 12639
14 12638
15 12637
16 12636
17 12635
18 11725
19 11724
20 11723
21 11722
22 11721
23 11720
24 11719
25 11718
26 12945
27 12944
28 12943
29 12942
30 12941
31 12940
32 12939
33 12938
34 13063
35 13062
36 13061
37 13060
38 13059
39 13058
40 13057
41 13056
42 13055
43 13054
44 13053
45 13052
46 11791
47 11790
48 11789
49 11788
50 11787
51 11786
52 11785
53 11784
54 11783
55 11782
56 11781
57 11780
58 13092
59 13091
60 13090
61 13089
62 13088
63 13087
64 13086
65 13085
66 11292
67 11291
68 11290
69 11289
70 11288
71 11287
72 11286
73 11285
74 11284
75 11283
76 11282
77 11281
78 11280
79 11279
80 11278
81 11277
82 11149
83 11148
84 11147
85 11146
86 11145
87 11144
88 11143
89 11142
90 11141
91 11140
92 11139
93 11095
94 11094
95 11093
96 11092
97 11091
98 11090
99 11089
100 11088
101 11087
102 11086
103 11085
104 11084
105 11083
106 11082
107 11081
108 11080
109 11079
110 11078
111 11077
112 11076
113 10512
114 10511
115 10510
116 10509
117 10508
118 10507
119 10506
120 10505
121 10504
122 10503
123 10502
124 10501
125 10500
126 10499
127 10498
128 10497
129 10496
130 10495
131 10494
132 10493
133 10492
134 10491
135 10490
136 10489
137 10488
138 10487
139 10486
140 10485
141 10484
142 10483
143 10482
144 10481
145 10480
146 10479
147 10478
148 10477
149 10476
150 10475
151 10474
152 10473
153 9054
154 9053
155 9052
156 9051
157 9050
158 9049
159 9048
160 9047
161 10119
162 10118
163 10117
164 10116
165 10115
166 10114
167 10113
168 10112
169 10111
170 10110
171 10109
172 10108
173 10107
174 10106
175 10105
176 10104
177 9822
178 9821
179 9820
180 9819
181 9818
182 9817
183 9816
184 9815
185 9814
186 9813
187 9812
188 9811
189 9810
190 9809
191 9808
192 9807
193 9806
194 9805
195 9804
196 9803
197 9802
198 9801
199 9800
200 9799
201 9798
202 9797
203 9796
204 9795
205 9794
206 9793
207 9792
208 7313
209 7312
210 7311
211 7310
212 7309
213 7308
214 7307
215 7306
216 7379
217 7378
218 7377
219 7376
220 7375
221 7374
222 7373
223 7372
224 7371
225 7370
226 7369
227 7368
228 7367
229 7366
230 7365
231 7364
232 7363
233 7362
234 7361
235 7360
236 7359
237 7358
238 7357
239 7356
240 7705
241 7704
242 7703
243 7702
244 7701
245 7700
246 7699
247 7698
248 8620
249 8619
250 8618
251 8617
252 8616
253 8615
254 8614
255 8613
256 7835
257 7834
258 7833
259 7832
260 7831
261 7830
262 7829
263 7828
264 7827
265 7826
266 7825
267 7824
268 7823
269 7822
270 7821
271 7820
272 6786
273 6785
274 6784
275 6783
276 6782
277 6781
278 6780
279 6779
280 6778
281 6777
282 6776
283 6775
284 6774
285 6773
286 6772
287 6771
288 6770
289 6769
290 6768
291 6767
292 6766
293 6765
294 6764
295 6763
296 6762
297 6761
298 6760
299 6759
300 6758
301 6757
302 6756
303 6755
304 8444
305 8443
306 8442
307 8441
308 8440
309 8439
310 8438
311 8437
312 8205
313 8204
314 8203
315 8202
316 8201
317 8200
318 8199
319 8198
320 8197
321 8196
322 8195
323 8194
324 8193
325 8192
326 8191
327 8190
328 8189
331 8188
332 8187
333 8186
334 8185
335 8184
336 8183
337 8182
338 8181
339 8180
340 8179
341 8178
342 8177
343 8176
344 8175
345 8174
346 8173
347 8172
348 8171
349 8170
350 8169
351 8168
352 8167
353 8166
354 8165
355 8164
356 8163
357 8162
358 8161
359 8517
360 8516
361 8515
362 8514
363 8513
364 8512
365 8511
366 8510
367 8509
368 8508
369 8507
370 8549
371 8548
372 8547
373 8546
374 8545
375 8544
376 8543
377 8542
378 8541
379 8540
380 7842
381 7841
382 7840
383 7839
384 7838
385 7837
386 7836
387 8612
388 8611
389 8610
390 8609
391 8608
392 8607
393 8606
394 8605
395 8604
396 8603
397 8602
398 8601
399 8600
400 8599
401 8598
402 8597
403 8596
404 8595
405 8594
406 8826
407 8825
408 8824
409 8823
410 8822
411 8821
412 8820
413 8819
414 8818
415 8817
416 8816
417 8815
418 8814
419 8813
420 8812
421 8811
422 8810
423 8809
424 8808
425 8807
426 8806
427 8805
428 8804
429 8803
430 8802
431 8801
432 8800
433 8996
434 8995
435 8994
436 8993
437 8992
438 8991
439 8990
440 8989
441 8988
442 8987
443 9029
444 9028
445 9027
446 9026
447 9025
448 9024
449 9023
450 9022
451 9021
452 9020
453 9019
454 9018
455 10126
456 10125
457 10124
458 10123
459 10122
460 10121
461 10120
462 9046
463 9045
464 9044
465 9043
466 9042
467 9041
468 9040
469 9039
470 9038
471 9037
472 9036
473 9035
474 9034
475 9033
476 9032
477 9031
478 9030
479 9262
480 9261
481 9260
482 9259
483 9258
484 9257
485 9256
486 9255
487 9254
488 9253
489 9252
490 9251
491 9250
492 9249
493 9248
494 9247
495 9246
496 9245
497 9244
498 9243
499 9242
500 9241
501 9240
502 9239
503 9238
504 9237
505 9236
506 9235
507 9234
508 11131
509 11130
510 11129
511 11128
512 11127
513 11126
514 11125
515 11124
516 11123
517 11122
518 11121
519 11120
520 11119
521 11118
522 11117
523 11116
524 11115
525 11114
526 11113
527 11112
528 11111
529 11110
530 10740
531 10739
532 10738
533 10737
534 10736
535 10735
536 10734
537 13084
538 13083
539 13082
540 13081
541 13080
542 13079
543 13078
544 13077
545 13076
546 13075
547 13074
548 13073
549 13072
550 13071
551 13070
552 13069
553 13068
554 13067
555 13066
556 13065
557 13064
558 12937
559 12936
560 12935
561 12934
562 12933
563 12932
564 12931
565 12930
566 12929
567 12928
568 12927
569 12926
570 12925
571 12924
572 12923
573 12922
574 12921
575 12920
576 12919
577 12918
578 12917
579 12916
580 12915
581 12914
582 12913
583 12912
584 12911
585 12910
586 12909
587 12908
588 12907
589 12906
590 12905
591 12904
592 12903
593 12902
594 12901
595 12900
596 12899
597 12898
598 12897
599 12896
600 12895
601 12894
602 12893
603 12892
604 12690
605 12689
606 12688
607 12687
608 12686
609 12685
610 12684
611 11417
612 11416
613 11415
614 11414
615 11413
616 11412
617 11411
618 11410
619 11409
620 11408
621 11407
622 11406
623 11405
624 11404
625 11403
626 11402
629 12286
630 12285
631 12284
632 12283
633 12282
634 12706
635 12705
636 12704
637 12703
638 12702
639 12701
640 12700
641 12699
642 12698
643 12697
644 12696
645 12695
646 12694
647 12693
648 12692
649 12691
650 12891
651 12890
652 12889
653 12888
654 12887
655 12886
656 12885
657 12884
658 12337
659 12336
660 12335
661 12334
662 12333
663 12332
664 12331
665 12330
666 13276
667 13275
668 13274
669 13273
670 13272
671 13271
672 13270
673 13269
674 13268
675 13267
676 13266
677 13265
678 13264
679 11709
680 11708
681 11707
682 11706
683 11705
684 11704
685 11703
686 11702
687 12055
688 12054
689 12053
690 12052
691 12051
692 12050
693 12049
694 12048
695 12047
696 12046
697 12045
698 12044
699 12043
700 12042
701 12041
702 13051
703 13050
704 13049
705 13048
706 13047
707 13046
708 13045
709 10756
710 10755
711 10754
712 10753
713 10752
714 10751
715 10750
716 10749
717 10748
718 10747
719 10746
720 10745
721 10744
722 10743
723 10742
724 10741
725 11109
726 11108
727 11107
728 11106
729 11105
730 11104
731 11103
732 11102
733 11101
734 11100
735 11099
736 11098
737 11097
738 11096
739 11138
740 11137
741 11136
742 11135
743 11134
744 11133
745 11132
746 9233
747 9232
748 9231
749 9230
750 9229
751 9228
752 9227
753 9226
754 9516
755 9515
756 9514
757 9513
758 9512
759 9511
760 9510
761 9509
762 10445
763 10444
764 10443
765 10442
766 10441
767 10440
768 10439
769 10438
770 10437
771 10436
772 10435
773 10434
774 10433
775 10432
776 10431
777 10430
778 10429
779 10428
780 10427
781 10426
782 10425
783 10424
784 10142
785 10141
786 10140
787 10139
788 10138
789 10137
790 10136
791 10135
792 10134
793 10133
794 10132
795 10131
796 10130
797 10129
798 10128
799 10127
800 9017
801 9016
802 9015
803 9014
804 9013
805 9012
806 9011
807 9010
808 9009
809 9008
810 9007
811 9006
812 9005
813 9004
814 9003
815 9002
816 9001
817 9000
818 8999
819 8998
820 8997
821 8799
822 8798
823 8797
824 8796
825 8795
826 8794
827 8793
828 8792
829 7297
830 7296
831 7295
832 7294
833 7293
834 7292
835 7291
836 7290
837 8582
838 8581
839 8580
840 8579
841 8578
842 8577
843 8576
844 8575
845 8574
846 8573
847 8572
848 8571
849 8570
850 8569
851 8568
852 8567
853 8566
854 8565
855 8564
856 8563
857 8562
858 8561
859 7858
860 7857
861 7856
862 7855
863 7854
864 7853
865 7852
866 7851
867 7850
868 7849
869 7848
870 7847
871 7846
872 7845
873 7844
874 7843
875 8539
876 8538
877 8537
878 8536
879 8535
880 8534
881 8533
882 8532
883 8531
884 8530
885 8529
886 8528
887 8527
888 8526
889 8525
890 8524
891 8523
892 8522
893 8521
894 8520
895 8519
896 8518
897 8160
898 8159
899 8158
900 8157
901 8156
902 8155
903 8154
904 8153
905 8428
906 8427
907 8426
908 8425
909 8424
910 8423
911 8422
912 8421
913 8256
914 8255
915 8254
916 8253
917 8252
918 8251
919 8250
920 8249
921 8248
922 8247
923 8246
924 8245
927 8244
928 8243
929 8242
930 8241
931 8240
932 8239
933 8238
934 8237
935 8236
936 8213
937 8212
938 8211
939 8210
940 8209
941 8208
942 8207
943 8206
944 8436
945 8435
946 8434
947 8433
948 8432
949 8431
950 8430
951 8429
952 8152
953 8151
954 8150
955 8149
956 8148
957 8147
958 8146
959 8145
960 6834
961 6833
962 6832
963 6831
964 6830
965 6829
966 6828
967 7777
968 7776
969 7775
970 7774
971 7773
972 7772
973 7771
974 7770
975 7769
976 7048
977 7047
978 7046
979 7045
980 7044
981 7043
982 7042
983 7041
984 7040
985 7039
986 7038
987 7037
988 7036
989 7035
990 7034
991 7743
992 7742
993 7741
994 7740
995 7739
996 7738
997 7737
998 8628
999 8627
1000 8626
1001 8625
1002 8624
1003 8623
1004 8622
1005 8621
1006 7697
1007 7696
1008 7695
1009 7694
1010 7693
1011 7692
1012 7691
1013 7690
1014 7689
1015 7688
1016 7687
1017 7686
1018 7685
1019 7684
1020 7683
1021 7682
1022 7681
1023 7680
1024 7679
1025 7678
1026 7677
1027 7676
1028 7675
1029 7674
1030 7387
1031 7386
1032 7385
1033 7384
1034 7383
1035 7382
1036 7381
1037 7380
1038 7305
1039 7304
1040 7303
1041 7302
1042 7301
1043 7300
1044 7299
1045 7298
1046 8791
1047 8790
1048 8789
1049 8788
1050 8787
1051 8786
1052 8785
1053 8784
1054 9871
1055 9870
1056 9869
1057 9868
1058 9867
1059 9866
1060 9865
1061 9864
1062 10061
1063 10060
1064 10059
1065 10058
1066 10057
1067 10056
1068 10055
1069 10054
1070 10053
1071 10052
1072 10051
1073 10050
1074 10049
1075 10048
1076 10047
1077 10046
1078 10045
1079 10044
1080 10043
1081 10042
1082 10041
1083 10040
1084 10039
1085 10038
1086 9589
1087 9588
1088 9587
1089 9586
1090 9585
1091 9584
1092 9583
1093 9062
1094 9061
1095 9060
1096 9059
1097 9058
1098 9057
1099 9056
1100 9055
1101 10472
1102 10471
1103 10470
1104 10469
1105 10468
1106 10467
1107 10466
1108 10465
1109 10464
1110 10463
1111 10462
1112 10461
1113 10460
1114 10459
1115 10414
1116 10413
1117 10412
1118 10411
1119 10410
1120 10409
1121 10408
1122 10407
1123 10406
1124 10405
1125 9532
1126 9531
1127 9530
1128 9529
1129 9528
1130 9527
1131 9526
1132 9525
1133 9524
1134 9523
1135 9522
1136 9521
1137 9520
1138 9519
1139 9518
1140 9517
1141 9225
1142 9224
1143 9223
1144 9222
1145 9221
1146 9220
1147 9219
1148 9218
1149 11178
1150 11177
1151 11176
1152 11175
1153 11174
1154 11173
1155 11172
1156 11171
1157 11170
1158 11169
1159 11168
1160 11167
1161 11166
1162 10682
1163 10681
1164 10680
1165 10679
1166 10678
1167 10677
1168 10676
1169 10675
1170 10674
1171 10673
1172 10672
1173 10671
1174 10670
1175 10669
1176 10668
1177 10667
1178 10666
1179 10665
1180 10664
1181 11856
1182 11855
1183 11854
1184 11853
1185 11852
1186 11851
1187 11850
1188 13100
1189 13099
1190 13098
1191 13097
1192 13096
1193 13095
1194 13094
1195 13093
1196 11779
1197 11778
1198 11777
1199 11776
1200 11775
1201 11774
1202 11773
1203 11772
1204 11771
1205 11770
1206 11769
1207 11768
1208 11767
1209 11766
1210 11765
1211 11764
1212 11763
1213 11762
1214 11761
1215 11760
1216 11759
1217 11758
1218 11757
1219 12953
1220 12952
1221 12951
1222 12950
1223 12949
1224 12948
1225 12947
1226 12946
1227 11717
1228 11716
1229 11715
1230 11714
1231 11713
1232 11712
1233 11711
1234 11710
1235 13263
1236 13262
1237 13261
1238 13260
1239 13259
1240 13258
1241 13257
1242 13256
1243 12319
1244 12318
1245 12317
1246 12316
1247 12315
1248 12314
1249 12313
1250 12312
1251 12311
1252 12310
1253 12309
1254 12350
1255 12349
1256 12348
1257 12347
1258 12346
1259 12345
1260 12344
1261 12343
1262 12342
1263 12341
1264 12340
1265 12339
1266 12338
1267 12883
1268 12882
1269 12881
1270 12880
1271 12879
1272 12878
1273 12877
1274 12876
1275 11543
1276 11542
1277 11541
1278 11540
1279 11539
1280 11538
1281 11537
1282 11433
1283 11432
1284 11431
1285 11430
1286 11429
1287 11428
1288 11427
1289 11426
1292 12722
1293 12721
1294 12720
1295 12719
1296 12718
1297 12717
1298 12716
1299 12715
1300 11551
1301 11550
1302 11549
1303 11548
1304 11547
1305 11546
1306 11545
1307 11544
1308 12875
1309 12874
1310 12873
1311 12872
1312 12871
1313 12870
1314 12869
1315 12868
1316 13289
1317 13288
1318 13287
1319 13286
1320 13285
1321 13284
1322 13283
1323 13282
1324 13281
1325 13280
1326 13279
1327 13278
1328 13277
1329 12329
1330 12328
1331 12327
1332 12326
1333 12325
1334 12324
1335 12323
1336 12322
1337 12321
1338 12320
1339 13255
1340 13254
1341 13253
1342 13252
1343 13251
1344 13250
1345 13249
1346 13248
1347 12602
1348 12601
1349 12600
1350 12599
1351 12598
1352 12597
1353 12596
1354 12595
1355 12071
1356 12070
1357 12069
1358 12068
1359 12067
1360 12066
1361 12065
1362 12064
1363 13031
1364 13030
1365 13029
1366 13028
1367 13027
1368 13026
1369 13025
1370 13024
1371 13023
1372 13022
1373 13021
1374 13020
1375 13019
1376 13018
1377 13017
1378 13016
1379 13015
1380 13014
1381 13013
1382 13012
1383 13011
1384 13010
1385 13009
1386 13008
1387 10772
1388 10771
1389 10770
1390 10769
1391 10768
1392 10767
1393 10766
1394 10765
1395 11864
1396 11863
1397 11862
1398 11861
1399 11860
1400 11859
1401 11858
1402 11857
1403 10663
1404 10662
1405 10661
1406 10660
1407 10659
1408 10658
1409 10657
1410 10656
1411 11244
1412 11243
1413 11242
1414 11241
1415 11240
1416 11239
1417 11238
1418 11237
1419 11236
1420 11235
1421 11234
1422 11190
1423 11189
1424 11188
1425 11187
1426 11186
1427 11185
1428 11184
1429 11183
1430 11182
1431 11181
1432 11180
1433 11179
1434 9217
1435 9216
1436 9215
1437 9214
1438 9213
1439 9212
1440 9211
1441 9210
1442 11043
1443 11042
1444 11041
1445 11040
1446 11039
1447 11038
1448 11037
1449 11036
1450 9342
1451 9341
1452 9340
1453 9339
1454 9338
1455 9337
1456 9336
1457 9335
1458 9334
1459 9333
1460 9332
1461 9331
1462 9330
1463 9329
1464 9328
1465 9327
1466 9326
1467 9325
1468 9324
1469 9323
1470 9322
1471 9321
1472 9320
1473 9319
1474 9318
1475 9317
1476 9316
1477 9315
1478 9314
1479 9313
1480 9312
1481 9311
1482 9605
1483 9604
1484 9603
1485 9602
1486 9601
1487 9600
1488 9599
1489 9598
1490 9597
1491 9596
1492 9595
1493 9594
1494 9593
1495 9592
1496 9591
1497 9590
1498 10037
1499 10036
1500 10035
1501 10034
1502 10033
1503 10032
1504 10031
1505 10030
1506 9894
1507 9893
1508 9892
1509 9891
1510 9890
1511 9889
1512 9888
1513 9887
1514 9886
1515 9885
1516 9884
1517 9883
1518 9882
1519 9881
1520 9880
1521 9879
1522 9878
1523 9877
1524 9876
1525 9875
1526 9874
1527 9873
1528 9872
1529 8783
1530 8782
1531 8781
1532 8780
1533 8779
1534 8778
1535 8777
1536 8776
1537 9759
1538 9758
1539 9757
1540 9756
1541 9755
1542 9754
1543 9753
1544 9752
1545 7453
1546 7452
1547 7451
1548 7450
1549 7449
1550 7448
1551 7447
1552 7446
1553 7445
1554 7444
1555 7443
1556 7442
1557 7441
1558 7440
1559 7439
1560 7438
1561 7437
1562 7436
1563 7435
1564 7434
1565 7433
1566 7432
1567 7431
1568 7430
1569 7631
1570 7630
1571 7629
1572 7628
1573 7627
1574 7626
1575 7625
1576 7624
1577 7874
1578 7873
1579 7872
1580 7871
1581 7870
1582 7869
1583 7868
1584 7867
1585 7751
1586 7750
1587 7749
1588 7748
1589 7747
1590 7746
1591 7745
1592 7744
1593 7033
1594 7032
1595 7031
1596 7030
1597 7029
1598 7028
1599 7027
1600 7026
1601 6858
1602 6857
1603 6856
1604 6855
1605 6854
1606 6853
1607 6852
1608 6851
1609 6850
1610 6849
1611 6848
1612 6847
1613 6846
1614 6845
1615 6844
1616 6843
1617 6842
1618 6841
1619 6840
1620 6839
1621 6838
1622 6837
1623 6836
1624 6835
1625 8144
1626 8143
1627 8142
1628 8141
1629 8140
1630 8139
1631 8138
1632 8137
1633 6722
1634 6721
1635 6720
1636 6719
1637 6718
1638 6717
1639 6716
1640 6715
1641 8285
1642 8284
1643 8283
1644 8282
1645 8281
1646 8280
1647 8279
1648 8278
1649 8277
1650 8276
1651 8275
1652 8274
1653 8273
1654 8272
1655 8271
1656 8270
1657 8269
1660 8268
1661 8267
1662 8266
1663 8265
1664 8264
1665 8263
1666 8262
1667 8261
1668 8260
1669 8259
1670 8258
1671 8257
1672 8420
1673 8419
1674 8418
1675 8417
1676 8416
1677 8415
1678 8414
1679 8413
1680 8412
1681 8411
1682 8410
1683 8409
1684 8408
1685 8407
1686 8406
1687 8405
1688 7059
1689 7058
1690 7057
1691 7056
1692 7055
1693 7054
1694 7053
1695 7052
1696 7051
1697 7050
1698 7049
1699 7768
1700 7767
1701 7766
1702 7765
1703 7764
1704 7763
1705 7762
1706 7761
1707 7760
1708 7759
1709 7758
1710 7757
1711 7756
1712 7755
1713 7754
1714 7753
1715 7752
1716 7866
1717 7865
1718 7864
1719 7863
1720 7862
1721 7861
1722 7860
1723 7859
1724 8560
1725 8559
1726 8558
1727 8557
1728 8556
1729 8555
1730 8554
1731 8553
1732 8552
1733 8551
1734 8550
1735 8593
1736 8592
1737 8591
1738 8590
1739 8589
1740 8588
1741 8587
1742 8586
1743 8585
1744 8584
1745 8583
1746 7289
1747 7288
1748 7287
1749 7286
1750 7285
1751 7284
1752 7283
1753 7282
1754 7281
1755 7280
1756 7279
1757 7278
1758 7277
1759 7276
1760 7275
1761 7274
1762 8953
1763 8952
1764 8951
1765 8950
1766 8949
1767 8948
1768 8947
1769 8946
1770 8945
1771 8944
1772 8986
1773 8985
1774 8984
1775 8983
1776 8982
1777 8981
1778 8980
1779 8979
1780 8978
1781 8977
1782 8976
1783 8975
1784 10157
1785 10156
1786 10155
1787 10154
1788 10153
1789 10152
1790 10151
1791 10150
1792 10149
1793 10148
1794 10147
1795 10146
1796 10145
1797 10144
1798 10143
1799 10423
1800 10422
1801 10421
1802 10420
1803 10419
1804 10418
1805 10417
1806 10416
1807 10415
1808 10458
1809 10457
1810 10456
1811 10455
1812 10454
1813 10453
1814 10452
1815 10451
1816 10450
1817 10449
1818 10448
1819 10447
1820 10446
1821 9508
1822 9507
1823 9506
1824 9505
1825 9504
1826 9503
1827 9502
1828 9501
1829 9500
1830 9499
1831 9498
1832 9497
1833 9496
1834 9495
1835 9494
1836 9493
1837 11226
1838 11225
1839 11224
1840 11223
1841 11222
1842 11221
1843 11220
1844 11219
1845 11218
1846 11217
1847 11216
1848 11215
1849 11214
1850 11213
1851 11212
1852 11211
1853 11210
1854 11209
1855 11208
1856 11207
1857 11206
1858 11205
1859 11871
1860 11870
1861 11869
1862 11868
1863 11867
1864 11866
1865 11865
1866 10764
1867 10763
1868 10762
1869 10761
1870 10760
1871 10759
1872 10758
1873 10757
1874 13044
1875 13043
1876 13042
1877 13041
1878 13040
1879 13039
1880 13038
1881 13037
1882 13036
1883 13035
1884 13034
1885 13033
1886 13032
1887 12063
1888 12062
1889 12061
1890 12060
1891 12059
1892 12058
1893 12057
1894 12056
1895 11701
1896 11700
1897 11699
1898 11698
1899 11697
1900 11696
1901 11695
1902 11694
1903 11693
1904 11692
1905 11691
1906 11690
1907 11689
1908 11688
1909 11687
1910 11686
1911 11685
1912 11684
1913 11683
1914 11682
1915 11681
1916 11680
1917 12801
1918 12800
1919 12799
1920 12798
1921 12797
1922 12796
1923 12795
1924 12794
1925 12793
1926 12792
1927 12791
1928 12790
1929 12789
1930 12788
1931 12787
1932 12786
1933 11558
1934 11557
1935 11556
1936 11555
1937 11554
1938 11553
1939 11552
1940 12714
1941 12713
1942 12712
1943 12711
1944 12710
1945 12709
1946 12708
1947 12707
1948 12281
1949 12280
1950 12279
1951 12278
1952 12277
1955 12263
1956 12262
1957 12261
1958 12260
1959 12259
1960 12258
1961 12257
1962 12256
1963 11574
1964 11573
1965 11572
1966 11571
1967 11570
1968 11569
1969 11568
1970 11567
1971 11566
1972 11565
1973 11564
1974 11563
1975 11562
1976 11561
1977 11560
1978 11559
1979 12785
1980 12784
1981 12783
1982 12782
1983 12781
1984 12780
1985 12779
1986 12778
1987 12242
1988 12241
1989 12240
1990 12239
1991 12238
1992 12237
1993 12236
1994 12235
1995 12234
1996 12233
1997 12232
1998 12231
1999 12230
2000 12229
2001 12228
2002 12227
2003 12226
2004 12225
2005 12224
2006 12223
2007 12222
2008 12586
2009 12585
2010 12584
2011 12583
2012 12582
2013 12581
2014 12580
2015 12579
2016 11321
2017 11320
2018 11319
2019 11318
2020 11317
2021 11316
2022 11315
2023 11314
2024 11313
2025 11312
2026 11311
2027 11310
2028 11309
2029 11308
2030 11307
2031 11306
2032 11305
2033 11304
2034 11303
2035 11302
2036 11301
2037 11300
2038 11887
2039 11886
2040 11885
2041 11884
2042 11883
2043 11882
2044 11881
2045 11880
2046 11879
2047 11878
2048 11877
2049 11876
2050 11875
2051 11874
2052 11873
2053 11872
2054 11204
2055 11203
2056 11202
2057 11201
2058 11200
2059 11199
2060 11198
2061 11197
2062 11196
2063 11195
2064 11194
2065 11193
2066 11192
2067 11191
2068 11233
2069 11232
2070 11231
2071 11230
2072 11229
2073 11228
2074 11227
2075 9492
2076 9491
2077 9490
2078 9489
2079 9488
2080 9487
2081 9486
2082 9485
2083 11027
2084 11026
2085 11025
2086 11024
2087 11023
2088 11022
2089 11021
2090 11020
2091 10237
2092 10236
2093 10235
2094 10234
2095 10233
2096 10232
2097 10231
2098 10230
2099 10229
2100 10228
2101 10227
2102 10226
2103 10225
2104 9410
2105 9409
2106 9408
2107 9407
2108 9406
2109 9405
2110 9404
2111 9403
2112 9402
2113 10173
2114 10172
2115 10171
2116 10170
2117 10169
2118 10168
2119 10167
2120 10166
2121 10165
2122 10164
2123 10163
2124 10162
2125 10161
2126 10160
2127 10159
2128 10158
2129 8974
2130 8973
2131 8972
2132 8971
2133 8970
2134 8969
2135 8968
2136 8967
2137 8966
2138 8965
2139 8964
2140 8963
2141 8962
2142 8961
2143 8960
2144 8959
2145 8958
2146 8957
2147 8956
2148 8955
2149 8954
2150 7273
2151 7272
2152 7271
2153 7270
2154 7269
2155 7268
2156 7267
2157 7266
2158 9743
2159 9742
2160 9741
2161 9740
2162 9739
2163 9738
2164 9737
2165 9736
2166 7522
2167 7521
2168 7520
2169 7519
2170 7518
2171 7517
2172 7516
2173 7515
2174 7514
2175 7513
2176 7512
2177 7193
2178 7192
2179 7191
2180 7190
2181 7189
2182 7188
2183 7187
2184 7186
2185 7185
2186 7184
2187 7183
2188 7097
2189 7096
2190 7095
2191 7094
2192 7093
2193 7092
2194 7091
2195 7090
2196 7089
2197 7088
2198 7087
2199 7086
2200 7085
2201 7084
2202 7083
2203 7082
2204 7081
2205 7080
2206 7079
2207 7078
2208 7077
2209 7076
2210 7075
2211 7074
2212 7073
2213 7072
2214 7071
2215 7070
2216 7069
2217 7068
2218 7067
2219 7066
2220 7065
2221 7064
2222 7063
2223 7062
2224 7061
2225 7060
2226 8404
2227 8403
2228 8402
2229 8401
2230 8400
2231 8399
2232 8398
2233 8397
2234 6706
2235 6705
2236 6704
2237 6703
2238 6702
2239 6701
2240 6700
2241 6699
2242 6698
2243 6697
2244 6696
2245 6695
2246 6694
2247 6693
2248 6692
2249 6691
2250 6690
2251 6689
2252 6688
2253 6687
2256 8080
2257 8079
2258 8078
2259 8077
2260 8076
2261 8075
2262 8074
2263 8073
2264 8072
2265 8293
2266 8292
2267 8291
2268 8290
2269 8289
2270 8288
2271 8287
2272 8286
2273 6714
2274 6713
2275 6712
2276 6711
2277 6710
2278 6709
2279 6708
2280 6707
2281 8396
2282 8395
2283 8394
2284 8393
2285 8392
2286 8391
2287 8390
2288 8389
2289 6906
2290 6905
2291 6904
2292 6903
2293 6902
2294 6901
2295 6900
2296 6983
2297 6982
2298 6981
2299 6980
2300 6979
2301 6978
2302 6977
2303 6976
2304 6975
2305 6974
2306 6973
2307 6972
2308 6971
2309 6970
2310 6969
2311 6968
2312 6967
2313 6966
2314 6965
2315 6964
2316 6963
2317 6962
2318 6961
2319 6960
2320 8666
2321 8665
2322 8664
2323 8663
2324 8662
2325 8661
2326 8660
2327 7882
2328 7881
2329 7880
2330 7879
2331 7878
2332 7877
2333 7876
2334 7875
2335 7623
2336 7622
2337 7621
2338 7620
2339 7619
2340 7618
2341 7617
2342 7616
2343 7615
2344 7614
2345 7613
2346 7612
2347 7611
2348 7610
2349 7609
2350 7608
2351 7607
2352 7606
2353 7605
2354 7604
2355 7603
2356 7602
2357 7601
2358 7600
2359 7461
2360 7460
2361 7459
2362 7458
2363 7457
2364 7456
2365 7455
2366 7454
2367 9751
2368 9750
2369 9749
2370 9748
2371 9747
2372 9746
2373 9745
2374 9744
2375 7265
2376 7264
2377 7263
2378 7262
2379 7261
2380 7260
2381 7259
2382 7258
2383 9943
2384 9942
2385 9941
2386 9940
2387 9939
2388 9938
2389 9937
2390 9936
2391 9987
2392 9986
2393 9985
2394 9984
2395 9983
2396 9982
2397 9981
2398 8943
2399 8942
2400 8941
2401 8940
2402 8939
2403 8938
2404 8937
2405 8936
2406 8935
2407 8934
2408 8933
2409 8932
2410 8931
2411 8930
2412 8929
2413 8928
2414 8927
2415 9100
2416 9099
2417 9098
2418 9097
2419 9096
2420 9095
2421 9094
2422 9613
2423 9612
2424 9611
2425 9610
2426 9609
2427 9608
2428 9607
2429 9606
2430 9310
2431 9309
2432 9308
2433 9307
2434 9306
2435 9305
2436 9304
2437 9303
2438 9302
2439 9301
2440 9300
2441 9299
2442 9298
2443 9297
2444 9296
2445 9295
2446 9294
2447 9293
2448 9292
2449 9291
2450 9290
2451 9289
2452 9288
2453 9287
2454 9350
2455 9349
2456 9348
2457 9347
2458 9346
2459 9345
2460 9344
2461 9343
2462 11035
2463 11034
2464 11033
2465 11032
2466 11031
2467 11030
2468 11029
2469 11028
2470 9484
2471 9483
2472 9482
2473 9481
2474 9480
2475 9479
2476 9478
2477 9477
2478 10600
2479 10599
2480 10598
2481 10597
2482 10596
2483 10595
2484 10594
2485 10593
2486 10592
2487 10591
2488 10590
2489 10589
2490 10588
2491 10931
2492 10930
2493 10929
2494 10928
2495 10927
2496 10926
2497 10925
2498 10924
2499 10923
2500 10922
2501 10921
2502 10920
2503 10919
2504 10918
2505 10917
2506 10916
2507 10915
2508 10914
2509 10913
2510 13138
2511 13137
2512 13136
2513 13135
2514 13134
2515 13133
2516 13132
2517 10780
2518 10779
2519 10778
2520 10777
2521 10776
2522 10775
2523 10774
2524 10773
2525 13007
2526 13006
2527 13005
2528 13004
2529 13003
2530 13002
2531 13001
2532 13000
2533 12999
2534 12998
2535 12997
2536 12996
2537 12995
2538 12994
2539 12993
2540 12992
2541 12991
2542 12990
2543 12989
2544 12988
2545 12987
2546 12986
2547 12985
2548 12079
2549 12078
2550 12077
2551 12076
2552 12075
2553 12074
2554 12073
2555 12072
2556 12594
2557 12593
2558 12592
2559 12591
2560 12590
2561 12589
2562 12588
2563 12587
2564 12221
2565 12220
2566 12219
2567 12218
2568 12217
2569 12216
2570 12215
2571 12214
2572 12812
2573 12811
2574 12810
2575 12809
2576 12808
2577 12807
2578 12806
2579 12805
2580 12804
2581 12803
2582 12802
2583 12255
2584 12254
2585 12253
2586 12252
2587 12251
2588 12250
2589 12249
2590 12248
2591 12247
2592 12246
2593 12245
2594 12244
2595 12243
2596 12777
2597 12776
2598 12775
2599 12774
2600 12773
2601 12772
2602 12771
2603 12770
2604 11471
2605 11470
2606 11469
2607 11468
2608 11467
2609 11466
2610 11465
2611 12730
2612 12729
2613 12728
2614 12727
2615 12726
2616 12725
2617 12724
2618 12723
2619 12276
2620 12275
2621 12274
2622 12273
2623 12272
2624 12271
2625 12270
2626 12269
2627 12268
2628 12267
2629 12266
2630 12265
2631 12264
2634 11650
2635 11649
2636 11648
2637 11647
2638 11646
2639 11645
2640 11644
2641 11643
2642 11642
2643 11641
2644 11640
2645 11639
2646 11638
2647 11590
2648 11589
2649 11588
2650 11587
2651 11586
2652 11585
2653 11584
2654 11583
2655 11479
2656 11478
2657 11477
2658 11476
2659 11475
2660 11474
2661 11473
2662 11472
2663 12769
2664 12768
2665 12767
2666 12766
2667 12765
2668 12764
2669 12763
2670 12762
2671 12835
2672 12834
2673 12833
2674 12832
2675 12831
2676 12830
2677 12829
2678 12828
2679 12827
2680 12826
2681 12825
2682 12824
2683 12823
2684 12822
2685 12821
2686 12820
2687 12819
2688 12818
2689 12817
2690 12816
2691 12815
2692 12814
2693 12813
2694 12213
2695 12212
2696 12211
2697 12210
2698 12209
2699 12208
2700 12207
2701 12206
2702 13215
2703 13214
2704 13213
2705 13212
2706 13211
2707 13210
2708 13209
2709 13208
2710 12165
2711 12164
2712 12163
2713 12162
2714 12161
2715 12160
2716 12159
2717 12158
2718 12157
2719 12156
2720 12155
2721 12154
2722 12153
2723 12152
2724 12151
2725 12150
2726 12149
2727 12148
2728 12147
2729 12146
2730 12145
2731 12144
2732 12143
2733 12142
2734 12141
2735 12140
2736 12139
2737 12138
2738 12137
2739 12136
2740 12135
2741 12134
2742 11903
2743 11902
2744 11901
2745 11900
2746 11899
2747 11898
2748 11897
2749 11896
2750 13146
2751 13145
2752 13144
2753 13143
2754 13142
2755 13141
2756 13140
2757 13139
2758 10912
2759 10911
2760 10910
2761 10909
2762 10908
2763 10907
2764 10906
2765 10905
2766 10623
2767 10622
2768 10621
2769 10620
2770 10619
2771 10618
2772 10617
2773 10616
2774 10615
2775 10614
2776 10613
2777 10612
2778 10611
2779 10610
2780 10609
2781 10608
2782 10607
2783 10606
2784 10605
2785 10604
2786 10603
2787 10602
2788 10601
2789 9476
2790 9475
2791 9474
2792 9473
2793 9472
2794 9471
2795 9470
2796 9469
2797 9177
2798 9176
2799 9175
2800 9174
2801 9173
2802 9172
2803 9171
2804 9170
2805 9428
2806 9427
2807 9426
2808 9425
2809 9424
2810 9423
2811 9422
2812 9421
2813 9420
2814 9419
2815 9418
2816 9417
2817 9416
2818 9415
2819 9414
2820 9413
2821 9412
2822 9411
2823 10278
2824 10277
2825 10276
2826 10275
2827 10274
2828 10273
2829 10272
2830 10271
2831 10270
2832 10269
2833 10268
2834 10267
2835 10266
2836 10265
2837 10189
2838 10188
2839 10187
2840 10186
2841 10185
2842 10184
2843 10183
2844 10182
2845 9108
2846 9107
2847 9106
2848 9105
2849 9104
2850 9103
2851 9102
2852 9101
2853 8926
2854 8925
2855 8924
2856 8923
2857 8922
2858 8921
2859 8920
2860 8919
2861 9966
2862 9965
2863 9964
2864 9963
2865 9962
2866 9961
2867 9960
2868 9959
2869 9958
2870 9957
2871 9956
2872 9955
2873 9954
2874 9953
2875 9952
2876 9951
2877 9950
2878 9949
2879 9948
2880 9947
2881 9946
2882 9945
2883 9944
2884 7257
2885 7256
2886 7255
2887 7254
2888 7253
2889 7252
2890 7251
2891 7250
2892 8743
2893 8742
2894 8741
2895 8740
2896 8739
2897 8738
2898 8737
2899 8736
2900 7209
2901 7208
2902 7207
2903 7206
2904 7205
2905 7204
2906 7203
2907 7202
2908 7201
2909 7200
2910 7199
2911 7198
2912 7197
2913 7196
2914 7195
2915 7194
2916 7511
2917 7510
2918 7509
2919 7508
2920 7507
2921 7506
2922 7505
2923 7504
2924 7557
2925 7556
2926 7555
2927 7554
2928 7553
2929 7552
2930 7551
2931 7550
2932 7113
2933 7112
2934 7111
2935 7110
2936 7109
2937 7108
2938 7107
2939 7106
2940 8674
2941 8673
2942 8672
2943 8671
2944 8670
2945 8669
2946 8668
2947 8667
2948 6959
2949 6958
2950 6957
2951 6956
2952 6955
2953 6954
2954 6953
2955 6952
2956 7965
2957 7964
2958 7963
2959 7962
2960 7961
2961 7960
2962 7959
2963 6923
2964 6922
2965 6921
2966 6920
2967 6919
2968 6918
2969 6917
2970 6916
2971 6915
2972 6914
2973 6913
2974 6912
2975 6911
2976 6910
2977 6909
2978 6908
2979 6907
2980 8388
2981 8387
2982 8386
2983 8385
2984 8384
2985 8383
2986 8382
2987 8381
2988 8104
2989 8103
2990 8102
2991 8101
2992 8100
2993 8099
2994 8098
2995 8097
2996 8340
2997 8339
2998 8338
2999 8337
3000 8336
3001 8335
3002 8334
3003 8333
3004 8332
3005 8331
3006 8330
3007 8329
3008 8328
3009 8327
3010 8326
3011 8325
3012 8324
3015 8045
3016 8044
3017 8043
3018 8042
3019 8041
3020 8040
3021 8039
3022 8038
3023 8037
3024 8036
3025 8035
3026 8034
3027 8033
3028 8032
3029 8031
3030 8030
3031 8474
3032 8473
3033 8472
3034 8471
3035 8470
3036 8469
3037 8468
3038 8467
3039 8466
3040 8465
3041 8464
3042 8506
3043 8505
3044 8504
3045 8503
3046 8502
3047 8501
3048 8500
3049 8499
3050 8498
3051 8497
3052 8681
3053 8680
3054 8679
3055 8678
3056 8677
3057 8676
3058 8675
3059 7105
3060 7104
3061 7103
3062 7102
3063 7101
3064 7100
3065 7099
3066 7098
3067 7182
3068 7181
3069 7180
3070 7179
3071 7178
3072 7177
3073 7176
3074 7175
3075 7174
3076 7173
3077 7172
3078 7533
3079 7532
3080 7531
3081 7530
3082 7529
3083 7528
3084 7527
3085 7526
3086 7525
3087 7524
3088 7523
3089 9735
3090 9734
3091 9733
3092 9732
3093 9731
3094 9730
3095 9729
3096 9728
3097 9727
3098 9726
3099 9725
3100 9724
3101 9723
3102 9722
3103 9721
3104 9720
3105 8836
3106 8835
3107 8834
3108 8833
3109 8832
3110 8831
3111 8830
3112 8829
3113 8828
3114 8827
3115 8869
3116 8868
3117 8867
3118 8866
3119 8865
3120 8864
3121 8863
3122 8862
3123 8861
3124 8860
3125 8859
3126 8858
3127 9115
3128 9114
3129 9113
3130 9112
3131 9111
3132 9110
3133 9109
3134 10181
3135 10180
3136 10179
3137 10178
3138 10177
3139 10176
3140 10175
3141 10174
3142 9401
3143 9400
3144 9399
3145 9398
3146 9397
3147 9396
3148 9395
3149 9394
3150 9393
3151 10250
3152 10249
3153 10248
3154 10247
3155 10246
3156 10245
3157 10244
3158 10243
3159 10242
3160 10241
3161 10240
3162 10239
3163 10238
3164 11019
3165 11018
3166 11017
3167 11016
3168 11015
3169 11014
3170 11013
3171 11012
3172 11011
3173 11010
3174 11009
3175 11008
3176 11007
3177 11006
3178 11005
3179 11004
3180 10939
3181 10938
3182 10937
3183 10936
3184 10935
3185 10934
3186 10933
3187 10932
3188 10974
3189 10973
3190 10972
3191 10971
3192 10970
3193 10969
3194 10968
3195 10967
3196 10966
3197 10965
3198 10964
3199 10963
3200 10962
3201 10961
3202 13153
3203 13152
3204 13151
3205 13150
3206 13149
3207 13148
3208 13147
3209 11895
3210 11894
3211 11893
3212 11892
3213 11891
3214 11890
3215 11889
3216 11888
3217 11299
3218 11298
3219 11297
3220 11296
3221 11295
3222 11294
3223 11293
3224 11335
3225 11334
3226 11333
3227 11332
3228 11331
3229 11330
3230 11329
3231 11328
3232 11327
3233 11326
3234 11325
3235 11324
3236 11323
3237 11322
3238 12578
3239 12577
3240 12576
3241 12575
3242 12574
3243 12573
3244 12572
3245 12571
3246 12570
3247 12569
3248 12568
3249 12567
3250 12566
3251 12565
3252 12564
3253 12563
3254 12562
3255 12561
3256 12560
3257 12559
3258 12558
3259 12557
3260 12556
3261 12555
3262 12554
3263 12553
3264 12552
3265 12551
3266 12550
3267 12549
3268 12548
3269 12547
3270 12546
3271 12545
3272 12544
3273 12543
3274 12542
3275 12541
3276 11486
3277 11485
3278 11484
3279 11483
3280 11482
3281 11481
3282 11480
3283 11582
3284 11581
3285 11580
3286 11579
3287 11578
3288 11577
3289 11576
3290 11575
3293 11502
3294 11501
3295 11500
3296 11499
3297 11498
3298 11497
3299 11496
3300 11495
3301 11494
3302 11493
3303 11492
3304 11491
3305 11490
3306 11489
3307 11488
3308 11487
3309 12540
3310 12539
3311 12538
3312 12537
3313 12536
3314 12535
3315 12534
3316 12533
3317 11375
3318 11374
3319 11373
3320 11372
3321 11371
3322 11370
3323 11369
3324 11368
3325 11367
3326 11366
3327 11365
3328 11364
3329 11363
3330 11362
3331 11361
3332 11360
3333 11359
3334 11358
3335 11357
3336 11356
3337 11355
3338 13199
3339 13198
3340 13197
3341 13196
3342 13195
3343 13194
3344 13193
3345 13192
3346 13191
3347 13190
3348 13189
3349 13188
3350 13187
3351 13186
3352 13185
3353 13184
3354 13183
3355 13182
3356 13181
3357 13180
3358 13179
3359 13178
3360 13177
3361 13176
3362 13175
3363 13174
3364 13173
3365 13172
3366 13171
3367 13170
3368 13169
3369 13168
3370 13167
3371 13166
3372 13165
3373 13164
3374 13163
3375 13162
3376 13161
3377 13160
3378 13159
3379 13158
3380 13157
3381 13156
3382 13155
3383 13154
3384 10960
3385 10959
3386 10958
3387 10957
3388 10956
3389 10955
3390 10954
3391 10953
3392 10952
3393 10951
3394 10950
3395 10949
3396 10948
3397 10947
3398 10946
3399 10945
3400 10944
3401 10943
3402 10942
3403 10941
3404 10940
3405 11003
3406 11002
3407 11001
3408 11000
3409 10999
3410 10998
3411 10997
3412 10996
3413 9161
3414 9160
3415 9159
3416 9158
3417 9157
3418 9156
3419 9155
3420 9154
3421 9153
3422 9152
3423 9151
3424 9150
3425 9149
3426 9148
3427 9147
3428 9146
3429 9145
3430 9144
3431 9143
3432 9142
3433 9141
3434 9140
3435 9139
3436 9138
3437 9137
3438 9136
3439 9135
3440 9134
3441 9133
3442 9132
3443 9131
3444 9130
3445 9129
3446 9128
3447 9127
3448 9126
3449 9125
3450 9124
3451 9123
3452 9122
3453 9121
3454 9120
3455 9119
3456 9118
3457 9117
3458 9116
3459 8857
3460 8856
3461 8855
3462 8854
3463 8853
3464 8852
3465 8851
3466 8850
3467 8849
3468 8848
3469 8847
3470 8846
3471 8845
3472 8844
3473 8843
3474 8842
3475 8841
3476 8840
3477 8839
3478 8838
3479 8837
3480 9719
3481 9718
3482 9717
3483 9716
3484 9715
3485 9714
3486 9713
3487 9712
3488 8727
3489 8726
3490 8725
3491 8724
3492 8723
3493 8722
3494 8721
3495 8720
3496 8719
3497 8718
3498 8717
3499 8716
3500 8715
3501 8714
3502 8713
3503 8712
3504 8711
3505 8710
3506 8709
3507 8708
3508 8707
3509 8706
3510 8705
3511 8704
3512 8703
3513 8702
3514 8701
3515 8700
3516 8699
3517 8698
3518 8697
3519 8696
3520 8695
3521 8694
3522 8693
3523 8692
3524 8691
3525 8690
3526 8689
3527 8688
3528 8687
3529 8686
3530 8685
3531 8684
3532 8683
3533 8682
3534 8496
3535 8495
3536 8494
3537 8493
3538 8492
3539 8491
3540 8490
3541 8489
3542 8488
3543 8487
3544 8486
3545 8485
3546 8484
3547 8483
3548 8482
3549 8481
3550 8480
3551 8479
3552 8478
3553 8477
3554 8476
3555 8475
3556 8029
3557 8028
3558 8027
3559 8026
3560 8025
3561 8024
3562 8023
3563 8022
3564 8088
3565 8087
3566 8086
3567 8085
3568 8084
3569 8083
3570 8082
3571 8081
3574 8068
3575 8067
3576 8066
3577 8065
3578 8064
3579 8063
3580 8062
3581 8061
3582 8060
3583 8348
3584 8347
3585 8346
3586 8345
3587 8344
3588 8343
3589 8342
3590 8341
3591 8096
3592 8095
3593 8094
3594 8093
3595 8092
3596 8091
3597 8090
3598 8089
3599 8021
3600 8020
3601 8019
3602 8018
3603 8017
3604 8016
3605 8015
3606 8014
3607 8013
3608 8012
3609 8011
3610 8010
3611 8009
3612 8008
3613 8007
3614 7944
3615 7943
3616 7942
3617 7941
3618 7940
3619 7939
3620 7938
3621 7937
3622 7936
3623 7935
3624 7934
3625 7933
3626 7932
3627 7931
3628 7930
3629 7929
3630 7928
3631 7927
3632 7926
3633 7925
3634 7924
3635 7923
3636 7922
3637 7921
3638 7920
3639 7919
3640 7918
3641 7917
3642 7916
3643 7915
3644 7914
3645 7121
3646 7120
3647 7119
3648 7118
3649 7117
3650 7116
3651 7115
3652 7114
3653 7549
3654 7548
3655 7547
3656 7546
3657 7545
3658 7544
3659 7543
3660 7542
3661 7541
3662 7540
3663 7539
3664 7538
3665 7537
3666 7536
3667 7535
3668 7534
3669 7171
3670 7170
3671 7169
3672 7168
3673 7167
3674 7166
3675 7165
3676 7164
3677 7217
3678 7216
3679 7215
3680 7214
3681 7213
3682 7212
3683 7211
3684 7210
3685 8735
3686 8734
3687 8733
3688 8732
3689 8731
3690 8730
3691 8729
3692 8728
3693 9711
3694 9710
3695 9709
3696 9708
3697 9707
3698 9706
3699 9705
3700 9704
3701 9703
3702 9702
3703 9701
3704 9700
3705 9699
3706 9698
3707 9697
3708 9696
3709 8876
3710 8875
3711 8874
3712 8873
3713 8872
3714 8871
3715 8870
3716 9668
3717 9667
3718 9666
3719 9665
3720 9664
3721 9663
3722 9662
3723 9661
3724 9660
3725 9659
3726 9658
3727 9657
3728 9656
3729 9655
3730 9654
3731 9653
3732 9652
3733 9651
3734 9650
3735 9649
3736 9648
3737 9647
3738 9646
3739 9645
3740 10197
3741 10196
3742 10195
3743 10194
3744 10193
3745 10192
3746 10191
3747 10190
3748 10264
3749 10263
3750 10262
3751 10261
3752 10260
3753 10259
3754 10258
3755 10257
3756 10256
3757 10255
3758 10254
3759 10253
3760 10252
3761 10251
3762 9392
3763 9391
3764 9390
3765 9389
3766 9388
3767 9387
3768 9386
3769 9385
3770 9384
3771 9383
3772 9436
3773 9435
3774 9434
3775 9433
3776 9432
3777 9431
3778 9430
3779 9429
3780 9169
3781 9168
3782 9167
3783 9166
3784 9165
3785 9164
3786 9163
3787 9162
3788 10995
3789 10994
3790 10993
3791 10992
3792 10991
3793 10990
3794 10989
3795 10988
3796 10987
3797 10986
3798 10985
3799 10984
3800 10983
3801 10982
3802 10981
3803 10980
3804 10979
3805 10978
3806 10977
3807 10976
3808 10975
3809 10837
3810 10836
3811 10835
3812 10834
3813 10833
3814 10832
3815 10831
3816 10830
3817 10829
3818 10828
3819 10827
3820 10826
3821 10825
3822 10824
3823 10823
3824 10822
3825 10821
3826 10820
3827 10819
3828 10818
3829 10817
3830 10816
3831 10815
3832 10814
3833 10813
3834 10812
3835 11911
3836 11910
3837 11909
3838 11908
3839 11907
3840 11906
3841 11905
3842 11904
3843 12133
3844 12132
3845 12131
3846 12130
3847 12129
3848 12128
3849 12127
3850 12126
3851 12125
3852 12124
3853 12123
3854 12122
3855 12121
3856 12120
3857 12119
3858 12118
3859 12117
3860 12116
3861 12115
3862 12114
3863 12113
3864 12112
3865 12111
3866 12173
3867 12172
3868 12171
3869 12170
3870 12169
3871 12168
3872 12167
3873 12166
3874 13207
3875 13206
3876 13205
3877 13204
3878 13203
3879 13202
3880 13201
3881 13200
3882 11354
3883 11353
3884 11352
3885 11351
3886 11350
3887 11349
3888 11348
3889 11347
3890 11346
3891 11345
3892 11344
3893 11343
3894 11342
3895 11341
3896 11340
3897 11339
3898 11338
3899 11337
3900 11336
3901 11388
3902 11387
3903 11386
3904 11385
3905 11384
3906 11383
3907 11382
3908 11381
3909 11380
3910 11379
3911 11378
3912 11377
3913 11376
3914 12532
3915 12531
3916 12530
3917 12529
3918 12528
3919 12527
3920 12526
3921 12525
3922 12524
3923 12523
3924 12522
3925 12521
3926 12520
3927 12519
3928 12518
3929 11598
3930 11597
3931 11596
3932 11595
3933 11594
3934 11593
3935 11592
3936 11591
3937 11637
3938 11636
3939 11635
3940 11634
3941 11633
3942 11632
3943 11631
3944 11630
3945 11629
3946 11628
3947 11627
3948 11626
3949 11625
3952 11624
3953 11623
3954 11622
3955 11621
3956 11620
3957 11619
3958 11618
3959 11617
3960 11616
3961 11615
3962 11614
3963 11613
3964 11612
3965 11611
3966 11610
3967 11609
3968 11608
3969 11607
3970 11606
3971 11605
3972 11604
3973 11603
3974 11602
3975 11601
3976 11600
3977 11599
3978 12517
3979 12516
3980 12515
3981 12514
3982 12513
3983 12512
3984 12511
3985 12510
3986 12509
3987 12508
3988 12507
3989 12506
3990 12505
3991 12504
3992 12503
3993 12502
3994 12501
3995 12500
3996 12499
3997 12498
3998 12497
3999 12496
4000 12495
4001 12494
4002 12493
4003 12492
4004 12491
4005 12490
4006 12489
4007 12488
4008 12487
4009 12486
4010 12485
4011 12484
4012 12483
4013 12482
4014 12481
4015 12480
4016 12479
4017 12478
4018 12477
4019 12476
4020 12475
4021 12474
4022 12473
4023 12472
4024 12471
4025 12470
4026 12469
4027 12197
4028 12196
4029 12195
4030 12194
4031 12193
4032 12192
4033 12191
4034 12190
4035 12189
4036 12188
4037 12187
4038 12186
4039 12185
4040 12184
4041 12183
4042 12182
4043 12181
4044 12180
4045 12179
4046 12178
4047 12177
4048 12176
4049 12175
4050 12174
4051 12110
4052 12109
4053 12108
4054 12107
4055 12106
4056 12105
4057 12104
4058 12103
4059 11945
4060 11944
4061 11943
4062 11942
4063 11941
4064 11940
4065 11939
4066 11938
4067 11937
4068 11936
4069 11935
4070 11934
4071 11933
4072 11932
4073 11931
4074 11930
4075 11929
4076 11928
4077 11927
4078 11926
4079 11925
4080 11924
4081 11923
4082 11922
4083 11921
4084 11920
4085 11919
4086 11918
4087 11917
4088 11916
4089 11915
4090 11914
4091 11913
4092 11912
4093 10811
4094 10810
4095 10809
4096 10808
4097 10807
4098 10806
4099 10805
4100 10804
4101 10896
4102 10895
4103 10894
4104 10893
4105 10892
4106 10891
4107 10890
4108 10889
4109 10888
4110 10887
4111 10886
4112 10885
4113 10884
4114 10883
4115 10882
4116 10881
4117 10880
4118 10879
4119 10878
4120 10877
4121 10876
4122 10875
4123 10874
4124 10873
4125 10872
4126 10871
4127 10870
4128 10869
4129 10868
4130 10867
4131 10866
4132 10865
4133 10864
4134 10863
4135 10862
4136 10861
4137 10860
4138 10859
4139 10858
4140 10857
4141 10856
4142 9460
4143 9459
4144 9458
4145 9457
4146 9456
4147 9455
4148 9454
4149 9453
4150 9452
4151 9451
4152 9450
4153 9449
4154 9448
4155 9447
4156 9446
4157 9445
4158 9444
4159 9443
4160 9442
4161 9441
4162 9440
4163 9439
4164 9438
4165 9437
4166 9382
4167 9381
4168 9380
4169 9379
4170 9378
4171 9377
4172 9376
4173 9375
4174 10285
4175 10284
4176 10283
4177 10282
4178 10281
4179 10280
4180 10279
4181 10224
4182 10223
4183 10222
4184 10221
4185 10220
4186 10219
4187 10218
4188 10217
4189 10216
4190 10215
4191 10214
4192 10213
4193 10212
4194 10211
4195 10210
4196 10209
4197 10208
4198 10207
4199 10206
4200 10205
4201 10204
4202 10203
4203 10202
4204 10201
4205 10200
4206 10199
4207 10198
4208 9644
4209 9643
4210 9642
4211 9641
4212 9640
4213 9639
4214 9638
4215 9637
4216 8910
4217 8909
4218 8908
4219 8907
4220 8906
4221 8905
4222 8904
4223 8903
4224 8902
4225 8901
4226 8900
4227 8899
4228 8898
4229 8897
4230 8896
4231 8895
4232 8894
4233 8893
4234 8892
4235 8891
4236 8890
4237 8889
4238 8888
4239 8887
4240 8886
4241 8885
4242 8884
4243 8883
4244 8882
4245 8881
4246 8880
4247 8879
4248 8878
4249 8877
4250 9695
4251 9694
4252 9693
4253 9692
4254 9691
4255 9690
4256 9689
4257 7241
4258 7240
4259 7239
4260 7238
4261 7237
4262 7236
4263 7235
4264 7234
4265 7233
4266 7232
4267 7231
4268 7230
4269 7229
4270 7228
4271 7227
4272 7226
4273 7225
4274 7224
4275 7223
4276 7222
4277 7221
4278 7220
4279 7219
4280 7218
4281 7163
4282 7162
4283 7161
4284 7160
4285 7159
4286 7158
4287 7157
4288 7156
4289 7155
4290 7154
4291 7153
4292 7152
4293 7151
4294 7150
4295 7149
4296 7148
4297 7147
4298 7146
4299 7145
4300 7144
4301 7143
4302 7142
4303 7141
4304 7140
4305 7139
4306 7138
4307 7137
4308 7136
4309 7135
4310 7134
4311 7133
4312 7132
4313 7131
4314 7130
4315 7129
4316 7128
4317 7127
4318 7126
4319 7125
4320 7124
4321 7123
4322 7122
4323 7913
4324 7912
4325 7911
4326 7910
4327 7909
4328 7908
4329 7907
4330 7906
4331 6943
4332 6942
4333 6941
4334 6940
4335 6939
4336 6938
4337 6937
4338 6936
4339 6935
4340 6934
4341 6933
4342 6932
4343 6931
4344 6930
4345 6929
4346 6928
4347 6927
4348 6926
4349 6925
4350 6924
4351 7958
4352 7957
4353 7956
4354 7955
4355 7954
4356 7953
4357 7952
4358 7951
4359 7950
4360 7949
4361 7948
4362 7947
4363 7946
4364 7945
4365 8006
4366 8005
4367 8004
4368 8003
4369 8002
4370 8001
4371 8000
4372 7999
4373 8372
4374 8371
4375 8370
4376 8369
4377 8368
4378 8367
4379 8366
4380 8365
4381 8364
4382 8363
4383 8362
4384 8361
4385 8360
4386 8359
4387 8358
4388 8357
4389 8356
4390 8355
4391 8354
4392 8353
4393 8352
4394 8351
4395 8350
4396 8349
4397 8059
4398 8058
4399 8057
4400 8056
4401 8055
4402 8054
4403 8053
4404 8052
4405 8051
4406 8050
4407 8049
4408 8048
4409 8047
4410 8046
4413 8323
4414 8322
4415 8321
4416 8320
4417 8319
4418 8318
4419 8317
4420 8316
4421 8315
4422 8314
4423 8313
4424 8312
4425 8311
4426 8310
4427 8309
4428 8308
4429 8307
4430 8306
4431 8305
4432 8304
4433 8303
4434 8302
4435 8112
4436 8111
4437 8110
4438 8109
4439 8108
4440 8107
4441 8106
4442 8105
4443 8380
4444 8379
4445 8378
4446 8377
4447 8376
4448 8375
4449 8374
4450 8373
4451 7998
4452 7997
4453 7996
4454 7995
4455 7994
4456 7993
4457 7992
4458 7991
4459 7990
4460 7989
4461 7988
4462 7987
4463 7986
4464 7985
4465 7984
4466 7983
4467 7982
4468 7981
4469 7980
4470 7979
4471 7978
4472 7977
4473 7976
4474 7975
4475 7974
4476 7973
4477 7972
4478 7971
4479 7970
4480 7969
4481 7968
4482 7967
4483 7966
4484 6951
4485 6950
4486 6949
4487 6948
4488 6947
4489 6946
4490 6945
4491 6944
4492 7905
4493 7904
4494 7903
4495 7902
4496 7901
4497 7900
4498 7899
4499 7898
4500 7897
4501 7896
4502 7895
4503 7894
4504 7893
4505 7892
4506 7891
4507 7565
4508 7564
4509 7563
4510 7562
4511 7561
4512 7560
4513 7559
4514 7558
4515 7503
4516 7502
4517 7501
4518 7500
4519 7499
4520 7498
4521 7497
4522 7496
4523 7495
4524 7494
4525 7493
4526 7492
4527 7491
4528 7490
4529 7489
4530 7488
4531 7487
4532 7486
4533 7485
4534 7484
4535 7483
4536 7482
4537 7481
4538 7480
4539 7479
4540 7478
4541 7477
4542 7476
4543 7475
4544 7474
4545 7473
4546 7472
4547 7471
4548 7470
4549 8751
4550 8750
4551 8749
4552 8748
4553 8747
4554 8746
4555 8745
4556 8744
4557 7249
4558 7248
4559 7247
4560 7246
4561 7245
4562 7244
4563 7243
4564 7242
4565 9688
4566 9687
4567 9686
4568 9685
4569 9684
4570 9683
4571 9682
4572 9681
4573 9680
4574 9679
4575 9678
4576 9677
4577 9676
4578 9675
4579 9674
4580 9673
4581 9672
4582 9671
4583 9670
4584 9669
4585 9980
4586 9979
4587 9978
4588 9977
4589 9976
4590 9975
4591 9974
4592 9973
4593 9972
4594 9971
4595 9970
4596 9969
4597 9968
4598 9967
4599 8918
4600 8917
4601 8916
4602 8915
4603 8914
4604 8913
4605 8912
4606 8911
4607 9636
4608 9635
4609 9634
4610 9633
4611 9632
4612 9631
4613 9630
4614 9629
4615 9628
4616 9627
4617 9626
4618 9625
4619 9624
4620 9623
4621 9622
4622 10311
4623 10310
4624 10309
4625 10308
4626 10307
4627 10306
4628 10305
4629 10304
4630 10303
4631 10302
4632 10301
4633 10300
4634 10299
4635 10298
4636 10297
4637 10296
4638 10295
4639 10294
4640 10293
4641 10292
4642 10291
4643 10290
4644 10289
4645 10288
4646 10287
4647 10286
4648 9374
4649 9373
4650 9372
4651 9371
4652 9370
4653 9369
4654 9368
4655 9367
4656 9366
4657 9365
4658 9364
4659 9363
4660 9362
4661 9361
4662 9360
4663 9359
4664 9185
4665 9184
4666 9183
4667 9182
4668 9181
4669 9180
4670 9179
4671 9178
4672 9468
4673 9467
4674 9466
4675 9465
4676 9464
4677 9463
4678 9462
4679 9461
4680 10855
4681 10854
4682 10853
4683 10852
4684 10851
4685 10850
4686 10849
4687 10848
4688 10847
4689 10846
4690 10845
4691 10844
4692 10843
4693 10842
4694 10841
4695 10840
4696 10839
4697 10838
4698 10587
4699 10586
4700 10585
4701 10584
4702 10583
4703 10582
4704 10581
4705 10580
4706 10631
4707 10630
4708 10629
4709 10628
4710 10627
4711 10626
4712 10625
4713 10624
4714 10904
4715 10903
4716 10902
4717 10901
4718 10900
4719 10899
4720 10898
4721 10897
4722 10803
4723 10802
4724 10801
4725 10800
4726 10799
4727 10798
4728 10797
4729 10796
4730 10795
4731 10794
4732 10793
4733 10792
4734 10791
4735 10790
4736 10789
4737 11971
4738 11970
4739 11969
4740 11968
4741 11967
4742 11966
4743 11965
4744 11964
4745 11963
4746 11962
4747 11961
4748 11960
4749 11959
4750 11958
4751 11957
4752 11956
4753 11955
4754 11954
4755 11953
4756 11952
4757 11951
4758 11950
4759 11949
4760 11948
4761 11947
4762 11946
4763 12102
4764 12101
4765 12100
4766 12099
4767 12098
4768 12097
4769 12096
4770 12095
4771 12094
4772 12093
4773 12092
4774 12091
4775 12090
4776 12089
4777 12088
4778 13223
4779 13222
4780 13221
4781 13220
4782 13219
4783 13218
4784 13217
4785 13216
4786 12205
4787 12204
4788 12203
4789 12202
4790 12201
4791 12200
4792 12199
4793 12198
4794 12468
4795 12467
4796 12466
4797 12465
4798 12464
4799 12463
4800 12462
4801 12461
4802 12460
4803 12459
4804 12458
4805 12457
4806 12456
4807 12455
4808 12454
4809 12453
4810 12452
4811 12451
4812 12450
4813 12449
4814 12448
4815 12447
4816 12446
4817 12445
4818 12444
4819 12443
4820 12843
4821 12842
4822 12841
4823 12840
4824 12839
4825 12838
4826 12837
4827 12836
4828 12761
4829 12760
4830 12759
4831 12758
4832 12757
4833 12756
4834 12755
4835 12754
4836 12753
4837 12752
4838 12751
4839 12750
4840 12749
4841 12748
4842 12747
4843 12746
4844 12745
4845 12744
4846 12743
4847 12742
4848 12741
4849 12740
4850 12739
4851 11668
4852 11667
4853 11666
4854 11665
4855 11664
4856 11663
4857 11662
4858 11661
4859 11660
4860 11659
4861 11658
4862 11657
4863 11656
4864 11655
4865 11654
4866 11653
4867 11652
4868 11651
4871 11679
4872 11678
4873 11677
4874 11676
4875 11675
4876 11674
4877 11673
4878 11672
4879 11671
4880 11670
4881 11669
4882 12738
4883 12737
4884 12736
4885 12735
4886 12734
4887 12733
4888 12732
4889 12731
4890 11464
4891 11463
4892 11462
4893 11461
4894 11460
4895 11459
4896 11458
4897 11457
4898 12859
4899 12858
4900 12857
4901 12856
4902 12855
4903 12854
4904 12853
4905 12852
4906 12851
4907 12850
4908 12849
4909 12848
4910 12847
4911 12846
4912 12845
4913 12844
4914 12442
4915 12441
4916 12440
4917 12439
4918 12438
4919 12437
4920 12436
4921 12435
4922 12434
4923 12433
4924 12432
4925 12431
4926 12430
4927 12429
4928 12428
4929 12427
4930 12426
4931 12425
4932 12424
4933 12423
4934 12422
4935 12421
4936 12420
4937 12419
4938 12418
4939 13239
4940 13238
4941 13237
4942 13236
4943 13235
4944 13234
4945 13233
4946 13232
4947 13231
4948 13230
4949 13229
4950 13228
4951 13227
4952 13226
4953 13225
4954 13224
4955 12087
4956 12086
4957 12085
4958 12084
4959 12083
4960 12082
4961 12081
4962 12080
4963 12984
4964 12983
4965 12982
4966 12981
4967 12980
4968 12979
4969 12978
4970 12977
4971 11997
4972 11996
4973 11995
4974 11994
4975 11993
4976 11992
4977 11991
4978 11990
4979 11989
4980 11988
4981 11987
4982 11986
4983 11985
4984 11984
4985 11983
4986 11982
4987 11981
4988 11980
4989 11979
4990 11978
4991 11977
4992 11976
4993 11975
4994 11974
4995 11973
4996 11972
4997 10788
4998 10787
4999 10786
5000 10785
5001 10784
5002 10783
5003 10782
5004 10781
5005 13131
5006 13130
5007 13129
5008 13128
5009 13127
5010 13126
5011 13125
5012 13124
5013 10647
5014 10646
5015 10645
5016 10644
5017 10643
5018 10642
5019 10641
5020 10640
5021 10639
5022 10638
5023 10637
5024 10636
5025 10635
5026 10634
5027 10633
5028 10632
5029 10579
5030 10578
5031 10577
5032 10576
5033 10575
5034 10574
5035 10573
5036 10572
5037 10571
5038 10570
5039 10569
5040 10568
5041 10567
5042 10566
5043 10565
5044 10564
5045 10563
5046 10562
5047 10561
5048 10560
5049 10559
5050 10558
5051 10557
5052 10556
5053 10555
5054 9201
5055 9200
5056 9199
5057 9198
5058 9197
5059 9196
5060 9195
5061 9194
5062 9193
5063 9192
5064 9191
5065 9190
5066 9189
5067 9188
5068 9187
5069 9186
5070 9358
5071 9357
5072 9356
5073 9355
5074 9354
5075 9353
5076 9352
5077 9351
5078 9286
5079 9285
5080 9284
5081 9283
5082 9282
5083 9281
5084 9280
5085 9279
5086 10337
5087 10336
5088 10335
5089 10334
5090 10333
5091 10332
5092 10331
5093 10330
5094 10329
5095 10328
5096 10327
5097 10326
5098 10325
5099 10324
5100 10323
5101 10322
5102 10321
5103 10320
5104 10319
5105 10318
5106 10317
5107 10316
5108 10315
5109 10314
5110 10313
5111 10312
5112 9621
5113 9620
5114 9619
5115 9618
5116 9617
5117 9616
5118 9615
5119 9614
5120 9093
5121 9092
5122 9091
5123 9090
5124 9089
5125 9088
5126 9087
5127 9086
5128 10021
5129 10020
5130 10019
5131 10018
5132 10017
5133 10016
5134 10015
5135 10014
5136 10013
5137 10012
5138 10011
5139 10010
5140 10009
5141 10008
5142 10007
5143 10006
5144 10005
5145 10004
5146 10003
5147 10002
5148 10001
5149 10000
5150 9999
5151 9998
5152 9997
5153 9996
5154 9995
5155 9994
5156 9993
5157 9992
5158 9991
5159 9990
5160 9989
5161 9988
5162 9935
5163 9934
5164 9933
5165 9932
5166 9931
5167 9930
5168 9929
5169 8767
5170 8766
5171 8765
5172 8764
5173 8763
5174 8762
5175 8761
5176 8760
5177 8759
5178 8758
5179 8757
5180 8756
5181 8755
5182 8754
5183 8753
5184 8752
5185 7469
5186 7468
5187 7467
5188 7466
5189 7465
5190 7464
5191 7463
5192 7462
5193 7599
5194 7598
5195 7597
5196 7596
5197 7595
5198 7594
5199 7593
5200 7592
5201 7591
5202 7590
5203 7589
5204 7588
5205 7587
5206 7586
5207 7585
5208 7584
5209 7583
5210 7582
5211 7581
5212 7580
5213 7579
5214 7578
5215 7577
5216 7576
5217 7575
5218 7574
5219 7573
5220 7572
5221 7571
5222 7570
5223 7569
5224 7568
5225 7567
5226 7566
5227 7890
5228 7889
5229 7888
5230 7887
5231 7886
5232 7885
5233 7884
5234 7883
5235 8659
5236 8658
5237 8657
5238 8656
5239 8655
5240 8654
5241 8653
5242 8652
5243 7017
5244 7016
5245 7015
5246 7014
5247 7013
5248 7012
5249 7011
5250 7010
5251 7009
5252 7008
5253 7007
5254 7006
5255 7005
5256 7004
5257 7003
5258 7002
5259 7001
5260 7000
5261 6999
5262 6998
5263 6997
5264 6996
5265 6995
5266 6994
5267 6993
5268 6992
5269 6991
5270 6990
5271 6989
5272 6988
5273 6987
5274 6986
5275 6985
5276 6984
5277 6899
5278 6898
5279 6897
5280 6896
5281 6895
5282 6894
5283 6893
5284 6892
5285 8128
5286 8127
5287 8126
5288 8125
5289 8124
5290 8123
5291 8122
5292 8121
5293 8120
5294 8119
5295 8118
5296 8117
5297 8116
5298 8115
5299 8114
5300 8113
5301 8301
5302 8300
5303 8299
5304 8298
5305 8297
5306 8296
5307 8295
5308 8294
5309 8071
5310 8070
5311 8069
5314 8232
5315 8231
5316 8230
5317 8229
5318 8228
5319 8227
5320 8226
5321 8225
5322 8224
5323 8223
5324 8222
5325 6730
5326 6729
5327 6728
5328 6727
5329 6726
5330 6725
5331 6724
5332 6723
5333 8136
5334 8135
5335 8134
5336 8133
5337 8132
5338 8131
5339 8130
5340 8129
5341 6891
5342 6890
5343 6889
5344 6888
5345 6887
5346 6886
5347 6885
5348 6884
5349 6883
5350 6882
5351 6881
5352 6880
5353 6879
5354 6878
5355 6877
5356 6876
5357 6875
5358 6874
5359 6873
5360 6872
5361 6871
5362 6870
5363 6869
5364 6868
5365 6867
5366 6866
5367 6865
5368 6864
5369 6863
5370 6862
5371 6861
5372 6860
5373 6859
5374 7025
5375 7024
5376 7023
5377 7022
5378 7021
5379 7020
5380 7019
5381 7018
5382 8651
5383 8650
5384 8649
5385 8648
5386 8647
5387 8646
5388 8645
5389 8644
5390 8643
5391 8642
5392 8641
5393 8640
5394 8639
5395 8638
5396 8637
5397 7639
5398 7638
5399 7637
5400 7636
5401 7635
5402 7634
5403 7633
5404 7632
5405 7429
5406 7428
5407 7427
5408 7426
5409 7425
5410 7424
5411 7423
5412 7422
5413 7421
5414 7420
5415 7419
5416 7418
5417 7417
5418 7416
5419 7415
5420 7414
5421 7413
5422 7412
5423 7411
5424 7410
5425 7409
5426 7408
5427 7407
5428 7406
5429 7405
5430 7404
5431 7403
5432 7402
5433 7401
5434 7400
5435 7399
5436 7398
5437 7397
5438 7396
5439 9767
5440 9766
5441 9765
5442 9764
5443 9763
5444 9762
5445 9761
5446 9760
5447 8775
5448 8774
5449 8773
5450 8772
5451 8771
5452 8770
5453 8769
5454 8768
5455 9928
5456 9927
5457 9926
5458 9925
5459 9924
5460 9923
5461 9922
5462 9921
5463 9920
5464 9919
5465 9918
5466 9917
5467 9916
5468 9915
5469 9914
5470 9913
5471 9912
5472 9911
5473 9910
5474 9909
5475 9908
5476 9907
5477 9906
5478 9905
5479 9904
5480 9903
5481 9902
5482 9901
5483 9900
5484 9899
5485 9898
5486 9897
5487 9896
5488 9895
5489 10029
5490 10028
5491 10027
5492 10026
5493 10025
5494 10024
5495 10023
5496 10022
5497 9085
5498 9084
5499 9083
5500 9082
5501 9081
5502 9080
5503 9079
5504 9078
5505 9077
5506 9076
5507 9075
5508 9074
5509 9073
5510 9072
5511 9071
5512 10363
5513 10362
5514 10361
5515 10360
5516 10359
5517 10358
5518 10357
5519 10356
5520 10355
5521 10354
5522 10353
5523 10352
5524 10351
5525 10350
5526 10349
5527 10348
5528 10347
5529 10346
5530 10345
5531 10344
5532 10343
5533 10342
5534 10341
5535 10340
5536 10339
5537 10338
5538 9278
5539 9277
5540 9276
5541 9275
5542 9274
5543 9273
5544 9272
5545 9271
5546 9270
5547 9269
5548 9268
5549 9267
5550 9266
5551 9265
5552 9264
5553 9263
5554 11051
5555 11050
5556 11049
5557 11048
5558 11047
5559 11046
5560 11045
5561 11044
5562 9209
5563 9208
5564 9207
5565 9206
5566 9205
5567 9204
5568 9203
5569 9202
5570 10554
5571 10553
5572 10552
5573 10551
5574 10550
5575 10549
5576 10548
5577 10547
5578 10546
5579 10545
5580 10544
5581 10543
5582 10542
5583 10541
5584 10540
5585 10539
5586 10538
5587 10537
5588 10733
5589 10732
5590 10731
5591 10730
5592 10729
5593 10728
5594 10727
5595 10726
5596 11252
5597 11251
5598 11250
5599 11249
5600 11248
5601 11247
5602 11246
5603 11245
5604 10655
5605 10654
5606 10653
5607 10652
5608 10651
5609 10650
5610 10649
5611 10648
5612 13123
5613 13122
5614 13121
5615 13120
5616 13119
5617 13118
5618 13117
5619 13116
5620 13115
5621 13114
5622 13113
5623 13112
5624 13111
5625 13110
5626 13109
5627 12023
5628 12022
5629 12021
5630 12020
5631 12019
5632 12018
5633 12017
5634 12016
5635 12015
5636 12014
5637 12013
5638 12012
5639 12011
5640 12010
5641 12009
5642 12008
5643 12007
5644 12006
5645 12005
5646 12004
5647 12003
5648 12002
5649 12001
5650 12000
5651 11999
5652 11998
5653 12976
5654 12975
5655 12974
5656 12973
5657 12972
5658 12971
5659 12970
5660 12969
5661 12968
5662 12967
5663 12966
5664 12965
5665 12964
5666 12963
5667 12962
5668 12610
5669 12609
5670 12608
5671 12607
5672 12606
5673 12605
5674 12604
5675 12603
5676 13247
5677 13246
5678 13245
5679 13244
5680 13243
5681 13242
5682 13241
5683 13240
5684 12417
5685 12416
5686 12415
5687 12414
5688 12413
5689 12412
5690 12411
5691 12410
5692 12409
5693 12408
5694 12407
5695 12406
5696 12405
5697 12404
5698 12403
5699 12402
5700 12401
5701 12400
5702 12399
5703 12398
5704 12397
5705 12396
5706 12395
5707 12394
5708 12393
5709 12392
5710 13297
5711 13296
5712 13295
5713 13294
5714 13293
5715 13292
5716 13291
5717 13290
5718 12867
5719 12866
5720 12865
5721 12864
5722 12863
5723 12862
5724 12861
5725 12860
5726 11456
5727 11455
5728 11454
5729 11453
5730 11452
5731 11451
5732 11450
5733 11449
5734 11448
5735 11447
5736 11446
5737 11445
5738 11444
5739 11443
5740 11442
5741 12297
5742 12296
5743 12295
5744 12294
5745 12293
5746 12292
5747 12291
5748 12290
5749 12289
5750 12288
5751 12287
5754 12308
5755 12307
5756 12306
5757 12305
5758 12304
5759 12303
5760 12302
5761 12301
5762 12300
5763 12299
5764 12298
5765 11441
5766 11440
5767 11439
5768 11438
5769 11437
5770 11436
5771 11435
5772 11434
5773 11536
5774 11535
5775 11534
5776 11533
5777 11532
5778 11531
5779 11530
5780 11529
5781 13313
5782 13312
5783 13311
5784 13310
5785 13309
5786 13308
5787 13307
5788 13306
5789 13305
5790 13304
5791 13303
5792 13302
5793 13301
5794 13300
5795 13299
5796 13298
5797 12391
5798 12390
5799 12389
5800 12388
5801 12387
5802 12386
5803 12385
5804 12384
5805 12383
5806 12382
5807 12381
5808 12380
5809 12379
5810 12378
5811 12377
5812 12376
5813 12375
5814 12374
5815 12373
5816 12372
5817 12371
5818 12370
5819 12369
5820 12368
5821 12367
5822 12626
5823 12625
5824 12624
5825 12623
5826 12622
5827 12621
5828 12620
5829 12619
5830 12618
5831 12617
5832 12616
5833 12615
5834 12614
5835 12613
5836 12612
5837 12611
5838 12961
5839 12960
5840 12959
5841 12958
5842 12957
5843 12956
5844 12955
5845 12954
5846 11756
5847 11755
5848 11754
5849 11753
5850 11752
5851 11751
5852 11750
5853 11749
5854 11800
5855 11799
5856 11798
5857 11797
5858 11796
5859 11795
5860 11794
5861 11793
5862 11792
5863 12040
5864 12039
5865 12038
5866 12037
5867 12036
5868 12035
5869 12034
5870 12033
5871 12032
5872 12031
5873 12030
5874 12029
5875 12028
5876 12027
5877 12026
5878 12025
5879 12024
5880 13108
5881 13107
5882 13106
5883 13105
5884 13104
5885 13103
5886 13102
5887 13101
5888 11849
5889 11848
5890 11847
5891 11846
5892 11845
5893 11844
5894 11843
5895 11842
5896 11268
5897 11267
5898 11266
5899 11265
5900 11264
5901 11263
5902 11262
5903 11261
5904 11260
5905 11259
5906 11258
5907 11257
5908 11256
5909 11255
5910 11254
5911 11253
5912 10725
5913 10724
5914 10723
5915 10722
5916 10721
5917 10720
5918 10719
5919 10718
5920 10717
5921 10716
5922 10715
5923 10714
5924 10713
5925 10712
5926 10711
5927 10710
5928 10709
5929 10708
5930 10707
5931 10706
5932 10705
5933 10704
5934 10703
5935 10702
5936 10701
5937 11067
5938 11066
5939 11065
5940 11064
5941 11063
5942 11062
5943 11061
5944 11060
5945 11059
5946 11058
5947 11057
5948 11056
5949 11055
5950 11054
5951 11053
5952 11052
5953 9540
5954 9539
5955 9538
5956 9537
5957 9536
5958 9535
5959 9534
5960 9533
5961 10404
5962 10403
5963 10402
5964 10401
5965 10400
5966 10399
5967 10398
5968 10397
5969 10389
5970 10388
5971 10387
5972 10386
5973 10385
5974 10384
5975 10383
5976 10382
5977 10381
5978 10380
5979 10379
5980 10378
5981 10377
5982 10376
5983 10375
5984 10374
5985 10373
5986 10372
5987 10371
5988 10370
5989 10369
5990 10368
5991 10367
5992 10366
5993 10365
5994 10364
5995 9070
5996 9069
5997 9068
5998 9067
5999 9066
6000 9065
6001 9064
6002 9063
6003 9582
6004 9581
6005 9580
6006 9579
6007 9578
6008 9577
6009 9576
6010 9575
6011 10095
6012 10094
6013 10093
6014 10092
6015 10091
6016 10090
6017 10089
6018 10088
6019 10087
6020 10086
6021 10085
6022 10084
6023 10083
6024 10082
6025 10081
6026 10080
6027 10079
6028 10078
6029 10077
6030 10076
6031 10075
6032 10074
6033 10073
6034 10072
6035 10071
6036 10070
6037 10069
6038 10068
6039 10067
6040 10066
6041 10065
6042 10064
6043 10063
6044 10062
6045 9863
6046 9862
6047 9861
6048 9860
6049 9859
6050 9858
6051 9857
6052 9783
6053 9782
6054 9781
6055 9780
6056 9779
6057 9778
6058 9777
6059 9776
6060 9775
6061 9774
6062 9773
6063 9772
6064 9771
6065 9770
6066 9769
6067 9768
6068 7395
6069 7394
6070 7393
6071 7392
6072 7391
6073 7390
6074 7389
6075 7388
6076 7673
6077 7672
6078 7671
6079 7670
6080 7669
6081 7668
6082 7667
6083 7666
6084 7665
6085 7664
6086 7663
6087 7662
6088 7661
6089 7660
6090 7659
6091 7658
6092 7657
6093 7656
6094 7655
6095 7654
6096 7653
6097 7652
6098 7651
6099 7650
6100 7649
6101 7648
6102 7647
6103 7646
6104 7645
6105 7644
6106 7643
6107 7642
6108 7641
6109 7640
6110 8636
6111 8635
6112 8634
6113 8633
6114 8632
6115 8631
6116 8630
6117 8629
6118 7736
6119 7735
6120 7734
6121 7733
6122 7732
6123 7731
6124 7730
6125 7729
6126 7811
6127 7810
6128 7809
6129 7808
6130 7807
6131 7806
6132 7805
6133 7804
6134 7803
6135 7802
6136 7801
6137 7800
6138 7799
6139 7798
6140 7797
6141 7796
6142 7795
6143 7794
6144 7793
6145 7792
6146 7791
6147 7790
6148 7789
6149 7788
6150 7787
6151 7786
6152 7785
6153 7784
6154 7783
6155 7782
6156 7781
6157 7780
6158 7779
6159 7778
6160 6827
6161 6826
6162 6825
6163 6824
6164 6823
6165 6822
6166 6821
6167 6820
6168 6746
6169 6745
6170 6744
6171 6743
6172 6742
6173 6741
6174 6740
6175 6739
6176 6738
6177 6737
6178 6736
6179 6735
6180 6734
6181 6733
6182 6732
6183 6731
6184 8221
6185 8220
6186 8219
6187 8218
6188 8217
6189 8216
6190 8215
6191 8214
6192 8235
6193 8234
6194 8233
6197 8463
6198 8462
6199 8461
6200 8460
6201 8459
6202 8458
6203 8457
6204 8456
6205 8455
6206 8454
6207 8453
6208 8452
6209 8451
6210 8450
6211 8449
6212 8448
6213 8447
6214 8446
6215 8445
6216 6754
6217 6753
6218 6752
6219 6751
6220 6750
6221 6749
6222 6748
6223 6747
6224 6819
6225 6818
6226 6817
6227 6816
6228 6815
6229 6814
6230 6813
6231 6812
6232 6811
6233 6810
6234 6809
6235 6808
6236 6807
6237 6806
6238 6805
6239 6804
6240 6803
6241 6802
6242 6801
6243 6800
6244 6799
6245 6798
6246 6797
6247 6796
6248 6795
6249 6794
6250 6793
6251 6792
6252 6791
6253 6790
6254 6789
6255 6788
6256 6787
6257 7819
6258 7818
6259 7817
6260 7816
6261 7815
6262 7814
6263 7813
6264 7812
6265 7728
6266 7727
6267 7726
6268 7725
6269 7724
6270 7723
6271 7722
6272 7721
6273 7720
6274 7719
6275 7718
6276 7717
6277 7716
6278 7715
6279 7714
6280 7713
6281 7712
6282 7711
6283 7710
6284 7709
6285 7708
6286 7707
6287 7706
6288 7355
6289 7354
6290 7353
6291 7352
6292 7351
6293 7350
6294 7349
6295 7348
6296 7347
6297 7346
6298 7345
6299 7344
6300 7343
6301 7342
6302 7341
6303 7340
6304 7339
6305 7338
6306 7337
6307 7336
6308 7335
6309 7334
6310 7333
6311 7332
6312 7331
6313 7330
6314 7329
6315 7328
6316 7327
6317 7326
6318 7325
6319 7324
6320 7323
6321 7322
6322 7321
6323 7320
6324 7319
6325 7318
6326 7317
6327 7316
6328 7315
6329 7314
6330 9791
6331 9790
6332 9789
6333 9788
6334 9787
6335 9786
6336 9785
6337 9784
6338 9856
6339 9855
6340 9854
6341 9853
6342 9852
6343 9851
6344 9850
6345 9849
6346 9848
6347 9847
6348 9846
6349 9845
6350 9844
6351 9843
6352 9842
6353 9841
6354 9840
6355 9839
6356 9838
6357 9837
6358 9836
6359 9835
6360 9834
6361 9833
6362 9832
6363 9831
6364 9830
6365 9829
6366 9828
6367 9827
6368 9826
6369 9825
6370 9824
6371 9823
6372 10103
6373 10102
6374 10101
6375 10100
6376 10099
6377 10098
6378 10097
6379 10096
6380 9574
6381 9573
6382 9572
6383 9571
6384 9570
6385 9569
6386 9568
6387 9567
6388 9566
6389 9565
6390 9564
6391 9563
6392 9562
6393 9561
6394 9560
6395 9559
6396 9558
6397 9557
6398 9556
6399 9555
6400 9554
6401 9553
6402 9552
6403 9551
6404 9550
6405 9549
6406 9548
6407 9547
6408 9546
6409 9545
6410 9544
6411 9543
6412 9542
6413 9541
6414 10396
6415 10395
6416 10394
6417 10393
6418 10392
6419 10391
6420 10390
6421 10536
6422 10535
6423 10534
6424 10533
6425 10532
6426 10531
6427 10530
6428 10529
6429 10528
6430 10527
6431 10526
6432 10525
6433 10524
6434 10523
6435 10522
6436 10521
6437 10520
6438 10519
6439 10518
6440 10517
6441 10516
6442 10515
6443 10514
6444 10513
6445 11075
6446 11074
6447 11073
6448 11072
6449 11071
6450 11070
6451 11069
6452 11068
6453 10700
6454 10699
6455 10698
6456 10697
6457 10696
6458 10695
6459 10694
6460 10693
6461 10692
6462 10691
6463 10690
6464 10689
6465 10688
6466 10687
6467 10686
6468 10685
6469 10684
6470 10683
6471 11165
6472 11164
6473 11163
6474 11162
6475 11161
6476 11160
6477 11159
6478 11158
6479 11157
6480 11156
6481 11155
6482 11154
6483 11153
6484 11152
6485 11151
6486 11150
6487 11276
6488 11275
6489 11274
6490 11273
6491 11272
6492 11271
6493 11270
6494 11269
6495 11841
6496 11840
6497 11839
6498 11838
6499 11837
6500 11836
6501 11835
6502 11834
6503 11833
6504 11832
6505 11831
6506 11830
6507 11829
6508 11828
6509 11827
6510 11826
6511 11825
6512 11824
6513 11823
6514 11822
6515 11821
6516 11820
6517 11819
6518 11818
6519 11817
6520 11816
6521 11815
6522 11814
6523 11813
6524 11812
6525 11811
6526 11810
6527 11809
6528 11808
6529 11807
6530 11806
6531 11805
6532 11804
6533 11803
6534 11802
6535 11801
6536 11748
6537 11747
6538 11746
6539 11745
6540 11744
6541 11743
6542 11742
6543 11741
6544 11740
6545 11739
6546 11738
6547 11737
6548 11736
6549 11735
6550 11734
6551 11733
6552 11732
6553 11731
6554 11730
6555 11729
6556 11728
6557 11727
6558 11726
6559 12634
6560 12633
6561 12632
6562 12631
6563 12630
6564 12629
6565 12628
6566 12627
6567 12366
6568 12365
6569 12364
6570 12363
6571 12362
6572 12361
6573 12360
6574 12359
6575 12358
6576 12357
6577 12356
6578 12355
6579 12354
6580 12353
6581 12352
6582 12351
6583 12683
6584 12682
6585 12681
6586 12680
6587 12679
6588 12678
6589 12677
6590 12676
6591 12675
6592 12674
6593 12673
6594 12672
6595 12671
6596 12670
6597 12669
6598 12668
6599 12667
6600 12666
6601 13321
6602 13320
6603 13319
6604 13318
6605 13317
6606 13316
6607 13315
6608 13314
6609 11528
6610 11527
6611 11526
6612 11525
6613 11524
6614 11523
6615 11522
6616 11521
6617 11520
6618 11519
6619 11518
6620 11517
6621 11516
6622 11515
6623 11514
6624 11513
6625 11512
6626 11511
6627 11510
6628 11509
6629 11508
6630 11507
6631 11506
6632 11505
6633 11504
6634 11503
6637 11401
6638 11400
6639 11399
6640 11398
6641 11397
6642 11396
6643 11395
6644 11394
6645 11393
6646 11392
6647 11391
6648 11390
6649 11389
6650 11425
6651 11424
6652 11423
6653 11422
6654 11421
6655 11420
6656 11419
6657 11418
6658 13337
6659 13336
6660 13335
6661 13334
6662 13333
6663 13332
6664 13331
6665 13330
6666 13329
6667 13328
6668 13327
6669 13326
6670 13325
6671 13324
6672 13323
6673 13322
6674 12665
6675 12664
6676 12663
6677 12662
6678 12661
6679 12660
6680 12659
6681 12658
6682 12657
6683 12656
6684 12655
6685 12654
6686 12653
