2 12932
3 12931
4 12930
5 12929
6 12928
7 12927
8 12926
9 12925
10 12924
11 12923
12 12922
13 12921
14 12920
15 12919
16 12918
17 12917
18 12916
19 12915
20 12712
21 12711
22 12710
23 12709
24 12708
25 12707
26 12706
27 12705
28 12428
29 12427
30 12426
31 12425
32 12424
33 12423
34 12422
35 12421
36 12807
37 12806
38 12805
39 12804
40 12803
41 12802
42 12801
43 12800
44 12799
45 12798
46 12797
47 12796
52 12079
53 12078
54 12077
55 12076
56 12075
57 12074
58 12073
59 12072
60 12071
61 12070
62 12069
63 12068
64 11474
65 11473
66 11472
67 11471
68 11470
69 11469
70 11468
71 11467
72 11332
73 11331
74 11330
75 11329
76 11328
77 11327
78 11326
79 11325
80 11324
81 11323
82 11322
83 11321
84 11320
85 11319
86 11318
87 11317
88 12090
89 12089
90 12088
91 12087
92 12086
93 12085
94 12084
95 12083
96 12082
97 12081
98 12080
103 11267
104 11266
105 11265
106 11264
107 11263
108 11262
109 11261
110 11260
111 11259
112 11258
113 11257
114 11256
115 11255
116 11254
117 11253
118 11252
119 11251
120 11250
121 11249
122 11248
123 11148
124 11147
125 11146
126 11145
127 11144
128 11143
129 11142
130 11141
131 10889
132 10888
133 10887
134 10886
135 10885
136 10884
137 10883
138 10882
139 11007
140 11006
141 11005
142 11004
143 11003
144 11002
145 11001
146 11000
147 10999
148 10998
153 10418
154 10417
155 10416
156 10415
157 10414
158 10413
159 10412
160 10411
161 10410
162 10409
163 10408
164 10407
165 10406
166 10405
167 9923
168 9922
169 9921
170 9920
171 9919
172 9918
173 9917
174 9916
175 9794
176 9793
177 9792
178 9791
179 9790
180 9789
181 9788
182 9787
183 9786
184 9785
185 9784
186 9783
187 9782
188 9781
189 9780
190 9779
191 10427
192 10426
193 10425
194 10424
195 10423
196 10422
197 10421
198 10420
199 10419
204 9602
205 9601
206 9600
207 9599
208 9598
209 9597
210 9596
211 9595
212 9594
213 9593
214 9592
215 9591
216 9590
217 9589
218 9588
219 9587
220 9586
221 9585
222 9584
223 9583
224 9582
225 9581
226 9432
227 9431
228 9430
229 9429
230 9428
231 9427
232 9426
233 9425
234 9127
235 9126
236 9125
237 9124
238 9123
239 9122
240 9121
241 9120
242 9119
243 9118
244 9117
245 9116
246 9115
247 9114
248 9113
249 9112
254 8765
255 8764
256 8763
257 8762
258 8761
259 8760
260 8759
261 8758
262 8237
263 8236
264 8235
265 8234
266 8233
267 8232
268 8231
269 8230
270 7981
271 7980
272 7979
273 7978
274 7977
275 7976
276 7975
277 7974
278 8113
279 8112
280 8111
281 8110
282 8109
283 8108
284 8107
285 8106
286 8105
287 8104
288 8103
289 8102
290 8101
291 8100
292 8099
293 8098
294 8736
295 8735
296 8734
297 8733
298 8732
299 8731
300 8730
305 7928
306 7927
307 7926
308 7925
309 7924
310 7923
311 7922
312 7921
313 7920
314 7919
315 7918
316 7917
317 7916
318 7915
319 7914
320 7913
321 7912
322 7911
323 7910
324 7909
325 7908
326 7907
327 7906
328 7905
329 7904
330 7828
331 7827
332 7826
333 7825
334 7824
335 7823
336 7822
337 7821
338 7703
339 7702
340 7701
341 7700
342 7699
343 7698
344 7697
345 7696
346 7695
347 7694
348 7693
349 7692
350 7691
351 7690
352 7689
353 7688
354 7687
357 7686
358 7685
359 7684
360 7683
361 7682
362 7681
363 7680
364 7679
365 7678
366 7677
367 7676
368 7675
369 7674
370 7673
371 7672
372 7671
373 7670
374 7669
375 7668
376 7667
377 7666
378 7665
379 7664
380 7663
381 7662
382 7661
383 7660
384 7659
385 7658
386 7657
387 7743
388 7742
389 7741
390 7740
391 7739
392 7738
393 7737
394 7736
395 7735
396 7734
397 7733
398 7732
399 7731
404 8729
405 8728
406 8727
407 8726
408 8725
409 8724
410 8723
411 8722
412 8721
413 8720
414 8719
415 8718
416 8120
417 8119
418 8118
419 8117
420 8116
421 8115
422 8114
423 7973
424 7972
425 7971
426 7970
427 7969
428 7968
429 7967
430 7966
431 7965
432 7964
433 7963
434 7962
435 7961
436 7960
437 7959
438 7958
439 7957
440 7956
441 7955
442 7954
443 7953
448 9284
449 9283
450 9282
451 9281
452 9280
453 9279
454 9278
455 9277
456 9276
457 9275
458 9274
459 9273
460 9272
461 9271
462 9270
463 9269
464 9268
465 9267
466 9266
467 9265
468 9264
469 9263
470 9262
471 9261
472 9260
473 9259
474 9258
475 9257
476 9256
477 9296
478 9295
479 9294
480 9293
481 9292
482 9291
483 9290
484 9289
485 9288
486 9287
487 9286
488 9285
493 10390
494 10389
495 10388
496 10387
497 10386
498 10385
499 10384
500 10383
501 10382
502 10381
503 10380
504 10379
505 10378
506 10377
507 9801
508 9800
509 9799
510 9798
511 9797
512 9796
513 9795
514 9915
515 9914
516 9913
517 9912
518 9911
519 9910
520 9909
521 9908
522 9907
523 9906
524 9905
525 9904
526 9903
527 9902
528 9901
529 9900
530 9899
531 9898
532 9897
537 11013
538 11012
539 11011
540 11010
541 11009
542 11008
543 10881
544 10880
545 10879
546 10878
547 10877
548 10876
549 10875
550 10874
551 10873
552 10872
553 10871
554 10870
555 10869
556 10868
557 10867
558 10866
559 10865
560 10864
561 10863
562 10862
563 10861
564 10860
565 10859
566 10858
567 10935
568 10934
569 10933
570 10932
571 10931
572 10930
573 10929
574 10928
575 10927
576 10926
581 12055
582 12054
583 12053
584 12052
585 12051
586 12050
587 12049
588 12048
589 12047
590 12046
591 12045
592 12044
593 12043
594 12042
595 12041
596 12040
597 11339
598 11338
599 11337
600 11336
601 11335
602 11334
603 11333
604 11466
605 11465
606 11464
607 11463
608 11462
609 11461
610 11460
611 11459
612 11458
613 11457
614 11456
615 11455
616 11454
617 11453
618 11452
619 11451
620 11450
625 12815
626 12814
627 12813
628 12812
629 12811
630 12810
631 12809
632 12808
633 12420
634 12419
635 12418
636 12417
637 12416
638 12415
639 12414
640 12413
641 12412
642 12411
643 12410
644 12409
645 12408
646 12407
647 12406
648 12405
649 12404
650 12403
651 12402
652 12401
653 12400
654 12399
655 12398
656 12397
657 12568
658 12567
659 12566
660 12565
661 12564
662 12563
663 12562
664 12561
669 13718
670 13717
671 13716
672 13715
673 13714
674 13713
675 13712
676 13711
677 13710
678 13709
679 13708
680 13707
681 13706
682 13705
683 13704
684 13703
685 13702
686 13701
687 13424
688 13423
689 13422
690 13421
691 13420
692 13419
693 13418
694 13059
695 13058
696 13057
697 13056
698 13055
699 13054
700 13053
701 13052
702 13051
703 13050
704 13049
705 13048
706 13047
707 13046
708 13045
709 13044
710 13043
711 13042
714 13570
715 13569
716 13568
717 13567
718 13566
719 13440
720 13439
721 13438
722 13437
723 13436
724 13435
725 13434
726 13433
727 13432
728 13431
729 13430
730 13429
731 13428
732 13427
733 13426
734 13425
735 13700
736 13699
737 13698
738 13697
739 13696
740 13695
741 13694
742 13693
743 13618
744 13617
745 13616
746 13615
747 13614
748 13613
749 13612
750 13611
751 13610
752 13609
757 12575
758 12574
759 12573
760 12572
761 12571
762 12570
763 12569
764 12396
765 12395
766 12394
767 12393
768 12392
769 12391
770 12390
771 12389
772 12696
773 12695
774 12694
775 12693
776 12692
777 12691
778 12690
779 12689
780 12136
781 12135
782 12134
783 12133
784 12132
785 12131
786 12130
787 12129
788 12128
789 12127
790 12126
791 12125
792 12124
793 12123
794 12122
795 12121
796 12120
801 11911
802 11910
803 11909
804 11908
805 11907
806 11906
807 11905
808 11904
809 11903
810 11355
811 11354
812 11353
813 11352
814 11351
815 11350
816 11349
817 11348
818 11347
819 11346
820 11345
821 11344
822 11343
823 11342
824 11341
825 11340
826 12039
827 12038
828 12037
829 12036
830 12035
831 12034
832 12033
833 12032
834 11974
835 11973
836 11972
837 11971
838 11970
839 11969
840 11968
841 11967
846 10944
847 10943
848 10942
849 10941
850 10940
851 10939
852 10938
853 10937
854 10936
855 10857
856 10856
857 10855
858 10854
859 10853
860 10852
861 10851
862 10850
863 11132
864 11131
865 11130
866 11129
867 11128
868 11127
869 11126
870 11125
871 11191
872 11190
873 11189
874 11188
875 11187
876 11186
877 11185
878 11184
879 11183
880 11182
881 11181
882 11180
883 11179
884 11178
885 11177
890 10254
891 10253
892 10252
893 10251
894 10250
895 10249
896 10248
897 10247
898 10246
899 10245
900 10244
901 9817
902 9816
903 9815
904 9814
905 9813
906 9812
907 9811
908 9810
909 9809
910 9808
911 9807
912 9806
913 9805
914 9804
915 9803
916 9802
917 10376
918 10375
919 10374
920 10373
921 10372
922 10371
923 10370
924 10369
925 10368
926 10367
927 10366
928 10365
929 10364
930 10363
935 9307
936 9306
937 9305
938 9304
939 9303
940 9302
941 9301
942 9300
943 9299
944 9298
945 9297
946 9255
947 9254
948 9253
949 9252
950 9251
951 9250
952 9249
953 9248
954 9416
955 9415
956 9414
957 9413
958 9412
959 9411
960 9410
961 9409
962 9051
963 9050
964 9049
965 9048
966 9047
967 9046
968 9045
969 9044
970 9043
971 9042
972 9041
973 9040
974 9039
979 8569
980 8568
981 8567
982 8566
983 8565
984 8564
985 8563
986 8562
987 8561
988 8560
989 8559
990 8558
991 8557
992 8136
993 8135
994 8134
995 8133
996 8132
997 8131
998 8130
999 8129
1000 8128
1001 8127
1002 8126
1003 8125
1004 8124
1005 8123
1006 8122
1007 8121
1008 8717
1009 8716
1010 8715
1011 8714
1012 8713
1013 8712
1014 8711
1015 8710
1016 8709
1017 8708
1018 8707
1019 8706
1024 7757
1025 7756
1026 7755
1027 7754
1028 7753
1029 7752
1030 7751
1031 7750
1032 7749
1033 7748
1034 7747
1035 7746
1036 7745
1037 7744
1038 7656
1039 7655
1040 7654
1041 7653
1042 7652
1043 7651
1044 7650
1045 7649
1046 7812
1047 7811
1048 7810
1049 7809
1050 7808
1051 7807
1052 7806
1053 7805
1054 7804
1055 7803
1056 7802
1057 7801
1058 7800
1059 7799
1060 7798
1061 7797
1062 7796
1063 7795
1064 7794
1065 7793
1066 7792
1067 7791
1070 7790
1071 7789
1072 7788
1073 7787
1074 7786
1075 7785
1076 7784
1077 7783
1078 7782
1079 7711
1080 7710
1081 7709
1082 7708
1083 7707
1084 7706
1085 7705
1086 7704
1087 7820
1088 7819
1089 7818
1090 7817
1091 7816
1092 7815
1093 7814
1094 7813
1095 7648
1096 7647
1097 7646
1098 7645
1099 7644
1100 7643
1101 7642
1102 7641
1103 7533
1104 7532
1105 7531
1106 7530
1107 7529
1108 7528
1109 7527
1110 7766
1111 7765
1112 7764
1113 7763
1114 7762
1115 7761
1116 7760
1117 7759
1118 7758
1123 8635
1124 8634
1125 8633
1126 8632
1127 8631
1128 8630
1129 8629
1130 8628
1131 8627
1132 8626
1133 8625
1134 8624
1135 8623
1136 8622
1137 8621
1138 8275
1139 8274
1140 8273
1141 8272
1142 8271
1143 8270
1144 8269
1145 7989
1146 7988
1147 7987
1148 7986
1149 7985
1150 7984
1151 7983
1152 7982
1153 8229
1154 8228
1155 8227
1156 8226
1157 8225
1158 8224
1159 8223
1160 8222
1161 8221
1162 8220
1163 8219
1164 8218
1165 8217
1166 8216
1167 8215
1168 8214
1173 9326
1174 9325
1175 9324
1176 9323
1177 9322
1178 9321
1179 9320
1180 9319
1181 9135
1182 9134
1183 9133
1184 9132
1185 9131
1186 9130
1187 9129
1188 9128
1189 9424
1190 9423
1191 9422
1192 9421
1193 9420
1194 9419
1195 9418
1196 9417
1197 9247
1198 9246
1199 9245
1200 9244
1201 9243
1202 9242
1203 9241
1204 9240
1205 9097
1206 9096
1207 9095
1208 9094
1209 9093
1210 9092
1211 9091
1212 9090
1213 9333
1214 9332
1215 9331
1216 9330
1217 9329
1218 9328
1219 9327
1224 10328
1225 10327
1226 10326
1227 10325
1228 10324
1229 10323
1230 10322
1231 10321
1232 10320
1233 10319
1234 10318
1235 10317
1236 10316
1237 10315
1238 10314
1239 10313
1240 10312
1241 9677
1242 9676
1243 9675
1244 9674
1245 9673
1246 9672
1247 9671
1248 9931
1249 9930
1250 9929
1251 9928
1252 9927
1253 9926
1254 9925
1255 9924
1256 10404
1257 10403
1258 10402
1259 10401
1260 10400
1261 10399
1262 10398
1263 10397
1264 10396
1265 10395
1266 10394
1267 10393
1268 10392
1269 10391
1274 10966
1275 10965
1276 10964
1277 10963
1278 10962
1279 10961
1280 10960
1281 10959
1282 10958
1283 10897
1284 10896
1285 10895
1286 10894
1287 10893
1288 10892
1289 10891
1290 10890
1291 11140
1292 11139
1293 11138
1294 11137
1295 11136
1296 11135
1297 11134
1298 11133
1299 10849
1300 10848
1301 10847
1302 10846
1303 10845
1304 10844
1305 10843
1306 10842
1307 10750
1308 10749
1309 10748
1310 10747
1311 10746
1312 10745
1313 10744
1314 10743
1315 10742
1316 10741
1317 10740
1318 10739
1319 10738
1324 11985
1325 11984
1326 11983
1327 11982
1328 11981
1329 11980
1330 11979
1331 11978
1332 11977
1333 11976
1334 11975
1335 12031
1336 12030
1337 12029
1338 12028
1339 12027
1340 12026
1341 12025
1342 12024
1343 11605
1344 11604
1345 11603
1346 11602
1347 11601
1348 11600
1349 11599
1350 11482
1351 11481
1352 11480
1353 11479
1354 11478
1355 11477
1356 11476
1357 11475
1358 12067
1359 12066
1360 12065
1361 12064
1362 12063
1363 12062
1364 12061
1365 12060
1366 12059
1367 12058
1368 12057
1369 12056
1374 12754
1375 12753
1376 12752
1377 12751
1378 12750
1379 12749
1380 12748
1381 12747
1382 12746
1383 12745
1384 12744
1385 12436
1386 12435
1387 12434
1388 12433
1389 12432
1390 12431
1391 12430
1392 12429
1393 12704
1394 12703
1395 12702
1396 12701
1397 12700
1398 12699
1399 12698
1400 12697
1401 12388
1402 12387
1403 12386
1404 12385
1405 12384
1406 12383
1407 12382
1408 12381
1409 12550
1410 12549
1411 12548
1412 12547
1413 12546
1414 12545
1415 12544
1416 12543
1417 12542
1418 12541
1419 12540
1424 13631
1425 13630
1426 13629
1427 13628
1428 13627
1429 13626
1430 13625
1431 13624
1432 13623
1433 13622
1434 13621
1435 13620
1436 13619
1437 13692
1438 13691
1439 13690
1440 13689
1441 13688
1442 13687
1443 13686
1444 13685
1445 13201
1446 13200
1447 13199
1448 13198
1449 13197
1450 13196
1451 13195
1452 13075
1453 13074
1454 13073
1455 13072
1456 13071
1457 13070
1458 13069
1459 13068
1462 13456
1463 13455
1464 13454
1465 13453
1466 13452
1467 13451
1468 13450
1469 13449
1470 13209
1471 13208
1472 13207
1473 13206
1474 13205
1475 13204
1476 13203
1477 13202
1478 13684
1479 13683
1480 13682
1481 13681
1482 13680
1483 13679
1484 13678
1485 13677
1486 13369
1487 13368
1488 13367
1489 13366
1490 13365
1491 13364
1492 13363
1493 13362
1494 13361
1495 13360
1496 13359
1497 13358
1498 13357
1503 12560
1504 12559
1505 12558
1506 12557
1507 12556
1508 12555
1509 12554
1510 12553
1511 12552
1512 12551
1513 12380
1514 12379
1515 12378
1516 12377
1517 12376
1518 12375
1519 12374
1520 12373
1521 12882
1522 12881
1523 12880
1524 12879
1525 12878
1526 12877
1527 12876
1528 12875
1529 12152
1530 12151
1531 12150
1532 12149
1533 12148
1534 12147
1535 12146
1536 12145
1537 12531
1538 12530
1539 12529
1540 12528
1541 12527
1542 12526
1543 12525
1544 12524
1545 12523
1546 12522
1547 12521
1548 12520
1553 11893
1554 11892
1555 11891
1556 11890
1557 11889
1558 11888
1559 11887
1560 11886
1561 11885
1562 11884
1563 11883
1564 11882
1565 11371
1566 11370
1567 11369
1568 11368
1569 11367
1570 11366
1571 11365
1572 11364
1573 11613
1574 11612
1575 11611
1576 11610
1577 11609
1578 11608
1579 11607
1580 11606
1581 12023
1582 12022
1583 12021
1584 12020
1585 12019
1586 12018
1587 12017
1588 12016
1589 11922
1590 11921
1591 11920
1592 11919
1593 11918
1594 11917
1595 11916
1596 11915
1597 11914
1598 11913
1599 11912
1604 10762
1605 10761
1606 10760
1607 10759
1608 10758
1609 10757
1610 10756
1611 10755
1612 10754
1613 10753
1614 10752
1615 10751
1616 10841
1617 10840
1618 10839
1619 10838
1620 10837
1621 10836
1622 10835
1623 10834
1624 11215
1625 11214
1626 11213
1627 11212
1628 11211
1629 11210
1630 11209
1631 11208
1632 11207
1633 11206
1634 11205
1635 11204
1636 11203
1637 11202
1638 11201
1639 11200
1640 10731
1641 10730
1642 10729
1643 10728
1644 10727
1645 10726
1646 10725
1647 10724
1648 10723
1649 10722
1654 10232
1655 10231
1656 10230
1657 10229
1658 10228
1659 10227
1660 10226
1661 10225
1662 10224
1663 10223
1664 10222
1665 10221
1666 10220
1667 10219
1668 9833
1669 9832
1670 9831
1671 9830
1672 9829
1673 9828
1674 9827
1675 9826
1676 9685
1677 9684
1678 9683
1679 9682
1680 9681
1681 9680
1682 9679
1683 9678
1684 10311
1685 10310
1686 10309
1687 10308
1688 10307
1689 10306
1690 10305
1691 10304
1692 10263
1693 10262
1694 10261
1695 10260
1696 10259
1697 10258
1698 10257
1699 10256
1700 10255
1705 9111
1706 9110
1707 9109
1708 9108
1709 9107
1710 9106
1711 9105
1712 9104
1713 9103
1714 9102
1715 9101
1716 9100
1717 9099
1718 9098
1719 9239
1720 9238
1721 9237
1722 9236
1723 9235
1724 9234
1725 9233
1726 9232
1727 9548
1728 9547
1729 9546
1730 9545
1731 9544
1732 9543
1733 9542
1734 9541
1735 8944
1736 8943
1737 8942
1738 8941
1739 8940
1740 8939
1741 8938
1742 8937
1743 8936
1744 8935
1745 8934
1746 8933
1747 8932
1748 8931
1749 8930
1750 8929
1755 8654
1756 8653
1757 8652
1758 8651
1759 8650
1760 8649
1761 8648
1762 8647
1763 8678
1764 8677
1765 8676
1766 8675
1767 8674
1768 8673
1769 8672
1770 8671
1771 8152
1772 8151
1773 8150
1774 8149
1775 8148
1776 8147
1777 8146
1778 8145
1779 8283
1780 8282
1781 8281
1782 8280
1783 8279
1784 8278
1785 8277
1786 8276
1787 8620
1788 8619
1789 8618
1790 8617
1791 8616
1792 8615
1793 8614
1794 8613
1795 8576
1796 8575
1797 8574
1798 8573
1799 8572
1800 8571
1801 8570
1806 7550
1807 7549
1808 7548
1809 7547
1810 7546
1811 7545
1812 7544
1813 7543
1814 7542
1815 7541
1816 7540
1817 7539
1818 7538
1819 7537
1820 7536
1821 7535
1822 7534
1823 7640
1824 7639
1825 7638
1826 7637
1827 7636
1828 7635
1829 7634
1830 7633
1831 7871
1832 7870
1833 7869
1834 7868
1835 7867
1836 7866
1837 7865
1838 7864
1839 7473
1840 7472
1841 7471
1842 7470
1843 7469
1846 7441
1847 7440
1848 7439
1849 7438
1850 7437
1851 7436
1852 7435
1853 7434
1854 7433
1855 7432
1856 7431
1857 7430
1858 7429
1859 7428
1860 7427
1861 7426
1862 7454
1863 7453
1864 7452
1865 7451
1866 7450
1867 7449
1868 7448
1869 7447
1870 7446
1871 7445
1872 7444
1873 7443
1874 7442
1879 8543
1880 8542
1881 8541
1882 8540
1883 8539
1884 8538
1885 8537
1886 8536
1887 8535
1888 8534
1889 8533
1890 8532
1891 8290
1892 8289
1893 8288
1894 8287
1895 8286
1896 8285
1897 8284
1898 8144
1899 8143
1900 8142
1901 8141
1902 8140
1903 8139
1904 8138
1905 8137
1906 8556
1907 8555
1908 8554
1909 8553
1910 8552
1911 8551
1912 8550
1913 8549
1914 8548
1915 8547
1916 8546
1917 8545
1918 8544
1923 9064
1924 9063
1925 9062
1926 9061
1927 9060
1928 9059
1929 9058
1930 9057
1931 9056
1932 9055
1933 9054
1934 9053
1935 9052
1936 9408
1937 9407
1938 9406
1939 9405
1940 9404
1941 9403
1942 9402
1943 9401
1944 9400
1945 9399
1946 9398
1947 9397
1948 9396
1949 9395
1950 9394
1951 9393
1952 8991
1953 8990
1954 8989
1955 8988
1956 8987
1957 8986
1958 8985
1959 8984
1960 8983
1961 8982
1962 8981
1963 8980
1968 10204
1969 10203
1970 10202
1971 10201
1972 10200
1973 10199
1974 10198
1975 10197
1976 10196
1977 10195
1978 10194
1979 10193
1980 10192
1981 10191
1982 9692
1983 9691
1984 9690
1985 9689
1986 9688
1987 9687
1988 9686
1989 9825
1990 9824
1991 9823
1992 9822
1993 9821
1994 9820
1995 9819
1996 9818
1997 10243
1998 10242
1999 10241
2000 10240
2001 10239
2002 10238
2003 10237
2004 10236
2005 10235
2006 10234
2007 10233
2012 10737
2013 10736
2014 10735
2015 10734
2016 10733
2017 10732
2018 11199
2019 11198
2020 11197
2021 11196
2022 11195
2023 11194
2024 11193
2025 11192
2026 11124
2027 11123
2028 11122
2029 11121
2030 11120
2031 11119
2032 11118
2033 11117
2034 11116
2035 11115
2036 11114
2037 11113
2038 11112
2039 11111
2040 11110
2041 11109
2042 10659
2043 10658
2044 10657
2045 10656
2046 10655
2047 10654
2048 10653
2049 10652
2050 10651
2051 10650
2056 11869
2057 11868
2058 11867
2059 11866
2060 11865
2061 11864
2062 11863
2063 11862
2064 11861
2065 11860
2066 11859
2067 11858
2068 11857
2069 11856
2070 11855
2071 11854
2072 11620
2073 11619
2074 11618
2075 11617
2076 11616
2077 11615
2078 11614
2079 11363
2080 11362
2081 11361
2082 11360
2083 11359
2084 11358
2085 11357
2086 11356
2087 11902
2088 11901
2089 11900
2090 11899
2091 11898
2092 11897
2093 11896
2094 11895
2095 11894
2100 12539
2101 12538
2102 12537
2103 12536
2104 12535
2105 12534
2106 12533
2107 12532
2108 12144
2109 12143
2110 12142
2111 12141
2112 12140
2113 12139
2114 12138
2115 12137
2116 12688
2117 12687
2118 12686
2119 12685
2120 12684
2121 12683
2122 12682
2123 12681
2124 12680
2125 12679
2126 12678
2127 12677
2128 12676
2129 12675
2130 12674
2131 12673
2132 12292
2133 12291
2134 12290
2135 12289
2136 12288
2137 12287
2138 12286
2139 12285
2144 13537
2145 13536
2146 13535
2147 13534
2148 13533
2149 13532
2150 13531
2151 13530
2152 13529
2153 13528
2154 13527
2155 13526
2156 13525
2157 13524
2158 13523
2159 13522
2160 13521
2161 13520
2162 13216
2163 13215
2164 13214
2165 13213
2166 13212
2167 13211
2168 13210
2169 13448
2170 13447
2171 13446
2172 13445
2173 13444
2174 13443
2175 13442
2176 13441
2177 13565
2178 13564
2179 13563
2180 13562
2181 13561
2184 13547
2185 13546
2186 13545
2187 13544
2188 13543
2189 13542
2190 13541
2191 13540
2192 13539
2193 13538
2194 13232
2195 13231
2196 13230
2197 13229
2198 13228
2199 13227
2200 13226
2201 13225
2202 13224
2203 13223
2204 13222
2205 13221
2206 13220
2207 13219
2208 13218
2209 13217
2210 13519
2211 13518
2212 13517
2213 13516
2214 13515
2215 13514
2216 13513
2217 13512
2218 13343
2219 13342
2220 13341
2221 13340
2222 13339
2223 13338
2224 13337
2225 13336
2226 13335
2227 13334
2232 12299
2233 12298
2234 12297
2235 12296
2236 12295
2237 12294
2238 12293
2239 12672
2240 12671
2241 12670
2242 12669
2243 12668
2244 12667
2245 12666
2246 12665
2247 12866
2248 12865
2249 12864
2250 12863
2251 12862
2252 12861
2253 12860
2254 12859
2255 12592
2256 12591
2257 12590
2258 12589
2259 12588
2260 12587
2261 12586
2262 12585
2263 12584
2264 12583
2265 12582
2266 12581
2267 12580
2268 12579
2269 12578
2270 12577
2271 12576
2276 11725
2277 11724
2278 11723
2279 11722
2280 11721
2281 11720
2282 11719
2283 11718
2284 11717
2285 11636
2286 11635
2287 11634
2288 11633
2289 11632
2290 11631
2291 11630
2292 11629
2293 11628
2294 11627
2295 11626
2296 11625
2297 11624
2298 11623
2299 11622
2300 11621
2301 11853
2302 11852
2303 11851
2304 11850
2305 11849
2306 11848
2307 11847
2308 11846
2309 11788
2310 11787
2311 11786
2312 11785
2313 11784
2314 11783
2315 11782
2316 11781
2321 10668
2322 10667
2323 10666
2324 10665
2325 10664
2326 10663
2327 10662
2328 10661
2329 10660
2330 11108
2331 11107
2332 11106
2333 11105
2334 11104
2335 11103
2336 11102
2337 11101
2338 10605
2339 10604
2340 10603
2341 10602
2342 10601
2343 10600
2344 10599
2345 10598
2346 11028
2347 11027
2348 11026
2349 11025
2350 11024
2351 11023
2352 11022
2353 11021
2354 11020
2355 11019
2356 11018
2357 11017
2358 11016
2359 11015
2360 11014
2365 10068
2366 10067
2367 10066
2368 10065
2369 10064
2370 10063
2371 10062
2372 10061
2373 10060
2374 10059
2375 10058
2376 9708
2377 9707
2378 9706
2379 9705
2380 9704
2381 9703
2382 9702
2383 9701
2384 9700
2385 9699
2386 9698
2387 9697
2388 9696
2389 9695
2390 9694
2391 9693
2392 10190
2393 10189
2394 10188
2395 10187
2396 10186
2397 10185
2398 10184
2399 10183
2400 10182
2401 10181
2402 10180
2403 10179
2404 10178
2405 10177
2410 9002
2411 9001
2412 9000
2413 8999
2414 8998
2415 8997
2416 8996
2417 8995
2418 8994
2419 8993
2420 8992
2421 9392
2422 9391
2423 9390
2424 9389
2425 9388
2426 9387
2427 9386
2428 9385
2429 9532
2430 9531
2431 9530
2432 9529
2433 9528
2434 9527
2435 9526
2436 9525
2437 8837
2438 8836
2439 8835
2440 8834
2441 8833
2442 8832
2443 8831
2444 8830
2445 8829
2446 8828
2447 8827
2448 8826
2449 8825
2454 8383
2455 8382
2456 8381
2457 8380
2458 8379
2459 8378
2460 8377
2461 8376
2462 8375
2463 8374
2464 8373
2465 8372
2466 8371
2467 8306
2468 8305
2469 8304
2470 8303
2471 8302
2472 8301
2473 8300
2474 8299
2475 8298
2476 8297
2477 8296
2478 8295
2479 8294
2480 8293
2481 8292
2482 8291
2483 8531
2484 8530
2485 8529
2486 8528
2487 8527
2488 8526
2489 8525
2490 8524
2491 8523
2492 8522
2493 8521
2494 8520
2499 7468
2500 7467
2501 7466
2502 7465
2503 7464
2504 7463
2505 7462
2506 7461
2507 7460
2508 7459
2509 7458
2510 7457
2511 7456
2512 7455
2513 7425
2514 7424
2515 7423
2516 7422
2517 7421
2518 7420
2519 7419
2520 7418
2521 7855
2522 7854
2523 7853
2524 7852
2525 7851
2526 7850
2527 7849
2528 7848
2531 7478
2532 7477
2533 7476
2534 7475
2535 7474
2536 7863
2537 7862
2538 7861
2539 7860
2540 7859
2541 7858
2542 7857
2543 7856
2544 7417
2545 7416
2546 7415
2547 7414
2548 7413
2549 7412
2550 7411
2551 7410
2552 7225
2553 7224
2554 7223
2555 7222
2556 7221
2557 7220
2558 7219
2559 7487
2560 7486
2561 7485
2562 7484
2563 7483
2564 7482
2565 7481
2566 7480
2567 7479
2572 8449
2573 8448
2574 8447
2575 8446
2576 8445
2577 8444
2578 8443
2579 8442
2580 8441
2581 8440
2582 8439
2583 8438
2584 8437
2585 8436
2586 8435
2587 8027
2588 8026
2589 8025
2590 8024
2591 8023
2592 8022
2593 8021
2594 8160
2595 8159
2596 8158
2597 8157
2598 8156
2599 8155
2600 8154
2601 8153
2602 8670
2603 8669
2604 8668
2605 8667
2606 8666
2607 8665
2608 8664
2609 8663
2610 8662
2611 8661
2612 8660
2613 8659
2614 8658
2615 8657
2616 8656
2617 8655
2622 9021
2623 9020
2624 9019
2625 9018
2626 9017
2627 9016
2628 9015
2629 9014
2630 8952
2631 8951
2632 8950
2633 8949
2634 8948
2635 8947
2636 8946
2637 8945
2638 9540
2639 9539
2640 9538
2641 9537
2642 9536
2643 9535
2644 9534
2645 9533
2646 9384
2647 9383
2648 9382
2649 9381
2650 9380
2651 9379
2652 9378
2653 9377
2654 9376
2655 9375
2656 9374
2657 9373
2658 9372
2659 9371
2660 9370
2661 9369
2662 9028
2663 9027
2664 9026
2665 9025
2666 9024
2667 9023
2668 9022
2673 10142
2674 10141
2675 10140
2676 10139
2677 10138
2678 10137
2679 10136
2680 10135
2681 10134
2682 10133
2683 10132
2684 10131
2685 10130
2686 10129
2687 10128
2688 10127
2689 10126
2690 9969
2691 9968
2692 9967
2693 9966
2694 9965
2695 9964
2696 9963
2697 9841
2698 9840
2699 9839
2700 9838
2701 9837
2702 9836
2703 9835
2704 9834
2705 10218
2706 10217
2707 10216
2708 10215
2709 10214
2710 10213
2711 10212
2712 10211
2713 10210
2714 10209
2715 10208
2716 10207
2717 10206
2718 10205
2723 10690
2724 10689
2725 10688
2726 10687
2727 10686
2728 10685
2729 10684
2730 10683
2731 10682
2732 10621
2733 10620
2734 10619
2735 10618
2736 10617
2737 10616
2738 10615
2739 10614
2740 10613
2741 10612
2742 10611
2743 10610
2744 10609
2745 10608
2746 10607
2747 10606
2748 11100
2749 11099
2750 11098
2751 11097
2752 11096
2753 11095
2754 11094
2755 11093
2756 10540
2757 10539
2758 10538
2759 10537
2760 10536
2761 10535
2762 10534
2763 10533
2764 10532
2765 10531
2766 10530
2767 10529
2768 10528
2773 11799
2774 11798
2775 11797
2776 11796
2777 11795
2778 11794
2779 11793
2780 11792
2781 11791
2782 11790
2783 11789
2784 11845
2785 11844
2786 11843
2787 11842
2788 11841
2789 11840
2790 11839
2791 11838
2792 11520
2793 11519
2794 11518
2795 11517
2796 11516
2797 11515
2798 11514
2799 11379
2800 11378
2801 11377
2802 11376
2803 11375
2804 11374
2805 11373
2806 11372
2807 11881
2808 11880
2809 11879
2810 11878
2811 11877
2812 11876
2813 11875
2814 11874
2815 11873
2816 11872
2817 11871
2818 11870
2823 12478
2824 12477
2825 12476
2826 12475
2827 12474
2828 12473
2829 12472
2830 12471
2831 12470
2832 12469
2833 12468
2834 12160
2835 12159
2836 12158
2837 12157
2838 12156
2839 12155
2840 12154
2841 12153
2842 12874
2843 12873
2844 12872
2845 12871
2846 12870
2847 12869
2848 12868
2849 12867
2850 12664
2851 12663
2852 12662
2853 12661
2854 12660
2855 12659
2856 12658
2857 12657
2858 12274
2859 12273
2860 12272
2861 12271
2862 12270
2863 12269
2864 12268
2865 12267
2866 12266
2867 12265
2868 12264
2873 13356
2874 13355
2875 13354
2876 13353
2877 13352
2878 13351
2879 13350
2880 13349
2881 13348
2882 13347
2883 13346
2884 13345
2885 13344
2886 13511
2887 13510
2888 13509
2889 13508
2890 13507
2891 13506
2892 13505
2893 13504
2894 13113
2895 13112
2896 13111
2897 13110
2898 13109
2899 13108
2900 13107
2901 13464
2902 13463
2903 13462
2904 13461
2905 13460
2906 13459
2907 13458
2908 13457
2909 13560
2910 13559
2911 13558
2912 13557
2913 13556
2914 13555
2915 13554
2916 13553
2917 13552
2918 13551
2919 13550
2920 13549
2921 13548
2924 13306
2925 13305
2926 13304
2927 13303
2928 13302
2929 13301
2930 13300
2931 13299
2932 13298
2933 13297
2934 13296
2935 13295
2936 13294
2937 13248
2938 13247
2939 13246
2940 13245
2941 13244
2942 13243
2943 13242
2944 13241
2945 13121
2946 13120
2947 13119
2948 13118
2949 13117
2950 13116
2951 13115
2952 13114
2953 13503
2954 13502
2955 13501
2956 13500
2957 13499
2958 13498
2959 13497
2960 13496
2961 13644
2962 13643
2963 13642
2964 13641
2965 13640
2966 13639
2967 13638
2968 13637
2969 13636
2970 13635
2971 13634
2972 13633
2973 13632
2978 12284
2979 12283
2980 12282
2981 12281
2982 12280
2983 12279
2984 12278
2985 12277
2986 12276
2987 12275
2988 12656
2989 12655
2990 12654
2991 12653
2992 12652
2993 12651
2994 12650
2995 12649
2996 12340
2997 12339
2998 12338
2999 12337
3000 12336
3001 12335
3002 12334
3003 12333
3004 12608
3005 12607
3006 12606
3007 12605
3008 12604
3009 12603
3010 12602
3011 12601
3012 12255
3013 12254
3014 12253
3015 12252
3016 12251
3017 12250
3018 12249
3019 12248
3020 12247
3021 12246
3022 12245
3023 12244
3028 11707
3029 11706
3030 11705
3031 11704
3032 11703
3033 11702
3034 11701
3035 11700
3036 11699
3037 11698
3038 11697
3039 11696
3040 11652
3041 11651
3042 11650
3043 11649
3044 11648
3045 11647
3046 11646
3047 11645
3048 11528
3049 11527
3050 11526
3051 11525
3052 11524
3053 11523
3054 11522
3055 11521
3056 11837
3057 11836
3058 11835
3059 11834
3060 11833
3061 11832
3062 11831
3063 11830
3064 11736
3065 11735
3066 11734
3067 11733
3068 11732
3069 11731
3070 11730
3071 11729
3072 11728
3073 11727
3074 11726
3079 10552
3080 10551
3081 10550
3082 10549
3083 10548
3084 10547
3085 10546
3086 10545
3087 10544
3088 10543
3089 10542
3090 10541
3091 11092
3092 11091
3093 11090
3094 11089
3095 11088
3096 11087
3097 11086
3098 11085
3099 10801
3100 10800
3101 10799
3102 10798
3103 10797
3104 10796
3105 10795
3106 10794
3107 11044
3108 11043
3109 11042
3110 11041
3111 11040
3112 11039
3113 11038
3114 11037
3115 10521
3116 10520
3117 10519
3118 10518
3119 10517
3120 10516
3121 10515
3122 10514
3123 10513
3124 10512
3129 10046
3130 10045
3131 10044
3132 10043
3133 10042
3134 10041
3135 10040
3136 10039
3137 10038
3138 10037
3139 10036
3140 10035
3141 10034
3142 10033
3143 9985
3144 9984
3145 9983
3146 9982
3147 9981
3148 9980
3149 9979
3150 9978
3151 9977
3152 9976
3153 9975
3154 9974
3155 9973
3156 9972
3157 9971
3158 9970
3159 10125
3160 10124
3161 10123
3162 10122
3163 10121
3164 10120
3165 10119
3166 10118
3167 10077
3168 10076
3169 10075
3170 10074
3171 10073
3172 10072
3173 10071
3174 10070
3175 10069
3180 8928
3181 8927
3182 8926
3183 8925
3184 8924
3185 8923
3186 8922
3187 8921
3188 8920
3189 8919
3190 8918
3191 8917
3192 8916
3193 8915
3194 8914
3195 8913
3196 8912
3197 8911
3198 8910
3199 8909
3200 8908
3201 8907
3202 9199
3203 9198
3204 9197
3205 9196
3206 9195
3207 9194
3208 9193
3209 9192
3210 8866
3211 8865
3212 8864
3213 8863
3214 8862
3215 8861
3216 8860
3217 8859
3218 8858
3219 8857
3220 8856
3221 8855
3222 8854
3223 8853
3224 8852
3225 8851
3230 8468
3231 8467
3232 8466
3233 8465
3234 8464
3235 8463
3236 8462
3237 8461
3238 8492
3239 8491
3240 8490
3241 8489
3242 8488
3243 8487
3244 8486
3245 8485
3246 8322
3247 8321
3248 8320
3249 8319
3250 8318
3251 8317
3252 8316
3253 8315
3254 8035
3255 8034
3256 8033
3257 8032
3258 8031
3259 8030
3260 8029
3261 8028
3262 8434
3263 8433
3264 8432
3265 8431
3266 8430
3267 8429
3268 8428
3269 8427
3270 8390
3271 8389
3272 8388
3273 8387
3274 8386
3275 8385
3276 8384
3281 7242
3282 7241
3283 7240
3284 7239
3285 7238
3286 7237
3287 7236
3288 7235
3289 7234
3290 7233
3291 7232
3292 7231
3293 7230
3294 7229
3295 7228
3296 7227
3297 7226
3298 7409
3299 7408
3300 7407
3301 7406
3302 7405
3303 7404
3304 7403
3305 7402
3306 7600
3307 7599
3308 7598
3309 7597
3310 7596
3311 7595
3312 7594
3313 7593
3314 7361
3315 7360
3316 7359
3317 7358
3318 7357
3319 7356
3320 7355
3321 7354
3322 7353
3323 7352
3324 7351
3325 7350
3326 7349
3327 7348
3328 7347
3329 7346
3330 7345
3333 7344
3334 7343
3335 7342
3336 7341
3337 7340
3338 7339
3339 7338
3340 7337
3341 7336
3342 7335
3343 7334
3344 7333
3345 7332
3346 7331
3347 7330
3348 7329
3349 7328
3350 7327
3351 7326
3352 7325
3353 7324
3354 7323
3355 7322
3356 7321
3357 7320
3358 7319
3359 7318
3360 7317
3361 7316
3362 7315
3363 7156
3364 7155
3365 7154
3366 7153
3367 7152
3368 7151
3369 7150
3370 7149
3371 7148
3372 7147
3373 7146
3374 7145
3375 7144
3380 7952
3381 7951
3382 7950
3383 7949
3384 7948
3385 7947
3386 7946
3387 7945
3388 7944
3389 7943
3390 7942
3391 7941
3392 8042
3393 8041
3394 8040
3395 8039
3396 8038
3397 8037
3398 8036
3399 8314
3400 8313
3401 8312
3402 8311
3403 8310
3404 8309
3405 8308
3406 8307
3407 8370
3408 8369
3409 8368
3410 8367
3411 8366
3412 8365
3413 8364
3414 8363
3415 8362
3416 8361
3417 8360
3418 8359
3419 8358
3424 8850
3425 8849
3426 8848
3427 8847
3428 8846
3429 8845
3430 8844
3431 8843
3432 8842
3433 8841
3434 8840
3435 8839
3436 8838
3437 9524
3438 9523
3439 9522
3440 9521
3441 9520
3442 9519
3443 9518
3444 9517
3445 9516
3446 9515
3447 9514
3448 9513
3449 9512
3450 9511
3451 9510
3452 9509
3453 8777
3454 8776
3455 8775
3456 8774
3457 8773
3458 8772
3459 8771
3460 8770
3461 8769
3462 8768
3463 8767
3464 8766
3469 9630
3470 9629
3471 9628
3472 9627
3473 9626
3474 9625
3475 9624
3476 9623
3477 9622
3478 9621
3479 9620
3480 9619
3481 9618
3482 9617
3483 9723
3484 9722
3485 9721
3486 9720
3487 9719
3488 9718
3489 9717
3490 9716
3491 9715
3492 9714
3493 9713
3494 9712
3495 9711
3496 9710
3497 9709
3498 10057
3499 10056
3500 10055
3501 10054
3502 10053
3503 10052
3504 10051
3505 10050
3506 10049
3507 10048
3508 10047
3513 10527
3514 10526
3515 10525
3516 10524
3517 10523
3518 10522
3519 11036
3520 11035
3521 11034
3522 11033
3523 11032
3524 11031
3525 11030
3526 11029
3527 10597
3528 10596
3529 10595
3530 10594
3531 10593
3532 10592
3533 10591
3534 10590
3535 10589
3536 10588
3537 10587
3538 10586
3539 10585
3540 10584
3541 10583
3542 10582
3543 10449
3544 10448
3545 10447
3546 10446
3547 10445
3548 10444
3549 10443
3550 10442
3551 10441
3552 10440
3557 11449
3558 11448
3559 11447
3560 11446
3561 11445
3562 11444
3563 11443
3564 11442
3565 11441
3566 11440
3567 11439
3568 11438
3569 11437
3570 11436
3571 11435
3572 11434
3573 11535
3574 11534
3575 11533
3576 11532
3577 11531
3578 11530
3579 11529
3580 11644
3581 11643
3582 11642
3583 11641
3584 11640
3585 11639
3586 11638
3587 11637
3588 11716
3589 11715
3590 11714
3591 11713
3592 11712
3593 11711
3594 11710
3595 11709
3596 11708
3601 12263
3602 12262
3603 12261
3604 12260
3605 12259
3606 12258
3607 12257
3608 12256
3609 12600
3610 12599
3611 12598
3612 12597
3613 12596
3614 12595
3615 12594
3616 12593
3617 12858
3618 12857
3619 12856
3620 12855
3621 12854
3622 12853
3623 12852
3624 12851
3625 12850
3626 12849
3627 12848
3628 12847
3629 12846
3630 12845
3631 12844
3632 12843
3633 12112
3634 12111
3635 12110
3636 12109
3637 12108
3638 12107
3639 12106
3640 12105
3645 13028
3646 13027
3647 13026
3648 13025
3649 13024
3650 13023
3651 13022
3652 13021
3653 13020
3654 13019
3655 13018
3656 13017
3657 13016
3658 13015
3659 13014
3660 13013
3661 13012
3662 13011
3663 13128
3664 13127
3665 13126
3666 13125
3667 13124
3668 13123
3669 13122
3670 13240
3671 13239
3672 13238
3673 13237
3674 13236
3675 13235
3676 13234
3677 13233
3680 13144
3681 13143
3682 13142
3683 13141
3684 13140
3685 13139
3686 13138
3687 13137
3688 13136
3689 13135
3690 13134
3691 13133
3692 13132
3693 13131
3694 13130
3695 13129
3696 13010
3697 13009
3698 13008
3699 13007
3700 13006
3701 13005
3702 13004
3703 13003
3704 12942
3705 12941
3706 12940
3707 12939
3708 12938
3709 12937
3710 12936
3711 12935
3712 12934
3713 12933
3718 12119
3719 12118
3720 12117
3721 12116
3722 12115
3723 12114
3724 12113
3725 12842
3726 12841
3727 12840
3728 12839
3729 12838
3730 12837
3731 12836
3732 12835
3733 12324
3734 12323
3735 12322
3736 12321
3737 12320
3738 12319
3739 12318
3740 12317
3741 12316
3742 12315
3743 12314
3744 12313
3745 12312
3746 12311
3747 12310
3748 12309
3749 12308
3750 12307
3751 12306
3752 12305
3753 12304
3754 12303
3755 12302
3756 12301
3757 12300
3762 11560
3763 11559
3764 11558
3765 11557
3766 11556
3767 11555
3768 11554
3769 11553
3770 11552
3771 11551
3772 11550
3773 11549
3774 11548
3775 11547
3776 11546
3777 11545
3778 11544
3779 11543
3780 11542
3781 11541
3782 11540
3783 11539
3784 11538
3785 11537
3786 11536
3787 11433
3788 11432
3789 11431
3790 11430
3791 11429
3792 11428
3793 11427
3794 11426
3795 11275
3796 11274
3797 11273
3798 11272
3799 11271
3800 11270
3801 11269
3802 11268
3807 10458
3808 10457
3809 10456
3810 10455
3811 10454
3812 10453
3813 10452
3814 10451
3815 10450
3816 10581
3817 10580
3818 10579
3819 10578
3820 10577
3821 10576
3822 10575
3823 10574
3824 10785
3825 10784
3826 10783
3827 10782
3828 10781
3829 10780
3830 10779
3831 10778
3832 10777
3833 10776
3834 10775
3835 10774
3836 10773
3837 10772
3838 10771
3839 10770
3840 10769
3841 10768
3842 10767
3843 10766
3844 10765
3845 10764
3846 10763
3851 9750
3852 9749
3853 9748
3854 9747
3855 9746
3856 9745
3857 9744
3858 9743
3859 9742
3860 9741
3861 9740
3862 9739
3863 9738
3864 9737
3865 9736
3866 9735
3867 9734
3868 9733
3869 9732
3870 9731
3871 9730
3872 9729
3873 9728
3874 9727
3875 9726
3876 9725
3877 9724
3878 9616
3879 9615
3880 9614
3881 9613
3882 9612
3883 9611
3884 9610
3885 9609
3886 9608
3887 9607
3888 9606
3889 9605
3890 9604
3891 9603
3896 8788
3897 8787
3898 8786
3899 8785
3900 8784
3901 8783
3902 8782
3903 8781
3904 8780
3905 8779
3906 8778
3907 9508
3908 9507
3909 9506
3910 9505
3911 9504
3912 9503
3913 9502
3914 9501
3915 9183
3916 9182
3917 9181
3918 9180
3919 9179
3920 9178
3921 9177
3922 9176
3923 9175
3924 9174
3925 9173
3926 9172
3927 9171
3928 9170
3929 9169
3930 9168
3931 9167
3932 9166
3933 9165
3934 9164
3935 9163
3940 8071
3941 8070
3942 8069
3943 8068
3944 8067
3945 8066
3946 8065
3947 8064
3948 8063
3949 8062
3950 8061
3951 8060
3952 8059
3953 8058
3954 8057
3955 8056
3956 8055
3957 8054
3958 8053
3959 8052
3960 8051
3961 8050
3962 8049
3963 8048
3964 8047
3965 8046
3966 8045
3967 8044
3968 8043
3969 7940
3970 7939
3971 7938
3972 7937
3973 7936
3974 7935
3975 7934
3976 7933
3977 7932
3978 7931
3979 7930
3980 7929
3985 7170
3986 7169
3987 7168
3988 7167
3989 7166
3990 7165
3991 7164
3992 7163
3993 7162
3994 7161
3995 7160
3996 7159
3997 7158
3998 7157
3999 7314
4000 7313
4001 7312
4002 7311
4003 7310
4004 7309
4005 7308
4006 7307
4007 7584
4008 7583
4009 7582
4010 7581
4011 7580
4012 7579
4013 7578
4014 7577
4015 7576
4016 7575
4017 7574
4018 7573
4019 7572
4020 7571
4021 7570
4022 7569
4023 7568
4024 7567
4025 7566
4026 7565
4027 7564
4028 7563
4031 7562
4032 7561
4033 7560
4034 7559
4035 7558
4036 7557
4037 7556
4038 7555
4039 7554
4040 7369
4041 7368
4042 7367
4043 7366
4044 7365
4045 7364
4046 7363
4047 7362
4048 7592
4049 7591
4050 7590
4051 7589
4052 7588
4053 7587
4054 7586
4055 7585
4056 7306
4057 7305
4058 7304
4059 7303
4060 7302
4061 7301
4062 7300
4063 7299
4064 7298
4065 7297
4066 7296
4067 7295
4068 7294
4069 7293
4070 7292
4071 7179
4072 7178
4073 7177
4074 7176
4075 7175
4076 7174
4077 7173
4078 7172
4079 7171
4084 8213
4085 8212
4086 8211
4087 8210
4088 8209
4089 8208
4090 8207
4091 8206
4092 8205
4093 8204
4094 8203
4095 8202
4096 8201
4097 8200
4098 8199
4099 8198
4100 8197
4101 8196
4102 8195
4103 8194
4104 8193
4105 8192
4106 8330
4107 8329
4108 8328
4109 8327
4110 8326
4111 8325
4112 8324
4113 8323
4114 8484
4115 8483
4116 8482
4117 8481
4118 8480
4119 8479
4120 8478
4121 8477
4122 8476
4123 8475
4124 8474
4125 8473
4126 8472
4127 8471
4128 8470
4129 8469
4134 8807
4135 8806
4136 8805
4137 8804
4138 8803
4139 8802
4140 8801
4141 8800
4142 8874
4143 8873
4144 8872
4145 8871
4146 8870
4147 8869
4148 8868
4149 8867
4150 9191
4151 9190
4152 9189
4153 9188
4154 9187
4155 9186
4156 9185
4157 9184
4158 9500
4159 9499
4160 9498
4161 9497
4162 9496
4163 9495
4164 9494
4165 9493
4166 9492
4167 9491
4168 9490
4169 9489
4170 9488
4171 9487
4172 9486
4173 9485
4174 8814
4175 8813
4176 8812
4177 8811
4178 8810
4179 8809
4180 8808
4185 9896
4186 9895
4187 9894
4188 9893
4189 9892
4190 9891
4191 9890
4192 9889
4193 9888
4194 9887
4195 9886
4196 9885
4197 9884
4198 9883
4199 9882
4200 9881
4201 9880
4202 9879
4203 9878
4204 9877
4205 9876
4206 9875
4207 9874
4208 9873
4209 9993
4210 9992
4211 9991
4212 9990
4213 9989
4214 9988
4215 9987
4216 9986
4217 10032
4218 10031
4219 10030
4220 10029
4221 10028
4222 10027
4223 10026
4224 10025
4225 10024
4226 10023
4227 10022
4228 10021
4229 10020
4230 10019
4235 10480
4236 10479
4237 10478
4238 10477
4239 10476
4240 10475
4241 10474
4242 10473
4243 10472
4244 11052
4245 11051
4246 11050
4247 11049
4248 11048
4249 11047
4250 11046
4251 11045
4252 10793
4253 10792
4254 10791
4255 10790
4256 10789
4257 10788
4258 10787
4259 10786
4260 10573
4261 10572
4262 10571
4263 10570
4264 10569
4265 10568
4266 10567
4267 10566
4268 10565
4269 10564
4270 10563
4271 10562
4272 10561
4273 10560
4274 10559
4275 10558
4276 10557
4277 10556
4278 10555
4279 10554
4280 10553
4285 11286
4286 11285
4287 11284
4288 11283
4289 11282
4290 11281
4291 11280
4292 11279
4293 11278
4294 11277
4295 11276
4296 11425
4297 11424
4298 11423
4299 11422
4300 11421
4301 11420
4302 11419
4303 11418
4304 11417
4305 11416
4306 11415
4307 11414
4308 11413
4309 11412
4310 11411
4311 11660
4312 11659
4313 11658
4314 11657
4315 11656
4316 11655
4317 11654
4318 11653
4319 11695
4320 11694
4321 11693
4322 11692
4323 11691
4324 11690
4325 11689
4326 11688
4327 11687
4328 11686
4329 11685
4330 11684
4335 12202
4336 12201
4337 12200
4338 12199
4339 12198
4340 12197
4341 12196
4342 12195
4343 12194
4344 12193
4345 12192
4346 12616
4347 12615
4348 12614
4349 12613
4350 12612
4351 12611
4352 12610
4353 12609
4354 12332
4355 12331
4356 12330
4357 12329
4358 12328
4359 12327
4360 12326
4361 12325
4362 12834
4363 12833
4364 12832
4365 12831
4366 12830
4367 12829
4368 12828
4369 12827
4370 12826
4371 12825
4372 12824
4373 12823
4374 12822
4375 12821
4376 12820
4377 12819
4378 12818
4379 12817
4380 12816
4385 12955
4386 12954
4387 12953
4388 12952
4389 12951
4390 12950
4391 12949
4392 12948
4393 12947
4394 12946
4395 12945
4396 12944
4397 12943
4398 13002
4399 13001
4400 13000
4401 12999
4402 12998
4403 12997
4404 12996
4405 12995
4406 12994
4407 12993
4408 12992
4409 12991
4410 12990
4411 12989
4412 12988
4413 13256
4414 13255
4415 13254
4416 13253
4417 13252
4418 13251
4419 13250
4420 13249
4421 13293
4422 13292
4423 13291
4424 13290
4425 13289
4426 13288
4427 13287
4428 13286
4429 13285
4430 13284
4431 13283
4432 13282
4433 13281
4436 13280
4437 13279
4438 13278
4439 13277
4440 13276
4441 13275
4442 13274
4443 13273
4444 13272
4445 13271
4446 13270
4447 13269
4448 13268
4449 13267
4450 13266
4451 13265
4452 13264
4453 13263
4454 13262
4455 13261
4456 13260
4457 13259
4458 13258
4459 13257
4460 12987
4461 12986
4462 12985
4463 12984
4464 12983
4465 12982
4466 12981
4467 12980
4468 12979
4469 12978
4470 12977
4471 12976
4472 12975
4473 12974
4474 12973
4475 12972
4476 12971
4477 12970
4478 12969
4479 12968
4480 12967
4481 12966
4482 12965
4483 12964
4484 12963
4485 12962
4486 12961
4487 12960
4488 12959
4489 12958
4490 12957
4491 12956
4496 12243
4497 12242
4498 12241
4499 12240
4500 12239
4501 12238
4502 12237
4503 12236
4504 12235
4505 12234
4506 12233
4507 12232
4508 12231
4509 12640
4510 12639
4511 12638
4512 12637
4513 12636
4514 12635
4515 12634
4516 12633
4517 12632
4518 12631
4519 12630
4520 12629
4521 12628
4522 12627
4523 12626
4524 12625
4525 12624
4526 12623
4527 12622
4528 12621
4529 12620
4530 12619
4531 12618
4532 12617
4533 12191
4534 12190
4535 12189
4536 12188
4537 12187
4538 12186
4539 12185
4540 12184
4541 12209
4542 12208
4543 12207
4544 12206
4545 12205
4546 12204
4547 12203
4552 11683
4553 11682
4554 11681
4555 11680
4556 11679
4557 11678
4558 11677
4559 11676
4560 11675
4561 11674
4562 11673
4563 11672
4564 11671
4565 11670
4566 11669
4567 11668
4568 11667
4569 11666
4570 11665
4571 11664
4572 11663
4573 11662
4574 11661
4575 11410
4576 11409
4577 11408
4578 11407
4579 11406
4580 11405
4581 11404
4582 11403
4583 11821
4584 11820
4585 11819
4586 11818
4587 11817
4588 11816
4589 11815
4590 11814
4591 11813
4592 11812
4593 11811
4594 11810
4595 11809
4596 11808
4597 11807
4598 11806
4599 11805
4600 11804
4601 11803
4602 11802
4603 11801
4604 11800
4609 10511
4610 10510
4611 10509
4612 10508
4613 10507
4614 10506
4615 10505
4616 10504
4617 10503
4618 10502
4619 10501
4620 10500
4621 10499
4622 10498
4623 10497
4624 11076
4625 11075
4626 11074
4627 11073
4628 11072
4629 11071
4630 11070
4631 11069
4632 11068
4633 11067
4634 11066
4635 11065
4636 11064
4637 11063
4638 11062
4639 11061
4640 11060
4641 11059
4642 11058
4643 11057
4644 11056
4645 11055
4646 11054
4647 11053
4648 10471
4649 10470
4650 10469
4651 10468
4652 10467
4653 10466
4654 10465
4655 10464
4656 10463
4657 10462
4658 10461
4659 10460
4660 10459
4665 10018
4666 10017
4667 10016
4668 10015
4669 10014
4670 10013
4671 10012
4672 10011
4673 10010
4674 10009
4675 10008
4676 10007
4677 10006
4678 10005
4679 10004
4680 10003
4681 10002
4682 10001
4683 10000
4684 9999
4685 9998
4686 9997
4687 9996
4688 9995
4689 9994
4690 9872
4691 9871
4692 9870
4693 9869
4694 9868
4695 9867
4696 9866
4697 9865
4698 10109
4699 10108
4700 10107
4701 10106
4702 10105
4703 10104
4704 10103
4705 10102
4706 10101
4707 10100
4708 10099
4709 10098
4710 10097
4711 10096
4712 10095
4713 10094
4714 10093
4715 10092
4716 10091
4717 10090
4722 8824
4723 8823
4724 8822
4725 8821
4726 8820
4727 8819
4728 8818
4729 8817
4730 8816
4731 8815
4732 9484
4733 9483
4734 9482
4735 9481
4736 9480
4737 9479
4738 9478
4739 8898
4740 8897
4741 8896
4742 8895
4743 8894
4744 8893
4745 8892
4746 8891
4747 8890
4748 8889
4749 8888
4750 8887
4751 8886
4752 8885
4753 8884
4754 8883
4755 8882
4756 8881
4757 8880
4758 8879
4759 8878
4760 8877
4761 8876
4762 8875
4763 8799
4764 8798
4765 8797
4766 8796
4767 8795
4768 8794
4769 8793
4770 8792
4771 8791
4772 8790
4773 8789
4778 8357
4779 8356
4780 8355
4781 8354
4782 8353
4783 8352
4784 8351
4785 8350
4786 8349
4787 8348
4788 8347
4789 8346
4790 8345
4791 8344
4792 8343
4793 8342
4794 8341
4795 8340
4796 8339
4797 8338
4798 8337
4799 8336
4800 8335
4801 8334
4802 8333
4803 8332
4804 8331
4805 8191
4806 8190
4807 8189
4808 8188
4809 8187
4810 8186
4811 8185
4812 8184
4813 8418
4814 8417
4815 8416
4816 8415
4817 8414
4818 8413
4819 8412
4820 8411
4821 8410
4822 8409
4823 8408
4824 8407
4825 8406
4826 8405
4827 8404
4828 8403
4829 8402
4830 8401
4835 7191
4836 7190
4837 7189
4838 7188
4839 7187
4840 7186
4841 7185
4842 7184
4843 7183
4844 7182
4845 7181
4846 7180
4847 7291
4848 7290
4849 7289
4850 7288
4851 7287
4852 7286
4853 7285
4854 7284
4855 7393
4856 7392
4857 7391
4858 7390
4859 7389
4860 7388
4861 7387
4862 7386
4863 7385
4864 7384
4865 7383
4866 7382
4867 7381
4868 7380
4869 7379
4870 7378
4871 7377
4872 7376
4873 7375
4874 7374
4875 7373
4876 7372
4877 7371
4878 7370
4879 7553
4880 7552
4881 7551
4884 7264
4885 7263
4886 7262
4887 7261
4888 7260
4889 7259
4890 7258
4891 7257
4892 7256
4893 7255
4894 7254
4895 7608
4896 7607
4897 7606
4898 7605
4899 7604
4900 7603
4901 7602
4902 7601
4903 7401
4904 7400
4905 7399
4906 7398
4907 7397
4908 7396
4909 7395
4910 7394
4911 7283
4912 7282
4913 7281
4914 7280
4915 7279
4916 7278
4917 7277
4918 7276
4919 7275
4920 7274
4921 7273
4922 7272
4923 7271
4924 7270
4925 7269
4926 7268
4927 7267
4928 7266
4929 7265
4934 8400
4935 8399
4936 8398
4937 8397
4938 8396
4939 8395
4940 8394
4941 8393
4942 8392
4943 8391
4944 8426
4945 8425
4946 8424
4947 8423
4948 8422
4949 8421
4950 8420
4951 8419
4952 8183
4953 8182
4954 8181
4955 8180
4956 8179
4957 8178
4958 8177
4959 8176
4960 8175
4961 8174
4962 8173
4963 8172
4964 8171
4965 8170
4966 8169
4967 8500
4968 8499
4969 8498
4970 8497
4971 8496
4972 8495
4973 8494
4974 8493
4975 8460
4976 8459
4977 8458
4978 8457
4979 8456
4980 8455
4981 8454
4982 8453
4983 8452
4984 8451
4985 8450
4990 8979
4991 8978
4992 8977
4993 8976
4994 8975
4995 8974
4996 8973
4997 8972
4998 8971
4999 8970
5000 8969
5001 8968
5002 8967
5003 8966
5004 8965
5005 8964
5006 8963
5007 8962
5008 8961
5009 9207
5010 9206
5011 9205
5012 9204
5013 9203
5014 9202
5015 9201
5016 9200
5017 8906
5018 8905
5019 8904
5020 8903
5021 8902
5022 8901
5023 8900
5024 8899
5025 9477
5026 9476
5027 9475
5028 9474
5029 9473
5030 9472
5031 9471
5032 9470
5033 9469
5034 9468
5035 9467
5036 9466
5037 9465
5038 9464
5039 9463
5040 9462
5041 9461
5042 9460
5047 10089
5048 10088
5049 10087
5050 10086
5051 10085
5052 10084
5053 10083
5054 10082
5055 10081
5056 10080
5057 10079
5058 10078
5059 10117
5060 10116
5061 10115
5062 10114
5063 10113
5064 10112
5065 10111
5066 10110
5067 9864
5068 9863
5069 9862
5070 9861
5071 9860
5072 9859
5073 9858
5074 9857
5075 9856
5076 9855
5077 9854
5078 9853
5079 9852
5080 9851
5081 9850
5082 10159
5083 10158
5084 10157
5085 10156
5086 10155
5087 10154
5088 10153
5089 10152
5090 10151
5091 10150
5092 10149
5093 10148
5094 10147
5095 10146
5096 10145
5097 10144
5098 10143
5103 10649
5104 10648
5105 10647
5106 10646
5107 10645
5108 10644
5109 10643
5110 10642
5111 10641
5112 10640
5113 10639
5114 10638
5115 10637
5116 10636
5117 10635
5118 10634
5119 10633
5120 10632
5121 10631
5122 10630
5123 10809
5124 10808
5125 10807
5126 10806
5127 10805
5128 10804
5129 10803
5130 10802
5131 11084
5132 11083
5133 11082
5134 11081
5135 11080
5136 11079
5137 11078
5138 11077
5139 10496
5140 10495
5141 10494
5142 10493
5143 10492
5144 10491
5145 10490
5146 10489
5147 10488
5148 10487
5149 10486
5150 10485
5151 10484
5152 10483
5153 10482
5154 10481
5159 11750
5160 11749
5161 11748
5162 11747
5163 11746
5164 11745
5165 11744
5166 11743
5167 11742
5168 11741
5169 11740
5170 11739
5171 11738
5172 11737
5173 11829
5174 11828
5175 11827
5176 11826
5177 11825
5178 11824
5179 11823
5180 11822
5181 11402
5182 11401
5183 11400
5184 11399
5185 11398
5186 11397
5187 11396
5188 11395
5189 11394
5190 11393
5191 11392
5192 11391
5193 11390
5194 11389
5195 11388
5196 11765
5197 11764
5198 11763
5199 11762
5200 11761
5201 11760
5202 11759
5203 11758
5204 11757
5205 11756
5206 11755
5207 11754
5208 11753
5209 11752
5210 11751
5215 12216
5216 12215
5217 12214
5218 12213
5219 12212
5220 12211
5221 12210
5222 12183
5223 12182
5224 12181
5225 12180
5226 12179
5227 12178
5228 12177
5229 12176
5230 12175
5231 12174
5232 12173
5233 12172
5234 12171
5235 12170
5236 12169
5237 12348
5238 12347
5239 12346
5240 12345
5241 12344
5242 12343
5243 12342
5244 12341
5245 12648
5246 12647
5247 12646
5248 12645
5249 12644
5250 12643
5251 12642
5252 12641
5253 12230
5254 12229
5255 12228
5256 12227
5257 12226
5258 12225
5259 12224
5260 12223
5261 12222
5262 12221
5263 12220
5264 12219
5265 12218
5266 12217
5271 13160
5272 13159
5273 13158
5274 13157
5275 13156
5276 13155
5277 13154
5278 13153
5279 13652
5280 13651
5281 13650
5282 13649
5283 13648
5284 13647
5285 13646
5286 13645
5287 13495
5288 13494
5289 13493
5290 13492
5291 13491
5292 13490
5293 13489
5294 13488
5295 13487
5296 13486
5297 13485
5298 13484
5299 13483
5300 13482
5301 13481
5302 13480
5303 13479
5304 13478
5305 13477
5306 13476
5307 13475
5308 13474
5309 13473
5310 13322
5311 13321
5312 13320
5313 13319
5314 13318
5315 13317
5316 13316
5317 13315
5318 13314
5319 13313
5320 13312
5321 13311
5322 13310
5323 13309
5324 13308
5325 13307
5328 13333
5329 13332
5330 13331
5331 13330
5332 13329
5333 13328
5334 13327
5335 13326
5336 13325
5337 13324
5338 13323
5339 13472
5340 13471
5341 13470
5342 13469
5343 13468
5344 13467
5345 13466
5346 13465
5347 13106
5348 13105
5349 13104
5350 13103
5351 13102
5352 13101
5353 13100
5354 13099
5355 13668
5356 13667
5357 13666
5358 13665
5359 13664
5360 13663
5361 13662
5362 13661
5363 13660
5364 13659
5365 13658
5366 13657
5367 13656
5368 13655
5369 13654
5370 13653
5371 13152
5372 13151
5373 13150
5374 13149
5375 13148
5376 13147
5377 13146
5378 13145
5383 12519
5384 12518
5385 12517
5386 12516
5387 12515
5388 12514
5389 12513
5390 12512
5391 12511
5392 12510
5393 12509
5394 12508
5395 12507
5396 12364
5397 12363
5398 12362
5399 12361
5400 12360
5401 12359
5402 12358
5403 12357
5404 12356
5405 12355
5406 12354
5407 12353
5408 12352
5409 12351
5410 12350
5411 12349
5412 12168
5413 12167
5414 12166
5415 12165
5416 12164
5417 12163
5418 12162
5419 12161
5420 12467
5421 12466
5422 12465
5423 12464
5424 12463
5425 12462
5426 12461
5427 12460
5428 12485
5429 12484
5430 12483
5431 12482
5432 12481
5433 12480
5434 12479
5439 11780
5440 11779
5441 11778
5442 11777
5443 11776
5444 11775
5445 11774
5446 11773
5447 11772
5448 11771
5449 11770
5450 11769
5451 11768
5452 11767
5453 11766
5454 11387
5455 11386
5456 11385
5457 11384
5458 11383
5459 11382
5460 11381
5461 11380
5462 11513
5463 11512
5464 11511
5465 11510
5466 11509
5467 11508
5468 11507
5469 11506
5470 12007
5471 12006
5472 12005
5473 12004
5474 12003
5475 12002
5476 12001
5477 12000
5478 11999
5479 11998
5480 11997
5481 11996
5482 11995
5483 11994
5484 11993
5485 11992
5486 11991
5487 11990
5488 11989
5489 11988
5490 11987
5491 11986
5496 10721
5497 10720
5498 10719
5499 10718
5500 10717
5501 10716
5502 10715
5503 10714
5504 10713
5505 10712
5506 10711
5507 10710
5508 10709
5509 10708
5510 10707
5511 10825
5512 10824
5513 10823
5514 10822
5515 10821
5516 10820
5517 10819
5518 10818
5519 10817
5520 10816
5521 10815
5522 10814
5523 10813
5524 10812
5525 10811
5526 10810
5527 10629
5528 10628
5529 10627
5530 10626
5531 10625
5532 10624
5533 10623
5534 10622
5535 10681
5536 10680
5537 10679
5538 10678
5539 10677
5540 10676
5541 10675
5542 10674
5543 10673
5544 10672
5545 10671
5546 10670
5547 10669
5552 10176
5553 10175
5554 10174
5555 10173
5556 10172
5557 10171
5558 10170
5559 10169
5560 10168
5561 10167
5562 10166
5563 10165
5564 10164
5565 10163
5566 10162
5567 10161
5568 10160
5569 9849
5570 9848
5571 9847
5572 9846
5573 9845
5574 9844
5575 9843
5576 9842
5577 9962
5578 9961
5579 9960
5580 9959
5581 9958
5582 9957
5583 9956
5584 9955
5585 10295
5586 10294
5587 10293
5588 10292
5589 10291
5590 10290
5591 10289
5592 10288
5593 10287
5594 10286
5595 10285
5596 10284
5597 10283
5598 10282
5599 10281
5600 10280
5601 10279
5602 10278
5603 10277
5604 10276
5609 9038
5610 9037
5611 9036
5612 9035
5613 9034
5614 9033
5615 9032
5616 9031
5617 9030
5618 9029
5619 9368
5620 9367
5621 9366
5622 9365
5623 9364
5624 9363
5625 9362
5626 9223
5627 9222
5628 9221
5629 9220
5630 9219
5631 9218
5632 9217
5633 9216
5634 9215
5635 9214
5636 9213
5637 9212
5638 9211
5639 9210
5640 9209
5641 9208
5642 8960
5643 8959
5644 8958
5645 8957
5646 8956
5647 8955
5648 8954
5649 8953
5650 9013
5651 9012
5652 9011
5653 9010
5654 9009
5655 9008
5656 9007
5657 9006
5658 9005
5659 9004
5660 9003
5665 8519
5666 8518
5667 8517
5668 8516
5669 8515
5670 8514
5671 8513
5672 8512
5673 8511
5674 8510
5675 8509
5676 8508
5677 8507
5678 8506
5679 8505
5680 8504
5681 8503
5682 8502
5683 8501
5684 8168
5685 8167
5686 8166
5687 8165
5688 8164
5689 8163
5690 8162
5691 8161
5692 8020
5693 8019
5694 8018
5695 8017
5696 8016
5697 8015
5698 8014
5699 8013
5700 8604
5701 8603
5702 8602
5703 8601
5704 8600
5705 8599
5706 8598
5707 8597
5708 8596
5709 8595
5710 8594
5711 8593
5712 8592
5713 8591
5714 8590
5715 8589
5716 8588
5717 8587
5722 7499
5723 7498
5724 7497
5725 7496
5726 7495
5727 7494
5728 7493
5729 7492
5730 7491
5731 7490
5732 7489
5733 7488
5734 7218
5735 7217
5736 7216
5737 7215
5738 7214
5739 7213
5740 7212
5741 7211
5742 7624
5743 7623
5744 7622
5745 7621
5746 7620
5747 7619
5748 7618
5749 7617
5750 7616
5751 7615
5752 7614
5753 7613
5754 7612
5755 7611
5756 7610
5757 7609
5758 7253
5759 7252
5760 7251
5761 7250
5762 7249
5763 7248
5764 7247
5765 7246
5766 7245
5767 7244
5768 7243
5771 7730
5772 7729
5773 7728
5774 7727
5775 7726
5776 7725
5777 7724
5778 7723
5779 7722
5780 7721
5781 7720
5782 7879
5783 7878
5784 7877
5785 7876
5786 7875
5787 7874
5788 7873
5789 7872
5790 7632
5791 7631
5792 7630
5793 7629
5794 7628
5795 7627
5796 7626
5797 7625
5798 7210
5799 7209
5800 7208
5801 7207
5802 7206
5803 7205
5804 7204
5805 7203
5806 7202
5807 7201
5808 7200
5809 7199
5810 7198
5811 7197
5812 7196
5813 7195
5814 7194
5815 7193
5816 7192
5821 8586
5822 8585
5823 8584
5824 8583
5825 8582
5826 8581
5827 8580
5828 8579
5829 8578
5830 8577
5831 8612
5832 8611
5833 8610
5834 8609
5835 8608
5836 8607
5837 8606
5838 8605
5839 8012
5840 8011
5841 8010
5842 8009
5843 8008
5844 8007
5845 8006
5846 8005
5847 8004
5848 8003
5849 8002
5850 8001
5851 8000
5852 7999
5853 7998
5854 8686
5855 8685
5856 8684
5857 8683
5858 8682
5859 8681
5860 8680
5861 8679
5862 8646
5863 8645
5864 8644
5865 8643
5866 8642
5867 8641
5868 8640
5869 8639
5870 8638
5871 8637
5872 8636
5877 9162
5878 9161
5879 9160
5880 9159
5881 9158
5882 9157
5883 9156
5884 9155
5885 9154
5886 9153
5887 9152
5888 9151
5889 9150
5890 9149
5891 9148
5892 9147
5893 9146
5894 9145
5895 9144
5896 9556
5897 9555
5898 9554
5899 9553
5900 9552
5901 9551
5902 9550
5903 9549
5904 9231
5905 9230
5906 9229
5907 9228
5908 9227
5909 9226
5910 9225
5911 9224
5912 9361
5913 9360
5914 9359
5915 9358
5916 9357
5917 9356
5918 9355
5919 9354
5920 9353
5921 9352
5922 9351
5923 9350
5924 9349
5925 9348
5926 9347
5927 9346
5928 9345
5929 9344
5934 10275
5935 10274
5936 10273
5937 10272
5938 10271
5939 10270
5940 10269
5941 10268
5942 10267
5943 10266
5944 10265
5945 10264
5946 10303
5947 10302
5948 10301
5949 10300
5950 10299
5951 10298
5952 10297
5953 10296
5954 9954
5955 9953
5956 9952
5957 9951
5958 9950
5959 9949
5960 9948
5961 9947
5962 9946
5963 9945
5964 9944
5965 9943
5966 9942
5967 9941
5968 9940
5969 10345
5970 10344
5971 10343
5972 10342
5973 10341
5974 10340
5975 10339
5976 10338
5977 10337
5978 10336
5979 10335
5980 10334
5981 10333
5982 10332
5983 10331
5984 10330
5985 10329
5990 10925
5991 10924
5992 10923
5993 10922
5994 10921
5995 10920
5996 10919
5997 10918
5998 10917
5999 10916
6000 10915
6001 10914
6002 10913
6003 10912
6004 10911
6005 10910
6006 10909
6007 10908
6008 10907
6009 10906
6010 11223
6011 11222
6012 11221
6013 11220
6014 11219
6015 11218
6016 11217
6017 11216
6018 10833
6019 10832
6020 10831
6021 10830
6022 10829
6023 10828
6024 10827
6025 10826
6026 10706
6027 10705
6028 10704
6029 10703
6030 10702
6031 10701
6032 10700
6033 10699
6034 10698
6035 10697
6036 10696
6037 10695
6038 10694
6039 10693
6040 10692
6041 10691
6046 11936
6047 11935
6048 11934
6049 11933
6050 11932
6051 11931
6052 11930
6053 11929
6054 11928
6055 11927
6056 11926
6057 11925
6058 11924
6059 11923
6060 12015
6061 12014
6062 12013
6063 12012
6064 12011
6065 12010
6066 12009
6067 12008
6068 11505
6069 11504
6070 11503
6071 11502
6072 11501
6073 11500
6074 11499
6075 11498
6076 11497
6077 11496
6078 11495
6079 11494
6080 11493
6081 11492
6082 11491
6083 11951
6084 11950
6085 11949
6086 11948
6087 11947
6088 11946
6089 11945
6090 11944
6091 11943
6092 11942
6093 11941
6094 11940
6095 11939
6096 11938
6097 11937
6102 12492
6103 12491
6104 12490
6105 12489
6106 12488
6107 12487
6108 12486
6109 12459
6110 12458
6111 12457
6112 12456
6113 12455
6114 12454
6115 12453
6116 12452
6117 12451
6118 12450
6119 12449
6120 12448
6121 12447
6122 12446
6123 12445
6124 12890
6125 12889
6126 12888
6127 12887
6128 12886
6129 12885
6130 12884
6131 12883
6132 12372
6133 12371
6134 12370
6135 12369
6136 12368
6137 12367
6138 12366
6139 12365
6140 12506
6141 12505
6142 12504
6143 12503
6144 12502
6145 12501
6146 12500
6147 12499
6148 12498
6149 12497
6150 12496
6151 12495
6152 12494
6153 12493
6158 13586
6159 13585
6160 13584
6161 13583
6162 13582
6163 13581
6164 13580
6165 13579
6166 13377
6167 13376
6168 13375
6169 13374
6170 13373
6171 13372
6172 13371
6173 13370
6174 13676
6175 13675
6176 13674
6177 13673
6178 13672
6179 13671
6180 13670
6181 13669
6182 13098
6183 13097
6184 13096
6185 13095
6186 13094
6187 13093
6188 13092
6189 13091
6190 13090
6191 13089
6192 13088
6193 13087
6194 13086
6195 13085
6196 13084
6197 13597
6198 13596
6199 13595
6200 13594
6201 13593
6202 13592
6203 13591
6204 13590
6205 13589
6206 13588
6207 13587
6210 13608
6211 13607
6212 13606
6213 13605
6214 13604
6215 13603
6216 13602
6217 13601
6218 13600
6219 13599
6220 13598
6221 13083
6222 13082
6223 13081
6224 13080
6225 13079
6226 13078
6227 13077
6228 13076
6229 13194
6230 13193
6231 13192
6232 13191
6233 13190
6234 13189
6235 13188
6236 13187
6237 13393
6238 13392
6239 13391
6240 13390
6241 13389
6242 13388
6243 13387
6244 13386
6245 13385
6246 13384
6247 13383
6248 13382
6249 13381
6250 13380
6251 13379
6252 13378
6253 13578
6254 13577
6255 13576
6256 13575
6257 13574
6258 13573
6259 13572
6260 13571
6265 12795
6266 12794
6267 12793
6268 12792
6269 12791
6270 12790
6271 12789
6272 12788
6273 12787
6274 12786
6275 12785
6276 12784
6277 12783
6278 12906
6279 12905
6280 12904
6281 12903
6282 12902
6283 12901
6284 12900
6285 12899
6286 12898
6287 12897
6288 12896
6289 12895
6290 12894
6291 12893
6292 12892
6293 12891
6294 12444
6295 12443
6296 12442
6297 12441
6298 12440
6299 12439
6300 12438
6301 12437
6302 12743
6303 12742
6304 12741
6305 12740
6306 12739
6307 12738
6308 12737
6309 12736
6310 12761
6311 12760
6312 12759
6313 12758
6314 12757
6315 12756
6316 12755
6321 11966
6322 11965
6323 11964
6324 11963
6325 11962
6326 11961
6327 11960
6328 11959
6329 11958
6330 11957
6331 11956
6332 11955
6333 11954
6334 11953
6335 11952
6336 11490
6337 11489
6338 11488
6339 11487
6340 11486
6341 11485
6342 11484
6343 11483
6344 11598
6345 11597
6346 11596
6347 11595
6348 11594
6349 11593
6350 11592
6351 11591
6352 11308
6353 11307
6354 11306
6355 11305
6356 11304
6357 11303
6358 11302
6359 11301
6360 11300
6361 11299
6362 11298
6363 11297
6364 11296
6365 11295
6366 11294
6367 11293
6368 11292
6369 11291
6370 11290
6371 11289
6372 11288
6373 11287
6378 10997
6379 10996
6380 10995
6381 10994
6382 10993
6383 10992
6384 10991
6385 10990
6386 10989
6387 10988
6388 10987
6389 10986
6390 10985
6391 10984
6392 10983
6393 11239
6394 11238
6395 11237
6396 11236
6397 11235
6398 11234
6399 11233
6400 11232
6401 11231
6402 11230
6403 11229
6404 11228
6405 11227
6406 11226
6407 11225
6408 11224
6409 10905
6410 10904
6411 10903
6412 10902
6413 10901
6414 10900
6415 10899
6416 10898
6417 10957
6418 10956
6419 10955
6420 10954
6421 10953
6422 10952
6423 10951
6424 10950
6425 10949
6426 10948
6427 10947
6428 10946
6429 10945
6434 10362
6435 10361
6436 10360
6437 10359
6438 10358
6439 10357
6440 10356
6441 10355
6442 10354
6443 10353
6444 10352
6445 10351
6446 10350
6447 10349
6448 10348
6449 10347
6450 10346
6451 9939
6452 9938
6453 9937
6454 9936
6455 9935
6456 9934
6457 9933
6458 9932
6459 9670
6460 9669
6461 9668
6462 9667
6463 9666
6464 9665
6465 9664
6466 9663
6467 9770
6468 9769
6469 9768
6470 9767
6471 9766
6472 9765
6473 9764
6474 9763
6475 9762
6476 9761
6477 9760
6478 9759
6479 9758
6480 9757
6481 9756
6482 9755
6483 9754
6484 9753
6485 9752
6486 9751
6491 9343
6492 9342
6493 9341
6494 9340
6495 9339
6496 9338
6497 9337
6498 9336
6499 9335
6500 9334
6501 9089
6502 9088
6503 9087
6504 9086
6505 9085
6506 9084
6507 9083
6508 9572
6509 9571
6510 9570
6511 9569
6512 9568
6513 9567
6514 9566
6515 9565
6516 9564
6517 9563
6518 9562
6519 9561
6520 9560
6521 9559
6522 9558
6523 9557
6524 9143
6525 9142
6526 9141
6527 9140
6528 9139
6529 9138
6530 9137
6531 9136
6532 9318
6533 9317
6534 9316
6535 9315
6536 9314
6537 9313
6538 9312
6539 9311
6540 9310
6541 9309
6542 9308
6547 8705
6548 8704
6549 8703
6550 8702
6551 8701
6552 8700
6553 8699
6554 8698
6555 8697
6556 8696
6557 8695
6558 8694
6559 8693
6560 8692
6561 8691
6562 8690
6563 8689
6564 8688
6565 8687
6566 7997
6567 7996
6568 7995
6569 7994
6570 7993
6571 7992
6572 7991
6573 7990
6574 8268
6575 8267
6576 8266
6577 8265
6578 8264
6579 8263
6580 8262
6581 8261
6582 8089
6583 8088
6584 8087
6585 8086
6586 8085
6587 8084
6588 8083
6589 8082
6590 8081
6591 8080
6592 8079
6593 8078
6594 8077
6595 8076
6596 8075
6597 8074
6598 8073
6599 8072
6604 7778
6605 7777
6606 7776
6607 7775
6608 7774
6609 7773
6610 7772
6611 7771
6612 7770
6613 7769
6614 7768
6615 7767
6616 7526
6617 7525
6618 7524
6619 7523
6620 7522
6621 7521
6622 7520
6623 7519
6624 7895
6625 7894
6626 7893
6627 7892
6628 7891
6629 7890
6630 7889
6631 7888
6632 7887
6633 7886
6634 7885
6635 7884
6636 7883
6637 7882
6638 7881
6639 7880
6640 7719
6641 7718
6642 7717
6643 7716
6644 7715
6645 7714
6646 7713
6647 7712
6648 7781
6649 7780
6650 7779
6653 7847
6654 7846
6655 7845
6656 7844
6657 7843
6658 7842
6659 7841
6660 7840
6661 7839
6662 7838
6663 7837
6664 7836
6665 7835
6666 7834
6667 7833
6668 7832
6669 7831
6670 7830
6671 7829
6672 7903
6673 7902
6674 7901
6675 7900
6676 7899
6677 7898
6678 7897
6679 7896
6680 7518
6681 7517
6682 7516
6683 7515
6684 7514
6685 7513
6686 7512
6687 7511
6688 7510
6689 7509
6690 7508
6691 7507
6692 7506
6693 7505
6694 7504
6695 7503
6696 7502
6697 7501
6698 7500
6703 8746
6704 8745
6705 8744
6706 8743
6707 8742
6708 8741
6709 8740
6710 8739
6711 8738
6712 8737
6713 8097
6714 8096
6715 8095
6716 8094
6717 8093
6718 8092
6719 8091
6720 8090
6721 8260
6722 8259
6723 8258
6724 8257
6725 8256
6726 8255
6727 8254
6728 8253
6729 8252
6730 8251
6731 8250
6732 8249
6733 8248
6734 8247
6735 8246
6736 8245
6737 8244
6738 8243
6739 8242
6740 8241
6741 8240
6742 8239
6743 8238
6744 8757
6745 8756
6746 8755
6747 8754
6748 8753
6749 8752
6750 8751
6751 8750
6752 8749
6753 8748
6754 8747
6759 9459
6760 9458
6761 9457
6762 9456
6763 9455
6764 9454
6765 9453
6766 9452
6767 9451
6768 9450
6769 9449
6770 9448
6771 9447
6772 9446
6773 9445
6774 9444
6775 9443
6776 9442
6777 9441
6778 9440
6779 9439
6780 9438
6781 9437
6782 9436
6783 9435
6784 9434
6785 9433
6786 9580
6787 9579
6788 9578
6789 9577
6790 9576
6791 9575
6792 9574
6793 9573
6794 9082
6795 9081
6796 9080
6797 9079
6798 9078
6799 9077
6800 9076
6801 9075
6802 9074
6803 9073
6804 9072
6805 9071
6806 9070
6807 9069
6808 9068
6809 9067
6810 9066
6811 9065
6816 10439
6817 10438
6818 10437
6819 10436
6820 10435
6821 10434
6822 10433
6823 10432
6824 10431
6825 10430
6826 10429
6827 10428
6828 9778
6829 9777
6830 9776
6831 9775
6832 9774
6833 9773
6834 9772
6835 9771
6836 9662
6837 9661
6838 9660
6839 9659
6840 9658
6841 9657
6842 9656
6843 9655
6844 9654
6845 9653
6846 9652
6847 9651
6848 9650
6849 9649
6850 9648
6851 9647
6852 9646
6853 9645
6854 9644
6855 9643
6856 9642
6857 9641
6858 9640
6859 9639
6860 9638
6861 9637
6862 9636
6863 9635
6864 9634
6865 9633
6866 9632
6867 9631
6872 11176
6873 11175
6874 11174
6875 11173
6876 11172
6877 11171
6878 11170
6879 11169
6880 11168
6881 11167
6882 11166
6883 11165
6884 11164
6885 11163
6886 11162
6887 11161
6888 11160
6889 11159
6890 11158
6891 11157
6892 11156
6893 11155
6894 11154
6895 11153
6896 11152
6897 11151
6898 11150
6899 11149
6900 11247
6901 11246
6902 11245
6903 11244
6904 11243
6905 11242
6906 11241
6907 11240
6908 10982
6909 10981
6910 10980
6911 10979
6912 10978
6913 10977
6914 10976
6915 10975
6916 10974
6917 10973
6918 10972
6919 10971
6920 10970
6921 10969
6922 10968
6923 10967
6928 12104
6929 12103
6930 12102
6931 12101
6932 12100
6933 12099
6934 12098
6935 12097
6936 12096
6937 12095
6938 12094
6939 12093
6940 12092
6941 12091
6942 11316
6943 11315
6944 11314
6945 11313
6946 11312
6947 11311
6948 11310
6949 11309
6950 11590
6951 11589
6952 11588
6953 11587
6954 11586
6955 11585
6956 11584
6957 11583
6958 11582
6959 11581
6960 11580
6961 11579
6962 11578
6963 11577
6964 11576
6965 11575
6966 11574
6967 11573
6968 11572
6969 11571
6970 11570
6971 11569
6972 11568
6973 11567
6974 11566
6975 11565
6976 11564
6977 11563
6978 11562
6979 11561
6984 12768
6985 12767
6986 12766
6987 12765
6988 12764
6989 12763
6990 12762
6991 12735
6992 12734
6993 12733
6994 12732
6995 12731
6996 12730
6997 12729
6998 12728
6999 12727
7000 12726
7001 12725
7002 12724
7003 12723
7004 12722
7005 12721
7006 12720
7007 12719
7008 12718
7009 12717
7010 12716
7011 12715
7012 12714
7013 12713
7014 12914
7015 12913
7016 12912
7017 12911
7018 12910
7019 12909
7020 12908
7021 12907
7022 12782
7023 12781
7024 12780
7025 12779
7026 12778
7027 12777
7028 12776
7029 12775
7030 12774
7031 12773
7032 12772
7033 12771
7034 12770
7035 12769
7040 13747
7041 13746
7042 13745
7043 13744
7044 13743
7045 13742
7046 13741
7047 13740
7048 13739
7049 13738
7050 13737
7051 13736
7052 13735
7053 13734
7054 13733
7055 13732
7056 13401
7057 13400
7058 13399
7059 13398
7060 13397
7061 13396
7062 13395
7063 13394
7064 13186
7065 13185
7066 13184
7067 13183
7068 13182
7069 13181
7070 13180
7071 13179
7072 13178
7073 13177
7074 13176
7075 13175
7076 13174
7077 13173
7078 13172
7079 13171
7080 13170
7081 13169
7082 13168
7083 13167
7084 13166
7085 13165
7086 13164
7087 13163
7088 13162
7089 13161
7092 13041
7093 13040
7094 13039
7095 13038
7096 13037
7097 13036
7098 13035
7099 13034
7100 13033
7101 13032
7102 13031
7103 13030
7104 13029
7105 13067
7106 13066
7107 13065
7108 13064
7109 13063
7110 13062
7111 13061
7112 13060
7113 13417
7114 13416
7115 13415
7116 13414
7117 13413
7118 13412
7119 13411
7120 13410
7121 13409
7122 13408
7123 13407
7124 13406
7125 13405
7126 13404
7127 13403
7128 13402
7129 13731
7130 13730
7131 13729
7132 13728
7133 13727
7134 13726
7135 13725
7136 13724
7137 13723
7138 13722
7139 13721
7140 13720
7141 13719
