1 11289
2 11288
3 11287
4 11286
5 11285
6 11284
7 8
9 11281
10 11280
11 11279
12 11278
13 11277
14 11276
15 11275
16 11274
17 7791
18 7790
19 20
21 7787
22 7786
23 7785
24 7784
25 7783
26 7782
27 7781
28 7780
29 7779
30 31
32 7776
33 7775
34 7774
35 7773
36 7772
37 7771
38 7770
39 7769
40 7768
41 42
43 7765
44 7764
45 11319
46 11318
47 11317
48 11316
49 11315
50 11314
51 11313
52 11312
53 11311
54 11310
55 56
57 13222
58 13221
59 13220
60 13219
61 13218
62 13217
63 64
65 13214
66 13213
67 13212
68 13211
69 13210
70 71
72 13207
73 13206
74 13205
75 13204
76 77
78 13201
79 13200
80 13199
81 13198
82 13197
83 84
85 13194
86 13193
87 13192
88 13191
89 13190
90 91
92 13187
93 13186
94 13185
95 13184
96 97
98 13181
99 13180
100 13179
101 13178
102 13177
103 13176
104 13175
105 106
107 13172
108 13171
109 13170
110 13169
111 13168
112 113
114 13165
115 13164
116 13163
117 13162
118 13161
119 120
121 13158
122 13157
123 13156
124 13155
125 13154
126 13153
127 128
129 13150
130 13149
131 13148
132 13147
133 13146
134 135
136 13143
137 13142
138 13141
139 13140
140 13139
141 142
143 13136
144 13135
145 13134
146 13133
147 13132
148 13131
149 150
151 13128
152 13127
153 13126
154 13125
155 13124
156 13123
157 13122
158 13121
159 13120
160 13119
161 13118
162 163
164 13115
165 13114
166 13113
167 13112
168 13111
169 170
171 13108
172 13107
173 13106
174 13105
175 13104
176 13103
177 178
179 13100
180 13099
181 13098
182 13097
183 13096
184 12297
185 186
187 12294
188 12293
189 12292
190 12291
191 12290
192 12353
193 194
195 12350
196 12349
197 12348
198 12347
199 12346
200 12345
201 202
203 12342
204 12341
205 12340
206 12339
207 12338
208 12337
209 12336
210 12335
211 12334
212 12333
213 12332
214 215
216 9717
217 9716
218 9715
219 9714
220 9713
221 9712
222 223
224 9709
225 9708
226 9707
227 9706
228 9705
229 230
231 9702
232 9701
233 9700
234 9699
235 9698
236 9697
237 238
239 9694
240 9693
241 9692
242 9691
243 9690
244 9689
245 246
247 9686
248 9685
249 9684
250 9683
251 9682
252 9681
253 254
255 9466
256 9465
257 9464
258 9463
259 9462
260 9461
261 9460
262 9459
263 9458
264 265
266 9455
267 9454
268 9453
269 9452
270 9451
271 272
273 9448
274 9447
275 9446
276 9445
277 9444
278 9443
279 280
281 11928
282 11927
283 11926
284 11925
285 11924
286 287
288 11921
289 11920
290 11919
291 11960
292 11959
293 294
295 11956
296 11955
297 11954
298 11953
299 11952
300 301
302 11996
303 11995
304 11994
305 11993
306 11992
307 308
309 11989
310 11988
311 11987
312 11986
313 11985
314 11984
315 11983
316 11890
317 318
319 11887
320 11886
321 11885
322 11884
323 11883
324 325
326 11880
327 11879
328 11878
329 11877
330 331
332 11874
333 11873
334 11872
335 11871
336 337
338 11868
339 11867
340 11866
341 11865
342 343
344 11862
345 11861
346 11860
347 11859
348 349
350 11856
351 11855
352 11854
353 11853
354 355
356 11850
357 11849
358 11848
359 11847
360 11846
361 362
363 10544
364 10543
365 10542
366 10541
367 10540
368 10539
369 10538
370 10537
371 10536
372 10535
373 374
375 10532
376 10531
377 10530
378 10529
379 10528
380 10527
381 382
383 10524
384 10523
385 10522
386 10521
387 10520
388 10519
389 10518
390 391
392 10515
393 10514
394 10513
395 10512
396 10511
397 10510
398 10509
399 400
401 10506
402 10505
403 10504
404 10503
405 6764
406 6763
407 6762
408 6761
409 410
411 6758
412 6757
413 6756
414 6755
415 6754
416 6753
417 6752
420 6777
421 6776
422 6775
423 6774
424 6773
425 6772
426 6771
427 428
429 6768
430 6767
431 6766
432 6765
433 10586
434 10585
435 10584
436 10583
437 438
439 10580
440 10579
441 10578
442 10577
443 10576
444 10575
445 10574
446 447
448 10571
449 10570
450 10569
451 10568
452 10567
453 10566
454 10565
455 456
457 10562
458 10561
459 10560
460 10559
461 10558
462 10557
463 464
465 10554
466 10553
467 10552
468 10551
469 10550
470 10549
471 10548
472 10547
473 10546
474 10545
475 476
477 11841
478 11840
479 11839
480 11838
481 482
483 11835
484 11834
485 11833
486 11832
487 11831
488 489
490 11828
491 11228
492 11227
493 11226
494 495
496 11223
497 11222
498 11221
499 11220
500 501
502 11217
503 11216
504 12032
505 506
507 12029
508 12028
509 12027
510 12026
511 512
513 12023
514 12022
515 12021
516 12020
517 518
519 12017
520 12016
521 12015
522 12014
523 12013
524 12012
525 12011
526 12010
527 12009
528 12008
529 530
531 12005
532 12004
533 12003
534 12002
535 536
537 11999
538 11951
539 11950
540 11949
541 11948
542 543
544 11945
545 11944
546 11943
547 11942
548 11941
549 550
551 11938
552 11937
553 11936
554 11935
555 556
557 11932
558 11931
559 9442
560 9441
561 9440
562 563
564 9437
565 9436
566 9435
567 9434
568 9433
569 570
571 9430
572 9429
573 9428
574 9427
575 9426
576 9425
577 9424
578 9423
579 9422
580 9421
581 9420
582 583
584 9417
585 9416
586 9415
587 9414
588 9371
589 590
591 9368
592 9367
593 9366
594 9365
595 9364
596 9363
597 598
599 9360
600 9359
601 9358
602 9357
603 9356
604 605
606 9734
607 9733
608 9732
609 9731
610 9730
611 612
613 9727
614 9726
615 9725
616 9724
617 9723
618 619
620 9720
621 9719
622 9718
623 12329
624 12328
625 626
627 12325
628 12324
629 12323
630 12322
631 12321
632 12320
633 12319
634 12318
635 12317
636 637
638 12314
639 12313
640 12312
641 12311
642 12310
643 644
645 12307
646 12306
647 12305
648 12304
649 12303
650 651
652 12300
653 12299
654 12298
655 13095
656 13094
657 658
659 13091
660 13090
661 13089
662 9916
663 9915
664 665
666 9912
667 9911
668 9910
669 9909
670 9908
671 672
673 9905
674 9904
675 9903
676 9902
677 9901
678 679
680 10404
681 10403
682 10402
683 10401
684 10400
685 10399
686 10398
687 10397
688 10396
689 690
691 10393
692 10392
693 10391
694 10390
695 10389
696 697
698 10386
699 10385
700 10384
701 10383
702 703
704 10380
705 10379
706 10378
707 10377
708 10376
709 710
711 10373
712 10372
713 10371
714 10370
715 10369
716 717
718 10366
719 10365
720 8054
721 8053
722 8052
723 724
725 8049
726 8048
727 8047
728 8046
729 730
731 8043
732 8042
733 8041
734 8040
735 8039
736 8038
737 8037
738 8036
739 8035
740 8034
741 742
743 8031
744 8030
745 8029
746 8028
747 8027
748 749
750 8024
751 8023
752 8022
753 8021
754 755
756 8018
757 8017
758 8016
759 8015
760 761
762 8012
763 8011
764 8010
765 8009
766 767
768 8006
769 8005
770 8004
771 8003
772 8002
773 774
775 7999
776 7998
777 7997
778 7996
779 780
781 7993
782 7992
783 7991
784 7990
785 7989
786 7988
787 788
789 7985
790 7984
791 7983
792 7982
793 7981
794 7980
795 7979
796 7978
797 7977
798 799
800 7974
801 7973
802 7972
803 7971
804 7970
805 7969
806 7968
807 808
809 7806
810 7805
811 7804
812 7803
813 7802
814 7801
815 7800
816 7799
817 818
819 7796
820 7795
821 7794
822 7793
823 7792
824 11273
825 11272
826 11271
827 11270
828 829
830 11267
831 11266
832 11265
833 11264
834 11263
835 11262
836 11261
837 11260
838 839
840 11257
843 10116
844 10115
845 10114
846 10113
847 848
849 10110
850 10109
851 10108
852 10107
853 10106
854 10105
855 10104
856 10103
857 858
859 10100
860 10099
861 10098
862 10097
863 10096
864 10095
865 10094
866 10093
867 868
869 10090
870 10089
871 10088
872 10087
873 10086
874 10085
875 10084
876 10083
877 878
879 10080
880 10079
881 10078
882 10077
883 10076
884 10075
885 886
887 10072
888 10071
889 10070
890 10069
891 10068
892 10067
893 10066
894 10065
895 10064
896 10063
897 10062
898 10061
899 900
901 10058
902 10057
903 10056
904 10055
905 906
907 7261
908 7260
909 7259
910 7258
911 912
913 7255
914 7254
915 7253
916 7252
917 918
919 7249
920 7248
921 8098
922 8097
923 924
925 8094
926 8093
927 8092
928 8091
929 930
931 8088
932 8087
933 8086
934 8085
935 936
937 8082
938 8081
939 8080
940 8079
941 942
943 8076
944 8075
945 8074
946 8073
947 8072
948 8071
949 8070
950 951
952 8067
953 8066
954 8065
955 8064
956 8063
957 958
959 8060
960 8059
961 8058
962 8057
963 964
965 10364
966 10363
967 10362
968 10361
969 970
971 10358
972 10357
973 10356
974 7331
975 7330
976 977
978 7327
979 7326
980 7325
981 10432
982 983
984 10429
985 10428
986 10427
987 10426
988 989
990 10423
991 10422
992 10421
993 10420
994 10419
995 996
997 10416
998 10415
999 10414
1000 10413
1001 10412
1002 10411
1003 10410
1004 1005
1006 10407
1007 9900
1008 9899
1009 9898
1010 1011
1012 9895
1013 9894
1014 9893
1015 12445
1016 1017
1018 12442
1019 12441
1020 12440
1021 12439
1022 12438
1023 1024
1025 12435
1026 12434
1027 12433
1028 12432
1029 1030
1031 12429
1032 12428
1033 12427
1034 12426
1035 12425
1036 1037
1038 12422
1039 12421
1040 12420
1041 12419
1042 1043
1044 9771
1045 9770
1046 9769
1047 9768
1048 9767
1049 1050
1051 9764
1052 9763
1053 9762
1054 9761
1055 9760
1056 9759
1057 9758
1058 1059
1060 9755
1061 9754
1062 9753
1063 9752
1064 1065
1066 9749
1067 9748
1068 9747
1069 9746
1070 9745
1071 1072
1073 9742
1074 9741
1075 9740
1076 9739
1077 1078
1079 9736
1080 9735
1081 9353
1082 9352
1083 9351
1084 1085
1086 9348
1087 9347
1088 12657
1089 12656
1090 1091
1092 12653
1093 12652
1094 12651
1095 12650
1096 12649
1097 1098
1099 12646
1100 12645
1101 12644
1102 12643
1103 1104
1105 12640
1106 12639
1107 12638
1108 12637
1109 12636
1110 12635
1111 12634
1112 12633
1113 1114
1115 12630
1116 12629
1117 10190
1118 10189
1119 10188
1120 1121
1122 10185
1123 10184
1124 10183
1125 10182
1126 1127
1128 10179
1129 10178
1130 10654
1131 10653
1132 1133
1134 10650
1135 10649
1136 10648
1137 10647
1138 10646
1139 1140
1141 10643
1142 10642
1143 10641
1144 10640
1145 1146
1147 10637
1148 10636
1149 10635
1150 10634
1151 1152
1153 10631
1154 10630
1155 10629
1156 10628
1157 10627
1158 1159
1160 10624
1161 10623
1162 10622
1163 10621
1164 10620
1165 1166
1167 10617
1168 10616
1169 10615
1170 10614
1171 1172
1173 10611
1174 10610
1175 10609
1176 1177
1178 10606
1179 10605
1180 10604
1181 10603
1182 1183
1184 10600
1185 10599
1186 10598
1187 10597
1188 1189
1190 10594
1191 10593
1192 10592
1193 10591
1194 1195
1196 10588
1197 10587
1198 11827
1199 11826
1200 1201
1202 11823
1203 11822
1204 11821
1205 11820
1206 1207
1208 11817
1209 11816
1210 11815
1211 11814
1212 1213
1214 11811
1215 11810
1216 11809
1217 11808
1218 11807
1219 11806
1220 11805
1221 11804
1222 11803
1223 11802
1224 1225
1226 11799
1227 11798
1228 11797
1229 11796
1230 11795
1231 11794
1232 1233
1234 11791
1235 11790
1236 11789
1237 11788
1238 11787
1239 11786
1240 1241
1242 11783
1243 11782
1244 11781
1245 11780
1246 11779
1247 11778
1248 11777
1249 11776
1250 1251
1252 11773
1253 11772
1254 11771
1255 6909
1256 6908
1257 6907
1258 6906
1259 6905
1260 1261
1262 6902
1263 6901
1264 6900
1265 6899
1266 6898
1267 6897
1268 6896
1271 11050
1272 11049
1273 11048
1274 11047
1275 11046
1276 11045
1277 6917
1278 6916
1279 1280
1281 6913
1282 6912
1283 6911
1284 6910
1285 11770
1286 11769
1287 11768
1288 1289
1290 11765
1291 11764
1292 11763
1293 11762
1294 11761
1295 11760
1296 11759
1297 11758
1298 1299
1300 10764
1301 10763
1302 10762
1303 10761
1304 10760
1305 10759
1306 1307
1308 10756
1309 10755
1310 10754
1311 10753
1312 10752
1313 10751
1314 1315
1316 10748
1317 10747
1318 10746
1319 10745
1320 10744
1321 10743
1322 10742
1323 10741
1324 10740
1325 10739
1326 1327
1328 10736
1329 10735
1330 10734
1331 10733
1332 1333
1334 10730
1335 10729
1336 10728
1337 10727
1338 1339
1340 10724
1341 10723
1342 10722
1343 10721
1344 1345
1346 10718
1347 10717
1348 10716
1349 1350
1351 10713
1352 10712
1353 10711
1354 10710
1355 1356
1357 10707
1358 10706
1359 10705
1360 10704
1361 1362
1363 10701
1364 10700
1365 10699
1366 1367
1368 10696
1369 10695
1370 10694
1371 10693
1372 1373
1374 10690
1375 10689
1376 10688
1377 10687
1378 10686
1379 10685
1380 1381
1382 10682
1383 10681
1384 10680
1385 10679
1386 1387
1388 10676
1389 10675
1390 10674
1391 10673
1392 1393
1394 10670
1395 10669
1396 10668
1397 10667
1398 1399
1400 10664
1401 10663
1402 10662
1403 10661
1404 1405
1406 10658
1407 10657
1408 10656
1409 10655
1410 1411
1412 10175
1413 10174
1414 10173
1415 10172
1416 1417
1418 10169
1419 12691
1420 12690
1421 12689
1422 1423
1424 12686
1425 12685
1426 12684
1427 12683
1428 1429
1430 12680
1431 12679
1432 12678
1433 12677
1434 12676
1435 1436
1437 12673
1438 12672
1439 12671
1440 12670
1441 1442
1443 12667
1444 12666
1445 12665
1446 12664
1447 1448
1449 12661
1450 12660
1451 12659
1452 12658
1453 1454
1455 9344
1456 9343
1457 9342
1458 9341
1459 1460
1461 9338
1462 9337
1463 9336
1464 9335
1465 1466
1467 9332
1468 8476
1469 8475
1470 8474
1471 1472
1473 8471
1474 8470
1475 8469
1476 8468
1477 1478
1479 8465
1480 8464
1481 12491
1482 12490
1483 1484
1485 12487
1486 12486
1487 12485
1488 12484
1489 12483
1490 12482
1491 1492
1493 12479
1494 12478
1495 12477
1496 12476
1497 1498
1499 12473
1500 12472
1501 12471
1502 12470
1503 1504
1505 12467
1506 12466
1507 12465
1508 12464
1509 1510
1511 12461
1512 12460
1513 12459
1514 12458
1515 1516
1517 12455
1518 12454
1519 12453
1520 12452
1521 1522
1523 12449
1524 12448
1525 12447
1526 12446
1527 1528
1529 9890
1530 9889
1531 9888
1532 9887
1533 1534
1535 9884
1536 9883
1537 9882
1538 9881
1539 1540
1541 9878
1542 9877
1543 9876
1544 12983
1545 12982
1546 1547
1548 12979
1549 12978
1550 12977
1551 7349
1552 1553
1554 7346
1555 7345
1556 7344
1557 7343
1558 1559
1560 7340
1561 7339
1562 7338
1563 7337
1564 1565
1566 7334
1567 7333
1568 7332
1569 10355
1570 1571
1572 10352
1573 10351
1574 10350
1575 10349
1576 1577
1578 10346
1579 10345
1580 10344
1581 10343
1582 1583
1584 10340
1585 10339
1586 10338
1587 10337
1588 1589
1590 10334
1591 10333
1592 10332
1593 1594
1595 10329
1596 10328
1597 10327
1598 10326
1599 10325
1600 10324
1601 1602
1603 10321
1604 10320
1605 10319
1606 1607
1608 7534
1609 7533
1610 7532
1611 7531
1612 1613
1614 8107
1615 8106
1616 8105
1617 8104
1618 1619
1620 8101
1621 8100
1622 8099
1623 1624
1625 7245
1626 7244
1627 7243
1628 7242
1629 1630
1631 7239
1632 7238
1633 7237
1634 7236
1635 1636
1637 7233
1638 7232
1639 7231
1640 1641
1642 7228
1643 7227
1644 7226
1645 7225
1646 7224
1647 1648
1649 7221
1650 7220
1651 7219
1652 7218
1653 7217
1654 7216
1655 7215
1656 7214
1657 1658
1659 7211
1660 7210
1661 7209
1662 7208
1663 7207
1664 7206
1665 1666
1667 7203
1668 7202
1669 7201
1670 7200
1671 7199
1672 7198
1673 7197
1674 1675
1676 7194
1677 7193
1678 7192
1679 7191
1680 7190
1681 7189
1682 7188
1683 1684
1685 7185
1686 7184
1687 7183
1688 7182
1689 7181
1690 7180
1691 7028
1692 1693
1694 7025
1695 7024
1696 7023
1697 7022
1698 7021
1699 7020
1700 7019
1701 7018
1704 8380
1705 8379
1706 8378
1707 1708
1709 8375
1710 8374
1711 8373
1712 8372
1713 8371
1714 8370
1715 8369
1716 1717
1718 8366
1719 8365
1720 8364
1721 8363
1722 8362
1723 8253
1724 1725
1726 8250
1727 8249
1728 8248
1729 8247
1730 8246
1731 8245
1732 8244
1733 1734
1735 8241
1736 8240
1737 8239
1738 8238
1739 8237
1740 8236
1741 1742
1743 8233
1744 8232
1745 8231
1746 8230
1747 8229
1748 1749
1750 8226
1751 8225
1752 8224
1753 8223
1754 8222
1755 8221
1756 1757
1758 8218
1759 8217
1760 8216
1761 8215
1762 1763
1764 8212
1765 8211
1766 8210
1767 8209
1768 1769
1770 8206
1771 8205
1772 8204
1773 1774
1775 8201
1776 8200
1777 8199
1778 8198
1779 1780
1781 8195
1782 8194
1783 8193
1784 1785
1786 8115
1787 8114
1788 8113
1789 8112
1790 1791
1792 8109
1793 8108
1794 7528
1795 1796
1797 7525
1798 7524
1799 7523
1800 1801
1802 7520
1803 7519
1804 7518
1805 7517
1806 1807
1808 7514
1809 7513
1810 7512
1811 7511
1812 7510
1813 7509
1814 7508
1815 1816
1817 7505
1818 7504
1819 7503
1820 7502
1821 1822
1823 7499
1824 7498
1825 7497
1826 7496
1827 1828
1829 7493
1830 7492
1831 7375
1832 1833
1834 7372
1835 7371
1836 7370
1837 7369
1838 1839
1840 7366
1841 7365
1842 7364
1843 7363
1844 1845
1846 7360
1847 7359
1848 7358
1849 1850
1851 7355
1852 7354
1853 7353
1854 7352
1855 1856
1857 12976
1858 12975
1859 12974
1860 12973
1861 1862
1863 12970
1864 12969
1865 12968
1866 12967
1867 12966
1868 12965
1869 12964
1870 12963
1871 1872
1873 12960
1874 12959
1875 12958
1876 12957
1877 1878
1879 12954
1880 12953
1881 12952
1882 1883
1884 12949
1885 12948
1886 12947
1887 12946
1888 1889
1890 12943
1891 12942
1892 12941
1893 1894
1895 12938
1896 12937
1897 12936
1898 12935
1899 1900
1901 12932
1902 12931
1903 12930
1904 1905
1906 12927
1907 12926
1908 12925
1909 12924
1910 1911
1912 12921
1913 12920
1914 12919
1915 9167
1916 1917
1918 9164
1919 9163
1920 9162
1921 9161
1922 1923
1924 8418
1925 8417
1926 8416
1927 1928
1929 8413
1930 8412
1931 8411
1932 8410
1933 1934
1935 8407
1936 8406
1937 8405
1938 8404
1939 1940
1941 9331
1942 9330
1943 9329
1944 1945
1946 9326
1947 9325
1948 9324
1949 9323
1950 1951
1952 9320
1953 9319
1954 9318
1955 1956
1957 9315
1958 9314
1959 9313
1960 9312
1961 1962
1963 9309
1964 9308
1965 9307
1966 1967
1968 9304
1969 9303
1970 9302
1971 9301
1972 1973
1974 9298
1975 9297
1976 9296
1977 9295
1978 9294
1979 9293
1980 9292
1981 9291
1982 1983
1984 9288
1985 8780
1986 8779
1987 1988
1989 8776
1990 8775
1991 8774
1992 8773
1993 1994
1995 8770
1996 8769
1997 8768
1998 8767
1999 2000
2001 8569
2002 8568
2003 8567
2004 2005
2006 8564
2007 8563
2008 8562
2009 8561
2010 2011
2012 8558
2013 8557
2014 8556
2015 8555
2016 2017
2018 8552
2019 8551
2020 6662
2021 2022
2023 6659
2024 6658
2025 6657
2026 6656
2027 2028
2029 6653
2030 6652
2031 6651
2032 6650
2033 6649
2034 6648
2035 6647
2036 2037
2038 6644
2039 6643
2040 6642
2041 10872
2042 2043
2044 10869
2045 10868
2046 10867
2047 2048
2049 10864
2050 10863
2051 10862
2052 10861
2053 2054
2055 10858
2056 10857
2057 10856
2058 2059
2060 10853
2061 10852
2062 10811
2063 10810
2064 2065
2066 10807
2067 10806
2068 10805
2069 2070
2071 10802
2072 10801
2073 10800
2074 10799
2075 2076
2077 10796
2078 10795
2079 10794
2080 10793
2081 2082
2083 10790
2084 10789
2085 10788
2086 10787
2087 10786
2088 10785
2089 10784
2090 10783
2091 10782
2092 10781
2093 2094
2095 10778
2096 10777
2097 10776
2098 10775
2099 10774
2100 2101
2102 10771
2103 10770
2104 10769
2105 10768
2106 10767
2107 10766
2108 10765
2109 2110
2111 11753
2112 11752
2113 11751
2114 11750
2115 11749
2116 11748
2117 11747
2118 2119
2120 11744
2121 11743
2122 11742
2123 11741
2124 11740
2125 6924
2126 6923
2127 6922
2128 2129
2130 6919
2131 6918
2132 11044
2133 11043
2134 11042
2135 11041
2136 11040
2137 11039
2140 6937
2141 6936
2142 6935
2143 6934
2144 6933
2145 6932
2146 6931
2147 6930
2148 2149
2150 6927
2151 6926
2152 6925
2153 11739
2154 11738
2155 11737
2156 11736
2157 11735
2158 2159
2160 11732
2161 11731
2162 11730
2163 11729
2164 11728
2165 11727
2166 11726
2167 2168
2169 11723
2170 11722
2171 11721
2172 11720
2173 11719
2174 11718
2175 11717
2176 2177
2178 11714
2179 11713
2180 11712
2181 11711
2182 11710
2183 2184
2185 11707
2186 11706
2187 11705
2188 11704
2189 11703
2190 11702
2191 11701
2192 11700
2193 11699
2194 2195
2196 11696
2197 11695
2198 11694
2199 11693
2200 2201
2202 11690
2203 10824
2204 10823
2205 10822
2206 2207
2208 10819
2209 10818
2210 10817
2211 10816
2212 2213
2214 10813
2215 10812
2216 10851
2217 2218
2219 10848
2220 10847
2221 10846
2222 10845
2223 2224
2225 10884
2226 10883
2227 10882
2228 2229
2230 10879
2231 10878
2232 10877
2233 10876
2234 2235
2236 10873
2237 6683
2238 6682
2239 2240
2241 6679
2242 6678
2243 6677
2244 6676
2245 6675
2246 6674
2247 6673
2248 6672
2249 2250
2251 6669
2252 6668
2253 6667
2254 2255
2256 6664
2257 6663
2258 8550
2259 8549
2260 2261
2262 8546
2263 8545
2264 8544
2265 2266
2267 8583
2268 8582
2269 8581
2270 8580
2271 2272
2273 8577
2274 8576
2275 8575
2276 2277
2278 8572
2279 8766
2280 8765
2281 2282
2283 8762
2284 8761
2285 8760
2286 8759
2287 2288
2289 8756
2290 8755
2291 8754
2292 2293
2294 8751
2295 8750
2296 8749
2297 2298
2299 8746
2300 8745
2301 8744
2302 8743
2303 8742
2304 8741
2305 2306
2307 8738
2308 8737
2309 8736
2310 2311
2312 8733
2313 8732
2314 8731
2315 2316
2317 8728
2318 8727
2319 8726
2320 2321
2322 8723
2323 8722
2324 8721
2325 8720
2326 2327
2328 8717
2329 8716
2330 8715
2331 2332
2333 8712
2334 8711
2335 8710
2336 2337
2338 8707
2339 8706
2340 8705
2341 2342
2343 8702
2344 8701
2345 8700
2346 8699
2347 2348
2349 8696
2350 9181
2351 9180
2352 2353
2354 9177
2355 9176
2356 9175
2357 9174
2358 9173
2359 9172
2360 9171
2361 2362
2363 9168
2364 12918
2365 12917
2366 2367
2368 12914
2369 12913
2370 12912
2371 2372
2373 12909
2374 12908
2375 12907
2376 12906
2377 2378
2379 12903
2380 12902
2381 12901
2382 2383
2384 12898
2385 12897
2386 12896
2387 2388
2389 12893
2390 12892
2391 12891
2392 2393
2394 12888
2395 12887
2396 12886
2397 12885
2398 2399
2400 12882
2401 12881
2402 12880
2403 2404
2405 12877
2406 12876
2407 12875
2408 2409
2410 12872
2411 12871
2412 12870
2413 12869
2414 12868
2415 12867
2416 12866
2417 2418
2419 12863
2420 12862
2421 12861
2422 2423
2424 6703
2425 6702
2426 6701
2427 6700
2428 2429
2430 6697
2431 6696
2432 6695
2433 2434
2435 7389
2436 7388
2437 7387
2438 7386
2439 2440
2441 7383
2442 7382
2443 7381
2444 2445
2446 7378
2447 7377
2448 7376
2449 2450
2451 7489
2452 7488
2453 7487
2454 7486
2455 2456
2457 7483
2458 7482
2459 7481
2460 2461
2462 7478
2463 7477
2464 7476
2465 2466
2467 7473
2468 7472
2469 7471
2470 7470
2471 7469
2472 7468
2473 2474
2475 7465
2476 7464
2477 7463
2478 2479
2480 7460
2481 7459
2482 7458
2483 2484
2485 7455
2486 7454
2487 7453
2488 2489
2490 7450
2491 7449
2492 7448
2493 7447
2494 2495
2496 7444
2497 7443
2498 8939
2499 2500
2501 8936
2502 8935
2503 8934
2504 2505
2506 8931
2507 8930
2508 8929
2509 2510
2511 8926
2512 8925
2513 8924
2514 2515
2516 8921
2517 8920
2518 8919
2519 8918
2520 2521
2522 8915
2523 8914
2524 8913
2525 8912
2526 8911
2527 8910
2528 8909
2529 8908
2530 8907
2531 2532
2533 8904
2534 8903
2535 8902
2536 8901
2537 2538
2539 8898
2540 8897
2541 8896
2542 8895
2543 8894
2544 8893
2545 2546
2547 8890
2548 8889
2549 8888
2550 8887
2551 8886
2552 8885
2553 2554
2555 8882
2556 8881
2557 8880
2558 8879
2559 8878
2560 8877
2561 2562
2563 8874
2564 8873
2565 8872
2566 8871
2567 8870
2568 8869
2569 2570
2571 8866
2572 8865
2573 8864
2574 8863
2575 8862
2576 8861
2579 7004
2580 7003
2581 7002
2582 7001
2583 7000
2584 6999
2585 2586
2587 6996
2588 6995
2589 6994
2590 8333
2591 8332
2592 8331
2593 8330
2594 8329
2595 8328
2596 8327
2597 8326
2598 8325
2599 8324
2600 8323
2601 8322
2602 8321
2603 8320
2604 8319
2605 8318
2606 8317
2607 8316
2608 8315
2609 8314
2610 8313
2611 8312
2612 8311
2613 8310
2614 8309
2615 8308
2616 8307
2617 8306
2618 8305
2619 8304
2620 8303
2621 8302
2622 8301
2623 6983
2624 6982
2625 6981
2626 6980
2627 6979
2628 6978
2629 6977
2630 6976
2631 6975
2632 6974
2633 6973
2634 8954
2635 8953
2636 8952
2637 8951
2638 8950
2639 8949
2640 8948
2641 2642
2643 8945
2644 8944
2645 8943
2646 8942
2647 8941
2648 8940
2649 7442
2650 7441
2651 7440
2652 7439
2653 7438
2654 7437
2655 7436
2656 7435
2657 7434
2658 7433
2659 7432
2660 7431
2661 7430
2662 7429
2663 7428
2664 7427
2665 7426
2666 7425
2667 7424
2668 7423
2669 7422
2670 7421
2671 7420
2672 7419
2673 7418
2674 7417
2675 7416
2676 7415
2677 7414
2678 7413
2679 7412
2680 7411
2681 7410
2682 7409
2683 7408
2684 7407
2685 7406
2686 7405
2687 7404
2688 7403
2689 7402
2690 7401
2691 2692
2693 7398
2694 7397
2695 7396
2696 7395
2697 7394
2698 7393
2699 7392
2700 7391
2701 7390
2702 6692
2703 6691
2704 6690
2705 6689
2706 6688
2707 6687
2708 6686
2709 6685
2710 6684
2711 12858
2712 12857
2713 12856
2714 12855
2715 12854
2716 12853
2717 12852
2718 12851
2719 12850
2720 2721
2722 12847
2723 12846
2724 12845
2725 12844
2726 12843
2727 12842
2728 12841
2729 12840
2730 12839
2731 12838
2732 12837
2733 12836
2734 12835
2735 12834
2736 12833
2737 12832
2738 12831
2739 12830
2740 12829
2741 12828
2742 12827
2743 12826
2744 2745
2746 12823
2747 12822
2748 12821
2749 9207
2750 9206
2751 9205
2752 9204
2753 9203
2754 9202
2755 9201
2756 9200
2757 9199
2758 9198
2759 9197
2760 9196
2761 9195
2762 9194
2763 9193
2764 9192
2765 9191
2766 9190
2767 9189
2768 9188
2769 2770
2771 9185
2772 9184
2773 9183
2774 9182
2775 8695
2776 8694
2777 8693
2778 8692
2779 8691
2780 8690
2781 8689
2782 8688
2783 8687
2784 8686
2785 8685
2786 8684
2787 8683
2788 8682
2789 8681
2790 8680
2791 8679
2792 2793
2794 8676
2795 8675
2796 8674
2797 8673
2798 8672
2799 8671
2800 8670
2801 8669
2802 8668
2803 8667
2804 8666
2805 8665
2806 8664
2807 8663
2808 8662
2809 8661
2810 8660
2811 8659
2812 8658
2813 8657
2814 8656
2815 8655
2816 8654
2817 8653
2818 8652
2819 8651
2820 8650
2821 8649
2822 8648
2823 8605
2824 8604
2825 8603
2826 8602
2827 8601
2828 8600
2829 2830
2831 8597
2832 8596
2833 8595
2834 8594
2835 8593
2836 8592
2837 8591
2838 8590
2839 8589
2840 8588
2841 8587
2842 8586
2843 8585
2844 8584
2845 8541
2846 8540
2847 8539
2848 8538
2849 8537
2850 8536
2851 8535
2852 8534
2853 8533
2854 8532
2855 8531
2856 8530
2857 8529
2858 8528
2859 8527
2860 8526
2861 8525
2862 8524
2863 8523
2864 10900
2865 10899
2866 10898
2867 10897
2868 10896
2869 10895
2870 10894
2871 10893
2872 10892
2873 10891
2874 10890
2875 10889
2876 10888
2877 10887
2878 10886
2879 10885
2880 10842
2881 10841
2882 10840
2883 10839
2884 10838
2885 10837
2886 10836
2887 10835
2888 10834
2889 10833
2890 10832
2891 10831
2892 10830
2893 10829
2894 10828
2895 10827
2896 10826
2897 10825
2898 11689
2899 11688
2900 11687
2901 11686
2902 11685
2903 11684
2904 11683
2905 11682
2906 11681
2907 11680
2908 11679
2909 11678
2910 11677
2911 11676
2912 11675
2913 11674
2914 11673
2915 11672
2916 11671
2917 11670
2918 11669
2919 11668
2920 11667
2921 11666
2922 11665
2923 11664
2924 11663
2925 11662
2926 11661
2927 11660
2928 11659
2929 11658
2930 11657
2931 11656
2932 11655
2933 11654
2934 11653
2935 11652
2936 11651
2937 11650
2938 6957
2939 6956
2940 6955
2941 6954
2942 6953
2943 6952
2944 6951
2945 6950
2946 6949
2947 6948
2948 6947
2949 6946
2950 6945
2951 6944
2952 6943
2953 6942
2956 6972
2957 6971
2958 6970
2959 6969
2960 6968
2961 6967
2962 6966
2963 6965
2964 6964
2965 6963
2966 6962
2967 6961
2968 6960
2969 6959
2970 6958
2971 11649
2972 11648
2973 11647
2974 11646
2975 11645
2976 11644
2977 11643
2978 11642
2979 11641
2980 11640
2981 11639
2982 11638
2983 11637
2984 11636
2985 11635
2986 11634
2987 11633
2988 11632
2989 11631
2990 11630
2991 11629
2992 11628
2993 11627
2994 11626
2995 11625
2996 11624
2997 11623
2998 11622
2999 11621
3000 11620
3001 11619
3002 11618
3003 11617
3004 11616
3005 11615
3006 11614
3007 11613
3008 11612
3009 11611
3010 11610
3011 10922
3012 10921
3013 10920
3014 10919
3015 10918
3016 10917
3017 10916
3018 10915
3019 10914
3020 10913
3021 10912
3022 10911
3023 10910
3024 10909
3025 10908
3026 10907
3027 10906
3028 10905
3029 10904
3030 10903
3031 10902
3032 10901
3033 8522
3034 8521
3035 8520
3036 8519
3037 8518
3038 8517
3039 8516
3040 8515
3041 8514
3042 8513
3043 8512
3044 8511
3045 8510
3046 8509
3047 8508
3048 8507
3049 8506
3050 8505
3051 8504
3052 8503
3053 8619
3054 8618
3055 8617
3056 8616
3057 8615
3058 8614
3059 8613
3060 8612
3061 8611
3062 8610
3063 8609
3064 8608
3065 8607
3066 8606
3067 8647
3068 8646
3069 8645
3070 8644
3071 8643
3072 8642
3073 8641
3074 9263
3075 9262
3076 9261
3077 9260
3078 9259
3079 9258
3080 9257
3081 9256
3082 9255
3083 9254
3084 9253
3085 9252
3086 9251
3087 9250
3088 9249
3089 9248
3090 9247
3091 9246
3092 9245
3093 9244
3094 9243
3095 9242
3096 9241
3097 9240
3098 9239
3099 9238
3100 9237
3101 9236
3102 9235
3103 9234
3104 9233
3105 9232
3106 9231
3107 9230
3108 9229
3109 9228
3110 9227
3111 9226
3112 9225
3113 9224
3114 9223
3115 9222
3116 9221
3117 9220
3118 9219
3119 9218
3120 9217
3121 9216
3122 9215
3123 9214
3124 9213
3125 9212
3126 9211
3127 9210
3128 9209
3129 9208
3130 12820
3131 12819
3132 12818
3133 12817
3134 12816
3135 12815
3136 12814
3137 12813
3138 12812
3139 12811
3140 12810
3141 12809
3142 12808
3143 12807
3144 12806
3145 12805
3146 12804
3147 12803
3148 9030
3149 9029
3150 9028
3151 9027
3152 9026
3153 9025
3154 9024
3155 9023
3156 9022
3157 9021
3158 9020
3159 9019
3160 9018
3161 9017
3162 9016
3163 9015
3164 9014
3165 9013
3166 9012
3167 9011
3168 9010
3169 9009
3170 9008
3171 9007
3172 9006
3173 9005
3174 9004
3175 9003
3176 9002
3177 9001
3178 9000
3179 8999
3180 8998
3181 8997
3182 8996
3183 8995
3184 8994
3185 8993
3186 8992
3187 8991
3188 8990
3189 8989
3190 8988
3191 8987
3192 8986
3193 8985
3194 8984
3195 8983
3196 8982
3197 8981
3198 8980
3199 8979
3200 8978
3201 8977
3202 8976
3203 8975
3204 8974
3205 8973
3206 8972
3207 8971
3208 8970
3209 8969
3210 8968
3211 8967
3212 8966
3213 8965
3214 8964
3215 8963
3216 8962
3217 8961
3218 8960
3219 8959
3220 8958
3221 8957
3222 8956
3223 8955
3224 6993
3225 6992
3226 6991
3227 6990
3228 6989
3229 6988
3230 6987
3231 6986
3232 6985
3233 6984
3234 8300
3235 8299
3236 8298
3237 8297
3238 8296
3239 8295
3240 8294
3241 8293
3242 8292
3243 8291
3244 8290
3245 8289
3246 8288
3247 8287
3248 8286
3249 8285
3250 8284
3251 8283
3252 8282
3253 8281
3254 8343
3255 8342
3256 8341
3257 8340
3258 8339
3259 8338
3260 8337
3261 8336
3262 8335
3263 8334
3264 7017
3265 7016
3266 7015
3267 7014
3268 7013
3269 7012
3270 7011
3271 7010
3272 7009
3275 8401
3276 8400
3277 8399
3278 8398
3279 8397
3280 8396
3281 8395
3282 8394
3283 8353
3284 8352
3285 8351
3286 8350
3287 8349
3288 8348
3289 8347
3290 8346
3291 8345
3292 8344
3293 8280
3294 8279
3295 8278
3296 8277
3297 8276
3298 8275
3299 8274
3300 8273
3301 8272
3302 8271
3303 8270
3304 7142
3305 7141
3306 7140
3307 7139
3308 7138
3309 7137
3310 7136
3311 7135
3312 7134
3313 7133
3314 7132
3315 7131
3316 7130
3317 7129
3318 7128
3319 7127
3320 7126
3321 7125
3322 7124
3323 8174
3324 8173
3325 8172
3326 8171
3327 8170
3328 8169
3329 8168
3330 8167
3331 8166
3332 8165
3333 8164
3334 8163
3335 8162
3336 8161
3337 8160
3338 8159
3339 8158
3340 8157
3341 8156
3342 8155
3343 8154
3344 8153
3345 8152
3346 8151
3347 8150
3348 8149
3349 8148
3350 8147
3351 8146
3352 8145
3353 8144
3354 8143
3355 8142
3356 8141
3357 9070
3358 9069
3359 9068
3360 9067
3361 9066
3362 9065
3363 9064
3364 9063
3365 9062
3366 9061
3367 9060
3368 9059
3369 9058
3370 9057
3371 9056
3372 9055
3373 9054
3374 9053
3375 9052
3376 9051
3377 9050
3378 9049
3379 9048
3380 9047
3381 9046
3382 9045
3383 9044
3384 9043
3385 9042
3386 9041
3387 9040
3388 9039
3389 9038
3390 9037
3391 9036
3392 9035
3393 9034
3394 9033
3395 9032
3396 9031
3397 12802
3398 12801
3399 12800
3400 12799
3401 12798
3402 12797
3403 12796
3404 12795
3405 12794
3406 12793
3407 12792
3408 12791
3409 12790
3410 12789
3411 12788
3412 12787
3413 12786
3414 12785
3415 12784
3416 12783
3417 12782
3418 12781
3419 12780
3420 12779
3421 12778
3422 12777
3423 12776
3424 12775
3425 12774
3426 12773
3427 12772
3428 12771
3429 12770
3430 12769
3431 12768
3432 12767
3433 12766
3434 12765
3435 12764
3436 12763
3437 12762
3438 12761
3439 12760
3440 12759
3441 12758
3442 12757
3443 12756
3444 12755
3445 12754
3446 12753
3447 12752
3448 12751
3449 12750
3450 12749
3451 12748
3452 12747
3453 12746
3454 12745
3455 12744
3456 12743
3457 12742
3458 12741
3459 12740
3460 12739
3461 12738
3462 9271
3463 9270
3464 9269
3465 9268
3466 9267
3467 9266
3468 9265
3469 9264
3470 8640
3471 8639
3472 8638
3473 8637
3474 8636
3475 8635
3476 8634
3477 8633
3478 8632
3479 8631
3480 8630
3481 8629
3482 8628
3483 8627
3484 8626
3485 8625
3486 8624
3487 8623
3488 8622
3489 8621
3490 8620
3491 8502
3492 8501
3493 8500
3494 8499
3495 8498
3496 8497
3497 8496
3498 8495
3499 8494
3500 8493
3501 8492
3502 8491
3503 8490
3504 8489
3505 8488
3506 8487
3507 8486
3508 8485
3509 8484
3510 8483
3511 8482
3512 8481
3513 8480
3514 8479
3515 8478
3516 8477
3517 10938
3518 10937
3519 10936
3520 10935
3521 10934
3522 10933
3523 10932
3524 10931
3525 10930
3526 10929
3527 10928
3528 10927
3529 10926
3530 10925
3531 10924
3532 10923
3533 11609
3534 11608
3535 11607
3536 11606
3537 11605
3538 11604
3539 11603
3540 11602
3541 11601
3542 11600
3543 11599
3544 11598
3545 11597
3546 11596
3547 11595
3548 11594
3549 11593
3550 11592
3551 11591
3552 11590
3553 11589
3554 11588
3555 11587
3556 11586
3557 11585
3558 11584
3559 11583
3560 11582
3561 11581
3562 11580
3563 11579
3564 11578
3565 11577
3566 11576
3567 11575
3568 11574
3569 11573
3570 11572
3571 11571
3572 11570
3573 11569
3574 11568
3575 11567
3576 11566
3577 11565
3578 11564
3579 11563
3580 11562
3581 11561
3582 11560
3583 11559
3584 11558
3585 11557
3586 11556
3587 11555
3590 11034
3591 11033
3592 11032
3593 11031
3594 11030
3595 11029
3596 11028
3597 11027
3598 11026
3599 11025
3600 11024
3601 11023
3602 11022
3603 11021
3604 11020
3605 11019
3606 11018
3607 11017
3608 11016
3609 11015
3610 11014
3611 11013
3612 11012
3613 11011
3614 11010
3615 11009
3616 11008
3617 11007
3618 11006
3619 11005
3620 11004
3621 11003
3622 11002
3623 11001
3624 11000
3625 10999
3626 10998
3627 10997
3628 10996
3629 10995
3630 10994
3631 10993
3632 10992
3633 10991
3634 10990
3635 10989
3636 10988
3637 10987
3638 10986
3639 10985
3640 10984
3641 10983
3642 10982
3643 10981
3644 10980
3645 10979
3646 10978
3647 10977
3648 10976
3649 10975
3650 10974
3651 10973
3652 10972
3653 10971
3654 10970
3655 10969
3656 10968
3657 10967
3658 10966
3659 10965
3660 10964
3661 10963
3662 10962
3663 10961
3664 10960
3665 10959
3666 8835
3667 8834
3668 8833
3669 8832
3670 8831
3671 8830
3672 8829
3673 8828
3674 8827
3675 8826
3676 8825
3677 8824
3678 8823
3679 8822
3680 8821
3681 8820
3682 8819
3683 8818
3684 8817
3685 8816
3686 8815
3687 8814
3688 8813
3689 8812
3690 8811
3691 8810
3692 8809
3693 8808
3694 8807
3695 8806
3696 8805
3697 8804
3698 8803
3699 8802
3700 8801
3701 8800
3702 8799
3703 8798
3704 8797
3705 8796
3706 8795
3707 8794
3708 8793
3709 8792
3710 8791
3711 8790
3712 8789
3713 8788
3714 8787
3715 8786
3716 8785
3717 8784
3718 8783
3719 8782
3720 8781
3721 9287
3722 9286
3723 9285
3724 9284
3725 9283
3726 9282
3727 9281
3728 9280
3729 9279
3730 9278
3731 9277
3732 9276
3733 9275
3734 9274
3735 9273
3736 9272
3737 12737
3738 12736
3739 12735
3740 12734
3741 12733
3742 12732
3743 12731
3744 12730
3745 12729
3746 12728
3747 12727
3748 12726
3749 12725
3750 8444
3751 8443
3752 8442
3753 8441
3754 8440
3755 8439
3756 8438
3757 8437
3758 8436
3759 8435
3760 8434
3761 8433
3762 8432
3763 8431
3764 3765
3766 8428
3767 8427
3768 8426
3769 8425
3770 8424
3771 8423
3772 8422
3773 8421
3774 9160
3775 9159
3776 9158
3777 9157
3778 9156
3779 9155
3780 9154
3781 9153
3782 9152
3783 9151
3784 9150
3785 9149
3786 9148
3787 9147
3788 9146
3789 9145
3790 9144
3791 9143
3792 9142
3793 9141
3794 9140
3795 9139
3796 9138
3797 9137
3798 9136
3799 9135
3800 9134
3801 9133
3802 9132
3803 9131
3804 9130
3805 9129
3806 9128
3807 9127
3808 9126
3809 9125
3810 9124
3811 3812
3813 9121
3814 9120
3815 9119
3816 9118
3817 9117
3818 9116
3819 9115
3820 9114
3821 9113
3822 9112
3823 9111
3824 9110
3825 9109
3826 9108
3827 9107
3828 9106
3829 9105
3830 9104
3831 9103
3832 9102
3833 9101
3834 9100
3835 9099
3836 9098
3837 9097
3838 9096
3839 9095
3840 9094
3841 9093
3842 9092
3843 9091
3844 9090
3845 9089
3846 9088
3847 9087
3848 9086
3849 9085
3850 9084
3851 9083
3852 9082
3853 9081
3854 9080
3855 9079
3856 9078
3857 9077
3858 9076
3859 9075
3860 9074
3861 9073
3862 9072
3863 9071
3864 8140
3865 8139
3866 8138
3867 8137
3868 8136
3869 8135
3870 8134
3871 8133
3872 8132
3873 8131
3874 8130
3875 8129
3876 8128
3877 8127
3878 8126
3879 8125
3880 8124
3881 8123
3882 8122
3883 8121
3884 8120
3885 8119
3886 8118
3887 8117
3888 8116
3889 8190
3890 8189
3891 8188
3892 8187
3893 8186
3894 8185
3895 8184
3896 8183
3897 8182
3898 8181
3899 8180
3900 8179
3901 8178
3902 8177
3903 8176
3904 8175
3905 7123
3906 7122
3907 7121
3908 7120
3909 7119
3910 7118
3911 7117
3912 7116
3913 7115
3914 7114
3915 7113
3916 7112
3917 7111
3918 7110
3919 7149
3920 7148
3921 7147
3922 7146
3923 7145
3924 7144
3925 7143
3926 8269
3927 8268
3928 8267
3929 8266
3930 8265
3931 8264
3932 8263
3933 8262
3934 8261
3935 8260
3936 8259
3937 8258
3938 8257
3939 8256
3940 8255
3941 8254
3942 8361
3943 8360
3944 8359
3945 8358
3946 8357
3947 8356
3948 8355
3949 8354
3950 8393
3951 8392
3952 8391
3953 8390
3954 8389
3955 8388
3956 8387
3957 8386
3958 8385
3961 7038
3962 7037
3963 7036
3964 7035
3965 7034
3966 7033
3967 7032
3968 7031
3969 7030
3970 7029
3971 7179
3972 7178
3973 7177
3974 7176
3975 7175
3976 7174
3977 7173
3978 7172
3979 7171
3980 7170
3981 7169
3982 7168
3983 7167
3984 7166
3985 7165
3986 7164
3987 7163
3988 7162
3989 7161
3990 7160
3991 7159
3992 7158
3993 7157
3994 7156
3995 7155
3996 7154
3997 7153
3998 7152
3999 7151
4000 7150
4001 7109
4002 7108
4003 7107
4004 7106
4005 7105
4006 7104
4007 7103
4008 7102
4009 7101
4010 7100
4011 7099
4012 7098
4013 7097
4014 7096
4015 7095
4016 7094
4017 7093
4018 7559
4019 7558
4020 7557
4021 7556
4022 7555
4023 7554
4024 7553
4025 7552
4026 7551
4027 7550
4028 7549
4029 7548
4030 7547
4031 7546
4032 7545
4033 7544
4034 7543
4035 7542
4036 7541
4037 7540
4038 7539
4039 7538
4040 7537
4041 7536
4042 7535
4043 10316
4044 10315
4045 10314
4046 10313
4047 10312
4048 10311
4049 10310
4050 10309
4051 10308
4052 10307
4053 10306
4054 10305
4055 10304
4056 10303
4057 10302
4058 10301
4059 10300
4060 10299
4061 10298
4062 10297
4063 10296
4064 10295
4065 10294
4066 10293
4067 10292
4068 10291
4069 10290
4070 13009
4071 13008
4072 13007
4073 13006
4074 13005
4075 13004
4076 13003
4077 13002
4078 13001
4079 13000
4080 12999
4081 12998
4082 12997
4083 12996
4084 12995
4085 12994
4086 12993
4087 12992
4088 12991
4089 12990
4090 12989
4091 12988
4092 12987
4093 12986
4094 12985
4095 12984
4096 9875
4097 9874
4098 9873
4099 9872
4100 9871
4101 9870
4102 9869
4103 9868
4104 9867
4105 9866
4106 9865
4107 9864
4108 9863
4109 9862
4110 9861
4111 9860
4112 9859
4113 9858
4114 9857
4115 9856
4116 9855
4117 9854
4118 9853
4119 9852
4120 9851
4121 9850
4122 9849
4123 9848
4124 9847
4125 9846
4126 9845
4127 9844
4128 9843
4129 9842
4130 9841
4131 9840
4132 9839
4133 9838
4134 12506
4135 12505
4136 12504
4137 12503
4138 12502
4139 12501
4140 12500
4141 12499
4142 12498
4143 12497
4144 12496
4145 12495
4146 12494
4147 12493
4148 12492
4149 8463
4150 8462
4151 8461
4152 8460
4153 8459
4154 8458
4155 8457
4156 8456
4157 8455
4158 8454
4159 8453
4160 8452
4161 8451
4162 8450
4163 8449
4164 8448
4165 8447
4166 8446
4167 8445
4168 12724
4169 12723
4170 12722
4171 12721
4172 12720
4173 12719
4174 12718
4175 12717
4176 12716
4177 12715
4178 12714
4179 12713
4180 12712
4181 12711
4182 12710
4183 12709
4184 12708
4185 12707
4186 12706
4187 12705
4188 12704
4189 12703
4190 12702
4191 12701
4192 12700
4193 12699
4194 12698
4195 12697
4196 12696
4197 12695
4198 12694
4199 12693
4200 12692
4201 10168
4202 10167
4203 10166
4204 10165
4205 10164
4206 10163
4207 10162
4208 10161
4209 10160
4210 10159
4211 10158
4212 10157
4213 10156
4214 10155
4215 10154
4216 10153
4217 10152
4218 10151
4219 10150
4220 10149
4221 10148
4222 10147
4223 10146
4224 10145
4225 10144
4226 10143
4227 10142
4228 10141
4229 10140
4230 10139
4231 10138
4232 10137
4233 10136
4234 10135
4235 8852
4236 8851
4237 8850
4238 8849
4239 8848
4240 8847
4241 8846
4242 8845
4243 8844
4244 8843
4245 8842
4246 8841
4247 8840
4248 8839
4249 8838
4250 8837
4251 8836
4252 10958
4253 10957
4254 10956
4255 10955
4256 10954
4257 10953
4258 10952
4259 10951
4260 11122
4261 11121
4262 11120
4263 11119
4264 11118
4265 11117
4266 11116
4267 11115
4268 11114
4269 11113
4270 11112
4271 11111
4272 11110
4273 11109
4274 11108
4275 11107
4276 11106
4277 11105
4278 11104
4279 11103
4280 11102
4281 11101
4282 11100
4283 11099
4284 11098
4285 11097
4286 11096
4287 11095
4288 11094
4289 11093
4290 11092
4291 11091
4292 11090
4293 11089
4294 11088
4295 11087
4296 11086
4297 11085
4298 11084
4299 11083
4300 11082
4301 11081
4302 11080
4303 11079
4304 11078
4305 11077
4306 11076
4307 11075
4308 11074
4309 11073
4310 11072
4311 11071
4312 11070
4313 11069
4314 11068
4315 11067
4316 11066
4317 11065
4318 11064
4319 11063
4320 11062
4321 11061
4322 11060
4323 11059
4324 11058
4325 11057
4326 11056
4327 11055
4330 11550
4331 11549
4332 11548
4333 11547
4334 11546
4335 11545
4336 11544
4337 11543
4338 11542
4339 11541
4340 11540
4341 11539
4342 11538
4343 11537
4344 11536
4345 11535
4346 11534
4347 11533
4348 11532
4349 11531
4350 11530
4351 11529
4352 11528
4353 11527
4354 11526
4355 11525
4356 11524
4357 11523
4358 11522
4359 11521
4360 11520
4361 11519
4362 11518
4363 11517
4364 11147
4365 11146
4366 11145
4367 11144
4368 11143
4369 11142
4370 11141
4371 11140
4372 11139
4373 11138
4374 11137
4375 11136
4376 11135
4377 11134
4378 11133
4379 11132
4380 11131
4381 11130
4382 11129
4383 11128
4384 11127
4385 11126
4386 11125
4387 11124
4388 11123
4389 10950
4390 10949
4391 10948
4392 10947
4393 10946
4394 10945
4395 10944
4396 10943
4397 10942
4398 10941
4399 10940
4400 10939
4401 8860
4402 8859
4403 8858
4404 8857
4405 8856
4406 8855
4407 8854
4408 8853
4409 10134
4410 10133
4411 10132
4412 10131
4413 10130
4414 10129
4415 10128
4416 10127
4417 10126
4418 10125
4419 10124
4420 10123
4421 10122
4422 10121
4423 10120
4424 10119
4425 10118
4426 10117
4427 12572
4428 12571
4429 12570
4430 12569
4431 12568
4432 12567
4433 12566
4434 12565
4435 12564
4436 12563
4437 12562
4438 12561
4439 12560
4440 12559
4441 12558
4442 12557
4443 12556
4444 12555
4445 12554
4446 12553
4447 12552
4448 12551
4449 12550
4450 12549
4451 12548
4452 12547
4453 12546
4454 12545
4455 12544
4456 12543
4457 12542
4458 12541
4459 12540
4460 12539
4461 12538
4462 12537
4463 12536
4464 12535
4465 12534
4466 12533
4467 12532
4468 12531
4469 12530
4470 12529
4471 12528
4472 12527
4473 12526
4474 12525
4475 12524
4476 12523
4477 12522
4478 12521
4479 12520
4480 12519
4481 12518
4482 12517
4483 12516
4484 12515
4485 12514
4486 12513
4487 12512
4488 12511
4489 12510
4490 12509
4491 12508
4492 12507
4493 9837
4494 9836
4495 9835
4496 9834
4497 9833
4498 9832
4499 9831
4500 9830
4501 9829
4502 9828
4503 9827
4504 9826
4505 9825
4506 9824
4507 9823
4508 9822
4509 9821
4510 9820
4511 9819
4512 13042
4513 13041
4514 13040
4515 13039
4516 13038
4517 13037
4518 13036
4519 13035
4520 13034
4521 13033
4522 13032
4523 13031
4524 13030
4525 13029
4526 13028
4527 13027
4528 13026
4529 13025
4530 13024
4531 13023
4532 13022
4533 13021
4534 13020
4535 13019
4536 13018
4537 13017
4538 13016
4539 13015
4540 13014
4541 13013
4542 13012
4543 13011
4544 13010
4545 10289
4546 10288
4547 10287
4548 10286
4549 10285
4550 10284
4551 10283
4552 10282
4553 10281
4554 7593
4555 7592
4556 7591
4557 7590
4558 7589
4559 7588
4560 7587
4561 7586
4562 7585
4563 7584
4564 7583
4565 7582
4566 7581
4567 7580
4568 7579
4569 7578
4570 7577
4571 7576
4572 7575
4573 7574
4574 7573
4575 7572
4576 7571
4577 7570
4578 7569
4579 7568
4580 7567
4581 7566
4582 7565
4583 7564
4584 7563
4585 7562
4586 7561
4587 7560
4588 7092
4589 7091
4590 7090
4591 7089
4592 7088
4593 7087
4594 7086
4595 7085
4596 7084
4597 7083
4598 7082
4599 7081
4600 7080
4601 7079
4602 7078
4603 7077
4604 7076
4605 7075
4606 7074
4607 7073
4608 7072
4609 7071
4610 7070
4611 7069
4612 7068
4613 7067
4614 7066
4615 7065
4616 7064
4617 7063
4618 7062
4619 7061
4620 7060
4621 7059
4622 7058
4623 7057
4624 7056
4625 7055
4626 7054
4627 7053
4628 7052
4629 7051
4630 7050
4631 7049
4632 7048
4633 7047
4634 7046
4635 7045
4636 7044
4637 7043
4640 10498
4641 10497
4642 10496
4643 10495
4644 10494
4645 10493
4646 10492
4647 10491
4648 10490
4649 7928
4650 7927
4651 7926
4652 7925
4653 7924
4654 7923
4655 7922
4656 7921
4657 7920
4658 7919
4659 7918
4660 7917
4661 7916
4662 7915
4663 7914
4664 7913
4665 7912
4666 7911
4667 7910
4668 7909
4669 7908
4670 7907
4671 7906
4672 7905
4673 7904
4674 7903
4675 7902
4676 7901
4677 7900
4678 7899
4679 7898
4680 7897
4681 7896
4682 7895
4683 7894
4684 7893
4685 7892
4686 7891
4687 7890
4688 7889
4689 7888
4690 7887
4691 7886
4692 7885
4693 7884
4694 7883
4695 7882
4696 7881
4697 7880
4698 7879
4699 7878
4700 7877
4701 7876
4702 7875
4703 7874
4704 7611
4705 7610
4706 7609
4707 7608
4708 7607
4709 7606
4710 7605
4711 7604
4712 7603
4713 7602
4714 7601
4715 7600
4716 7599
4717 7598
4718 7597
4719 7596
4720 7595
4721 7594
4722 10479
4723 10478
4724 10477
4725 10476
4726 10475
4727 10474
4728 10473
4729 10472
4730 10471
4731 10470
4732 10469
4733 10468
4734 10467
4735 10466
4736 10465
4737 10464
4738 10463
4739 10462
4740 10461
4741 10460
4742 10459
4743 10458
4744 10457
4745 10456
4746 10455
4747 10454
4748 10453
4749 10452
4750 10451
4751 10450
4752 10449
4753 13052
4754 13051
4755 13050
4756 13049
4757 13048
4758 13047
4759 13046
4760 13045
4761 13044
4762 13043
4763 9818
4764 9817
4765 9816
4766 9815
4767 9814
4768 9813
4769 9812
4770 9811
4771 9810
4772 9809
4773 9808
4774 9807
4775 9806
4776 9805
4777 9804
4778 9803
4779 9802
4780 9801
4781 9800
4782 9799
4783 9798
4784 9797
4785 9796
4786 9795
4787 9794
4788 9793
4789 9792
4790 9791
4791 9790
4792 9789
4793 9788
4794 9787
4795 9578
4796 9577
4797 9576
4798 9575
4799 9574
4800 9573
4801 9572
4802 9571
4803 9570
4804 9569
4805 9568
4806 9567
4807 9566
4808 9565
4809 9564
4810 9563
4811 9562
4812 9561
4813 9560
4814 9559
4815 9558
4816 9557
4817 9556
4818 9555
4819 9554
4820 9553
4821 9552
4822 9551
4823 9550
4824 9549
4825 9548
4826 9547
4827 9546
4828 9545
4829 9544
4830 12588
4831 12587
4832 12586
4833 12585
4834 12584
4835 12583
4836 12582
4837 12581
4838 12580
4839 12579
4840 12578
4841 12577
4842 12576
4843 12575
4844 12574
4845 12573
4846 10280
4847 10279
4848 10278
4849 10277
4850 10276
4851 10275
4852 10274
4853 10273
4854 10272
4855 10271
4856 10270
4857 10269
4858 10268
4859 10267
4860 10266
4861 10265
4862 10264
4863 10263
4864 10262
4865 10261
4866 10260
4867 10259
4868 10258
4869 10257
4870 10256
4871 10255
4872 10254
4873 10253
4874 10252
4875 10251
4876 10250
4877 10249
4878 10248
4879 11177
4880 11176
4881 11175
4882 11174
4883 11173
4884 11172
4885 11171
4886 11170
4887 11169
4888 11168
4889 11167
4890 11166
4891 11165
4892 11164
4893 11163
4894 11162
4895 11161
4896 11160
4897 11159
4898 11158
4899 11157
4900 11156
4901 11155
4902 11154
4903 11153
4904 11152
4905 11151
4906 11150
4907 11149
4908 11148
4909 11516
4910 11515
4911 11514
4912 11513
4913 11512
4914 11511
4915 11510
4916 11509
4917 11508
4918 11507
4919 11506
4920 11505
4921 11504
4922 11503
4923 11502
4924 11501
4925 11500
4926 11499
4927 11498
4928 11497
4929 11496
4930 11495
4931 11494
4932 11493
4933 11492
4934 11491
4935 11297
4936 11296
4937 11295
4938 11294
4939 11293
4940 11292
4941 11291
4942 11290
4945 6891
4946 6890
4947 6889
4948 6888
4949 6887
4950 6886
4951 6885
4952 6884
4953 6883
4954 6882
4955 6881
4956 6880
4957 6879
4958 6878
4959 6877
4960 6876
4961 6875
4962 6874
4963 6873
4964 6872
4965 6871
4966 6870
4967 6869
4968 6868
4969 6867
4970 6866
4971 6865
4972 6864
4973 6863
4974 6862
4975 6861
4976 6860
4977 6859
4978 6858
4979 6857
4980 6856
4981 6855
4982 6854
4983 6853
4984 6852
4985 6851
4986 6850
4987 6849
4988 6848
4989 6847
4990 6846
4991 6845
4992 6844
4993 6843
4994 6842
4995 6841
4996 6840
4997 6839
4998 6838
4999 6837
5000 11196
5001 11195
5002 11194
5003 11193
5004 11192
5005 11191
5006 11190
5007 11189
5008 11188
5009 11187
5010 11186
5011 11185
5012 11184
5013 11183
5014 11182
5015 11181
5016 11180
5017 11179
5018 11178
5019 10247
5020 10246
5021 10245
5022 10244
5023 10243
5024 10242
5025 10241
5026 10240
5027 10239
5028 10238
5029 10237
5030 10236
5031 10235
5032 10234
5033 10233
5034 10232
5035 10231
5036 10230
5037 10229
5038 10228
5039 10227
5040 10226
5041 10225
5042 10224
5043 10223
5044 10222
5045 10221
5046 10220
5047 10219
5048 10218
5049 10217
5050 10216
5051 10215
5052 10214
5053 10213
5054 10212
5055 10211
5056 10210
5057 10209
5058 10208
5059 10207
5060 10206
5061 10205
5062 10204
5063 10203
5064 10202
5065 10201
5066 10200
5067 10199
5068 10198
5069 10197
5070 10196
5071 10195
5072 10194
5073 10193
5074 10192
5075 10191
5076 12628
5077 12627
5078 12626
5079 12625
5080 12624
5081 12623
5082 12622
5083 12621
5084 9405
5085 9404
5086 9403
5087 9402
5088 9401
5089 9400
5090 9399
5091 9398
5092 9397
5093 9396
5094 9395
5095 9394
5096 9393
5097 9392
5098 9391
5099 9390
5100 9389
5101 9388
5102 9387
5103 9386
5104 9385
5105 9597
5106 9596
5107 9595
5108 9594
5109 9593
5110 9592
5111 9591
5112 9590
5113 9589
5114 9588
5115 9587
5116 9586
5117 9585
5118 9584
5119 9583
5120 9582
5121 9581
5122 9580
5123 9579
5124 9786
5125 9785
5126 9784
5127 9783
5128 9782
5129 9781
5130 9780
5131 9779
5132 9778
5133 9777
5134 9776
5135 9775
5136 9774
5137 9773
5138 9772
5139 12416
5140 12415
5141 12414
5142 12413
5143 12412
5144 12411
5145 12410
5146 12409
5147 12408
5148 13080
5149 13079
5150 13078
5151 13077
5152 13076
5153 13075
5154 13074
5155 13073
5156 13072
5157 13071
5158 13070
5159 13069
5160 13068
5161 13067
5162 13066
5163 13065
5164 13064
5165 13063
5166 13062
5167 13061
5168 13060
5169 13059
5170 13058
5171 13057
5172 13056
5173 13055
5174 13054
5175 13053
5176 10448
5177 10447
5178 10446
5179 10445
5180 10444
5181 10443
5182 10442
5183 10441
5184 10440
5185 10439
5186 10438
5187 10437
5188 10436
5189 10435
5190 10434
5191 10433
5192 7324
5193 7323
5194 7322
5195 7321
5196 7320
5197 7319
5198 7318
5199 7317
5200 7316
5201 7315
5202 7314
5203 7313
5204 7312
5205 7311
5206 7310
5207 7309
5208 7308
5209 7307
5210 7306
5211 7305
5212 7304
5213 7303
5214 7302
5215 7301
5216 7300
5217 7299
5218 7298
5219 7297
5220 7296
5221 7295
5222 7294
5223 7293
5224 7292
5225 7291
5226 7290
5227 7289
5228 7288
5229 7287
5230 7286
5231 7285
5232 7284
5233 7283
5234 7282
5235 7281
5236 7280
5237 7279
5238 7278
5239 7277
5240 7276
5241 7275
5242 7274
5243 7273
5244 7272
5245 7271
5246 7270
5247 7269
5248 7268
5249 7267
5250 7266
5251 7265
5252 7264
5253 7263
5254 7262
5255 10052
5256 10051
5257 10050
5258 10049
5259 10048
5260 10047
5261 10046
5262 10045
5263 10044
5264 10043
5265 10042
5266 10041
5267 10040
5268 10039
5269 10038
5270 10037
5271 10036
5272 10035
5273 10034
5274 7956
5275 7955
5276 7954
5277 7953
5278 7952
5279 7951
5280 7950
5281 7949
5282 7948
5283 7947
5284 7946
5285 7945
5286 7944
5287 7943
5288 7942
5289 7941
5290 7940
5291 7939
5292 7938
5293 7937
5294 7936
5295 7935
5296 7934
5297 7933
5298 7932
5299 7931
5300 7930
5301 7929
5302 10489
5303 10488
5304 10487
5305 10486
5306 10485
5307 10484
5308 10483
5309 10482
5310 10481
5311 10480
5314 11252
5315 11251
5316 11250
5317 11249
5318 11248
5319 11247
5320 11246
5321 11245
5322 11244
5323 11243
5324 11242
5325 11241
5326 11240
5327 7822
5328 7821
5329 7820
5330 7819
5331 7818
5332 7817
5333 7816
5334 7815
5335 7814
5336 7813
5337 7812
5338 7811
5339 7810
5340 7809
5341 7808
5342 7807
5343 7965
5344 7964
5345 7963
5346 7962
5347 7961
5348 7960
5349 7959
5350 7958
5351 7957
5352 10033
5353 10032
5354 10031
5355 10030
5356 10029
5357 10028
5358 10027
5359 10026
5360 10025
5361 10024
5362 10023
5363 10022
5364 10021
5365 10020
5366 10019
5367 10018
5368 10017
5369 10016
5370 10015
5371 10014
5372 10013
5373 10012
5374 10011
5375 10010
5376 10009
5377 10008
5378 10007
5379 10006
5380 10005
5381 10004
5382 10003
5383 10002
5384 10001
5385 10000
5386 9999
5387 9998
5388 9997
5389 9996
5390 9995
5391 9994
5392 9993
5393 9992
5394 9991
5395 9990
5396 9989
5397 9988
5398 9987
5399 9986
5400 9985
5401 9984
5402 9983
5403 9982
5404 9981
5405 9980
5406 9979
5407 9978
5408 9977
5409 9976
5410 9975
5411 9974
5412 9973
5413 9972
5414 9971
5415 9970
5416 9969
5417 9968
5418 9967
5419 9966
5420 9965
5421 9964
5422 9963
5423 9962
5424 9961
5425 9960
5426 9959
5427 9958
5428 9957
5429 9956
5430 9955
5431 9954
5432 9953
5433 9952
5434 9951
5435 9950
5436 9949
5437 9948
5438 9947
5439 9946
5440 9945
5441 9944
5442 9943
5443 9942
5444 9941
5445 9940
5446 9939
5447 9938
5448 9937
5449 9936
5450 9935
5451 9934
5452 9933
5453 9932
5454 9931
5455 9930
5456 9929
5457 9928
5458 9927
5459 9926
5460 9925
5461 9924
5462 9923
5463 9922
5464 9921
5465 9920
5466 9919
5467 9918
5468 9917
5469 13088
5470 13087
5471 13086
5472 13085
5473 13084
5474 13083
5475 13082
5476 13081
5477 12407
5478 12406
5479 12405
5480 12404
5481 12403
5482 12402
5483 12401
5484 12400
5485 12399
5486 12398
5487 12397
5488 12396
5489 12395
5490 12394
5491 12393
5492 12392
5493 12391
5494 12390
5495 9621
5496 9620
5497 9619
5498 9618
5499 9617
5500 9616
5501 9615
5502 9614
5503 9613
5504 9612
5505 9611
5506 9610
5507 9609
5508 9608
5509 9607
5510 9606
5511 9605
5512 9604
5513 9603
5514 9602
5515 9601
5516 9600
5517 9599
5518 9598
5519 9384
5520 9383
5521 9382
5522 9381
5523 9380
5524 9379
5525 9378
5526 9377
5527 9376
5528 9375
5529 9374
5530 9373
5531 9372
5532 9413
5533 9412
5534 9411
5535 9410
5536 9409
5537 9408
5538 9407
5539 9406
5540 12620
5541 12619
5542 12618
5543 12617
5544 12616
5545 12615
5546 12614
5547 12613
5548 12612
5549 12611
5550 12610
5551 12609
5552 12608
5553 12607
5554 12606
5555 12605
5556 12604
5557 12603
5558 12602
5559 12078
5560 12077
5561 12076
5562 12075
5563 12074
5564 12073
5565 12072
5566 12071
5567 12070
5568 12069
5569 12068
5570 12067
5571 12066
5572 12065
5573 12064
5574 12063
5575 12062
5576 12061
5577 12060
5578 12059
5579 12058
5580 12057
5581 12056
5582 12055
5583 12054
5584 12053
5585 12052
5586 12051
5587 12050
5588 12049
5589 12048
5590 12047
5591 12046
5592 12045
5593 12044
5594 12043
5595 12042
5596 12041
5597 12040
5598 12039
5599 12038
5600 12037
5601 12036
5602 12035
5603 12034
5604 12033
5605 11215
5606 11214
5607 11213
5608 11212
5609 11211
5610 11210
5611 11209
5612 11208
5613 11207
5614 11206
5615 11205
5616 11204
5617 11203
5618 11202
5619 11201
5620 11200
5621 11199
5622 11198
5623 11197
5624 6836
5625 6835
5626 6834
5627 6833
5628 6832
5629 6831
5630 6830
5631 6829
5632 6828
5633 6827
5634 6826
5635 6825
5636 6824
5637 6823
5638 6822
5639 6821
5640 6820
5641 6819
5642 6818
5643 6817
5644 6816
5645 6815
5646 6814
5647 6813
5648 6812
5649 6811
5650 6810
5651 6809
5652 6808
5653 6807
5654 6806
5655 6805
5656 6804
5657 6803
5658 6802
5659 6801
5660 6800
5661 6799
5662 6798
5663 6797
5664 6796
5665 6795
5666 6794
5667 6793
5668 6792
5669 6791
5670 6790
5671 6789
5672 6788
5673 6787
5674 6786
5675 6785
5676 6784
5677 6783
5678 6782
5681 11305
5682 11304
5683 11303
5684 11302
5685 11301
5686 11300
5687 11299
5688 11298
5689 11490
5690 11489
5691 11488
5692 11487
5693 11486
5694 11485
5695 11484
5696 11483
5697 11482
5698 11481
5699 11480
5700 11479
5701 11478
5702 11477
5703 11476
5704 11475
5705 11474
5706 11473
5707 11472
5708 11471
5709 11470
5710 11469
5711 11468
5712 11467
5713 11466
5714 11465
5715 11464
5716 11463
5717 11462
5718 11461
5719 11460
5720 11459
5721 11458
5722 11457
5723 11456
5724 11455
5725 11454
5726 11453
5727 11452
5728 11451
5729 11450
5730 11449
5731 11448
5732 11447
5733 11446
5734 11445
5735 11444
5736 11350
5737 11349
5738 11348
5739 11347
5740 11346
5741 11345
5742 11344
5743 11343
5744 11342
5745 11341
5746 11340
5747 11339
5748 11338
5749 11337
5750 11336
5751 11335
5752 11334
5753 11333
5754 11332
5755 11331
5756 11330
5757 12102
5758 12101
5759 12100
5760 12099
5761 12098
5762 12097
5763 12096
5764 12095
5765 12094
5766 12093
5767 12092
5768 12091
5769 12090
5770 12089
5771 12088
5772 12087
5773 12086
5774 12085
5775 12084
5776 12083
5777 12082
5778 12081
5779 12080
5780 12079
5781 12601
5782 12600
5783 12599
5784 12598
5785 12597
5786 12596
5787 12595
5788 12594
5789 12593
5790 12592
5791 12591
5792 12590
5793 12589
5794 9543
5795 9542
5796 9541
5797 9540
5798 9539
5799 9538
5800 9537
5801 9536
5802 9535
5803 9534
5804 9533
5805 9532
5806 9531
5807 9530
5808 9529
5809 9528
5810 9527
5811 9526
5812 9525
5813 9524
5814 9523
5815 9522
5816 9521
5817 9520
5818 9519
5819 9518
5820 9517
5821 9633
5822 9632
5823 9631
5824 9630
5825 9629
5826 9628
5827 9627
5828 9626
5829 9625
5830 9624
5831 9623
5832 9622
5833 12389
5834 12388
5835 12387
5836 12386
5837 12385
5838 12384
5839 12383
5840 12382
5841 12200
5842 12199
5843 12198
5844 12197
5845 12196
5846 12195
5847 12194
5848 12193
5849 12192
5850 12191
5851 12190
5852 12189
5853 12188
5854 12187
5855 12186
5856 12185
5857 12184
5858 12183
5859 12182
5860 12181
5861 12180
5862 12179
5863 12178
5864 12177
5865 12176
5866 12175
5867 12174
5868 12173
5869 12172
5870 12171
5871 12170
5872 12169
5873 12168
5874 12167
5875 12166
5876 12165
5877 12164
5878 12163
5879 12162
5880 12161
5881 12160
5882 12159
5883 12158
5884 12157
5885 12156
5886 12155
5887 12154
5888 12153
5889 12152
5890 12151
5891 12150
5892 12149
5893 12148
5894 12147
5895 7635
5896 7634
5897 7633
5898 7632
5899 7631
5900 7630
5901 7629
5902 7628
5903 7627
5904 7626
5905 7625
5906 7624
5907 7623
5908 7622
5909 7621
5910 7620
5911 7619
5912 7618
5913 7617
5914 7616
5915 7615
5916 7614
5917 7613
5918 7612
5919 7873
5920 7872
5921 7871
5922 7870
5923 7869
5924 7868
5925 7867
5926 7866
5927 7865
5928 7864
5929 7863
5930 7862
5931 7861
5932 7860
5933 7859
5934 7858
5935 7857
5936 7856
5937 7855
5938 7854
5939 7853
5940 7852
5941 7851
5942 7850
5943 7849
5944 7848
5945 7847
5946 7846
5947 7845
5948 7844
5949 7843
5950 7842
5951 7841
5952 7840
5953 7839
5954 7838
5955 7837
5956 7836
5957 7835
5958 7834
5959 7833
5960 7832
5961 7831
5962 7830
5963 7829
5964 7828
5965 7827
5966 7826
5967 7825
5968 7824
5969 7823
5970 11239
5971 11238
5972 11237
5973 11236
5974 11235
5975 11234
5976 11233
5977 11232
5978 11231
5979 11230
5980 11229
5983 7720
5984 7719
5985 7718
5986 7717
5987 7716
5988 7715
5989 7714
5990 7713
5991 7712
5992 7711
5993 7710
5994 7709
5995 7708
5996 7707
5997 7706
5998 7705
5999 7704
6000 7703
6001 7702
6002 7701
6003 7700
6004 7699
6005 7698
6006 7697
6007 7696
6008 7695
6009 7694
6010 7693
6011 7692
6012 7691
6013 7690
6014 7689
6015 7688
6016 7687
6017 7686
6018 7685
6019 7684
6020 7683
6021 7682
6022 7681
6023 7680
6024 7679
6025 7678
6026 7677
6027 7676
6028 7675
6029 7674
6030 7673
6031 7672
6032 7671
6033 7670
6034 7669
6035 7668
6036 7667
6037 7666
6038 7665
6039 7664
6040 7663
6041 7662
6042 7661
6043 7660
6044 7659
6045 7658
6046 7657
6047 7656
6048 7655
6049 7654
6050 7653
6051 7652
6052 7651
6053 7650
6054 7649
6055 7648
6056 7647
6057 7646
6058 7645
6059 7644
6060 7643
6061 7642
6062 7641
6063 7640
6064 7639
6065 7638
6066 7637
6067 7636
6068 13303
6069 13302
6070 13301
6071 13300
6072 13299
6073 13298
6074 13297
6075 13296
6076 13295
6077 13294
6078 13293
6079 13292
6080 12241
6081 12240
6082 12239
6083 12238
6084 12237
6085 12236
6086 12235
6087 12234
6088 12233
6089 12232
6090 12231
6091 12230
6092 12229
6093 12228
6094 12227
6095 12226
6096 12225
6097 12224
6098 12223
6099 12222
6100 12221
6101 12220
6102 12219
6103 12218
6104 12217
6105 12216
6106 12215
6107 12214
6108 12213
6109 12212
6110 12211
6111 12210
6112 12209
6113 12208
6114 12207
6115 12206
6116 12205
6117 12204
6118 12203
6119 12202
6120 12201
6121 12381
6122 12380
6123 12379
6124 12378
6125 12377
6126 12376
6127 12375
6128 12374
6129 12373
6130 12372
6131 12371
6132 12370
6133 9641
6134 9640
6135 9639
6136 9638
6137 9637
6138 9636
6139 9635
6140 9634
6141 9516
6142 9515
6143 9514
6144 9513
6145 9512
6146 9511
6147 9510
6148 9509
6149 9508
6150 9507
6151 9506
6152 9505
6153 9504
6154 9503
6155 9502
6156 9501
6157 9500
6158 9499
6159 9498
6160 9497
6161 9496
6162 9495
6163 9494
6164 9493
6165 9492
6166 9491
6167 9490
6168 9489
6169 9488
6170 9487
6171 9486
6172 9485
6173 9484
6174 9483
6175 12131
6176 12130
6177 12129
6178 12128
6179 12127
6180 12126
6181 12125
6182 12124
6183 12123
6184 12122
6185 12121
6186 12120
6187 12119
6188 12118
6189 12117
6190 12116
6191 12115
6192 12114
6193 12113
6194 12112
6195 12111
6196 12110
6197 12109
6198 12108
6199 12107
6200 12106
6201 12105
6202 12104
6203 12103
6204 11918
6205 11917
6206 11916
6207 11915
6208 11914
6209 11913
6210 11912
6211 11911
6212 11910
6213 11909
6214 11908
6215 11907
6216 11906
6217 11358
6218 11357
6219 11356
6220 11355
6221 11354
6222 11353
6223 11352
6224 11351
6225 11443
6226 11442
6227 11441
6228 11440
6229 11439
6230 11438
6231 11437
6232 11436
6233 11435
6234 11434
6235 11433
6236 11432
6237 11431
6238 11430
6239 11429
6240 11428
6241 11427
6242 11426
6243 11425
6244 11424
6245 11423
6246 11422
6247 11421
6248 11420
6249 11419
6250 11418
6251 11417
6252 11416
6253 11415
6254 11414
6255 11413
6256 11412
6257 11411
6258 11410
6259 6724
6260 6723
6261 6722
6262 6721
6263 6720
6264 6719
6265 6718
6266 6717
6267 6716
6268 6715
6269 6714
6270 6713
6271 6712
6272 6711
6273 6710
6274 6709
6275 6708
6276 6707
6277 6706
6278 6705
6279 6704
6282 6747
6283 6746
6284 6745
6285 6744
6286 6743
6287 6742
6288 6741
6289 6740
6290 6739
6291 6738
6292 6737
6293 6736
6294 6735
6295 6734
6296 6733
6297 6732
6298 6731
6299 6730
6300 6729
6301 6728
6302 6727
6303 6726
6304 6725
6305 11409
6306 11408
6307 11407
6308 11406
6309 11405
6310 11404
6311 11403
6312 11402
6313 11401
6314 11400
6315 11399
6316 11398
6317 11397
6318 11396
6319 11395
6320 11394
6321 11393
6322 11392
6323 11391
6324 11390
6325 11389
6326 11388
6327 11387
6328 11386
6329 11385
6330 11384
6331 11383
6332 11382
6333 11381
6334 11380
6335 11379
6336 11378
6337 11377
6338 11376
6339 11375
6340 11374
6341 11373
6342 11372
6343 11371
6344 11370
6345 11369
6346 11368
6347 11367
6348 11366
6349 11365
6350 11364
6351 11363
6352 11362
6353 11361
6354 11360
6355 11359
6356 11905
6357 11904
6358 11903
6359 11902
6360 11901
6361 11900
6362 11899
6363 11898
6364 11897
6365 11896
6366 11895
6367 11894
6368 11893
6369 11892
6370 11891
6371 11982
6372 11981
6373 11980
6374 11979
6375 11978
6376 11977
6377 11976
6378 11975
6379 11974
6380 11973
6381 11972
6382 11971
6383 11970
6384 11969
6385 11968
6386 11967
6387 11966
6388 11965
6389 11964
6390 11963
6391 11962
6392 11961
6393 12146
6394 12145
6395 12144
6396 12143
6397 12142
6398 12141
6399 12140
6400 12139
6401 12138
6402 12137
6403 12136
6404 12135
6405 12134
6406 12133
6407 12132
6408 9482
6409 9481
6410 9480
6411 9479
6412 9478
6413 9477
6414 9476
6415 9475
6416 9474
6417 9473
6418 9472
6419 9471
6420 9470
6421 9469
6422 9468
6423 9467
6424 9678
6425 9677
6426 9676
6427 9675
6428 9674
6429 9673
6430 9672
6431 9671
6432 9670
6433 9669
6434 9668
6435 9667
6436 9666
6437 9665
6438 9664
6439 9663
6440 9662
6441 9661
6442 9660
6443 9659
6444 9658
6445 9657
6446 9656
6447 9655
6448 9654
6449 9653
6450 9652
6451 9651
6452 9650
6453 9649
6454 9648
6455 9647
6456 9646
6457 9645
6458 9644
6459 9643
6460 9642
6461 12369
6462 12368
6463 12367
6464 12366
6465 12365
6466 12364
6467 12363
6468 12362
6469 12361
6470 12360
6471 12359
6472 12358
6473 12357
6474 12356
6475 12355
6476 12354
6477 12289
6478 12288
6479 12287
6480 12286
6481 12285
6482 12284
6483 12283
6484 12282
6485 12281
6486 12280
6487 12279
6488 12278
6489 12277
6490 12276
6491 12275
6492 12274
6493 12273
6494 12272
6495 12271
6496 12270
6497 12269
6498 12268
6499 12267
6500 12266
6501 12265
6502 12264
6503 12263
6504 12262
6505 12261
6506 12260
6507 12259
6508 12258
6509 12257
6510 12256
6511 12255
6512 12254
6513 12253
6514 12252
6515 12251
6516 12250
6517 12249
6518 12248
6519 12247
6520 12246
6521 12245
6522 12244
6523 12243
6524 12242
6525 13291
6526 13290
6527 13289
6528 13288
6529 13287
6530 13286
6531 13285
6532 13284
6533 13283
6534 13282
6535 13281
6536 13280
6537 13279
6538 13278
6539 13277
6540 13276
6541 13275
6542 13274
6543 13273
6544 13272
6545 13271
6546 13270
6547 13269
6548 13268
6549 13267
6550 13266
6551 13265
6552 13264
6553 13263
6554 13262
6555 13261
6556 13260
6557 13259
6558 13258
6559 13257
6560 13256
6561 13255
6562 13254
6563 13253
6564 13252
6565 13251
6566 13250
6567 13249
6568 13248
6569 13247
6570 13246
6571 13245
6572 13244
6573 13243
6574 13242
6575 13241
6576 13240
6577 13239
6578 13238
6579 13237
6580 13236
6581 13235
6582 13234
6583 13233
6584 13232
6585 13231
6586 13230
6587 13229
6588 13228
6589 13227
6590 13226
6591 13225
6592 11329
6593 11328
6594 11327
6595 11326
6596 11325
6597 11324
6598 11323
6599 11322
6600 11321
6601 11320
6602 7763
6603 7762
6604 7761
6605 7760
6606 7759
6607 7758
6608 7757
6609 7756
6610 7755
6611 7754
6612 7753
6613 7752
6614 7751
6615 7750
6616 7749
6617 7748
6618 7747
6619 7746
6620 7745
6621 7744
6622 7743
6623 7742
6624 7741
6625 7740
6626 7739
6627 7738
6628 7737
6629 7736
6630 7735
6631 7734
6632 7733
6633 7732
6634 7731
6635 7730
6636 7729
6637 7728
6638 7727
6639 7726
6640 7725
