1, 0, 1, 0.2
2, 3, 2, 0.2
3, 5, 4, 0.2
4, 2, 1, 0.2
5, 0, 5, 0.2
6, 3, 4, 0.2
7, 2, 1, 1.2
8, 0, 5, 0.9
9, 3, 4, 0.2
10, 2, 3, 0.3
11, 1, 0, 0.2
12, 4, 5, 0.3
13, 2, 1, 1.2
14, 0, 1, 0.6
15, 3, 4, 0.2
16, 5, 0, 1.8
17, 2, 3, 0.5
18, 2, 1, 2.4
19, 4, 5, 0.3
20, 0, 1, 0.3
21, 3, 2, 1.2
22, 4, 3, 3.0
23, 5, 0, 2.1
24, 2, 1, 2.4
27, 3, 4, 0.9
28, 2, 3, 1.2
29, 5, 0, 0.3
30, 2, 1, 1.4
31, 4, 3, 0.5
32, 0, 1, 0.6
33, 2, 3, 1.8
35, 2, 1, 2.4
36, 4, 5, 0.9
39, 3, 4, 0.6
44, 0, 1, 0.5
45, 3, 2, 0.3
46, 4, 5, 0.9
49, 4, 5, 2.1
50, 0, 5, 0.5
51, 3, 4, 0.3
52, 2, 1, 1.2
55, 4, 5, 0.6
57, 3, 4, 0.8
58, 2, 1, 1.2
59, 0, 5, 0.6
61, 4, 5, 1.2
64, 2, 1, 1.2
65, 0, 5, 0.6
70, 2, 3, 2.4
71, 1, 0, 0.5
77, 5, 0, 0.9
79, 4, 3, 3.0
80, 5, 0, 3.0
83, 0, 1, 2.1
84, 3, 2, 1.4
85, 4, 3, 0.8
86, 0, 5, 0.5
87, 2, 1, 1.2
90, 2, 3, 1.8
91, 1, 0, 0.9
94, 2, 3, 0.6
95, 0, 5, 0.8
96, 1, 2, 1.2
98, 1, 0, 1.2
100, 2, 3, 1.5
101, 1, 0, 1.2
104, 0, 5, 0.5
105, 3, 4, 0.9
106, 2, 3, 1.1
107, 1, 0, 3.0
109, 4, 5, 2.7
110, 0, 5, 0.9
111, 3, 2, 1.8
112, 1, 0, 2.4
114, 2, 1, 1.7
115, 4, 5, 1.5
116, 0, 5, 1.4
117, 3, 4, 0.9
118, 2, 3, 1.5
119, 1, 2, 1.8
121, 4, 5, 2.7
123, 3, 4, 1.8
124, 2, 3, 1.1
129, 3, 4, 2.4
135, 3, 2, 1.5
136, 4, 5, 1.8
137, 0, 5, 2.1
139, 4, 5, 2.6
140, 1, 0, 2.9
142, 1, 2, 2.4
144, 0, 5, 2.1
147, 2, 1, 2.3
150, 2, 3, 1.8
151, 5, 4, 0.9
153, 2, 3, 2.7
154, 5, 0, 0.9
156, 4, 3, 1.8
157, 5, 0, 2.1
158, 2, 3, 2.4
159, 1, 0, 1.5
163, 2, 3, 2.7
164, 1, 0, 2.1
167, 0, 1, 2.7
168, 3, 4, 1.2
170, 0, 5, 1.8
172, 4, 3, 2.7
173, 0, 5, 1.8
175, 4, 5, 2.1
177, 3, 2, 2.1
180, 2, 1, 1.8
181, 5, 4, 2.7
183, 3, 4, 2.1
185, 2, 1, 1.8
189, 4, 5, 2.4
192, 3, 4, 1.5
193, 2, 3, 2.7
194, 1, 0, 1.8
195, 4, 5, 1.8
197, 0, 5, 1.5
198, 3, 4, 3.0
202, 4, 3, 2.7
207, 2, 3, 2.0
208, 1, 0, 1.8
212, 0, 5, 3.0
25, 4, 5, 0.2, LOOP
26, 0, 1, 0.3, LOOP
34, 5, 0, 0.3, LOOP
37, 2, 1, 0.2, LOOP
38, 0, 5, 0.3, LOOP
40, 2, 1, 0.5, LOOP
41, 0, 5, 0.5, LOOP
42, 3, 4, 0.2, LOOP
43, 2, 1, 0.5, LOOP
47, 0, 1, 0.3, LOOP
48, 3, 2, 0.2, LOOP
53, 0, 1, 0.3, LOOP
54, 3, 2, 0.3, LOOP
56, 0, 1, 0.5, LOOP
60, 3, 2, 0.3, LOOP
62, 0, 1, 0.5, LOOP
63, 3, 2, 0.3, LOOP
66, 3, 4, 0.3, LOOP
67, 2, 1, 0.6, LOOP
68, 0, 5, 0.5, LOOP
69, 3, 4, 0.5, LOOP
72, 4, 5, 0.2, LOOP
73, 2, 1, 0.6, LOOP
74, 0, 1, 0.5, LOOP
75, 3, 4, 0.6, LOOP
76, 2, 3, 0.6, LOOP
78, 2, 1, 0.8, LOOP
81, 2, 1, 1.2, LOOP
82, 4, 5, 0.2, LOOP
88, 4, 3, 0.6, LOOP
89, 0, 5, 0.5, LOOP
92, 4, 5, 0.2, LOOP
93, 2, 1, 1.2, LOOP
97, 4, 3, 0.6, LOOP
99, 4, 5, 0.5, LOOP
102, 4, 5, 0.5, LOOP
103, 2, 1, 1.2, LOOP
108, 2, 1, 1.2, LOOP
113, 4, 3, 0.9, LOOP
120, 0, 1, 0.6, LOOP
122, 0, 1, 0.6, LOOP
125, 2, 1, 1.2, LOOP
126, 0, 5, 0.5, LOOP
127, 2, 1, 1.2, LOOP
128, 0, 5, 0.5, LOOP
130, 2, 1, 1.2, LOOP
131, 0, 5, 0.6, LOOP
132, 3, 4, 0.9, LOOP
133, 2, 1, 1.2, LOOP
134, 0, 1, 0.6, LOOP
138, 3, 2, 0.6, LOOP
141, 3, 2, 0.8, LOOP
143, 4, 3, 0.9, LOOP
145, 1, 0, 0.6, LOOP
146, 4, 3, 1.1, LOOP
148, 4, 3, 1.2, LOOP
149, 0, 1, 0.6, LOOP
152, 0, 1, 0.9, LOOP
155, 2, 1, 1.2, LOOP
160, 4, 5, 0.6, LOOP
161, 2, 1, 1.2, LOOP
162, 4, 5, 0.6, LOOP
165, 4, 5, 0.9, LOOP
166, 2, 1, 1.2, LOOP
169, 2, 3, 1.2, LOOP
171, 2, 1, 1.2, LOOP
174, 2, 1, 1.2, LOOP
176, 0, 1, 0.9, LOOP
178, 4, 3, 1.2, LOOP
179, 0, 1, 0.9, LOOP
182, 0, 5, 0.6, LOOP
184, 2, 3, 1.2, LOOP
186, 0, 5, 0.6, LOOP
187, 2, 3, 1.2, LOOP
188, 0, 1, 0.9, LOOP
190, 2, 1, 1.2, LOOP
191, 0, 5, 0.9, LOOP
196, 2, 1, 1.2, LOOP
199, 2, 1, 1.2, LOOP
200, 0, 1, 1.2, LOOP
201, 3, 2, 1.5, LOOP
203, 0, 5, 0.9, LOOP
204, 2, 1, 1.2, LOOP
205, 4, 3, 1.2, LOOP
206, 0, 5, 0.9, LOOP
209, 4, 5, 0.9, LOOP
210, 2, 1, 1.2, LOOP
211, 4, 3, 1.8, LOOP
213, 2, 1, 1.2, LOOP
214, 2, 3, 1.5, LOOP
215, 0, 1, 1.5, LOOP
216, 4, 5, 0.9, LOOP
217, 2, 3, 1.8, LOOP
218, 0, 1, 1.8, LOOP
Helix 0 has an average crossover density of 73/1110 = 0.0658 (1/bp). Target is 0.0700 (1/bp).
Helix 1 has an average crossover density of 80/1217 = 0.0657 (1/bp). Target is 0.0700 (1/bp).
Helix 2 has an average crossover density of 80/1221 = 0.0655 (1/bp). Target is 0.0700 (1/bp).
Helix 3 has an average crossover density of 73/1110 = 0.0658 (1/bp). Target is 0.0700 (1/bp).
Helix 4 has an average crossover density of 65/1000 = 0.0650 (1/bp). Target is 0.0700 (1/bp).
Helix 5 has an average crossover density of 65/991 = 0.0656 (1/bp). Target is 0.0700 (1/bp).
