0 3851
1 3850
2 3849
3 3848
4 3847
5 3846
6 3845
7 3844
8 3843
9 3843
10 3841
11 3840
12 3839
13 3838
14 3837
15 3836
16 2192
17 2191
18 2190
19 2189
20 2188
21 2187
22 2186
23 2185
24 2184
25 2183
26 2182
27 2181
28 2180
29 2179
30 2178
31 2177
32 2176
33 2175
34 2174
35 2173
36 2172
37 2171
38 2170
39 2169
40 2168
41 2167
42 4706
43 4705
44 4704
45 4703
46 4703
47 4701
48 4700
49 4699
50 4698
51 4697
52 4696
53 4695
54 4694
55 4693
56 4693
57 4691
58 4690
59 4689
60 4688
61 4687
62 4686
63 4685
64 4684
65 4683
66 4683
67 4681
68 4680
69 4679
70 4678
71 5525
72 5524
73 5523
74 5522
75 5521
76 5520
77 5518
78 5518
79 5517
80 5516
81 5515
82 5514
83 5513
84 5512
85 5511
86 5509
87 5509
88 5508
89 5507
90 5506
91 5505
92 5504
93 5503
94 5502
95 5500
96 5500
97 6411
98 6410
99 6409
100 6408
101 6407
102 6406
103 6404
104 6404
105 6403
106 6402
107 6401
108 6400
109 6399
110 6398
111 6396
112 6396
113 6395
114 6394
115 6393
116 6392
117 6391
118 6390
119 6388
120 6388
121 6387
122 6386
123 6385
124 6384
125 6383
126 6382
127 6380
128 6380
129 6379
130 6378
131 6377
132 6376
133 6375
134 6374
135 6372
136 6372
137 6371
138 6370
139 6369
140 6368
141 6366
142 6366
143 6365
144 6364
145 6363
146 6362
147 6361
149 12859
150 12858
151 12857
152 12856
153 12855
154 12854
155 12853
156 12852
157 12851
158 12850
159 12849
160 12848
161 12847
162 12846
163 12845
164 11037
165 11036
166 11391
167 11390
168 11389
169 11388
170 11387
171 11386
172 11385
173 11384
174 11383
175 11382
176 11381
177 11380
178 11379
179 11378
180 11377
181 11376
182 11375
183 9149
184 9148
185 9147
186 9146
187 9145
188 9144
189 9143
190 9142
191 9141
192 11445
193 11444
194 11443
195 11442
196 11441
197 11440
198 11439
199 11438
200 11437
201 11436
202 11435
203 11434
204 10296
205 10295
206 10294
207 10293
208 10292
209 10291
210 10290
211 10289
212 10288
213 10287
214 10286
215 10285
216 10284
217 10283
218 10282
219 10281
220 10280
221 10279
222 10278
223 10277
224 10276
225 10275
226 13076
227 13075
228 13074
229 13073
230 13072
231 13071
232 13070
233 13069
234 13068
235 13067
236 11455
237 11454
238 11453
239 11452
240 11451
241 11450
242 11449
243 11448
244 11447
245 11446
246 11495
247 11494
248 11493
249 11492
250 11491
251 11490
252 11489
253 11488
254 11487
255 11486
256 11485
257 11484
258 11483
259 11482
260 13111
261 13110
262 13109
263 13108
264 13107
265 13106
266 13105
267 11538
268 11537
269 11536
270 11535
271 11534
272 11533
273 11532
274 11531
275 11530
276 11529
277 11528
278 11527
279 11526
280 11525
281 11524
282 11523
283 11522
284 11521
285 11520
286 11519
287 11518
288 11517
289 10794
290 10793
291 10792
292 10791
293 10790
294 10789
295 10788
296 10787
297 10786
298 10785
299 10784
300 10783
301 10782
302 10781
303 10780
304 10779
305 10778
306 10777
307 10776
308 10775
309 10774
310 10773
311 10772
312 12882
313 12881
314 12880
315 12879
316 12878
317 12877
318 12876
319 12875
320 12874
321 12873
322 12872
323 12630
324 12629
325 12628
326 12627
327 12626
328 12625
329 12624
330 12623
331 12622
332 12621
333 12620
334 11661
335 11660
336 11659
337 11658
338 11657
339 11656
340 11655
341 11685
342 11684
343 11683
344 11682
345 11681
346 11680
347 11679
348 11678
349 11677
350 11676
351 11675
352 11674
353 11673
354 11672
355 11671
356 11670
357 11669
358 11668
359 11667
360 11666
361 11665
362 11664
363 11663
364 11662
365 12931
366 12930
367 12929
368 12928
369 12927
370 12926
371 12925
372 12924
373 12923
374 12952
375 12951
376 12950
377 12949
378 12948
379 12947
380 12946
381 12945
382 12944
383 12943
384 12756
385 12755
386 11744
387 11743
388 11742
389 11741
390 11740
391 11739
392 11738
393 11737
394 11736
395 11735
396 11734
397 11733
398 11732
399 11731
400 11730
401 11729
402 11728
403 11727
404 11726
405 11799
406 11798
407 11797
408 11796
409 11795
410 11794
411 11793
412 11792
413 11791
414 11790
415 11789
416 11788
417 12973
418 12972
419 12971
420 12970
421 12969
422 12968
423 12967
424 12966
425 12965
426 12964
427 12994
428 12993
429 12992
430 12991
431 12990
432 12989
433 12988
434 12987
435 12986
436 12985
437 11874
438 11873
439 11872
440 11871
441 11870
442 11869
443 11868
444 11867
445 11866
446 11865
447 11906
448 11905
449 11904
450 11903
451 11902
452 11901
453 11900
454 11899
455 11898
456 11897
457 13018
458 13017
459 13016
460 13015
461 13014
462 13013
463 13012
464 13011
465 13010
468 11964
469 11963
470 11962
471 11961
472 11960
473 11959
474 11958
475 11957
476 11916
477 11915
478 11914
479 11913
480 11912
481 11911
482 11910
483 11909
484 11908
485 11907
486 11864
487 11863
488 11862
489 11861
490 11860
491 11859
492 11858
493 11857
494 11856
495 11855
496 11854
497 10517
498 10516
499 10515
500 10514
501 10513
502 10512
503 10511
504 10510
505 10509
506 10508
507 10507
508 10506
509 10505
510 10504
511 10503
512 10502
513 10501
514 10500
515 10499
516 12245
517 12244
518 12243
519 12242
520 12241
521 12240
522 11804
523 11803
524 11802
525 11801
526 11800
527 11725
528 11724
529 11723
530 11722
531 11721
532 11720
533 11719
534 11718
535 11717
536 11716
537 11715
538 11714
539 11713
540 11712
541 11711
542 11710
543 11709
544 11708
545 11707
546 11706
547 11705
548 11704
549 11703
550 12899
551 12898
552 12897
553 12896
554 12895
555 12894
556 12893
557 12892
558 12891
559 12890
560 12889
561 12888
562 12887
563 12886
564 12885
565 12884
566 12883
567 10498
568 10497
569 10496
570 10495
571 10494
572 10493
573 10492
574 10491
575 10490
576 10489
577 10488
578 10487
579 10486
580 10485
581 10484
582 11693
583 11692
584 11691
585 11690
586 11689
587 11688
588 11687
589 11686
590 11654
591 11653
592 11652
593 11651
594 11650
595 11649
596 11648
597 11647
598 11646
599 11645
600 11644
601 11643
602 10453
603 10452
604 10451
605 10450
606 10449
607 10448
608 10447
609 10446
610 10445
611 10444
612 10443
613 10442
614 10441
615 10440
616 10439
617 10438
618 10437
619 10436
620 10435
621 10434
622 10433
623 10432
624 10431
625 10381
626 10380
627 10379
628 10378
629 10377
630 10376
631 10375
632 10374
633 10373
634 10802
635 10801
636 10800
637 10799
638 10798
639 10797
640 10796
641 10795
642 11601
643 11600
644 11599
645 11598
646 11597
647 11596
648 11595
649 11594
650 11593
651 11592
652 11591
653 11590
654 11589
655 11546
656 11545
657 11544
658 11543
659 11542
660 11541
661 11540
662 11539
663 11516
664 11515
665 11514
666 11513
667 11512
668 11511
669 11510
670 11509
671 11508
672 11507
673 11506
674 11505
675 11504
676 11503
677 11502
678 11501
679 11500
680 11499
681 11498
682 11497
683 11496
684 11465
685 11464
686 11463
687 11462
688 11461
689 11460
690 11459
691 11458
692 11457
693 11456
694 13066
695 13065
696 13064
697 13063
698 13062
699 13061
700 13060
701 13059
702 13058
703 13057
704 13056
705 13055
706 13054
707 13053
708 13052
709 13051
710 10312
711 10311
712 10310
713 10309
714 10308
715 10307
716 10306
717 10305
718 10304
719 10303
720 10302
721 10301
722 10300
723 10299
724 10298
725 10297
726 11433
727 11432
728 11431
729 11430
730 11429
731 11428
732 9164
733 9163
734 9162
735 9161
736 9160
737 9159
738 9158
739 9157
740 9156
741 9155
742 9154
743 9153
744 9152
745 9151
746 9150
747 11374
748 11373
749 11372
750 11371
751 11370
752 11369
753 11368
754 11367
755 11366
756 11365
757 11364
758 11363
759 11362
760 12821
761 12820
762 12819
763 12818
764 12817
765 12816
766 12815
767 12814
768 12813
769 12812
770 12811
771 12810
772 12809
773 12808
774 12807
775 12806
776 12805
777 11347
778 11346
779 11345
780 11344
783 10619
784 10618
785 10617
786 10616
787 10615
788 10614
789 10613
790 10612
791 12836
792 12835
793 12834
794 12833
795 12832
796 12831
797 12830
798 12829
799 12828
800 12827
801 12826
802 12825
803 12824
804 12823
805 12822
806 11361
807 11360
808 11359
809 11358
810 11357
811 11356
812 11355
813 11354
814 11353
815 11352
816 11351
817 12013
818 12012
819 12011
820 12010
821 12009
822 12008
823 12007
824 12006
825 12005
826 12004
827 12003
828 12002
829 12001
830 12000
831 11999
832 11998
833 11997
834 11996
835 11995
836 11994
837 11993
838 11992
839 11991
840 11990
841 12400
842 12399
843 12398
844 12397
845 12396
846 12395
847 12394
848 12393
849 12392
850 12391
851 12390
852 12389
853 12388
854 12387
855 12386
856 12385
857 12384
858 12383
859 10706
860 10705
861 10704
862 10703
863 10702
864 10701
865 10700
866 10699
867 10698
868 10697
869 10696
870 10695
871 10694
872 10693
873 10692
874 10691
875 10690
876 10689
877 10688
878 10687
879 10686
880 10685
881 10684
882 10683
883 10682
884 10681
885 10680
886 10679
887 10678
888 10677
889 10676
890 10675
891 10674
892 10673
893 10672
894 10671
895 12071
896 12070
897 12069
898 12068
899 12067
900 12066
901 12065
902 12064
903 12063
904 12062
905 12061
906 11473
907 11472
908 11471
909 11470
910 11469
911 11468
912 11467
913 11466
914 11115
915 11114
916 11113
917 11112
918 11111
919 11110
920 11109
921 11108
922 11554
923 11553
924 11552
925 11551
926 11550
927 11549
928 11548
929 11547
930 11588
931 11587
932 11586
933 11585
934 11584
935 11583
936 11582
937 11581
938 11580
939 11579
940 11578
941 11577
942 11576
943 10814
944 10813
945 10812
946 10811
947 10810
948 10809
949 10808
950 10807
951 10806
952 10805
953 10804
954 10803
955 10372
956 10371
957 958
959 10368
960 10367
961 10366
962 10365
963 10364
964 10363
965 10362
966 10361
967 13232
968 13231
969 13230
970 13229
971 13228
972 13227
973 13226
974 13225
975 13224
976 13223
977 13222
978 13221
979 13220
980 13219
981 13218
982 13217
983 13216
984 13215
985 13214
986 11609
987 11608
988 11607
989 11606
990 11605
991 11604
992 11603
993 11602
994 11642
995 11641
996 11640
997 11639
998 11638
999 11637
1000 11636
1001 11635
1002 11634
1003 11633
1004 1005
1006 11630
1007 12128
1008 12127
1009 12126
1010 12125
1011 12124
1012 12123
1013 12122
1014 12121
1015 12120
1016 12119
1017 12118
1018 12117
1019 12116
1020 12115
1021 12114
1022 12113
1023 12112
1024 12111
1025 12110
1026 12109
1027 12108
1028 12107
1029 12106
1030 12179
1031 12178
1032 12177
1033 12176
1034 12175
1035 12174
1036 12173
1037 12172
1038 12171
1039 12170
1040 12169
1041 12915
1042 12914
1043 12913
1044 12912
1045 12911
1046 12910
1047 12909
1048 12908
1049 12907
1050 12906
1051 12905
1052 12904
1053 12903
1054 12902
1055 12901
1056 12900
1057 11702
1058 11701
1059 11700
1060 11699
1061 11698
1062 11697
1063 11696
1064 11695
1065 11694
1066 12239
1067 12238
1068 12237
1069 12236
1070 12235
1071 12234
1072 12233
1073 12232
1074 12231
1075 12230
1076 12229
1077 12228
1078 12227
1079 12226
1080 12225
1081 12224
1082 12261
1083 12260
1084 12259
1085 12258
1086 12257
1087 12256
1088 12255
1089 12254
1090 12253
1091 12252
1092 12251
1093 12250
1094 12249
1095 12248
1096 12247
1097 12246
1098 11035
1099 11034
1100 11033
1101 11032
1102 11031
1103 11030
1104 11029
1105 11028
1106 11027
1107 11026
1108 11025
1109 11024
1110 11023
1111 11022
1112 10524
1113 10523
1114 10522
1115 10521
1116 10520
1117 10519
1118 10518
1119 11853
1120 11852
1121 11851
1122 11850
1123 11849
1124 11848
1125 11847
1126 11846
1127 11845
1128 11844
1129 11843
1130 11842
1131 11841
1132 11840
1133 11839
1134 11838
1135 11924
1136 11923
1137 11922
1138 11921
1139 11920
1140 11919
1141 11918
1142 11917
1143 11956
1144 11955
1145 11954
1146 11953
1147 11952
1148 11951
1149 11950
1150 11949
1151 11948
1154 10572
1155 10571
1156 10570
1157 10569
1158 10568
1159 10567
1160 10566
1161 10565
1162 10564
1163 10563
1164 10611
1165 10610
1166 10609
1167 10608
1168 10607
1169 10606
1170 10605
1171 10604
1172 10603
1173 10602
1174 10601
1175 10600
1176 10599
1177 10598
1178 10540
1179 10539
1180 10538
1181 10537
1182 10536
1183 10535
1184 10534
1185 10533
1186 10532
1187 10531
1188 10530
1189 10529
1190 10528
1191 10527
1192 10526
1193 10525
1194 11021
1195 11020
1196 11019
1197 11018
1198 11017
1199 11016
1200 11015
1201 11014
1202 10218
1203 10217
1204 10216
1205 10215
1206 10214
1207 10213
1208 10212
1209 10211
1210 10210
1211 10975
1212 10974
1213 10973
1214 10972
1215 10971
1216 10970
1217 10969
1218 10968
1219 10967
1220 10966
1221 10965
1222 10964
1223 10963
1224 10962
1225 10961
1226 10960
1227 10959
1228 10958
1229 10957
1230 10956
1231 10955
1232 10954
1233 10953
1234 10952
1235 10951
1236 9845
1237 9844
1238 9843
1239 10920
1240 10919
1241 10918
1242 10917
1243 10916
1244 10915
1245 10914
1246 10913
1247 10912
1248 10911
1249 10910
1250 10909
1251 10908
1252 10907
1253 10906
1254 10860
1255 10859
1256 10858
1257 10857
1258 10856
1259 10855
1260 10854
1261 10853
1262 10852
1263 8394
1264 8393
1265 8392
1266 8391
1267 8390
1268 8389
1269 8388
1270 8387
1271 8386
1272 8385
1273 8384
1274 8383
1275 8382
1276 8381
1277 8380
1278 8379
1279 8378
1280 8377
1281 8376
1282 8375
1283 8374
1284 8373
1285 8372
1286 8371
1287 8370
1288 8369
1289 8998
1290 8997
1291 8996
1292 8995
1293 8994
1294 8993
1295 8992
1296 8991
1297 8990
1298 8989
1299 11629
1300 11628
1301 11627
1302 11626
1303 11625
1304 11624
1305 11623
1306 11622
1307 11621
1308 11620
1309 11619
1310 11618
1311 11617
1312 11616
1313 11615
1314 11614
1315 11613
1316 11612
1317 11611
1318 11610
1319 13213
1320 13212
1321 13211
1322 13210
1323 13209
1324 13208
1325 13207
1326 13206
1327 10420
1328 10419
1329 10418
1330 10417
1331 10416
1332 10415
1333 10414
1334 10413
1335 10412
1336 10411
1337 10410
1338 10409
1339 10408
1340 10407
1341 10406
1342 10397
1343 10396
1344 10395
1345 10394
1346 10393
1347 10392
1348 10391
1349 10826
1350 10825
1351 10824
1352 10823
1353 10822
1354 10821
1355 10820
1356 10819
1357 10818
1358 10817
1359 10816
1360 10815
1361 11575
1362 11574
1363 11573
1364 11572
1365 11571
1366 11570
1367 11569
1368 11568
1369 11567
1370 11566
1371 11565
1372 11564
1373 11563
1374 11562
1375 11561
1376 11560
1377 11559
1378 11558
1379 11557
1380 11556
1381 11555
1382 11107
1383 11106
1384 11105
1385 11104
1386 11103
1387 11102
1388 11101
1389 11100
1390 11099
1391 11098
1392 11097
1393 11096
1394 10758
1395 10757
1396 10756
1397 10755
1398 10754
1399 10753
1400 10752
1401 10751
1402 10750
1403 10749
1404 10748
1405 10747
1406 10746
1407 10745
1408 10744
1409 10743
1410 10742
1411 10741
1412 10740
1413 10739
1414 10738
1415 10737
1416 10736
1417 10735
1418 10734
1419 10733
1420 10732
1421 10731
1422 10730
1423 10729
1424 10728
1425 10727
1426 10726
1427 10725
1428 10352
1429 10351
1430 10350
1431 10349
1432 10348
1433 10347
1434 10346
1435 10345
1436 10344
1437 10714
1438 10713
1439 10712
1440 10711
1441 10710
1442 10709
1443 10708
1444 10707
1445 12382
1446 12381
1447 12380
1448 12379
1449 12378
1450 12377
1451 12376
1452 12375
1453 11417
1454 11416
1455 11415
1456 11414
1457 11413
1458 11412
1459 11411
1460 11410
1461 11409
1462 11408
1463 11407
1464 11406
1465 11405
1466 11404
1467 11403
1468 11402
1469 11401
1470 11400
1471 11399
1472 11398
1473 11397
1474 11396
1475 11395
1476 11394
1477 11393
1478 11392
1479 12299
1480 12298
1481 12297
1482 12296
1483 12295
1484 12294
1485 12293
1486 12292
1487 11350
1488 11349
1489 11348
1490 10670
1491 10669
1492 10668
1493 10667
1494 10666
1495 10665
1496 10664
1497 10663
1498 10662
1499 10661
1500 10660
1501 10659
1502 10658
1503 10657
1504 10656
1505 10655
1506 10654
1507 10653
1508 10652
1509 10651
1510 10650
1511 10649
1512 10648
1513 10647
1514 10646
1515 10645
1516 10644
1517 10643
1518 10642
1519 10641
1520 10640
1523 11339
1524 11338
1525 11337
1526 11336
1527 11335
1528 11334
1529 11333
1530 11332
1531 11331
1532 11330
1533 11329
1534 11328
1535 11327
1536 11326
1537 11325
1538 11324
1539 11323
1540 11322
1541 11321
1542 11320
1543 11319
1544 11318
1545 11317
1546 11316
1547 9114
1548 9113
1549 9112
1550 9111
1551 9110
1552 9109
1553 9108
1554 9107
1555 9106
1556 9105
1557 9179
1558 9178
1559 9177
1560 9176
1561 9175
1562 9174
1563 9173
1564 9172
1565 9171
1566 9170
1567 9169
1568 9168
1569 9167
1570 9166
1571 9165
1572 11427
1573 11426
1574 11425
1575 11424
1576 11423
1577 11422
1578 11421
1579 11420
1580 11419
1581 11418
1582 12374
1583 12373
1584 12372
1585 12371
1586 12370
1587 12369
1588 12368
1589 12367
1590 12366
1591 12365
1592 10314
1593 10313
1594 10360
1595 10359
1596 10358
1597 10357
1598 10356
1599 10355
1600 10354
1601 10353
1602 9285
1603 9284
1604 9283
1605 9282
1606 9281
1607 9280
1608 9279
1609 9278
1610 9277
1611 9276
1612 9275
1613 9274
1614 9273
1615 9272
1616 9271
1617 9270
1618 9269
1619 9268
1620 9302
1621 9301
1622 9300
1623 9299
1624 9298
1625 9297
1626 9296
1627 9295
1628 9294
1629 9293
1630 9360
1631 9359
1632 9358
1633 9357
1634 9356
1635 9355
1636 9354
1637 9353
1638 9352
1639 9351
1640 9350
1641 9349
1642 9348
1643 9347
1644 9346
1645 9345
1646 9344
1647 9343
1648 9342
1649 9341
1650 9340
1651 9339
1652 9379
1653 9378
1654 9377
1655 9376
1656 9375
1657 9374
1658 9373
1659 9372
1660 9371
1661 9370
1662 9369
1663 9368
1664 9367
1665 9366
1666 9365
1667 10390
1668 10389
1669 10388
1670 10387
1671 10386
1672 10385
1673 10384
1674 10383
1675 10382
1676 10430
1677 10429
1678 10428
1679 10427
1680 10426
1681 10425
1682 10424
1683 10423
1684 10422
1685 10421
1686 13205
1687 13204
1688 9478
1689 9477
1690 9476
1691 9475
1692 9474
1693 9473
1694 9472
1695 9471
1696 9470
1697 9469
1698 9468
1699 9467
1700 9466
1701 9465
1702 9464
1703 9463
1704 9462
1705 8812
1706 8811
1707 8810
1708 8809
1709 8808
1710 8807
1711 8806
1712 8805
1713 8804
1714 8803
1715 8802
1716 8801
1717 8800
1718 10483
1719 10482
1720 10481
1721 10480
1722 10479
1723 10478
1724 10477
1725 10476
1726 8406
1727 8405
1728 8404
1729 8403
1730 8402
1731 8401
1732 8400
1733 8399
1734 8398
1735 8397
1736 8396
1737 8395
1738 10851
1739 10850
1740 10849
1741 10848
1742 10847
1743 10846
1744 10845
1745 10844
1746 10843
1747 9512
1748 9511
1749 9510
1750 9509
1751 9508
1752 9507
1753 9506
1754 9505
1755 9504
1756 9503
1757 9502
1758 9501
1759 9500
1760 9499
1761 9498
1762 9497
1763 9496
1764 9495
1765 9494
1766 9493
1767 9492
1768 9491
1769 9490
1770 9489
1771 9488
1772 9487
1773 9486
1774 9485
1775 9484
1776 9483
1777 9482
1778 9481
1779 9480
1780 9479
1781 10209
1782 10208
1783 9549
1784 9548
1785 9547
1786 9546
1787 9545
1788 9544
1789 9543
1790 9542
1791 9541
1792 9540
1793 9539
1794 9538
1795 9537
1796 9536
1797 7400
1798 7399
1799 10551
1800 10550
1801 10549
1802 10548
1803 10547
1804 10546
1805 10545
1806 10544
1807 10543
1808 10542
1809 10541
1810 10597
1811 10596
1812 10595
1813 10594
1814 10593
1815 10592
1816 10591
1817 10590
1818 10589
1819 10588
1820 10587
1821 10586
1822 10585
1823 10584
1824 10583
1825 10582
1826 10581
1827 10580
1828 10579
1829 10578
1830 10577
1833 9606
1834 9605
1835 9604
1836 9603
1837 9625
1838 9624
1839 9623
1840 9622
1841 9621
1842 9586
1843 9585
1844 9584
1845 9583
1846 9582
1847 9581
1848 9580
1849 9579
1850 9578
1851 9577
1852 9576
1853 9575
1854 7414
1855 7413
1856 7412
1857 7411
1858 7410
1859 7409
1860 7408
1861 7407
1862 7406
1863 7405
1864 7404
1865 7403
1866 7402
1867 7401
1868 9535
1869 9534
1870 9533
1871 9532
1872 9531
1873 8481
1874 8480
1875 8479
1876 8478
1877 8477
1878 8476
1879 8475
1880 8474
1881 8473
1882 8472
1883 8471
1884 8470
1885 8469
1886 8468
1887 8467
1888 8466
1889 8465
1890 8464
1891 8463
1892 8462
1893 8461
1894 8460
1895 8459
1896 8458
1897 9530
1898 9529
1899 9528
1900 9527
1901 9526
1902 9525
1903 9524
1904 9523
1905 9522
1906 9521
1907 9520
1908 9519
1909 9518
1910 9517
1911 9516
1912 9515
1913 9514
1914 9513
1915 10842
1916 10841
1917 10840
1918 10839
1919 10838
1920 10837
1921 10836
1922 10835
1923 10834
1924 10833
1925 10832
1926 10831
1927 10830
1928 10829
1929 8413
1930 8412
1931 8411
1932 8410
1933 8409
1934 8408
1935 8407
1936 10475
1937 10474
1938 10473
1939 10472
1940 10471
1941 10470
1942 10469
1943 10468
1944 10467
1945 10466
1946 8822
1947 8821
1948 8820
1949 8819
1950 8818
1951 8817
1952 8816
1953 8815
1954 8814
1955 8813
1956 9461
1957 9460
1958 9459
1959 9458
1960 9457
1961 9456
1962 9455
1963 9454
1964 9453
1965 9452
1966 9451
1967 9450
1968 9449
1969 9448
1970 9447
1971 9446
1972 9445
1973 9444
1974 9443
1975 9442
1976 9441
1977 9440
1978 9439
1979 9438
1980 9437
1981 9436
1982 9435
1983 9434
1984 9433
1985 9432
1986 9431
1987 9430
1988 9399
1989 9398
1990 9397
1991 9396
1992 9395
1993 9394
1994 9393
1995 9392
1996 9391
1997 9390
1998 9389
1999 9388
2000 9387
2001 9386
2002 9385
2003 9384
2004 9383
2005 9382
2006 9381
2007 9380
2008 9338
2009 9337
2010 9336
2011 9335
2012 9334
2013 9333
2014 9332
2015 9331
2016 9330
2017 9329
2018 9328
2019 9327
2020 9326
2021 9325
2022 9324
2023 7982
2024 7981
2025 9364
2026 9363
2027 9362
2028 9361
2029 9292
2030 9291
2031 9290
2032 9289
2033 9288
2034 9287
2035 9286
2036 9305
2037 9304
2038 9303
2039 9267
2040 9266
2041 9265
2042 9264
2043 9263
2044 9262
2045 9261
2046 9240
2047 9239
2048 9238
2049 9237
2050 9236
2051 9235
2052 9234
2053 9233
2054 9232
2055 9231
2056 9230
2057 9229
2058 9228
2059 9227
2060 9226
2061 9225
2062 9224
2063 9223
2064 9222
2065 9221
2066 9220
2067 9219
2068 9218
2069 9217
2070 9216
2071 9215
2072 8611
2073 8610
2074 8609
2075 8608
2076 8607
2077 8606
2078 8605
2079 8604
2080 8603
2081 8602
2082 8601
2083 8600
2084 8599
2085 8598
2086 8597
2087 8596
2088 7453
2089 7452
2090 7451
2091 7450
2092 7449
2093 7448
2094 7447
2095 7446
2096 7445
2097 9184
2098 9183
2099 9182
2100 9181
2101 9180
2102 9124
2103 9123
2104 9122
2105 9121
2106 9120
2107 9119
2108 9118
2109 9117
2110 9116
2111 9115
2112 11315
2113 11314
2114 11313
2115 11312
2116 11311
2117 11310
2118 11309
2119 11308
2120 11307
2121 11306
2122 11305
2123 11304
2124 11303
2125 11302
2126 11301
2127 11300
2128 9086
2129 9085
2130 9104
2131 9103
2132 9102
2133 9101
2134 9100
2135 9099
2138 9958
2139 9957
2140 9956
2141 9955
2142 9954
2143 9953
2144 9952
2145 9951
2146 9950
2147 9949
2148 9948
2149 9947
2150 9946
2151 8577
2152 8576
2153 8575
2154 8574
2155 8573
2156 8572
2157 8571
2158 8570
2159 8569
2160 8568
2161 8567
2162 8566
2163 9988
2164 9987
2165 9986
2166 9985
2193 8630
2194 8629
2195 8628
2196 8627
2197 8626
2198 8625
2199 8624
2200 8623
2201 8622
2202 8621
2203 8620
2204 8619
2205 8618
2206 8617
2207 8616
2208 8615
2209 8614
2210 8613
2211 8612
2212 9214
2213 9213
2214 9212
2215 9211
2216 9210
2217 9209
2218 9208
2219 9207
2220 9206
2221 9205
2222 9204
2223 9203
2224 9202
2225 9201
2226 9200
2227 8962
2228 8961
2229 8960
2230 8959
2231 8958
2232 8957
2233 8956
2234 8955
2235 8690
2236 8689
2237 8688
2238 8687
2239 8686
2240 8685
2241 8684
2242 8683
2243 8682
2244 8681
2245 8680
2246 8679
2247 8678
2248 8677
2249 8676
2250 10129
2251 10128
2252 10127
2253 10126
2254 10125
2255 10124
2256 10123
2257 10122
2258 10121
2259 10120
2260 10119
2261 10118
2262 10117
2263 10116
2264 10115
2265 10114
2266 10113
2267 10112
2268 10111
2269 9644
2270 9643
2271 9642
2272 9641
2273 9640
2274 9639
2275 9638
2276 9637
2277 8722
2278 8721
2279 8720
2280 8719
2281 8718
2282 8717
2283 8716
2284 8715
2285 8714
2286 8713
2287 8712
2288 8799
2289 8798
2290 8797
2291 8796
2292 8795
2293 8794
2294 8793
2295 8792
2296 8791
2297 8790
2298 9418
2299 9417
2300 9416
2301 9415
2302 9414
2303 9413
2304 9412
2305 9411
2306 9410
2307 9409
2308 9408
2309 9407
2310 9406
2311 9405
2312 9404
2313 9403
2314 9402
2315 9401
2316 9400
2317 9429
2318 9428
2319 9427
2320 9426
2321 9425
2322 9424
2323 9423
2324 9422
2325 9421
2326 9420
2327 9419
2328 9724
2329 9723
2330 9722
2331 9721
2332 10180
2333 10179
2334 10178
2335 10177
2336 10176
2337 10175
2338 10174
2339 10173
2340 10172
2341 8088
2342 8087
2343 8086
2344 8085
2345 8084
2346 8083
2347 8082
2348 8081
2349 8080
2350 8079
2351 8078
2352 8077
2353 8076
2354 8075
2355 8074
2356 8073
2357 8072
2358 8071
2359 8070
2360 8069
2361 8068
2362 8829
2363 8828
2364 8827
2365 8826
2366 8825
2367 8824
2368 8823
2369 10465
2370 10464
2371 10463
2372 10462
2373 10461
2374 10460
2375 10459
2376 10458
2377 10457
2378 10456
2379 10455
2380 10454
2381 9782
2382 9781
2383 9780
2384 9779
2385 8871
2386 8870
2387 8869
2388 8868
2389 8867
2390 8866
2391 8865
2392 8864
2393 9842
2394 9841
2395 9840
2396 9839
2397 9838
2398 9837
2399 9836
2400 9835
2401 9834
2402 9833
2403 9832
2404 9831
2405 9830
2406 9889
2407 9888
2408 9887
2409 9886
2410 9885
2411 9884
2412 9883
2413 9882
2414 9881
2415 9880
2416 9879
2417 9878
2418 9877
2419 9876
2420 9875
2421 9874
2422 9873
2423 9872
2424 9871
2425 9870
2426 9869
2427 9868
2428 9867
2429 12198
2430 12197
2431 12196
2432 12195
2433 12194
2434 12193
2435 12192
2436 12191
2437 12190
2438 12189
2439 12188
2440 12187
2441 12186
2442 12185
2443 12184
2444 12183
2445 12182
2446 12181
2447 12180
2448 9940
2449 9939
2450 9938
2451 9937
2452 9936
2453 9935
2454 9934
2455 9933
2456 9932
2457 9931
2458 9930
2459 9929
2460 9928
2461 9927
2462 9926
2463 9925
2464 9924
2465 9923
2466 9922
2467 8891
2468 8890
2469 8889
2470 8888
2471 8887
2472 8886
2473 8885
2474 8884
2475 8883
2476 8882
2477 8881
2478 8880
2479 9602
2480 9601
2481 9600
2482 9599
2483 9598
2484 9597
2485 9596
2486 9595
2487 9594
2488 9593
2489 9592
2490 9591
2491 9590
2492 9589
2493 9588
2494 9587
2495 9620
2496 9619
2497 9618
2498 9617
2499 9616
2500 9615
2501 9614
2502 9613
2503 9612
2504 9611
2507 9063
2508 9062
2509 9061
2510 9060
2511 9059
2512 9058
2513 9057
2514 9056
2515 9055
2516 9054
2517 9053
2518 9052
2519 9051
2520 9565
2521 9564
2522 9563
2523 9562
2524 9561
2525 9560
2526 9559
2527 9558
2528 9557
2529 9556
2530 9555
2531 9554
2532 9553
2533 9552
2534 9551
2535 9550
2536 8900
2537 8899
2538 8898
2539 8897
2540 8896
2541 8895
2542 8894
2543 8893
2544 8892
2545 9921
2546 9920
2547 9919
2548 9918
2549 9917
2550 9916
2551 9915
2552 9914
2553 9913
2554 9912
2555 9911
2556 9910
2557 9909
2558 9908
2559 9907
2560 9906
2561 9905
2562 9904
2563 9903
2564 9902
2565 9901
2566 9900
2567 9899
2568 9898
2569 9897
2570 9896
2571 9895
2572 9894
2573 8450
2574 8449
2575 8448
2576 8447
2577 8446
2578 8445
2579 8444
2580 8443
2581 8442
2582 8441
2583 8440
2584 8439
2585 8438
2586 8437
2587 8436
2588 8435
2589 8434
2590 8433
2591 8432
2592 8431
2593 8430
2594 8429
2595 8428
2596 8427
2597 8426
2598 8425
2599 8182
2600 8181
2601 8180
2602 8179
2603 8178
2604 8177
2605 8176
2606 8175
2607 8174
2608 8173
2609 8172
2610 8171
2611 8170
2612 8169
2613 8168
2614 8167
2615 8166
2616 8165
2617 8164
2618 8163
2619 8863
2620 8862
2621 8861
2622 8860
2623 8859
2624 8858
2625 8857
2626 8856
2627 8855
2628 8854
2629 8853
2630 8852
2631 8851
2632 8850
2633 8849
2634 8848
2635 8847
2636 8843
2637 8842
2638 8841
2639 8840
2640 8839
2641 8838
2642 8837
2643 8836
2644 8835
2645 8834
2646 8833
2647 8832
2648 8831
2649 8830
2650 8067
2651 8066
2652 8065
2653 8064
2654 8063
2655 8062
2656 8061
2657 8060
2658 8059
2659 8058
2660 8057
2661 8056
2662 8096
2663 8095
2664 8094
2665 8093
2666 8092
2667 8091
2668 8090
2669 8089
2670 10171
2671 10170
2672 10169
2673 10168
2674 10167
2675 10166
2676 10165
2677 10164
2678 10163
2679 10162
2680 8361
2681 8360
2682 8359
2683 8358
2684 8357
2685 8356
2686 8355
2687 8354
2688 7113
2689 7112
2690 7111
2691 7110
2692 7109
2693 7108
2694 7107
2695 7106
2696 7105
2697 7104
2698 7103
2699 7102
2700 7101
2701 7100
2702 7099
2703 7098
2704 7097
2705 7096
2706 7095
2707 7094
2708 7093
2709 7092
2710 7091
2711 7090
2712 8789
2713 8788
2714 8787
2715 8786
2716 8785
2717 8784
2718 8783
2719 8782
2720 8781
2721 8780
2722 8779
2723 8778
2724 8777
2725 8730
2726 8729
2727 8728
2728 8727
2729 8726
2730 8725
2731 8724
2732 8723
2733 9636
2734 9635
2735 9634
2736 9633
2737 9632
2738 9631
2739 9630
2740 9629
2741 9628
2742 9627
2743 9626
2744 8003
2745 8002
2746 8001
2747 8000
2748 7999
2749 7998
2750 7997
2751 7996
2752 9250
2753 9249
2754 9248
2755 9247
2756 9246
2757 9245
2758 9244
2759 9243
2760 9242
2761 9241
2762 8703
2763 8702
2764 8701
2765 8700
2766 8699
2767 8698
2768 8697
2769 8696
2770 8695
2771 8694
2772 8693
2773 8692
2774 8691
2775 8954
2776 8953
2777 8952
2778 8951
2779 8950
2780 8949
2781 8948
2782 8947
2783 8946
2784 8945
2785 8944
2786 8943
2787 8942
2788 8941
2789 8940
2790 8939
2791 8938
2792 8937
2793 8936
2794 8935
2795 8934
2796 8933
2797 8932
2798 8649
2799 8648
2800 8647
2801 8646
2802 8645
2803 8644
2804 8643
2805 8642
2806 8641
2807 8640
2808 8639
2809 8638
2810 8637
2811 8636
2812 8635
2813 8634
2814 8633
2815 8632
2816 8631
2817 7499
2818 7498
2819 7497
2820 7496
2821 7495
2822 7494
2823 7493
2824 7492
2825 7491
2826 7490
2827 7489
2828 7488
2829 7487
2830 7486
2831 7485
2832 7484
2833 6828
2834 6827
2835 6826
2836 6825
2837 6824
2838 6823
2839 6822
2840 6821
2841 8595
2842 8594
2843 8593
2844 8592
2845 8591
2846 8590
2847 8589
2848 8588
2849 8587
2850 8586
2851 8585
2852 8584
2853 8583
2854 8582
2855 8581
2856 8580
2857 8579
2858 8578
2859 8541
2860 8540
2861 8539
2862 8538
2863 8537
2864 8536
2865 8535
2866 8534
2867 8533
2868 8532
2869 8531
2870 8530
2871 8529
2874 9094
2875 9093
2876 9092
2877 9091
2878 9090
2879 9089
2880 9088
2881 9087
2882 11299
2883 11298
2884 11297
2885 11296
2886 11295
2887 11294
2888 11293
2889 11292
2890 11291
2891 11290
2892 11289
2893 11288
2894 6871
2895 6870
2896 6869
2897 6868
2898 6867
2899 6866
2900 6865
2901 6864
2902 6863
2903 6862
2904 6861
2905 6860
2906 6859
2907 6858
2908 7467
2909 7466
2910 7465
2911 7464
2912 7463
2913 7462
2914 7461
2915 7460
2916 7459
2917 7458
2918 7457
2919 7456
2920 7455
2921 7454
2922 6930
2923 6929
2924 6928
2925 6927
2926 6926
2927 6925
2928 6924
2929 6986
2930 6985
2931 6984
2932 6983
2933 6982
2934 6981
2935 6980
2936 6979
2937 6978
2938 6977
2939 6976
2940 6975
2941 6974
2942 6973
2943 6972
2944 6971
2945 6970
2946 6969
2947 6968
2948 6967
2949 6966
2950 7003
2951 7002
2952 7001
2953 7000
2954 6999
2955 6998
2956 6997
2957 6996
2958 6995
2959 6994
2960 6993
2961 6992
2962 6991
2963 6990
2964 9260
2965 9259
2966 9258
2967 9257
2968 9256
2969 9255
2970 9254
2971 9253
2972 9252
2973 9251
2974 7995
2975 7994
2976 7993
2977 7992
2978 7991
2979 7990
2980 7989
2981 7988
2982 7987
2983 7986
2984 7985
2985 7984
2986 7983
2987 9323
2988 9322
2989 9321
2990 9320
2991 9319
2992 9318
2993 9317
2994 9316
2995 9315
2996 9314
2997 9313
2998 9312
2999 9311
3000 9310
3001 9309
3002 9308
3003 9307
3004 9306
3005 7089
3006 7088
3007 7087
3008 7086
3009 7085
3010 7084
3011 7083
3012 7082
3013 7081
3014 7125
3015 7124
3016 7123
3017 7122
3018 7121
3019 7120
3020 7119
3021 7118
3022 7117
3023 7116
3024 7115
3025 7114
3026 8353
3027 8352
3028 8351
3029 8350
3030 8349
3031 8348
3032 8347
3033 8346
3034 7646
3035 7645
3036 7644
3037 7643
3038 7642
3039 7641
3040 7640
3041 7639
3042 7638
3043 7637
3044 7636
3045 7635
3046 7634
3047 7633
3048 7632
3049 7631
3050 7630
3051 7629
3052 7628
3053 7627
3054 7626
3055 7625
3056 7624
3057 7623
3058 7622
3059 7621
3060 7620
3061 7619
3062 7618
3063 7617
3064 7616
3065 7615
3066 7614
3067 7613
3068 7612
3069 8846
3070 8845
3071 8844
3072 8421
3073 8420
3074 8419
3075 8418
3076 8417
3077 8416
3078 8415
3079 8414
3080 10828
3081 10827
3082 7267
3083 7266
3084 7265
3085 7264
3086 7263
3087 7262
3088 7291
3089 7290
3090 7289
3091 7288
3092 7287
3093 7286
3094 7285
3095 7284
3096 7283
3097 7282
3098 7281
3099 7280
3100 7279
3101 7278
3102 7277
3103 7276
3104 7275
3105 7274
3106 7273
3107 7272
3108 7271
3109 7270
3110 7269
3111 7268
3112 8457
3113 8456
3114 8455
3115 8454
3116 8453
3117 8452
3118 8451
3119 9893
3120 9892
3121 9891
3122 9890
3123 7398
3124 7397
3125 7396
3126 7395
3127 7394
3128 7393
3129 7392
3130 7391
3131 7390
3132 7389
3133 7388
3134 7387
3135 7386
3136 7385
3137 7384
3138 7383
3139 7382
3140 7381
3141 7380
3142 7426
3143 7425
3144 7424
3145 7423
3146 7422
3147 7421
3148 7420
3149 7419
3150 7418
3151 7417
3152 7416
3153 7415
3154 9574
3155 9573
3156 9572
3157 9571
3158 9570
3159 9569
3160 9568
3161 9567
3162 9566
3163 9050
3164 9049
3165 9048
3166 9047
3167 9046
3168 9045
3169 9044
3170 9043
3171 9042
3172 9041
3173 9040
3176 7728
3177 7727
3178 7726
3179 7725
3180 7724
3181 7723
3182 7722
3183 7721
3184 7720
3185 7719
3186 7718
3187 7717
3188 8282
3189 8281
3190 7444
3191 7443
3192 7442
3193 7441
3194 7440
3195 7439
3196 7438
3197 7437
3198 7436
3199 7435
3200 7434
3201 7433
3202 7432
3203 7431
3204 7430
3205 7429
3206 7428
3207 7427
3208 7379
3209 7378
3210 7377
3211 7376
3212 7375
3213 7374
3214 7373
3215 7372
3216 7371
3217 7370
3218 7369
3219 7368
3220 7367
3221 7366
3222 7365
3223 7364
3224 7363
3225 7362
3226 7361
3227 7360
3228 7359
3229 7358
3230 7357
3231 7338
3232 7337
3233 7336
3234 7335
3235 7334
3236 7333
3237 7332
3238 7331
3239 7330
3240 7312
3241 7311
3242 7310
3243 7309
3244 7308
3245 7307
3246 7306
3247 7305
3248 7304
3249 7303
3250 7302
3251 7301
3252 7300
3253 7299
3254 7298
3255 7297
3256 7296
3257 7295
3258 7294
3259 7293
3260 7292
3261 7261
3262 7260
3263 7259
3264 7258
3265 7257
3266 7256
3267 7255
3268 7254
3269 7253
3270 7252
3271 7251
3272 7250
3273 7212
3274 7211
3275 7210
3276 7209
3277 7208
3278 7207
3279 7206
3280 7205
3281 7204
3282 7176
3283 7175
3284 7174
3285 7173
3286 7172
3287 7171
3288 7170
3289 7169
3290 7168
3291 7167
3292 7166
3293 7165
3294 7164
3295 7163
3296 7162
3297 7161
3298 7160
3299 7159
3300 7158
3301 7157
3302 7156
3303 7155
3304 7154
3305 7655
3306 7654
3307 7653
3308 7652
3309 7651
3310 7650
3311 7649
3312 7648
3313 7647
3314 8345
3315 8344
3316 8343
3317 8342
3318 8341
3319 8340
3320 8339
3321 8338
3322 8337
3323 8336
3324 8335
3325 8334
3326 7133
3327 7132
3328 7131
3329 7130
3330 7129
3331 7128
3332 7127
3333 7126
3334 7080
3335 7079
3336 7078
3337 7077
3338 7076
3339 7075
3340 7074
3341 7073
3342 7072
3343 7071
3344 7070
3345 7069
3346 7068
3347 7067
3348 7066
3349 7065
3350 7064
3351 7063
3352 7062
3353 7061
3354 7060
3355 7059
3356 7058
3357 7057
3358 7056
3359 7055
3360 7054
3361 7053
3362 7052
3363 7051
3364 7050
3365 7049
3366 7048
3367 7047
3368 7940
3369 7939
3370 7030
3371 7029
3372 7028
3373 7027
3374 7026
3375 7025
3376 7024
3377 7023
3378 7022
3379 7021
3380 7020
3381 7019
3382 7018
3383 7017
3384 7016
3385 7015
3386 7014
3387 7013
3388 7012
3389 7011
3390 7010
3391 7009
3392 7008
3393 7007
3394 7006
3395 7005
3396 7004
3397 6965
3398 6964
3399 6963
3400 6962
3401 6961
3402 6960
3403 6959
3404 6958
3405 6957
3406 6956
3407 6955
3408 6954
3409 6953
3410 7829
3411 7828
3412 7827
3413 7826
3414 7825
3415 6989
3416 6988
3417 6987
3418 6923
3419 6922
3420 6921
3421 6920
3422 6919
3423 6918
3424 6917
3425 6916
3426 6915
3427 6914
3428 6913
3429 6912
3430 6911
3431 7475
3432 7474
3433 7473
3434 7472
3435 7471
3436 7470
3437 7469
3438 7468
3439 6857
3440 6856
3441 6855
3442 6854
3443 6853
3444 6852
3445 6851
3446 6850
3447 6849
3448 6848
3449 6847
3450 6846
3451 6845
3452 6810
3453 6809
3454 6808
3455 6807
3456 6806
3457 6805
3458 6804
3459 6803
3460 6802
3461 6801
3462 6800
3463 6799
3464 6798
3465 6797
3466 6796
3467 6795
3468 6794
3469 6793
3470 6792
3471 6791
3472 6790
3475 8494
3476 8493
3477 8492
3478 8491
3479 8490
3480 8489
3481 8488
3482 8487
3483 8486
3484 8485
3485 8484
3486 8483
3487 8482
3488 6820
3489 6819
3490 6818
3491 6817
3492 6816
3493 6815
3494 6814
3495 6813
3496 6812
3497 6811
3498 6844
3499 6843
3500 6842
3501 6841
3502 6840
3503 6839
3504 6838
3505 6837
3506 6836
3507 6835
3508 6834
3509 6833
3510 6832
3511 6831
3512 6830
3513 6829
3514 7483
3515 7482
3516 7481
3517 7480
3518 7479
3519 7478
3520 7477
3521 7476
3522 6910
3523 6909
3524 6908
3525 6907
3526 6906
3527 6905
3528 6904
3529 6903
3530 6902
3531 6901
3532 6900
3533 6899
3534 7844
3535 7843
3536 7842
3537 7841
3538 7840
3539 7839
3540 7838
3541 7837
3542 7836
3543 7835
3544 7834
3545 7833
3546 7832
3547 7831
3548 7830
3549 6952
3550 6951
3551 6950
3552 6949
3553 6948
3554 6947
3555 6946
3556 6945
3557 6944
3558 6943
3559 6942
3560 6941
3561 6940
3562 6939
3563 6938
3564 7915
3565 7914
3566 7913
3567 7912
3568 7911
3569 7910
3570 7909
3571 7908
3572 7907
3573 7906
3574 7905
3575 7904
3576 7903
3577 7902
3578 7901
3579 7900
3580 7899
3581 7898
3582 7897
3583 7896
3584 7895
3585 7894
3586 7955
3587 7954
3588 7953
3589 7952
3590 7951
3591 7950
3592 7949
3593 7948
3594 7947
3595 7946
3596 7945
3597 7944
3598 7943
3599 7942
3600 7941
3601 7046
3602 7045
3603 7044
3604 7043
3605 7042
3606 7041
3607 7040
3608 7039
3609 7038
3610 7037
3611 7036
3612 7035
3613 7034
3614 7033
3615 7032
3616 7031
3617 7512
3618 7511
3619 7510
3620 7509
3621 7508
3622 7507
3623 7506
3624 7505
3625 7504
3626 7547
3627 7546
3628 7545
3629 7544
3630 7543
3631 7542
3632 7541
3633 7540
3634 7539
3635 7538
3636 7537
3637 7536
3638 7535
3639 7534
3640 7533
3641 7532
3642 7531
3643 7530
3644 7529
3645 7528
3646 7527
3647 7526
3648 7525
3649 7524
3650 7523
3651 7522
3652 7521
3653 7520
3654 8333
3655 8332
3656 7611
3657 7610
3658 7609
3659 7608
3660 7607
3661 7606
3662 7605
3663 7604
3664 7603
3665 7602
3666 7601
3667 7600
3668 7599
3669 7598
3670 7663
3671 7662
3672 7661
3673 7660
3674 7659
3675 7658
3676 7657
3677 7656
3678 7153
3679 7152
3680 7151
3681 7150
3682 7149
3683 7148
3684 7147
3685 7146
3686 7145
3687 7144
3688 9727
3689 9726
3690 9725
3691 7191
3692 7190
3693 7189
3694 7188
3695 7187
3696 7186
3697 7185
3698 7184
3699 7183
3700 7182
3701 7181
3702 7180
3703 7179
3704 7178
3705 7177
3706 7203
3707 7202
3708 7201
3709 7200
3710 7199
3711 7198
3712 7197
3713 7196
3714 7195
3715 7194
3716 7193
3717 7192
3718 7249
3719 7248
3720 7247
3721 7246
3722 7245
3723 7244
3724 7243
3725 7242
3726 7241
3727 7240
3728 7239
3729 7238
3730 7237
3731 7236
3732 9804
3733 9803
3734 9802
3735 9801
3736 9800
3737 9799
3738 9798
3739 9797
3740 9796
3741 9795
3742 9794
3743 9793
3744 9792
3745 9791
3746 9790
3747 9789
3748 9788
3749 9787
3750 9786
3751 9785
3752 9784
3753 9783
3754 7317
3755 7316
3756 7315
3757 7314
3758 7313
3759 7329
3760 7328
3761 7327
3762 7326
3763 7325
3764 7324
3765 7323
3766 7322
3767 7321
3768 7320
3769 7319
3770 7318
3771 7356
3772 7355
3773 7354
3774 7353
3775 7352
3776 7351
3777 7350
3778 7349
3779 7348
3780 7347
3781 7346
3782 7345
3783 7344
3784 7343
3785 7691
3786 7690
3787 7689
3788 7688
3789 7687
3790 7686
3791 7685
3792 7684
3793 7683
3794 7682
3795 7712
3796 7711
3797 7710
3798 7709
3799 7708
3800 7707
3801 7706
3802 7705
3803 7704
3804 7703
3805 8299
3806 8298
3807 8297
3808 8296
3809 8295
3810 8294
3811 8293
3812 8292
3813 8291
3814 8290
3815 8289
3816 8288
3817 8287
3818 8286
3819 8285
3820 8284
3821 8283
3822 7716
3823 7715
3824 7714
3825 7713
3826 7740
3827 7739
3828 7738
3829 7737
3830 7736
3831 7735
3832 7734
3833 7733
3842 3843
3852 8316
3853 8315
3854 3855
3856 8312
3857 8311
3858 8310
3859 8309
3860 8308
3861 8307
3862 8306
3863 8305
3864 8304
3865 3866
3867 8301
3868 8300
3869 7702
3870 7701
3871 7700
3872 7699
3873 7698
3874 7697
3875 7696
3876 3877
3878 7693
3879 7692
3880 7681
3881 7680
3882 7679
3883 7678
3884 7677
3885 7676
3886 7675
3887 7674
3888 7673
3889 7672
3890 3891
3892 7340
3893 7339
3894 8280
3895 8279
3896 8278
3897 8277
3898 3899
3900 8274
3901 8273
3902 8272
3903 8271
3904 8270
3905 3906
3907 8267
3908 8266
3909 8265
3910 8264
3911 3912
3913 8261
3914 8260
3915 8259
3916 8258
3917 8257
3918 3919
3920 8254
3921 8253
3922 8252
3923 8251
3924 8250
3925 3926
3927 8208
3928 8207
3929 8206
3930 8205
3931 3932
3933 8202
3934 8201
3935 8200
3936 8199
3937 8198
3938 8197
3939 8196
3940 3941
3942 8193
3943 8192
3944 8191
3945 8190
3946 9811
3947 3948
3949 9808
3950 9807
3951 9806
3952 9805
3953 7235
3954 3955
3956 7232
3957 7231
3958 7230
3959 7229
3960 7228
3961 7227
3962 3963
3964 7224
3965 7223
3966 7222
3967 7221
3968 7220
3969 3970
3971 7217
3972 7216
3973 7215
3974 7214
3975 7213
3976 3977
3978 8160
3979 8159
3980 8158
3981 8157
3982 8156
3983 8155
3984 3985
3986 8152
3987 8151
3988 8150
3989 9744
3990 9743
3991 9742
3992 9741
3993 9740
3994 9739
3995 9738
3996 9737
3997 3998
3999 9734
4000 9733
4001 9732
4002 9731
4003 9730
4004 4005
4006 7143
4007 7142
4008 7141
4009 7140
4010 7139
4011 7138
4012 4013
4014 7135
4015 7134
4016 8106
4017 8105
4018 8104
4019 7671
4020 4021
4022 7668
4023 7667
4024 7666
4025 7665
4026 7664
4027 7597
4028 4029
4030 7594
4031 7593
4032 7592
4033 7591
4034 7590
4035 7589
4036 4037
4038 7586
4039 7585
4040 7584
4041 8055
4042 8054
4043 8053
4044 8052
4045 8051
4046 8050
4047 8049
4048 8048
4049 4050
4051 7575
4052 7574
4053 7573
4054 7572
4055 7571
4056 7570
4057 4058
4059 7567
4060 7566
4061 7565
4062 7564
4063 7563
4064 4065
4066 7560
4067 7559
4068 7558
4069 7557
4070 7556
4071 7555
4072 4073
4074 7552
4075 7551
4076 7550
4077 7549
4078 7548
4079 7503
4080 4081
4082 7500
4083 7519
4084 7518
4085 7517
4086 7516
4087 7515
4088 4089
4090 8035
4091 8034
4092 8033
4093 8032
4094 8031
4095 8030
4096 8029
4097 8028
4098 8027
4099 4100
4101 8024
4102 8023
4103 8022
4104 8021
4105 8020
4106 4107
4108 8017
4109 8016
4110 8015
4111 8014
4112 8013
4113 8012
4114 4115
4116 7965
4117 7964
4118 7963
4119 7962
4120 7961
4121 4122
4123 7958
4124 7957
4125 7956
4126 7893
4127 7892
4128 4129
4130 7889
4131 7888
4132 7887
4133 7886
4134 7885
4135 4136
4137 7929
4138 7928
4139 7927
4140 7926
4141 7925
4142 4143
4144 7922
4145 7921
4146 7920
4147 7919
4148 7918
4149 7917
4150 7916
4151 6937
4152 4153
4154 6934
4155 6933
4156 6932
4157 6931
4158 7873
4159 4160
4161 7870
4162 7869
4163 7868
4164 7867
4165 4166
4167 7864
4168 7863
4169 7862
4170 7861
4171 4172
4173 7858
4174 7857
4175 7856
4176 7855
4177 4178
4179 7852
4180 7851
4181 7850
4182 7849
4183 4184
4185 7846
4186 7845
4187 6898
4188 6897
4189 4190
4191 6894
4192 6893
4193 6892
4194 6891
4195 6890
4196 4197
4198 7824
4199 7823
4200 7822
4201 7821
4202 7820
4203 7819
4204 7818
4205 7817
4206 7816
4207 7815
4208 4209
4210 7786
4211 7785
4212 7784
4213 7783
4214 7804
4215 7803
4216 4217
4218 7800
4219 7782
4220 7781
4221 7780
4222 7779
4223 7778
4224 7777
4225 4226
4227 7774
4228 7773
4229 7762
4230 7761
4231 7760
4232 7759
4233 7758
4234 4235
4236 7755
4237 7754
4238 7753
4239 7752
4240 8511
4241 8510
4242 8509
4243 8508
4244 4245
4246 8505
4247 8504
4248 8503
4249 8502
4250 8501
4251 8500
4252 8499
4255 8524
4256 8523
4257 8522
4258 8521
4259 8520
4260 8519
4261 8518
4262 4263
4264 8515
4265 8514
4266 8513
4267 8512
4268 7751
4269 7750
4270 7749
4271 7748
4272 4273
4274 7745
4275 7744
4276 7743
4277 7742
4278 7741
4279 7772
4280 7771
4281 4282
4283 7768
4284 7767
4285 7766
4286 7765
4287 7764
4288 7763
4289 7799
4290 4291
4292 7796
4293 7795
4294 7794
4295 7793
4296 7792
4297 7791
4298 4299
4300 7814
4301 7813
4302 7812
4303 7811
4304 7810
4305 7809
4306 7808
4307 7807
4308 7806
4309 7805
4310 4311
4312 6885
4313 6884
4314 6883
4315 6882
4316 4317
4318 6879
4319 6878
4320 6877
4321 6876
4322 6875
4323 4324
4325 6872
4326 10051
4327 10050
4328 10049
4329 4330
4331 10046
4332 10045
4333 10044
4334 10043
4335 4336
4337 8651
4338 8650
4339 7884
4340 4341
4342 7881
4343 7880
4344 7879
4345 7878
4346 4347
4348 7875
4349 7874
4350 8988
4351 8987
4352 4353
4354 8984
4355 8983
4356 8982
4357 8981
4358 8980
4359 8979
4360 8978
4361 8977
4362 8976
4363 8975
4364 4365
4366 7938
4367 7937
4368 7936
4369 7935
4370 4371
4372 7932
4373 8711
4374 8710
4375 8709
4376 8708
4377 4378
4379 8705
4380 8704
4381 7980
4382 7979
4383 7978
4384 4385
4386 7975
4387 7974
4388 7973
4389 7972
4390 4391
4392 7969
4393 7968
4394 8011
4395 8010
4396 8009
4397 4398
4399 8006
4400 8005
4401 8004
4402 8751
4403 8750
4404 4405
4406 8747
4407 8746
4408 8745
4409 8744
4410 8743
4411 8742
4412 8741
4413 8740
4414 8739
4415 8738
4416 8737
4417 4418
4419 8734
4420 8733
4421 8732
4422 8731
4423 8776
4424 4425
4426 8773
4427 8772
4428 8771
4429 8770
4430 8769
4431 8768
4432 4433
4434 8765
4435 8764
4436 8763
4437 8762
4438 8761
4439 4440
4441 9683
4442 9682
4443 9681
4444 9680
4445 9679
4446 4447
4448 9676
4449 9675
4450 9674
4451 9673
4452 9672
4453 4454
4455 9669
4456 9668
4457 9667
4458 8045
4459 8044
4460 4461
4462 8041
4463 8040
4464 8039
4465 8038
4466 8037
4467 8036
4468 7583
4469 7582
4470 7581
4471 4472
4473 7578
4474 7577
4475 7576
4476 10161
4477 10160
4478 4479
4480 10157
4481 10156
4482 10155
4483 10154
4484 10153
4485 4486
4487 10150
4488 10149
4489 10148
4490 8103
4491 8102
4492 4493
4494 8099
4495 8098
4496 8097
4497 9039
4498 9038
4499 4500
4501 9035
4502 9034
4503 9033
4504 9032
4505 9031
4506 4507
4508 9028
4509 9027
4510 9026
4511 9025
4512 9024
4513 4514
4515 9750
4516 9749
4517 9748
4518 9747
4519 9746
4520 9745
4521 8149
4522 8148
4523 8147
4524 4525
4526 8144
4527 8143
4528 8142
4529 8141
4530 8140
4531 4532
4533 8137
4534 8136
4535 8135
4536 8134
4537 4538
4539 8131
4540 8130
4541 8129
4542 8128
4543 8127
4544 4545
4546 8124
4547 8123
4548 8122
4549 8121
4550 8120
4551 4552
4553 8117
4554 8116
4555 9820
4556 9819
4557 9818
4558 4559
4560 9815
4561 9814
4562 9813
4563 9812
4564 4565
4566 8187
4567 8186
4568 8185
4569 8184
4570 8183
4571 8424
4572 8423
4573 8422
4574 8221
4575 8220
4576 4577
4578 8217
4579 8216
4580 8215
4581 8214
4582 8213
4583 4584
4585 8249
4586 8248
4587 8247
4588 8246
4589 4590
4591 8243
4592 8242
4593 8241
4594 8240
4595 4596
4597 8237
4598 8236
4599 8235
4600 8234
4601 4602
4603 8231
4604 8230
4605 8229
4606 8228
4607 8227
4608 4609
4610 8224
4611 8223
4612 8222
4613 8931
4614 4615
4616 8928
4617 8927
4618 8926
4619 8925
4620 8924
4621 8923
4622 4623
4624 8920
4625 8919
4626 8918
4627 8917
4628 8916
4629 8915
4630 8914
4631 8913
4632 8912
4633 4634
4635 8909
4636 8908
4637 8907
4638 8906
4639 8905
4640 8904
4641 8903
4642 4643
4644 8331
4645 8330
4646 8329
4647 8328
4648 8327
4649 8326
4650 8325
4651 8324
4652 4653
4654 8321
4655 8320
4656 8319
4657 8318
4658 8317
4659 9084
4660 9083
4661 9082
4662 9081
4663 4664
4665 9078
4666 9077
4667 9076
4668 9075
4669 9074
4670 9073
4671 9072
4672 9071
4673 4674
4675 9068
4682 4683
4692 4693
4702 4703
4707 8879
4708 8878
4709 8877
4710 8876
4711 8875
4712 4713
4714 8872
4715 10997
4716 10996
4717 10995
4718 10994
4719 10993
4720 4721
4722 10990
4723 10989
4724 10988
4725 10987
4726 10986
4727 10985
4728 10984
4729 10983
4730 10982
4731 10981
4732 10980
4733 10979
4734 4735
4736 10976
4737 9945
4738 9944
4739 9943
4740 4741
4742 10258
4743 10257
4744 10256
4745 10255
4746 4747
4748 10252
4749 10251
4750 10250
4751 10249
4752 4753
4754 10246
4755 10245
4756 12206
4757 12205
4758 4759
4760 12202
4761 12201
4762 12200
4763 12199
4764 4765
4766 9864
4767 9863
4768 9862
4769 9861
4770 4771
4772 9858
4773 9857
4774 9856
4775 9855
4776 4777
4778 10890
4779 10889
4780 10888
4781 10887
4782 10886
4783 10885
4784 10884
4785 4786
4787 10881
4788 10880
4789 10879
4790 10878
4791 9829
4792 4793
4794 9826
4795 9825
4796 9824
4797 9823
4798 4799
4800 8115
4801 8114
4802 8113
4803 8112
4804 4805
4806 8109
4807 8108
4808 8107
4809 12078
4810 12077
4811 4812
4813 12074
4814 12073
4815 12072
4816 9778
4817 4818
4819 9775
4820 9774
4821 9773
4822 9772
4823 4824
4825 9769
4826 9768
4827 9767
4828 9766
4829 9765
4830 4831
4832 9762
4833 9761
4834 9760
4835 9759
4836 9758
4837 9757
4838 9756
4839 4840
4841 9753
4842 9023
4843 9022
4844 9021
4845 4846
4847 9018
4848 9017
4849 9016
4850 11268
4851 4852
4853 11265
4854 11264
4855 11263
4856 11262
4857 11261
4858 4859
4860 11258
4861 11257
4862 11256
4863 11255
4864 4865
4866 11252
4867 11251
4868 11250
4869 11249
4870 10189
4871 4872
4873 10186
4874 10185
4875 10184
4876 10183
4877 4878
4879 9720
4880 9719
4881 9718
4882 9717
4883 9716
4884 4885
4886 9713
4887 9712
4888 9711
4889 9710
4890 9709
4891 9708
4892 9707
4893 4894
4895 9704
4896 9703
4897 9702
4898 9701
4899 4900
4901 9698
4902 9697
4903 9696
4904 9695
4905 9694
4906 4907
4908 9691
4909 9690
4910 9689
4911 9688
4912 4913
4914 9685
4915 9684
4916 8758
4917 8757
4918 8756
4919 4920
4921 8753
4922 8752
4923 13151
4924 13150
4925 4926
4927 13147
4928 13146
4929 13145
4930 9666
4931 9665
4932 4933
4934 9662
4935 9661
4936 9660
4937 9659
4938 4939
4940 9656
4941 9655
4942 9654
4943 9653
4944 9652
4945 9651
4946 9650
4947 9649
4948 4949
4950 9646
4951 9645
4952 10110
4953 10109
4954 10108
4955 4956
4957 10105
4958 10104
4959 10103
4960 10102
4961 4962
4963 10099
4964 10098
4965 10138
4966 10137
4967 4968
4969 10134
4970 10133
4971 10132
4972 10131
4973 10130
4974 4975
4976 8673
4977 8672
4978 8671
4979 8670
4980 4981
4982 8667
4983 8666
4984 8665
4985 10321
4986 4987
4988 10318
4989 10317
4990 10316
4991 10315
4992 8972
4993 4994
4995 8969
4996 8968
4997 8967
4998 8966
4999 8965
5000 5001
5002 9199
5003 9198
5004 9197
5005 9196
5006 5007
5008 9193
5009 9192
5010 9191
5011 5012
5013 9188
5014 9187
5015 9186
5016 9185
5017 5018
5019 10065
5020 10064
5021 10063
5022 10062
5023 5024
5025 10059
5026 10058
5027 10057
5028 10056
5029 5030
5031 10053
5032 10052
5033 10097
5034 10096
5035 5036
5037 10093
5038 10092
5039 10091
5040 10042
5041 5042
5043 10039
5044 10038
5045 10037
5046 10036
5047 5048
5049 10016
5050 10015
5051 10014
5052 10013
5053 10012
5054 10011
5055 10010
5056 10009
5057 10008
5058 10007
5059 5060
5061 10004
5062 10003
5063 10002
5064 10001
5065 10000
5066 9999
5067 5068
5069 9996
5070 9995
5071 9994
5072 9993
5073 9992
5074 9991
5075 5076
5077 8565
5078 8564
5079 8563
5080 8562
5081 8561
5082 8560
5083 8559
5084 8558
5085 5086
5087 8555
5088 8554
5089 8553
5090 9976
5091 9975
5092 9974
5093 9973
5094 9972
5095 5096
5097 9969
5098 9968
5099 9967
5100 9966
5101 9965
5102 9964
5103 9963
5106 10635
5107 10634
5108 10633
5109 10632
5110 10631
5111 10630
5112 9984
5113 9983
5114 5115
5116 9980
5117 9979
5118 9978
5119 9977
5120 8552
5121 8551
5122 8550
5123 5124
5125 8547
5126 8546
5127 8545
5128 8544
5129 8543
5130 8542
5131 11095
5132 11094
5133 5134
5135 12317
5136 12316
5137 12315
5138 12314
5139 12313
5140 12312
5141 5142
5143 12309
5144 12308
5145 12307
5146 12306
5147 12305
5148 12304
5149 5150
5151 12301
5152 12300
5153 10024
5154 10023
5155 10022
5156 10021
5157 10020
5158 10019
5159 10018
5160 10017
5161 5162
5163 10031
5164 10030
5165 10029
5166 10028
5167 5168
5169 10025
5170 10090
5171 10089
5172 10088
5173 5174
5175 10085
5176 10084
5177 10083
5178 10082
5179 5180
5181 10079
5182 10078
5183 10077
5184 5185
5186 10074
5187 10073
5188 10072
5189 10071
5190 5191
5192 10068
5193 10724
5194 10723
5195 10722
5196 5197
5198 10719
5199 10718
5200 10717
5201 5202
5203 10343
5204 10342
5205 10341
5206 10340
5207 5208
5209 10337
5210 10336
5211 10335
5212 10334
5213 10333
5214 10332
5215 5216
5217 10329
5218 10328
5219 10327
5220 10326
5221 5222
5223 10323
5224 10322
5225 8664
5226 8663
5227 5228
5229 8660
5230 8659
5231 8658
5232 8657
5233 5234
5235 8654
5236 10147
5237 10146
5238 10145
5239 5240
5241 10142
5242 10141
5243 10140
5244 10139
5245 5246
5247 10765
5248 10764
5249 10763
5250 10762
5251 5252
5253 10759
5254 11146
5255 11145
5256 11144
5257 5258
5259 11141
5260 11140
5261 11139
5262 11138
5263 5264
5265 11135
5266 11134
5267 11133
5268 11132
5269 11131
5270 5271
5272 13167
5273 13166
5274 13165
5275 13164
5276 5277
5278 13161
5279 13160
5280 13159
5281 13158
5282 5283
5284 13155
5285 13154
5286 13153
5287 13152
5288 5289
5290 11202
5291 11201
5292 11200
5293 11199
5294 5295
5296 11196
5297 11195
5298 11194
5299 11193
5300 5301
5302 11190
5303 11217
5304 11216
5305 11215
5306 5307
5308 11212
5309 11211
5310 11210
5311 11209
5312 5313
5314 11206
5315 11205
5316 10405
5317 10404
5318 5319
5320 10401
5321 10400
5322 10399
5323 10398
5324 10207
5325 10206
5326 5327
5328 10203
5329 10202
5330 10201
5331 10200
5332 5333
5334 10197
5335 10196
5336 10195
5337 10194
5338 5339
5340 10191
5341 10190
5342 11248
5343 11247
5344 5345
5346 11244
5347 11243
5348 11242
5349 11241
5350 5351
5352 11238
5353 11237
5354 11276
5355 11275
5356 5357
5358 11272
5359 11271
5360 11270
5361 11269
5362 5363
5364 9013
5365 9012
5366 9011
5367 9010
5368 5369
5370 9007
5371 9006
5372 9005
5373 9004
5374 5375
5376 9001
5377 9000
5378 8999
5379 8368
5380 8367
5381 5382
5383 8364
5384 8363
5385 8362
5386 12096
5387 5388
5389 12093
5390 12092
5391 12091
5392 12090
5393 5394
5395 12087
5396 12086
5397 12085
5398 12084
5399 5400
5401 12081
5402 12080
5403 12079
5404 10877
5405 5406
5407 10874
5408 10873
5409 10872
5410 10871
5411 5412
5413 10868
5414 10867
5415 10866
5416 10865
5417 5418
5419 10862
5420 10861
5421 10905
5422 10904
5423 5424
5425 10901
5426 10900
5427 10899
5428 5429
5430 10896
5431 10895
5432 10894
5433 10893
5434 10892
5435 10891
5436 5437
5438 9850
5439 9849
5440 9848
5441 5442
5443 10950
5444 10949
5445 10948
5446 10947
5447 5448
5449 12215
5450 12214
5451 12213
5452 12212
5453 5454
5455 12209
5456 12208
5457 12207
5458 5459
5460 10242
5461 10241
5462 10240
5463 10239
5464 5465
5466 10236
5467 10235
5468 10234
5469 10233
5470 5471
5472 10230
5473 10229
5474 10228
5475 5476
5477 10225
5478 10224
5479 10223
5480 10222
5481 10221
5482 5483
5484 11013
5485 11012
5486 11011
5487 11010
5488 11009
5489 11008
5490 11007
5491 11006
5492 5493
5494 11003
5495 11002
5496 11001
5497 11000
5498 10999
5499 10998
5500 5501
5509 5510
5518 5519
5526 10562
5527 5528
5529 10559
5530 10558
5531 10557
5532 10556
5533 10555
5534 10554
5535 10553
5536 10552
5539 11943
5540 11942
5541 11941
5542 5543
5544 11938
5545 11937
5546 11936
5547 11935
5548 11934
5549 11933
5550 11932
5551 5552
5553 11929
5554 11928
5555 11927
5556 11926
5557 11925
5558 11837
5559 5560
5561 11834
5562 11833
5563 11832
5564 11831
5565 11830
5566 11829
5567 11828
5568 5569
5570 11825
5571 11824
5572 11823
5573 11822
5574 11821
5575 11820
5576 5577
5578 11817
5579 11816
5580 11815
5581 11814
5582 11813
5583 5584
5585 11810
5586 11809
5587 11808
5588 11807
5589 11806
5590 11805
5591 5592
5593 12289
5594 12288
5595 12287
5596 12286
5597 5598
5599 12283
5600 12282
5601 12281
5602 12280
5603 5604
5605 12277
5606 12276
5607 12275
5608 5609
5610 12272
5611 12271
5612 12270
5613 12269
5614 5615
5616 12266
5617 12265
5618 12264
5619 5620
5621 12223
5622 12222
5623 12221
5624 12220
5625 5626
5627 12217
5628 12216
5629 10944
5630 5631
5632 10941
5633 10940
5634 10939
5635 5636
5637 10936
5638 10935
5639 10934
5640 10933
5641 5642
5643 10930
5644 10929
5645 10928
5646 10927
5647 10926
5648 10925
5649 10924
5650 5651
5652 10921
5653 12804
5654 12803
5655 12802
5656 5657
5658 12752
5659 12751
5660 12750
5661 12749
5662 5663
5664 12746
5665 12745
5666 12145
5667 5668
5669 12142
5670 12141
5671 12140
5672 12139
5673 5674
5675 12136
5676 12135
5677 12134
5678 12133
5679 5680
5681 12130
5682 12129
5683 12105
5684 5685
5686 12102
5687 12101
5688 12100
5689 12099
5690 5691
5692 12734
5693 12733
5694 12732
5695 12731
5696 5697
5698 12728
5699 12688
5700 12687
5701 12686
5702 12685
5703 12684
5704 12683
5705 12682
5706 5707
5708 12679
5709 12678
5710 12677
5711 12676
5712 5713
5714 11285
5715 11284
5716 11283
5717 5718
5719 11280
5720 11279
5721 11278
5722 11277
5723 5724
5725 12673
5726 12672
5727 12671
5728 5729
5730 12619
5731 12618
5732 12617
5733 12616
5734 5735
5736 12613
5737 12612
5738 12611
5739 5740
5741 12598
5742 12597
5743 12596
5744 12595
5745 5746
5747 12592
5748 12591
5749 12590
5750 13239
5751 5752
5753 13236
5754 13235
5755 13234
5756 13233
5757 5758
5759 11234
5760 11233
5761 11232
5762 5763
5764 11229
5765 11228
5766 11227
5767 11226
5768 5769
5770 11223
5771 11222
5772 11221
5773 11220
5774 5775
5776 11189
5777 11188
5778 11187
5779 5780
5781 11184
5782 12562
5783 12561
5784 12560
5785 5786
5787 12557
5788 12578
5789 12577
5790 5791
5792 12574
5793 13181
5794 13180
5795 13179
5796 5797
5798 13176
5799 13175
5800 13174
5801 5802
5803 13171
5804 13170
5805 13169
5806 13168
5807 5808
5809 11126
5810 11125
5811 11124
5812 11123
5813 11122
5814 11121
5815 11120
5816 11119
5817 5818
5819 11116
5820 12556
5821 12555
5822 5823
5824 12552
5825 12551
5826 12550
5827 12549
5828 5829
5830 12546
5831 12545
5832 12544
5833 12543
5834 5835
5836 12032
5837 12031
5838 12030
5839 5840
5841 12027
5842 12026
5843 12025
5844 12024
5845 5846
5847 12021
5848 12020
5849 12019
5850 12018
5851 5852
5853 12015
5854 12014
5855 12512
5856 5857
5858 12509
5859 12508
5860 12507
5861 12526
5862 5863
5864 12523
5865 12506
5866 12505
5867 12504
5868 12503
5869 12502
5870 12501
5871 5872
5873 12498
5874 12497
5875 12496
5876 12472
5877 5878
5879 12469
5880 12468
5881 12467
5882 5883
5884 12464
5885 12463
5886 12462
5887 12461
5888 5889
5890 12458
5891 12457
5892 12456
5893 5894
5895 12453
5896 12452
5897 12411
5898 12410
5899 5900
5901 12407
5902 12406
5903 12405
5904 5905
5906 12402
5907 12401
5908 11989
5909 11988
5910 5911
5912 11985
5913 11984
5914 11983
5915 11982
5916 5917
5918 12357
5919 12356
5920 12355
5921 12354
5922 12353
5923 12352
5924 12351
5925 12350
5926 12349
5927 12348
5928 5929
5930 12331
5931 12330
5932 12329
5933 12328
5934 12327
5935 5936
5937 12324
5938 12323
5939 12322
5940 12321
5941 12320
5942 12319
5943 12318
5944 5945
5946 11089
5947 11088
5948 11087
5949 11086
5950 11085
5951 11084
5952 11083
5953 5954
5955 11080
5956 11079
5957 11078
5958 11077
5959 11076
5960 13025
5961 13024
5962 13023
5963 5964
5965 13020
5966 13019
5967 10629
5968 10628
5969 10627
5970 10626
5971 10625
5972 10624
5975 13038
5976 13037
5977 13036
5978 13035
5979 13034
5980 13033
5981 13032
5982 13031
5983 5984
5985 13028
5986 13027
5987 13026
5988 11075
5989 11074
5990 11073
5991 11072
5992 11071
5993 5994
5995 11068
5996 11067
5997 11066
5998 11065
5999 11064
6000 11063
6001 11062
6002 6003
6004 11059
6005 11058
6006 11057
6007 11056
6008 11055
6009 11054
6010 12343
6011 6012
6013 12340
6014 12339
6015 12338
6016 12337
6017 12336
6018 6019
6020 12347
6021 12346
6022 12345
6023 12344
6024 12364
6025 12363
6026 12362
6027 12361
6028 12360
6029 6030
6031 11979
6032 11978
6033 11977
6034 11976
6035 6036
6037 11973
6038 12424
6039 12423
6040 12422
6041 6042
6043 12419
6044 12418
6045 12417
6046 12416
6047 6048
6049 12413
6050 12412
6051 12451
6052 6053
6054 12448
6055 12447
6056 12446
6057 12445
6058 6059
6060 12484
6061 12483
6062 12482
6063 6064
6065 12479
6066 12478
6067 12477
6068 12476
6069 6070
6071 12473
6072 12495
6073 12494
6074 6075
6076 12491
6077 12490
6078 12489
6079 12488
6080 12487
6081 12486
6082 12485
6083 12522
6084 6085
6086 12519
6087 12518
6088 12517
6089 6090
6091 12514
6092 12513
6093 13104
6094 13103
6095 6096
6097 13100
6098 13099
6099 13098
6100 6101
6102 12046
6103 12045
6104 12044
6105 12043
6106 6107
6108 12040
6109 12039
6110 12038
6111 6112
6113 12035
6114 12542
6115 12541
6116 6117
6118 12538
6119 12537
6120 12536
6121 12535
6122 6123
6124 12532
6125 12531
6126 12530
6127 6128
6129 12527
6130 13144
6131 13143
6132 6133
6134 13140
6135 13139
6136 13138
6137 13137
6138 13136
6139 13135
6140 6141
6142 13132
6143 13131
6144 13130
6145 6146
6147 13191
6148 13190
6149 13189
6150 6151
6152 13186
6153 13185
6154 13184
6155 6156
6157 12573
6158 12572
6159 12571
6160 12570
6161 6162
6163 12567
6164 12566
6165 12565
6166 6167
6168 11183
6169 11182
6170 11181
6171 6172
6173 11178
6174 11177
6175 11176
6176 6177
6178 11173
6179 11172
6180 11171
6181 11170
6182 6183
6184 11167
6185 13253
6186 13252
6187 6188
6189 13249
6190 13248
6191 13247
6192 13246
6193 13245
6194 13244
6195 13243
6196 6197
6198 13240
6199 12589
6200 12588
6201 6202
6203 12585
6204 12584
6205 12583
6206 6207
6208 12580
6209 12579
6210 12610
6211 12609
6212 6213
6214 12606
6215 12605
6216 12604
6217 6218
6219 12601
6220 12668
6221 12667
6222 6223
6224 12664
6225 12663
6226 12662
6227 6228
6229 12659
6230 12658
6231 12657
6232 12656
6233 6234
6235 12653
6236 12652
6237 12651
6238 6239
6240 12699
6241 12698
6242 12697
6243 6244
6245 12694
6246 12693
6247 12692
6248 12691
6249 12690
6250 12689
6251 12727
6252 6253
6254 12724
6255 12723
6256 12722
6257 6258
6259 13277
6260 13276
6261 13275
6262 13274
6263 6264
6265 13271
6266 13270
6267 13269
6268 6269
6270 12159
6271 12158
6272 12157
6273 12156
6274 6275
6276 12153
6277 12152
6278 12151
6279 6280
6281 12148
6282 12147
6283 12146
6284 6285
6286 12742
6287 12741
6288 12740
6289 12739
6290 6291
6292 12736
6293 12735
6294 12801
6295 6296
6297 12798
6298 12797
6299 12796
6300 6301
6302 12793
6303 12792
6304 12791
6305 12790
6306 12789
6307 12788
6308 6309
6310 12785
6311 12784
6312 12783
6313 6314
6315 12780
6316 12779
6317 12778
6318 6319
6320 12775
6321 12774
6322 13294
6323 6324
6325 13291
6326 13290
6327 13289
6328 13288
6329 6330
6331 13285
6332 13284
6333 11772
6334 6335
6336 11769
6337 11768
6338 11767
6339 6340
6341 11764
6342 11763
6343 11762
6344 6345
6346 11759
6347 11758
6348 11757
6349 6350
6351 11754
6352 11753
6353 11752
6354 11751
6355 6356
6357 11748
6358 11747
6359 11746
6360 11745
6366 6367
6372 6373
6380 6381
6388 6389
6396 6397
6404 6405
6414 13005
6415 13004
6416 13003
6417 13002
6418 13001
6419 13000
6420 6421
6422 12997
6423 12996
6424 12995
6425 11896
6426 11895
6427 11894
6428 11893
6429 11892
6430 11891
6431 11890
6432 11889
6433 11888
6434 11887
6435 11886
6436 11885
6437 11884
6438 11883
6439 11882
6440 11881
6441 11880
6442 11879
6443 11878
6444 11877
6445 11876
6446 11875
6447 12984
6448 12983
6449 12982
6450 12981
6451 12980
6452 12979
6453 12978
6454 12977
6455 12976
6456 12975
6457 12974
6458 12963
6459 12962
6460 12961
6461 12960
6462 12959
6463 12958
6464 12957
6465 12956
6466 12955
6467 12954
6468 12953
6469 11787
6470 11786
6471 11785
6472 11784
6473 11783
6474 11782
6475 11781
6476 6477
6478 11778
6479 11777
6480 11776
6481 11775
6482 11774
6483 11773
6484 13303
6485 13302
6486 13301
6487 13300
6488 13299
6489 13298
6490 13297
6491 13296
6492 13295
6493 12773
6494 12772
6495 12771
6496 12770
6497 12769
6498 12768
6499 12767
6500 12766
6501 12765
6502 12764
6503 12763
6504 12762
6505 12761
6506 12760
6507 12759
6508 12758
6509 12757
6510 12942
6511 12941
6512 12940
6513 12939
6514 12938
6515 12937
6516 12936
6517 12935
6518 12934
6519 12933
6520 12932
6521 12922
6522 12921
6523 12920
6524 12919
6525 12918
6526 6527
6528 12168
6529 12167
6530 12166
6531 12165
6532 12164
6533 12163
6534 12162
6535 12161
6536 12160
6537 13266
6538 13265
6539 13264
6540 13283
6541 13282
6542 13281
6543 13280
6544 13279
6545 13278
6546 12719
6547 12718
6548 12717
6549 12716
6550 12715
6551 12714
6552 12713
6553 12712
6554 12711
6555 6556
6557 12708
6558 12707
6559 12706
6560 12705
6561 12704
6562 12703
6563 12702
6564 12650
6565 12649
6566 12648
6567 12647
6568 12646
6569 12645
6570 12644
6571 12643
6572 12642
6573 12641
6574 12640
6575 12639
6576 12638
6577 12637
6578 12636
6579 6580
6581 12633
6582 12632
6583 12631
6584 12871
6585 12870
6586 12869
6587 12868
6588 12867
6589 12866
6590 12865
6591 12864
6592 12863
6593 12862
6594 12861
6595 12860
6596 10771
6597 10770
6598 10769
6599 10768
6600 13263
6601 13262
6602 13261
6603 13260
6604 6605
6606 13257
6607 13256
6608 13255
6609 13254
6610 11166
6611 11165
6612 11164
6613 11163
6614 11162
6615 11161
6616 11160
6617 11159
6618 11158
6619 11157
6620 11156
6621 11155
6622 11154
6623 11153
6624 11152
6625 11151
6626 11150
6627 6628
6629 11147
6630 13203
6631 13202
6632 13201
6633 13200
6634 13199
6635 13198
6636 13197
6637 13196
6638 13195
6639 13194
6640 13193
6641 13192
6642 13127
6643 13126
6644 13125
6645 13124
6646 13123
6647 13122
6648 13121
6649 13120
6650 13119
6651 13118
6652 13117
6653 13116
6654 13115
6655 13114
6656 13113
6657 13112
6658 11481
6659 11480
6660 11479
6661 11478
6662 11477
6663 11476
6664 6665
6666 12060
6667 12059
6668 12058
6669 12057
6670 12056
6671 12055
6672 12054
6673 12053
6674 12052
6675 12051
6676 12050
6677 12049
6678 12048
6679 12047
6680 13095
6681 13094
6682 13093
6683 13092
6684 13091
6685 13090
6686 13089
6687 13088
6688 13087
6689 13086
6690 13085
6691 13084
6692 13083
6693 13082
6694 13081
6695 13080
6696 13079
6697 13078
6698 13077
6699 10274
6700 10273
6701 10272
6702 10271
6703 10270
6704 10269
6705 10268
6706 10267
6707 10266
6708 10265
6709 10264
6710 10263
6711 10262
6712 10261
6713 10260
6714 10259
6715 12442
6716 12441
6717 12440
6718 12439
6719 12438
6720 12437
6721 12436
6722 12435
6723 12434
6724 12433
6725 12432
6726 12431
6727 12430
6728 12429
6729 12428
6730 12427
6731 12426
6732 12425
6733 11972
6734 11971
6735 11970
6736 11969
6737 11968
6738 11967
6739 11966
6740 11965
6741 9140
6742 9139
6743 9138
6744 9137
6745 9136
6746 9135
6747 9134
6748 9133
6749 9132
6750 9131
6751 9130
6752 9129
6753 9128
6754 9127
6755 9126
6756 9125
6757 11053
6758 11052
6759 11051
6760 11050
6761 11049
6762 11048
6763 11047
6764 11046
6765 11045
6766 11044
6767 11043
6768 11042
6769 11041
6770 11040
6771 11039
6772 11038
6773 12844
6774 12843
6775 12842
6776 12841
6777 12840
6778 12839
6779 12838
6780 12837
6781 13050
6782 13049
6783 13048
6784 13047
6785 13046
6786 13045
6787 13044
6788 13043
