1 11143
2 11142
3 11141
4 5
6 11138
7 11137
8 11136
9 11135
10 11
12 11132
13 11131
14 11165
15 11164
16 17
18 11161
19 11160
20 11159
21 11158
22 23
24 11155
25 11185
26 11184
27 28
29 11181
30 11180
31 11179
32 33
34 11176
35 12247
36 12246
37 38
39 12243
40 12242
41 12241
42 43
44 10949
45 10948
46 10947
47 10946
48 10945
49 50
51 12130
52 12129
53 54
55 12126
56 12125
57 58
59 12122
60 12121
61 62
63 12118
64 12117
65 66
67 12114
68 12113
69 70
71 12110
72 73
74 12107
75 12106
76 77
78 12103
79 12102
80 81
82 12099
83 84
85 12096
86 12095
87 88
89 12682
90 91
92 12679
93 11766
94 95
96 11763
97 11762
98 99
100 11759
101 12711
102 103
104 12708
105 12707
106 107
108 12855
109 12854
110 111
112 12851
113 12850
114 115
116 12847
117 12846
118 119
120 12843
121 122
123 12840
124 12839
125 126
127 12836
128 12835
129 130
131 12832
132 13342
133 134
135 13339
136 13338
137 138
139 13335
140 13407
141 142
143 13404
144 13403
145 146
147 13400
148 13399
149 150
151 13396
152 13395
153 13394
154 13393
155 156
157 13061
158 13060
159 160
161 13057
162 13056
163 164
165 13053
166 167
168 13050
169 13049
170 171
172 11017
173 11016
174 175
176 11013
177 11056
178 179
180 11053
181 11052
182 183
184 11049
185 11048
186 187
188 11045
189 11044
190 191
192 11041
193 11040
194 195
196 13510
197 13509
198 199
200 13506
201 13505
202 203
204 13502
205 13501
206 13500
207 208
209 13497
210 13496
211 212
213 11901
214 11900
215 216
217 11897
218 11896
219 220
221 11935
222 11934
223 224
225 11931
226 11930
227 228
229 11927
230 231
232 11924
233 11923
234 235
236 13661
237 13660
238 239
240 13657
241 13656
242 243
244 13653
245 13652
246 247
248 13649
249 13648
250 251
252 13645
253 13644
254 255
256 13641
257 13640
258 11097
259 260
261 11094
262 11093
263 264
265 11090
266 11089
267 268
269 11086
270 271
272 13758
273 13757
274 275
276 13754
277 13753
278 279
280 13750
281 282
283 13747
284 13746
285 286
287 13926
288 13925
289 290
291 13922
292 13921
293 294
295 13918
296 13917
297 298
299 13914
300 301
302 13911
303 13910
304 305
306 13907
307 13906
308 309
310 13903
311 14029
312 14028
313 314
315 14025
316 14024
317 318
319 14021
320 14020
321 322
323 14017
324 14016
325 326
327 14013
328 14012
329 14011
330 331
332 14008
333 14007
334 335
336 14004
337 14003
338 14002
339 14001
340 341
342 13998
343 13997
344 13996
345 13995
346 13994
347 348
349 13991
350 11205
351 11204
352 11203
353 11202
354 11201
355 11200
356 11199
357 11198
358 11197
359 11196
360 14588
361 14587
362 14586
363 14585
364 14584
365 14583
366 14582
367 14581
368 14580
369 14579
370 14578
371 14577
372 14576
373 14575
374 14574
375 14573
376 14572
377 14571
378 14570
379 14569
380 14568
381 14567
382 14566
383 14565
384 14564
385 14649
386 14648
387 14647
388 14646
389 14645
390 14644
391 14643
392 14642
393 14641
394 14640
395 14639
396 14638
397 14637
398 14636
399 14635
400 14634
401 14633
402 15198
403 15197
404 15196
405 15195
406 15194
407 15193
408 15192
409 15191
410 15190
411 15189
412 15188
413 15187
414 15186
415 15185
416 15277
417 15276
418 15275
419 15274
420 15273
421 15272
422 15271
423 15270
424 15269
425 15268
426 15267
427 15266
428 15265
429 15264
430 15263
431 15262
432 15261
433 15260
434 15743
435 15742
436 15741
437 15740
438 15739
439 15738
440 15737
441 15736
442 15735
443 15734
444 15733
445 15732
446 15731
447 15730
448 15820
449 15819
450 15818
451 15817
452 15816
453 15815
454 15814
455 15813
456 15812
457 15811
458 15810
459 15809
460 15808
461 15807
462 15806
463 15805
464 15804
465 16114
466 16113
467 16112
468 16111
469 16110
470 16109
471 16108
472 16154
473 16153
474 16152
475 16151
476 16150
477 16149
478 16148
479 16147
480 16146
481 16145
482 16144
483 16143
484 16142
485 16141
486 16745
487 16744
488 16743
489 16742
490 16741
491 16740
492 16739
493 16738
494 16737
495 16736
496 16735
497 16734
498 16733
499 16732
500 16731
501 16730
502 16729
503 16728
504 16727
505 16726
506 16725
507 16724
508 16723
509 16722
510 16829
511 16828
512 16827
513 16826
514 16825
515 16824
516 16823
517 16822
518 16821
519 16820
520 16819
521 16818
522 16817
523 16816
524 16815
525 16814
526 16813
527 16812
528 16811
529 16810
530 16809
531 16808
532 16807
533 16806
534 16805
535 16804
536 16803
537 17467
538 17466
539 17465
540 17464
541 17463
542 17462
543 17461
544 17460
545 11111
546 11110
547 11109
548 11108
549 11107
552 11117
553 11116
554 11115
555 11114
556 11113
557 11112
558 17459
559 17458
560 17457
561 17456
562 17455
563 17454
564 17453
565 17452
566 17451
567 17450
568 17449
569 17448
570 17447
571 16858
572 16857
573 16856
574 16855
575 16854
576 16853
577 16852
578 16851
579 16850
580 16849
581 16848
582 16847
583 16846
584 16845
585 16844
586 16843
587 16842
588 16841
589 16840
590 16839
591 16838
592 16837
593 16836
594 16835
595 16834
596 16833
597 16832
598 16831
599 16830
600 16721
601 16720
602 16719
603 16718
604 16717
605 16716
606 16715
607 16714
608 16713
609 16712
610 16711
611 16710
612 16709
613 16708
614 16707
615 10872
616 10871
617 10870
618 10869
619 10868
620 10867
621 10866
622 10865
623 10864
624 10863
625 10862
626 10861
627 10860
628 10859
629 10858
630 10857
631 10856
632 10855
633 10854
634 10853
635 10852
636 10851
637 10850
638 10849
639 10848
640 10847
641 10846
642 10845
643 10844
644 16163
645 16162
646 16161
647 16160
648 16159
649 16158
650 16157
651 16156
652 16155
653 16107
654 16106
655 16105
656 16104
657 16103
658 16102
659 16101
660 16100
661 16099
662 16098
663 16097
664 16096
665 16095
666 15892
667 15891
668 15890
669 15889
670 15888
671 15887
672 15886
673 15885
674 15884
675 15883
676 15828
677 15827
678 15826
679 15825
680 15824
681 15823
682 15822
683 15821
684 15729
685 15728
686 15727
687 15726
688 15725
689 15724
690 15723
691 15722
692 15721
693 15720
694 15719
695 15718
696 15717
697 15716
698 15715
699 10776
700 10775
701 10774
702 10773
703 10772
704 10771
705 10770
706 10769
707 10768
708 10767
709 10766
710 10765
711 10764
712 10763
713 10762
714 10761
715 10760
716 10759
717 10758
718 15285
719 15284
720 15283
721 15282
722 15281
723 15280
724 15279
725 15278
726 15184
727 15183
728 15182
729 15181
730 15180
731 15179
732 15178
733 15177
734 15176
735 15175
736 15174
737 15173
738 15172
739 15171
740 15170
741 15169
742 15168
743 15167
744 15166
745 15165
746 15164
747 15163
748 15162
749 14668
750 14667
751 14666
752 14665
753 14664
754 14663
755 14662
756 14661
757 14660
758 14659
759 14658
760 14657
761 14656
762 14655
763 14654
764 14653
765 14652
766 14651
767 14650
768 14563
769 14562
770 14561
771 14560
772 14559
773 14558
774 14557
775 14556
776 14555
777 14554
778 14553
779 14552
780 14551
781 14550
782 14549
783 14548
784 14547
785 14546
786 14545
787 14434
788 14433
789 14432
790 14431
791 14430
792 14429
793 14428
794 14427
795 14426
796 14425
797 14424
798 14423
799 14422
800 14421
801 14420
802 14068
803 14067
804 14066
805 14065
806 14064
807 14063
808 14062
809 14061
810 14060
811 14059
812 14058
813 14057
814 14056
815 14055
816 14054
817 14053
818 14052
819 820
821 14049
822 14048
823 14047
824 14046
825 14045
826 14044
827 14043
828 14042
829 14041
830 14040
831 832
833 14037
834 14036
835 14035
836 14034
837 14033
838 14032
839 14031
840 14030
841 13902
842 13901
843 13900
844 13899
845 13898
846 13897
847 13896
848 849
850 13864
851 13863
852 13862
853 13861
854 13860
855 13859
856 13858
857 858
859 13855
860 13854
861 13853
862 13852
863 13851
864 13850
865 13849
866 867
868 13782
869 13781
870 13780
871 13779
872 13778
873 13777
874 13776
875 876
877 11104
878 11103
879 11102
880 11101
881 11100
882 11099
883 11098
884 13639
885 13638
886 13637
887 13636
888 13635
889 13634
890 891
892 13631
893 13630
894 13629
895 13628
896 13627
897 13626
898 13625
899 900
901 13622
902 13621
903 13620
904 13619
905 13618
906 13617
907 11943
908 11942
909 910
911 11939
912 11938
913 11937
914 11936
915 11893
916 11892
917 11891
918 919
920 11888
921 11887
922 11886
923 11885
924 13522
925 13521
926 13520
927 13519
928 13518
929 13517
930 13516
931 13515
932 13514
933 934
935 13511
936 11037
937 11036
938 11035
939 11034
940 11033
941 11032
942 943
944 11029
945 11028
946 11027
947 11026
948 11025
949 11024
950 11023
951 11022
952 953
954 11019
955 11018
956 13046
957 13045
958 13044
959 13043
960 13042
961 13041
962 963
964 13038
965 13037
966 13036
967 13035
968 13034
969 13033
970 13361
971 13360
972 13359
973 13358
974 13357
975 13356
976 13355
977 978
979 13352
980 13351
981 13350
982 13349
983 13348
984 13347
985 13346
986 13345
987 988
989 12831
990 12830
991 12829
992 12828
993 12827
994 12826
995 12825
996 997
998 12822
999 12821
1000 12820
1001 12724
1002 12723
1003 12722
1004 12721
1005 1006
1007 12718
1008 12717
1009 12716
1010 12715
1011 12714
1012 12713
1013 12712
1014 11758
1015 11757
1016 11756
1017 11755
1018 11754
1019 11753
1020 11752
1021 11751
1022 1023
1024 11748
1025 11747
1026 11746
1027 11745
1028 12504
1029 12503
1030 1031
1032 12500
1033 12499
1034 12498
1035 12497
1036 12496
1037 12495
1038 12494
1039 1040
1041 12491
1042 12490
1043 10968
1044 10967
1045 10966
1046 10965
1047 10964
1048 1049
1050 10961
1051 10960
1052 10959
1053 10958
1054 10957
1055 10956
1056 10955
1057 10954
1058 10953
1059 1060
1061 10950
1062 12238
1063 12237
1064 12236
1065 12235
1066 12234
1067 12233
1068 12232
1069 12231
1070 8852
1071 1072
1073 8849
1074 8848
1075 8847
1076 8846
1077 8845
1078 8844
1079 8843
1080 8842
1081 8841
1082 8840
1083 8839
1084 8838
1085 1086
1087 9765
1088 9764
1089 9763
1090 9762
1091 9761
1092 9760
1093 9759
1094 9758
1095 9757
1096 9756
1097 9755
1098 9754
1101 9780
1102 9779
1103 9778
1104 9777
1105 9776
1106 9775
1107 9774
1108 9773
1109 9772
1110 9771
1111 9770
1112 9769
1113 9768
1114 8837
1115 8836
1116 8835
1117 1118
1119 8832
1120 8831
1121 8830
1122 9803
1123 9802
1124 9801
1125 9800
1126 9799
1127 9798
1128 9797
1129 9796
1130 10911
1131 10910
1132 1133
1134 10907
1135 10906
1136 10905
1137 10904
1138 10903
1139 10902
1140 10901
1141 10900
1142 10899
1143 10898
1144 10897
1145 10896
1146 10895
1147 10894
1148 10893
1149 10892
1150 1151
1152 10889
1153 10888
1154 10887
1155 10886
1156 12489
1157 12488
1158 12487
1159 12486
1160 1161
1162 12483
1163 12482
1164 12661
1165 12660
1166 12659
1167 12658
1168 12657
1169 12656
1170 1171
1172 12653
1173 12652
1174 12651
1175 12650
1176 12649
1177 12648
1178 12647
1179 1180
1181 12644
1182 12643
1183 12642
1184 12738
1185 12737
1186 12736
1187 12735
1188 12734
1189 12733
1190 12732
1191 12731
1192 1193
1194 12728
1195 12727
1196 12726
1197 12725
1198 12819
1199 12818
1200 12817
1201 12816
1202 12815
1203 1204
1205 12812
1206 12811
1207 12810
1208 12809
1209 12808
1210 12807
1211 12806
1212 12805
1213 1214
1215 12802
1216 12801
1217 13373
1218 13372
1219 13371
1220 13370
1221 13369
1222 13368
1223 1224
1225 13365
1226 13364
1227 13363
1228 13362
1229 13032
1230 13031
1231 13030
1232 13029
1233 13028
1234 13027
1235 13026
1236 1237
1238 13023
1239 13022
1240 13021
1241 13020
1242 13019
1243 13018
1244 13017
1245 13016
1246 1247
1248 9884
1249 9883
1250 9882
1251 9881
1252 9880
1253 9879
1254 9878
1255 9877
1256 1257
1258 9874
1259 9873
1260 9872
1261 9871
1262 9870
1263 9869
1264 9868
1265 9867
1266 9866
1267 1268
1269 9925
1270 9924
1271 9923
1272 9922
1273 9921
1274 9920
1275 9919
1276 9918
1277 9917
1278 11957
1279 1280
1281 11954
1282 11953
1283 11952
1284 11951
1285 11950
1286 11949
1287 11948
1288 11947
1289 1290
1291 11944
1292 13616
1293 13615
1294 13614
1295 13613
1296 13612
1297 13611
1298 13610
1299 1300
1301 13607
1302 13606
1303 13605
1304 13604
1305 13603
1306 10070
1307 10069
1308 10068
1309 1310
1311 10065
1312 10064
1313 11067
1314 11066
1315 11065
1316 11064
1317 11063
1318 11062
1319 11061
1320 11060
1321 11059
1322 1323
1324 13775
1325 13774
1326 13773
1327 13772
1328 13771
1329 13770
1330 13769
1331 1332
1333 10203
1334 10202
1335 10201
1336 10200
1337 10199
1338 10198
1339 10197
1340 1341
1342 10194
1343 10193
1344 10192
1345 10191
1346 10190
1347 10189
1348 10354
1349 10353
1350 1351
1352 10350
1353 10349
1354 10348
1355 10347
1356 10346
1357 10345
1358 10344
1359 10343
1360 10342
1361 10341
1362 10340
1363 10339
1364 14101
1365 14100
1366 1367
1368 14097
1369 14096
1370 14095
1371 14094
1372 14093
1373 14092
1374 14091
1375 14090
1376 14089
1377 1378
1379 14086
1380 14085
1381 14084
1382 14083
1383 14082
1384 14081
1385 14080
1386 14079
1387 14078
1388 14077
1389 14076
1390 14075
1391 14074
1392 14073
1393 14072
1394 14071
1395 14070
1396 14069
1397 14419
1398 14418
1399 14417
1400 14416
1401 14415
1402 14414
1403 14413
1404 14412
1405 14411
1406 14410
1407 14409
1408 14408
1409 14407
1410 14406
1411 14405
1412 14404
1413 14403
1414 10409
1415 10408
1416 10407
1417 10406
1418 10405
1419 10404
1420 10403
1421 10402
1422 10401
1423 10400
1424 10399
1425 10398
1426 10397
1427 14691
1428 14690
1429 14689
1430 14688
1431 14687
1432 14686
1433 14685
1434 14684
1435 14683
1436 14682
1437 14681
1438 14680
1439 14679
1440 14678
1441 14677
1442 14676
1443 14675
1444 14674
1445 14673
1446 14672
1447 14671
1448 14670
1449 14669
1450 15161
1451 15160
1452 15159
1453 15158
1454 15157
1455 15156
1456 15155
1457 15154
1458 15308
1459 15307
1460 15306
1461 15305
1462 15304
1463 15303
1464 15302
1465 15301
1466 15300
1467 15299
1468 15298
1469 15297
1470 15296
1471 15295
1472 15294
1473 15293
1474 15292
1475 15291
1476 15290
1477 15289
1478 15288
1479 15287
1480 15286
1481 10757
1482 10756
1483 10755
1484 10754
1485 10753
1486 10752
1487 10751
1488 10750
1489 10749
1490 10748
1491 10747
1492 10746
1493 10745
1494 10744
1495 10743
1496 10742
1497 10741
1498 10740
1499 10739
1500 10738
1501 15850
1502 15849
1503 15848
1504 15847
1505 15846
1506 15845
1507 15844
1508 15843
1509 15842
1510 15841
1511 15840
1512 15839
1513 15838
1514 15837
1515 15836
1516 15835
1517 15834
1518 15833
1519 15832
1520 15831
1521 15830
1522 15829
1523 15882
1524 15881
1525 15880
1526 15879
1527 15878
1528 15877
1529 15876
1530 15875
1531 15874
1532 16263
1533 16262
1534 16261
1535 16260
1536 16259
1537 16258
1538 16257
1539 16256
1540 16255
1541 16254
1542 16253
1543 16252
1544 16251
1545 16250
1546 16249
1547 16171
1548 16170
1549 16169
1550 16168
1551 16167
1552 16166
1553 16165
1554 16164
1555 10843
1556 10842
1557 10841
1558 10840
1559 10839
1560 10838
1561 10837
1562 10836
1563 10835
1564 10834
1565 10833
1566 10832
1567 10831
1568 10830
1569 10829
1570 10828
1571 10827
1572 10826
1573 10825
1574 10824
1575 10823
1576 10822
1577 10821
1578 10820
1579 10819
1580 17119
1581 17118
1582 17117
1583 17116
1584 17115
1585 17114
1586 17113
1587 17112
1588 17111
1589 17160
1590 17159
1591 17158
1592 17157
1593 17156
1594 17155
1595 17154
1596 16890
1597 16889
1598 16888
1599 16887
1600 16886
1601 16885
1602 16884
1603 16883
1604 16882
1605 16881
1606 16880
1607 16879
1608 16878
1609 16877
1610 16876
1611 16875
1612 16874
1613 16873
1614 16872
1615 16871
1616 16870
1617 16869
1618 16868
1619 16867
1620 16866
1621 16865
1622 16864
1623 16863
1624 16862
1625 16861
1626 16860
1627 16859
1628 17446
1629 17445
1630 17444
1631 17443
1632 17442
1633 17441
1634 17440
1635 17439
1636 17438
1637 17437
1638 17436
1639 17435
1640 17434
1641 17433
1642 9748
1643 9747
1644 9746
1645 9745
1646 9744
1649 9653
1650 9652
1651 9651
1652 9650
1653 9649
1654 9648
1655 9647
1656 16924
1657 16923
1658 16922
1659 16921
1660 16920
1661 16919
1662 16918
1663 16917
1664 16916
1665 16915
1666 16914
1667 16913
1668 16912
1669 16911
1670 16910
1671 16909
1672 16908
1673 16907
1674 16906
1675 16905
1676 16904
1677 16903
1678 16902
1679 16901
1680 16900
1681 16899
1682 16898
1683 16897
1684 16896
1685 16895
1686 16894
1687 16893
1688 16892
1689 16891
1690 17153
1691 17152
1692 17151
1693 17150
1694 17149
1695 17148
1696 17147
1697 17146
1698 16359
1699 16358
1700 16357
1701 16356
1702 16355
1703 16354
1704 16353
1705 16352
1706 16351
1707 16350
1708 16349
1709 16348
1710 16347
1711 16346
1712 16345
1713 16344
1714 16343
1715 16342
1716 16341
1717 16340
1718 16339
1719 16338
1720 16337
1721 16336
1722 16335
1723 16334
1724 16333
1725 16332
1726 16331
1727 16274
1728 16273
1729 16272
1730 16271
1731 16270
1732 16269
1733 16268
1734 16267
1735 16266
1736 16265
1737 16264
1738 15873
1739 15872
1740 15871
1741 15870
1742 15869
1743 15868
1744 15867
1745 15866
1746 15865
1747 15864
1748 15863
1749 15862
1750 15861
1751 15860
1752 15859
1753 15858
1754 15857
1755 15856
1756 15855
1757 15854
1758 15853
1759 15852
1760 15851
1761 10737
1762 10736
1763 10735
1764 10734
1765 10733
1766 10732
1767 10731
1768 10730
1769 10729
1770 9627
1771 9626
1772 9625
1773 9624
1774 9623
1775 9622
1776 9621
1777 9620
1778 9619
1779 9618
1780 9617
1781 15319
1782 15318
1783 15317
1784 15316
1785 15315
1786 15314
1787 15313
1788 15312
1789 15311
1790 15310
1791 15309
1792 15153
1793 15152
1794 15151
1795 15150
1796 15149
1797 15148
1798 15147
1799 15146
1800 15145
1801 15144
1802 14704
1803 14703
1804 14702
1805 14701
1806 14700
1807 14699
1808 14698
1809 14697
1810 14696
1811 14695
1812 14694
1813 14693
1814 14692
1815 10396
1816 10395
1817 10394
1818 10393
1819 10392
1820 10391
1821 10390
1822 14157
1823 14156
1824 14155
1825 14154
1826 14153
1827 14152
1828 14151
1829 14150
1830 14149
1831 14148
1832 14147
1833 14146
1834 14145
1835 14144
1836 14143
1837 14142
1838 14141
1839 14140
1840 14139
1841 14138
1842 14137
1843 14136
1844 14135
1845 14134
1846 14133
1847 14132
1848 1849
1850 14129
1851 14128
1852 14127
1853 14126
1854 14125
1855 1856
1857 14122
1858 14121
1859 14120
1860 14119
1861 1862
1863 14116
1864 14115
1865 1866
1867 14112
1868 14111
1869 14110
1870 1871
1872 14107
1873 14106
1874 1875
1876 14103
1877 14102
1878 1879
1880 10336
1881 10335
1882 1883
1884 10332
1885 10235
1886 10234
1887 1888
1889 10231
1890 10230
1891 1892
1893 10227
1894 10226
1895 1896
1897 10223
1898 1899
1900 10220
1901 10219
1902 1903
1904 10216
1905 10215
1906 1907
1908 10212
1909 10211
1910 1911
1912 10208
1913 1914
1915 10205
1916 10204
1917 1918
1919 13764
1920 13763
1921 1922
1923 13760
1924 13759
1925 1926
1927 11081
1928 1929
1930 11078
1931 11077
1932 1933
1934 11074
1935 11073
1936 1937
1938 11070
1939 11069
1940 11068
1941 1942
1943 10061
1944 10060
1945 1946
1947 10057
1948 10056
1949 1950
1951 10053
1952 1953
1954 10050
1955 10049
1956 1957
1958 10046
1959 9605
1960 1961
1962 9602
1963 9601
1964 1965
1966 9598
1967 9597
1968 1969
1970 9584
1971 9583
1972 1973
1974 9580
1975 9579
1976 1977
1978 9576
1979 9575
1980 1981
1982 9937
1983 9936
1984 1985
1986 9933
1987 9932
1988 1989
1990 9929
1991 9928
1992 9927
1993 9926
1994 9863
1995 1996
1997 9860
1998 9859
1999 2000
2001 9856
2002 9855
2003 2004
2005 9852
2006 9851
2007 2008
2009 9848
2010 9847
2011 2012
2013 10974
2014 10973
2015 2016
2017 10970
2018 10969
2019 2020
2021 11010
2022 11009
2023 2024
2025 11006
2026 11005
2027 2028
2029 11002
2030 11001
2031 2032
2033 13067
2034 13066
2035 2036
2037 13063
2038 13062
2039 2040
2041 13388
2042 13387
2043 13386
2044 2045
2046 13383
2047 13382
2048 2049
2050 13379
2051 13378
2052 2053
2054 13375
2055 13374
2056 2057
2058 12798
2059 12797
2060 2061
2062 12794
2063 12793
2064 2065
2066 12790
2067 12789
2068 2069
2070 12786
2071 12785
2072 2073
2074 12782
2075 9563
2076 2077
2078 9560
2079 9559
2080 2081
2082 9556
2083 9555
2084 2085
2086 9542
2087 9541
2088 2089
2090 9538
2091 9537
2092 2093
2094 9534
2095 9533
2096 11773
2097 2098
2099 11770
2100 11769
2101 2102
2103 12678
2104 12677
2105 2106
2107 12674
2108 12673
2109 2110
2111 12670
2112 2113
2114 12667
2115 12666
2116 2117
2118 12663
2119 12662
2120 2121
2122 12479
2123 12478
2124 2125
2126 12475
2127 2128
2129 12472
2130 12471
2131 2132
2133 12468
2134 12467
2135 2136
2137 12464
2138 12137
2139 2140
2141 12134
2142 12133
2143 2144
2145 10942
2146 10941
2147 10940
2148 10939
2149 2150
2151 10936
2152 10935
2153 10934
2154 2155
2156 10931
2157 10930
2158 10929
2159 2160
2161 9812
2162 9811
2163 9810
2164 2165
2166 9807
2167 9806
2168 9805
2169 9804
2170 2171
2172 8827
2173 8826
2174 8825
2175 8824
2176 2177
2178 8821
2179 8820
2180 8819
2181 9519
2182 2183
2184 9516
2185 9515
2186 9514
2187 9513
2188 2189
2190 9510
2191 9509
2192 9508
2193 9507
2196 9532
2197 9531
2198 9530
2199 9529
2200 2201
2202 9526
2203 9525
2204 9524
2205 9523
2206 9522
2207 2208
2209 8818
2210 8817
2211 8816
2212 8815
2213 8814
2214 2215
2216 8811
2217 8810
2218 8809
2219 8808
2220 2221
2222 9788
2223 9787
2224 9786
2225 9785
2226 2227
2228 9782
2229 9781
2230 10928
2231 2232
2233 10925
2234 10924
2235 10923
2236 10922
2237 2238
2239 12149
2240 12148
2241 12147
2242 12146
2243 12145
2244 2245
2246 12142
2247 12141
2248 2249
2250 12138
2251 12463
2252 2253
2254 12460
2255 12459
2256 2257
2258 12456
2259 12455
2260 2261
2262 12452
2263 12451
2264 2265
2266 9422
2267 9421
2268 2269
2270 9418
2271 9417
2272 2273
2274 9414
2275 11791
2276 2277
2278 11788
2279 11787
2280 2281
2282 11784
2283 2284
2285 11781
2286 11780
2287 2288
2289 11777
2290 11776
2291 2292
2293 9552
2294 9551
2295 2296
2297 9548
2298 9547
2299 2300
2301 9544
2302 9543
2303 2304
2305 9572
2306 9571
2307 9570
2308 2309
2310 9567
2311 9566
2312 2313
2314 12781
2315 12780
2316 2317
2318 12777
2319 12776
2320 2321
2322 12773
2323 12772
2324 2325
2326 12769
2327 12768
2328 2329
2330 13092
2331 13091
2332 2333
2334 13088
2335 13087
2336 2337
2338 13084
2339 13083
2340 2341
2342 13080
2343 13079
2344 13078
2345 13077
2346 13076
2347 2348
2349 13073
2350 13072
2351 2352
2353 13069
2354 13068
2355 2356
2357 10996
2358 10995
2359 2360
2361 10992
2362 10991
2363 2364
2365 10988
2366 10987
2367 2368
2369 10984
2370 10983
2371 2372
2373 10980
2374 10979
2375 2376
2377 9846
2378 9845
2379 2380
2381 9842
2382 9841
2383 9840
2384 2385
2386 9837
2387 9836
2388 2389
2390 9904
2391 9903
2392 2393
2394 9900
2395 9899
2396 9898
2397 9897
2398 2399
2400 9894
2401 9893
2402 2403
2404 9890
2405 9889
2406 2407
2408 9594
2409 9593
2410 2411
2412 9590
2413 9589
2414 2415
2416 9586
2417 9585
2418 2419
2420 9614
2421 9613
2422 2423
2424 9610
2425 9609
2426 2427
2428 9606
2429 10045
2430 2431
2432 10042
2433 10041
2434 2435
2436 10038
2437 10037
2438 2439
2440 10034
2441 10033
2442 2443
2444 9443
2445 9442
2446 9441
2447 9440
2448 9439
2449 2450
2451 9436
2452 9435
2453 2454
2455 9463
2456 9462
2457 2458
2459 9459
2460 2461
2462 9456
2463 9455
2464 2465
2466 10106
2467 10105
2468 2469
2470 10102
2471 10101
2472 2473
2474 10098
2475 2476
2477 10095
2478 10094
2479 2480
2481 10091
2482 10090
2483 2484
2485 10087
2486 10086
2487 2488
2489 10083
2490 10082
2491 2492
2493 10079
2494 2495
2496 10076
2497 10075
2498 2499
2500 10072
2501 10071
2502 10331
2503 2504
2505 10328
2506 10327
2507 2508
2509 10324
2510 10323
2511 2512
2513 10320
2514 10319
2515 2516
2517 9486
2518 9485
2519 9484
2520 2521
2522 9481
2523 9480
2524 2525
2526 9477
2527 9476
2528 14194
2529 14193
2530 2531
2532 14190
2533 14189
2534 14188
2535 14187
2536 14186
2537 2538
2539 14183
2540 14182
2541 14181
2542 14180
2543 14179
2544 14178
2545 14177
2546 14176
2547 14175
2548 14174
2549 14173
2550 14172
2551 14171
2552 14170
2553 14169
2554 14168
2555 14167
2556 14166
2557 14165
2558 14164
2559 14163
2560 14162
2561 14161
2562 14160
2563 14159
2564 14158
2565 10389
2566 10388
2567 10387
2568 10386
2569 10385
2570 10384
2571 10383
2572 10382
2573 10381
2574 10380
2575 10379
2576 10378
2577 10377
2578 10376
2579 14710
2580 14709
2581 14708
2582 14707
2583 14706
2584 14705
2585 15143
2586 15142
2587 15141
2588 15140
2589 15139
2590 15138
2591 15137
2592 15136
2593 15135
2594 15134
2595 15133
2596 15132
2597 15131
2598 15130
2599 15129
2600 15325
2601 15324
2602 15323
2603 15322
2604 15321
2605 15320
2606 9638
2607 9637
2608 9636
2609 9635
2610 9634
2611 9633
2612 9632
2613 9631
2614 9630
2615 9629
2616 9628
2617 10728
2618 10727
2619 10726
2620 10725
2621 10724
2622 10723
2623 10722
2624 10721
2625 10720
2626 10719
2627 10718
2628 10717
2629 10716
2630 10715
2631 10714
2632 9506
2633 9505
2634 9504
2635 9503
2636 9502
2637 9501
2638 9500
2639 9499
2640 9498
2641 16292
2642 16291
2643 16290
2644 16289
2645 16288
2646 16287
2647 16286
2648 16285
2649 16284
2650 16283
2651 16282
2652 16281
2653 16280
2654 16279
2655 16278
2656 16277
2657 16276
2658 16275
2659 16330
2660 16329
2661 16328
2662 16327
2663 16326
2664 16325
2665 16380
2666 16379
2667 16378
2668 16377
2669 16376
2670 16375
2671 16374
2672 16373
2673 16372
2674 16371
2675 16370
2676 16369
2677 16368
2678 16367
2679 16366
2680 16365
2681 16364
2682 16363
2683 16362
2684 16361
2685 16360
2686 17145
2687 17144
2688 17143
2689 17142
2690 17141
2691 17140
2692 17139
2693 17138
2694 17137
2695 16956
2696 16955
2697 16954
2698 16953
2699 16952
2700 16951
2701 16950
2702 16949
2703 16948
2704 16947
2705 16946
2706 16945
2707 16944
2708 16943
2709 16942
2710 16941
2711 16940
2712 16939
2713 16938
2714 16937
2715 16936
2716 16935
2717 16934
2718 16933
2719 16932
2720 16931
2721 16930
2722 16929
2723 16928
2724 16927
2725 16926
2726 16925
2727 9646
2728 9645
2729 9644
2730 9643
2731 9642
2732 9641
2733 9640
2734 9639
2737 9404
2738 9403
2739 9402
2740 9401
2741 9400
2742 9399
2743 9398
2744 9397
2745 9396
2746 9395
2747 9394
2748 9393
2749 9392
2750 9391
2751 9390
2752 9389
2753 9388
2754 9387
2755 9386
2756 9385
2757 9384
2758 9383
2759 9382
2760 9381
2761 9380
2762 9379
2763 9378
2764 9377
2765 9376
2766 9375
2767 9374
2768 16973
2769 16972
2770 16971
2771 16970
2772 16969
2773 16968
2774 16967
2775 16966
2776 16965
2777 16964
2778 16963
2779 16962
2780 16961
2781 16960
2782 16959
2783 16958
2784 16957
2785 17136
2786 17135
2787 17134
2788 17133
2789 17132
2790 17131
2791 17130
2792 17129
2793 17128
2794 17127
2795 17126
2796 17125
2797 17124
2798 17123
2799 17122
2800 17121
2801 17120
2802 10818
2803 10817
2804 10816
2805 10815
2806 10814
2807 10813
2808 10812
2809 10811
2810 10810
2811 16395
2812 16394
2813 16393
2814 16392
2815 16391
2816 16390
2817 16389
2818 16388
2819 16387
2820 16386
2821 16385
2822 16384
2823 16383
2824 16382
2825 16381
2826 16324
2827 16323
2828 16322
2829 16321
2830 16320
2831 16319
2832 16318
2833 16317
2834 16316
2835 16315
2836 16314
2837 16313
2838 16312
2839 16311
2840 16310
2841 16309
2842 16308
2843 16307
2844 16306
2845 16305
2846 16304
2847 16303
2848 16302
2849 16301
2850 16300
2851 16299
2852 16298
2853 16297
2854 16296
2855 16295
2856 16294
2857 16293
2858 9497
2859 9496
2860 9495
2861 9494
2862 9493
2863 9492
2864 9491
2865 9490
2866 9489
2867 9488
2868 9487
2869 10713
2870 10712
2871 10711
2872 10710
2873 10709
2874 10708
2875 10707
2876 10706
2877 10705
2878 10704
2879 10703
2880 10702
2881 10701
2882 10700
2883 10699
2884 9222
2885 9221
2886 9220
2887 9219
2888 9218
2889 9217
2890 9216
2891 9215
2892 9214
2893 9213
2894 9212
2895 9211
2896 9210
2897 9209
2898 9208
2899 9207
2900 9206
2901 9205
2902 9204
2903 9203
2904 15334
2905 15333
2906 15332
2907 15331
2908 15330
2909 15329
2910 15328
2911 15327
2912 15326
2913 15128
2914 15127
2915 15126
2916 15125
2917 15124
2918 15123
2919 15122
2920 15121
2921 15120
2922 15119
2923 15118
2924 15117
2925 15116
2926 14726
2927 14725
2928 14724
2929 14723
2930 14722
2931 14721
2932 14720
2933 14719
2934 14718
2935 14717
2936 14716
2937 14715
2938 14714
2939 14713
2940 14712
2941 14711
2942 10375
2943 10374
2944 10373
2945 10372
2946 10371
2947 10370
2948 10369
2949 10368
2950 10367
2951 10366
2952 10365
2953 10364
2954 10363
2955 10362
2956 10361
2957 10360
2958 10359
2959 10358
2960 10357
2961 10356
2962 10355
2963 14402
2964 14401
2965 14400
2966 14399
2967 14398
2968 14397
2969 14396
2970 14395
2971 14394
2972 14393
2973 14392
2974 14216
2975 14215
2976 14214
2977 14213
2978 14212
2979 14211
2980 14210
2981 14209
2982 14208
2983 14207
2984 14206
2985 14205
2986 14204
2987 14203
2988 14202
2989 14201
2990 14200
2991 14199
2992 14198
2993 14197
2994 14196
2995 14195
2996 9475
2997 9474
2998 2999
3000 9471
3001 9470
3002 9469
3003 9468
3004 9467
3005 9466
3006 10316
3007 10315
3008 10314
3009 3010
3011 10311
3012 10310
3013 10309
3014 10308
3015 10307
3016 10306
3017 10305
3018 10304
3019 10303
3020 10137
3021 10136
3022 10135
3023 10134
3024 10133
3025 3026
3027 10130
3028 10129
3029 10128
3030 10127
3031 10126
3032 10125
3033 10124
3034 10123
3035 3036
3037 10120
3038 10119
3039 10118
3040 10117
3041 10116
3042 10115
3043 10114
3044 3045
3046 10111
3047 10110
3048 10109
3049 9454
3050 9453
3051 9452
3052 9451
3053 3054
3055 9448
3056 9447
3057 9446
3058 9434
3059 9433
3060 9432
3061 9431
3062 9430
3063 9429
3064 9428
3065 3066
3067 9425
3068 10032
3069 10031
3070 10030
3071 10029
3072 10028
3073 10027
3074 10026
3075 3076
3077 10023
3078 10022
3079 10021
3080 10020
3081 10019
3082 10018
3083 10017
3084 11972
3085 3086
3087 11969
3088 11968
3089 11967
3090 11966
3091 11965
3092 11964
3093 11963
3094 11962
3095 3096
3097 11959
3098 11958
3099 9916
3100 9915
3101 9914
3102 9913
3103 9912
3104 9911
3105 9910
3106 9909
3107 9908
3108 9907
3109 9906
3110 9905
3111 9833
3112 9832
3113 9831
3114 9830
3115 3116
3117 9827
3118 9826
3119 9825
3120 9824
3121 9823
3122 9822
3123 9821
3124 9820
3125 9819
3126 3127
3128 9816
3129 9815
3130 13015
3131 13014
3132 13013
3133 13012
3134 13011
3135 13010
3136 13009
3137 3138
3139 13006
3140 13005
3141 13004
3142 13003
3143 13002
3144 13001
3145 13000
3146 12999
3147 13110
3148 13109
3149 3150
3151 13106
3152 13105
3153 13104
3154 13103
3155 13102
3156 13101
3157 13100
3158 13099
3159 3160
3161 13096
3162 13095
3163 12767
3164 12766
3165 12765
3166 12764
3167 12763
3168 12762
3169 12761
3170 3171
3172 12758
3173 12757
3174 12756
3175 12755
3176 12754
3177 12753
3178 12752
3179 12751
3180 3181
3182 12748
3183 12747
3184 12746
3185 12745
3186 12744
3187 12743
3188 12742
3189 12741
3190 12740
3191 12739
3192 12641
3193 12640
3194 12639
3195 12638
3196 12637
3197 12636
3198 12635
3199 3200
3201 11796
3202 11795
3203 11794
3204 11793
3205 11792
3206 9413
3207 9412
3208 9411
3209 9410
3210 3211
3212 9407
3213 9406
3214 9405
3215 12450
3216 12449
3217 12448
3218 12447
3219 12446
3220 12445
3221 3222
3223 12442
3224 12441
3225 12440
3226 12439
3227 12158
3228 12157
3229 12156
3230 12155
3231 12154
3232 12153
3233 12152
3234 12151
3235 12150
3236 10919
3237 10918
3238 10917
3239 10916
3240 10915
3241 10914
3242 10913
3243 10912
3244 9795
3245 9794
3246 9793
3247 9792
3248 9791
3249 3250
3251 8805
3252 8804
3253 8803
3254 8802
3255 8801
3256 8800
3257 8799
3258 8798
3259 8797
3260 8796
3261 8795
3262 8794
3263 8793
3264 8792
3265 8791
3266 8790
3267 8789
3268 8788
3269 8787
3270 8786
3271 8785
3272 8784
3275 8946
3276 8945
3277 8944
3278 8943
3279 8942
3280 8941
3281 8940
3282 8939
3283 8938
3284 8937
3285 8936
3286 8935
3287 8934
3288 8933
3289 8932
3290 8931
3291 8930
3292 8929
3293 8928
3294 12365
3295 12364
3296 12363
3297 12362
3298 12361
3299 12360
3300 12359
3301 12358
3302 12357
3303 12356
3304 12355
3305 12354
3306 12353
3307 12352
3308 12351
3309 12166
3310 12165
3311 12164
3312 12163
3313 12162
3314 12161
3315 12160
3316 12159
3317 12438
3318 12437
3319 12436
3320 12435
3321 12434
3322 12433
3323 12432
3324 12431
3325 12430
3326 12429
3327 12428
3328 12427
3329 12426
3330 12425
3331 11805
3332 11804
3333 11803
3334 11802
3335 11801
3336 11800
3337 11799
3338 12634
3339 12633
3340 12632
3341 12631
3342 12630
3343 12629
3344 12628
3345 12627
3346 12626
3347 12625
3348 12624
3349 12623
3350 12622
3351 12621
3352 12620
3353 12619
3354 12618
3355 12617
3356 12616
3357 12615
3358 12614
3359 12613
3360 12612
3361 12611
3362 12610
3363 12609
3364 13249
3365 13248
3366 13247
3367 13246
3368 13245
3369 13244
3370 13243
3371 13242
3372 13119
3373 13118
3374 13117
3375 13116
3376 13115
3377 13114
3378 13113
3379 13112
3380 13111
3381 12998
3382 12997
3383 12996
3384 12995
3385 12994
3386 12993
3387 12992
3388 12991
3389 12990
3390 12989
3391 12988
3392 12987
3393 12986
3394 12985
3395 12984
3396 12983
3397 12982
3398 12981
3399 12980
3400 12979
3401 12978
3402 12977
3403 12976
3404 12975
3405 12974
3406 11999
3407 11998
3408 11997
3409 11996
3410 11995
3411 11994
3412 11993
3413 11992
3414 11991
3415 11990
3416 11989
3417 11988
3418 11987
3419 11986
3420 11985
3421 11984
3422 11983
3423 11982
3424 11981
3425 11980
3426 11979
3427 11978
3428 11977
3429 11976
3430 11975
3431 11974
3432 11973
3433 10016
3434 10015
3435 10014
3436 10013
3437 10012
3438 10011
3439 10010
3440 10009
3441 10008
3442 10007
3443 10006
3444 10005
3445 10004
3446 10003
3447 10002
3448 9959
3449 9958
3450 9957
3451 9956
3452 9955
3453 9954
3454 9953
3455 9952
3456 10166
3457 10165
3458 10164
3459 10163
3460 10162
3461 10161
3462 10160
3463 10159
3464 10158
3465 10157
3466 10156
3467 10155
3468 10154
3469 10153
3470 10152
3471 10151
3472 10150
3473 10149
3474 10148
3475 10147
3476 10146
3477 10145
3478 10144
3479 10143
3480 10142
3481 10141
3482 10140
3483 10139
3484 10138
3485 10302
3486 10301
3487 10300
3488 10299
3489 10298
3490 10297
3491 10296
3492 10295
3493 10294
3494 10293
3495 10292
3496 10291
3497 10290
3498 10289
3499 10288
3500 10287
3501 10286
3502 10285
3503 11427
3504 11426
3505 11425
3506 11424
3507 11423
3508 11422
3509 11421
3510 11420
3511 11419
3512 11418
3513 11417
3514 11416
3515 11415
3516 11414
3517 11413
3518 11412
3519 14224
3520 14223
3521 14222
3522 14221
3523 14220
3524 14219
3525 14218
3526 14217
3527 14391
3528 14390
3529 14389
3530 14388
3531 14387
3532 14386
3533 14385
3534 14384
3535 14383
3536 14382
3537 14381
3538 14380
3539 14379
3540 14378
3541 14377
3542 14376
3543 14375
3544 3545
3546 14896
3547 14895
3548 14894
3549 14893
3550 14892
3551 14891
3552 14890
3553 14889
3554 14888
3555 14887
3556 3557
3558 14884
3559 14883
3560 14882
3561 14881
3562 14880
3563 14879
3564 14836
3565 14835
3566 14834
3567 14833
3568 14832
3569 14831
3570 14830
3571 3572
3573 14737
3574 14736
3575 14735
3576 14734
3577 14733
3578 14732
3579 14731
3580 14730
3581 3582
3583 14727
3584 15115
3585 15114
3586 15113
3587 15112
3588 15111
3589 15110
3590 15109
3591 15108
3592 3593
3594 15105
3595 10617
3596 10616
3597 10615
3598 10614
3599 10613
3600 10612
3601 10611
3602 15343
3603 3604
3605 15340
3606 15339
3607 15338
3608 15337
3609 15336
3610 15335
3611 9202
3612 9201
3613 9200
3614 9199
3615 9198
3616 3617
3618 9195
3619 9194
3620 9193
3621 9192
3622 9191
3623 9190
3624 9189
3625 9233
3626 9232
3627 3628
3629 9229
3630 9228
3631 9227
3632 9226
3633 9225
3634 9224
3635 9223
3636 10698
3637 10697
3638 10696
3639 3640
3641 10693
3642 10692
3643 10691
3644 10690
3645 15652
3646 15651
3647 15650
3648 15649
3649 15648
3650 15647
3651 15646
3652 15645
3653 15644
3654 15643
3655 15642
3656 15641
3657 15640
3658 3659
3660 9679
3661 9678
3662 9677
3663 9676
3664 9675
3665 9674
3666 9673
3667 9672
3668 9671
3669 9670
3670 3671
3672 9667
3673 9666
3674 9665
3675 9664
3676 9663
3677 9662
3678 9661
3679 9660
3680 9659
3681 9658
3682 9657
3683 3684
3685 9654
3686 16236
3687 16235
3688 16234
3689 16233
3690 16232
3691 16231
3692 16230
3693 16229
3694 16228
3695 16227
3696 16226
3697 16225
3698 16224
3699 16223
3700 16222
3701 3702
3703 16419
3704 16418
3705 16417
3706 16416
3707 16415
3708 16414
3709 16413
3710 16412
3711 16411
3712 16410
3713 3714
3715 16407
3716 16406
3717 16405
3718 16404
3719 16403
3720 16402
3721 16401
3722 16400
3723 16399
3724 3725
3726 16396
3727 10809
3728 10808
3729 10807
3730 10806
3731 10805
3732 10804
3733 10803
3734 10802
3735 10801
3736 10800
3737 17098
3738 17097
3739 17096
3740 17095
3741 17094
3742 3743
3744 17091
3745 17090
3746 17089
3747 17088
3748 17087
3749 17086
3750 17085
3751 17084
3752 17083
3753 3754
3755 16997
3756 16996
3757 16995
3758 16994
3759 16993
3760 16992
3761 16991
3762 16990
3763 16989
3764 3765
3766 16986
3767 16985
3768 16984
3769 16983
3770 16982
3771 16981
3772 16980
3773 16979
3774 16978
3775 16977
3776 16976
3777 16975
3778 16974
3779 9373
3780 9372
3781 9371
3782 9370
3783 9369
3784 9368
3785 9367
3786 9366
3787 9365
3788 9364
3789 3790
3791 9361
3792 9360
3793 9359
3794 9358
3795 9357
3796 9356
3797 9355
3798 9354
3799 9353
3800 9352
3801 9351
3802 9350
3803 9349
3804 9348
3805 9347
3806 9137
3807 3808
3809 9134
3810 9133
3811 9132
3812 9131
3813 9130
3814 9129
3817 9146
3818 9145
3819 9144
3820 9143
3821 9142
3822 3823
3824 9139
3825 9138
3826 9346
3827 9345
3828 3829
3830 9342
3831 9341
3832 9340
3833 9339
3834 3835
3836 9336
3837 9335
3838 9334
3839 9333
3840 9332
3841 3842
3843 9329
3844 9328
3845 9327
3846 3847
3848 9324
3849 9323
3850 9322
3851 9321
3852 3853
3854 9318
3855 9317
3856 9316
3857 3858
3859 9313
3860 9312
3861 9311
3862 9310
3863 9309
3864 9308
3865 9307
3866 3867
3868 9304
3869 9303
3870 3871
3872 9300
3873 9299
3874 3875
3876 9296
3877 17010
3878 3879
3880 17007
3881 17006
3882 3883
3884 17003
3885 17002
3886 3887
3888 17082
3889 17081
3890 3891
3892 17078
3893 17077
3894 3895
3896 17074
3897 3898
3899 17071
3900 17070
3901 3902
3903 17067
3904 17066
3905 3906
3907 17063
3908 17062
3909 3910
3911 17059
3912 17058
3913 17057
3914 17056
3915 3916
3917 17053
3918 16454
3919 3920
3921 16451
3922 16450
3923 3924
3925 16447
3926 16446
3927 3928
3929 16443
3930 16442
3931 3932
3933 16439
3934 16438
3935 3936
3937 16435
3938 16434
3939 3940
3941 16431
3942 16430
3943 3944
3945 16427
3946 16426
3947 16425
3948 3949
3950 16422
3951 16221
3952 3953
3954 16218
3955 16217
3956 3957
3958 16214
3959 16213
3960 3961
3962 9117
3963 9116
3964 9115
3965 3966
3967 9112
3968 9111
3969 3970
3971 9096
3972 9095
3973 9094
3974 3975
3976 9091
3977 9090
3978 3979
3980 9087
3981 9077
3982 3983
3984 9074
3985 9073
3986 3987
3988 9070
3989 9069
3990 3991
3992 9692
3993 9691
3994 9690
3995 3996
3997 9687
3998 9686
3999 4000
4001 9683
4002 9682
4003 4004
4005 15637
4006 15636
4007 4008
4009 15633
4010 15632
4011 4012
4013 15629
4014 15628
4015 15627
4016 15626
4017 15625
4018 4019
4020 15622
4021 15621
4022 4023
4024 9055
4025 9054
4026 4027
4028 9051
4029 9050
4030 4031
4032 9047
4033 9157
4034 4035
4036 9154
4037 9153
4038 4039
4040 9150
4041 9149
4042 4043
4044 9188
4045 9187
4046 4047
4048 9184
4049 9183
4050 4051
4052 9180
4053 9179
4054 15381
4055 4056
4057 15378
4058 15377
4059 4060
4061 15374
4062 15373
4063 4064
4065 15370
4066 15369
4067 15368
4068 4069
4070 15365
4071 15364
4072 4073
4074 10623
4075 10622
4076 4077
4078 10619
4079 10618
4080 4081
4082 15102
4083 15101
4084 4085
4086 15098
4087 15097
4088 4089
4090 15094
4091 15093
4092 4093
4094 15090
4095 15089
4096 4097
4098 9034
4099 4100
4101 9031
4102 9030
4103 4104
4105 9027
4106 14848
4107 4108
4109 14845
4110 14844
4111 4112
4113 14841
4114 14840
4115 4116
4117 14837
4118 14878
4119 14877
4120 4121
4122 14874
4123 14873
4124 4125
4126 14870
4127 14912
4128 4129
4130 14909
4131 14908
4132 4133
4134 14905
4135 14904
4136 14903
4137 4138
4139 14900
4140 14899
4141 4142
4143 14372
4144 14371
4145 14370
4146 14369
4147 4148
4149 14366
4150 14365
4151 14364
4152 14363
4153 4154
4155 14360
4156 14359
4157 14358
4158 14357
4159 9016
4160 9015
4161 9014
4162 9013
4163 9012
4164 9011
4165 9010
4166 9009
4167 9008
4168 9007
4169 11441
4170 11440
4171 11439
4172 11438
4173 11437
4174 11436
4175 11435
4176 11434
4177 11433
4178 11432
4179 11431
4180 11430
4181 11429
4182 11428
4183 10284
4184 10283
4185 10282
4186 10281
4187 10280
4188 10279
4189 10278
4190 10277
4191 10276
4192 10275
4193 10274
4194 10273
4195 10272
4196 10271
4197 10270
4198 10269
4199 10268
4200 10267
4201 8996
4202 8995
4203 8994
4204 8993
4205 8992
4206 8991
4207 8990
4208 8989
4209 8988
4210 8987
4211 9972
4212 9971
4213 9970
4214 9969
4215 9968
4216 9967
4217 9966
4218 9965
4219 9964
4220 9963
4221 9962
4222 9961
4223 9960
4224 10001
4225 10000
4226 9999
4227 9998
4228 9997
4229 9996
4230 9995
4231 9994
4232 8976
4233 8975
4234 8974
4235 8973
4236 8972
4237 8971
4238 8970
4239 8969
4240 8968
4241 8967
4242 12012
4243 12011
4244 12010
4245 12009
4246 12008
4247 12007
4248 12006
4249 12005
4250 12004
4251 12003
4252 12002
4253 12001
4254 12000
4255 12973
4256 12972
4257 12971
4258 12970
4259 12969
4260 12968
4261 12967
4262 12966
4263 12965
4264 12964
4265 12963
4266 12962
4267 12961
4268 12960
4269 12959
4270 12958
4271 12957
4272 12956
4273 12955
4274 13261
4275 13260
4276 13259
4277 13258
4278 13257
4279 13256
4280 13255
4281 13254
4282 13253
4283 13252
4284 13251
4285 13250
4286 12608
4287 12607
4288 12606
4289 12605
4290 12604
4291 12603
4292 12602
4293 12601
4294 12600
4295 12599
4296 12598
4297 12597
4298 12596
4299 12595
4300 12594
4301 12593
4302 12592
4303 12591
4304 12590
4305 12589
4306 8956
4307 8955
4308 8954
4309 8953
4310 8952
4311 8951
4312 8950
4313 8949
4314 8948
4315 8947
4316 12388
4317 12387
4318 12386
4319 12385
4320 12384
4321 12383
4322 12382
4323 12381
4324 12380
4325 12379
4326 12378
4327 12377
4328 12376
4329 12375
4330 12374
4331 12373
4332 12372
4333 12371
4334 12370
4335 12369
4336 12368
4337 12367
4338 12366
4339 8927
4340 8926
4341 8925
4342 8924
4343 8923
4344 8922
4345 8921
4346 8920
4347 8775
4348 8774
4349 8773
4350 8772
4351 8771
4352 8770
4353 8769
4354 8768
4357 8783
4358 8782
4359 8781
4360 8780
4361 8779
4362 8778
4363 8777
4364 8776
4365 8919
4366 8918
4367 8917
4368 8916
4369 8915
4370 8914
4371 8913
4372 8912
4373 8911
4374 8910
4375 8909
4376 8908
4377 8907
4378 12340
4379 12339
4380 12338
4381 12337
4382 12336
4383 12335
4384 12334
4385 12333
4386 12332
4387 12331
4388 12330
4389 12329
4390 12328
4391 12394
4392 12393
4393 12392
4394 12391
4395 12390
4396 12389
4397 8966
4398 8965
4399 8964
4400 8963
4401 8962
4402 8961
4403 8960
4404 8959
4405 8958
4406 8957
4407 12588
4408 12587
4409 12586
4410 12585
4411 12584
4412 12583
4413 12582
4414 12581
4415 12580
4416 12579
4417 12578
4418 12577
4419 12576
4420 12575
4421 12574
4422 13278
4423 13277
4424 13276
4425 13275
4426 13274
4427 13273
4428 13272
4429 13271
4430 13270
4431 13269
4432 13268
4433 13267
4434 13266
4435 13265
4436 13264
4437 13263
4438 13262
4439 12954
4440 12953
4441 12952
4442 12951
4443 12950
4444 12949
4445 12948
4446 12947
4447 12946
4448 12945
4449 12944
4450 12943
4451 12942
4452 12941
4453 12940
4454 11221
4455 11220
4456 11219
4457 11218
4458 11217
4459 11216
4460 11215
4461 11214
4462 11213
4463 11212
4464 12019
4465 12018
4466 12017
4467 12016
4468 12015
4469 12014
4470 12013
4471 8986
4472 8985
4473 8984
4474 8983
4475 8982
4476 8981
4477 8980
4478 8979
4479 8978
4480 8977
4481 9993
4482 9992
4483 9991
4484 9990
4485 9989
4486 9988
4487 9987
4488 9986
4489 9985
4490 9984
4491 9983
4492 9982
4493 9981
4494 9980
4495 9979
4496 9978
4497 9977
4498 9976
4499 9975
4500 9974
4501 9973
4502 9006
4503 9005
4504 9004
4505 9003
4506 9002
4507 9001
4508 9000
4509 8999
4510 8998
4511 8997
4512 10266
4513 10265
4514 10264
4515 10263
4516 10262
4517 10261
4518 10260
4519 10259
4520 10258
4521 10257
4522 10256
4523 10255
4524 10254
4525 11460
4526 11459
4527 11458
4528 11457
4529 11456
4530 11455
4531 11454
4532 11453
4533 11452
4534 11451
4535 11450
4536 11449
4537 11448
4538 11447
4539 11446
4540 11445
4541 11444
4542 11443
4543 11442
4544 9026
4545 9025
4546 9024
4547 9023
4548 9022
4549 9021
4550 9020
4551 9019
4552 9018
4553 9017
4554 14356
4555 14355
4556 14354
4557 14353
4558 4559
4560 14350
4561 14349
4562 14348
4563 14347
4564 4565
4566 14344
4567 14343
4568 14265
4569 4570
4571 14262
4572 14261
4573 14260
4574 4575
4576 14257
4577 14256
4578 4579
4580 14918
4581 14917
4582 14916
4583 4584
4585 14913
4586 14869
4587 4588
4589 14866
4590 14865
4591 4592
4593 14862
4594 14861
4595 14860
4596 4597
4598 14857
4599 14856
4600 4601
4602 14853
4603 14852
4604 4605
4606 14849
4607 9046
4608 4609
4610 9043
4611 4612
4613 9040
4614 9039
4615 4616
4617 15088
4618 15087
4619 4620
4621 15084
4622 15083
4623 4624
4625 15080
4626 4627
4628 15077
4629 15076
4630 4631
4632 10631
4633 10630
4634 4635
4636 10627
4637 10626
4638 4639
4640 15361
4641 15360
4642 4643
4644 15357
4645 15356
4646 15355
4647 15354
4648 4649
4650 15351
4651 15389
4652 4653
4654 15386
4655 15385
4656 4657
4658 15382
4659 9178
4660 4661
4662 9175
4663 9174
4664 4665
4666 9171
4667 9170
4668 4669
4670 9167
4671 9166
4672 4673
4674 9163
4675 9162
4676 4677
4678 9159
4679 9158
4680 4681
4682 9066
4683 9065
4684 4685
4686 9062
4687 9061
4688 4689
4690 9058
4691 15620
4692 4693
4694 15617
4695 15616
4696 4697
4698 15613
4699 15612
4700 15611
4701 4702
4703 15608
4704 15681
4705 4706
4707 15678
4708 15677
4709 4710
4711 15674
4712 15673
4713 4714
4715 9703
4716 9702
4717 4718
4719 9699
4720 9698
4721 4722
4723 9695
4724 9086
4725 4726
4727 9083
4728 9082
4729 4730
4731 9079
4732 9078
4733 4734
4735 9108
4736 9107
4737 4738
4739 9104
4740 9103
4741 4742
4743 9100
4744 9099
4745 4746
4747 9126
4748 9125
4749 9124
4750 9123
4751 9122
4752 4753
4754 16212
4755 16211
4756 4757
4758 16208
4759 16207
4760 4761
4762 16204
4763 16203
4764 4765
4766 16200
4767 16199
4768 4769
4770 16196
4771 16195
4772 4773
4774 16192
4775 16191
4776 4777
4778 16472
4779 16471
4780 4781
4782 16468
4783 16467
4784 4785
4786 16464
4787 16463
4788 4789
4790 16460
4791 16459
4792 4793
4794 16456
4795 16455
4796 4797
4798 17050
4799 4800
4801 17047
4802 17046
4803 17045
4804 4805
4806 17042
4807 17041
4808 4809
4810 17038
4811 4812
4813 17035
4814 17034
4815 4816
4817 17031
4818 17030
4819 4820
4821 17027
4822 17026
4823 4824
4825 17023
4826 4827
4828 17020
4829 17019
4830 4831
4832 17016
4833 17015
4834 4835
4836 17012
4837 17011
4838 4839
4840 9293
4841 9292
4842 4843
4844 9289
4845 9288
4846 4847
4848 9285
4849 9284
4850 4851
4852 9281
4853 9280
4854 9279
4855 9278
4856 9277
4857 4858
4859 9274
4860 9273
4861 9272
4862 4863
4864 9269
4865 9268
4866 9267
4867 4868
4869 9264
4870 9263
4871 9262
4872 9261
4873 4874
4875 9258
4876 9257
4877 9256
4878 4879
4880 9253
4881 9252
4882 9251
4883 9250
4884 4885
4886 9247
4887 9246
4888 9245
4889 9244
4890 9243
4891 4892
4893 9240
4894 9239
4895 9238
4896 9237
4897 4898
4899 9234
4902 9753
4903 9752
4904 9751
4905 9750
4906 9749
4907 17432
4908 17431
4909 17430
4910 17429
4911 17428
4912 4913
4914 17425
4915 17424
4916 17423
4917 17422
4918 17421
4919 17420
4920 17419
4921 17418
4922 17417
4923 17416
4924 17415
4925 17414
4926 17413
4927 17412
4928 4929
4930 17409
4931 17408
4932 17407
4933 17406
4934 17405
4935 17404
4936 17403
4937 17402
4938 17401
4939 17400
4940 17399
4941 17398
4942 17397
4943 17396
4944 17395
4945 17394
4946 4947
4948 17181
4949 17180
4950 17179
4951 17178
4952 17177
4953 17176
4954 17175
4955 17174
4956 4957
4958 17171
4959 17170
4960 17169
4961 17168
4962 17167
4963 17166
4964 17165
4965 17164
4966 4967
4968 17161
4969 17110
4970 17109
4971 17108
4972 17107
4973 17106
4974 17105
4975 4976
4977 17102
4978 17101
4979 17100
4980 17099
4981 10799
4982 10798
4983 10797
4984 10796
4985 10795
4986 10794
4987 4988
4989 16488
4990 16487
4991 16486
4992 16485
4993 16484
4994 16483
4995 16482
4996 16481
4997 4998
4999 16478
5000 16477
5001 16476
5002 16475
5003 16474
5004 16473
5005 16188
5006 16187
5007 5008
5009 16184
5010 16183
5011 16182
5012 16181
5013 16180
5014 16179
5015 16178
5016 16177
5017 16176
5018 5019
5020 16173
5021 16172
5022 16248
5023 16247
5024 16246
5025 16245
5026 16244
5027 16243
5028 16242
5029 5030
5031 16239
5032 16238
5033 16237
5034 9727
5035 9726
5036 9725
5037 9724
5038 9723
5039 9722
5040 5041
5042 9719
5043 9718
5044 9717
5045 9716
5046 9715
5047 9714
5048 9713
5049 9712
5050 5051
5052 9709
5053 9708
5054 9707
5055 9706
5056 9705
5057 9704
5058 15670
5059 15669
5060 15668
5061 5062
5063 15665
5064 15664
5065 15663
5066 15662
5067 15661
5068 15660
5069 15659
5070 15658
5071 15657
5072 15656
5073 15655
5074 5075
5076 10689
5077 10688
5078 10687
5079 10686
5080 10685
5081 10684
5082 10683
5083 10682
5084 5085
5086 10679
5087 10678
5088 10677
5089 10676
5090 10675
5091 10674
5092 10673
5093 15407
5094 5095
5096 15404
5097 15403
5098 15402
5099 15401
5100 15400
5101 15399
5102 15398
5103 15397
5104 15396
5105 5106
5107 15393
5108 15392
5109 15391
5110 15390
5111 15350
5112 15349
5113 15348
5114 15347
5115 15346
5116 15345
5117 15344
5118 10610
5119 5120
5121 10607
5122 10606
5123 10605
5124 10604
5125 10603
5126 10602
5127 10601
5128 10600
5129 5130
5131 10597
5132 10596
5133 10595
5134 10594
5135 14750
5136 14749
5137 14748
5138 14747
5139 5140
5141 14744
5142 14743
5143 14742
5144 14741
5145 14740
5146 14739
5147 14738
5148 5149
5150 14825
5151 14824
5152 14823
5153 14822
5154 14821
5155 14820
5156 14819
5157 14818
5158 14933
5159 14932
5160 14931
5161 14930
5162 14929
5163 14928
5164 14927
5165 5166
5167 14924
5168 14923
5169 14922
5170 14921
5171 14255
5172 14254
5173 14253
5174 14252
5175 14251
5176 5177
5178 14248
5179 14247
5180 14246
5181 14245
5182 14244
5183 14243
5184 14242
5185 14241
5186 14240
5187 14239
5188 14238
5189 14237
5190 14236
5191 14235
5192 14234
5193 14233
5194 14232
5195 14231
5196 14230
5197 14229
5198 14228
5199 14227
5200 14226
5201 14225
5202 11411
5203 11410
5204 11409
5205 11408
5206 11407
5207 11406
5208 11405
5209 11476
5210 11475
5211 11474
5212 11473
5213 11472
5214 11471
5215 11470
5216 11469
5217 11468
5218 11467
5219 11466
5220 11465
5221 11464
5222 11463
5223 11462
5224 11461
5225 10253
5226 10252
5227 10251
5228 10250
5229 10249
5230 10248
5231 10247
5232 10246
5233 10245
5234 10244
5235 10243
5236 10242
5237 10241
5238 10240
5239 10239
5240 10238
5241 10237
5242 10236
5243 10188
5244 10187
5245 10186
5246 10185
5247 10184
5248 10183
5249 10182
5250 10181
5251 10180
5252 10179
5253 10178
5254 10177
5255 10176
5256 10175
5257 10174
5258 10173
5259 10172
5260 10171
5261 10170
5262 10169
5263 10168
5264 10167
5265 9951
5266 9950
5267 9949
5268 9948
5269 9947
5270 9946
5271 9945
5272 9944
5273 9943
5274 9942
5275 9941
5276 9940
5277 13602
5278 13601
5279 13600
5280 13599
5281 13598
5282 13597
5283 13596
5284 13595
5285 13594
5286 13593
5287 13592
5288 13591
5289 13590
5290 13589
5291 13588
5292 13587
5293 13586
5294 13585
5295 13584
5296 13583
5297 13582
5298 13581
5299 13580
5300 13579
5301 13578
5302 13577
5303 11239
5304 11238
5305 11237
5306 11236
5307 11235
5308 11234
5309 11233
5310 11232
5311 11231
5312 11230
5313 11229
5314 11228
5315 11227
5316 11226
5317 11225
5318 11224
5319 11223
5320 11222
5321 12939
5322 12938
5323 12937
5324 12936
5325 12935
5326 12934
5327 12933
5328 12932
5329 12931
5330 12930
5331 12929
5332 12928
5333 12927
5334 12926
5335 13132
5336 13131
5337 13130
5338 13129
5339 13128
5340 13127
5341 13126
5342 13125
5343 13124
5344 13123
5345 13122
5346 13121
5347 13120
5348 13241
5349 13240
5350 13239
5351 13238
5352 13237
5353 13236
5354 13235
5355 13234
5356 13285
5357 13284
5358 13283
5359 13282
5360 13281
5361 13280
5362 13279
5363 12573
5364 12572
5365 12571
5366 12570
5367 12569
5368 12568
5369 12567
5370 12566
5371 12565
5372 12564
5373 12563
5374 12562
5375 12561
5376 12560
5377 11818
5378 11817
5379 11816
5380 11815
5381 11814
5382 11813
5383 11812
5384 11811
5385 11810
5386 11809
5387 11808
5388 11807
5389 11806
5390 12424
5391 12423
5392 12422
5393 12421
5394 12420
5395 12419
5396 12418
5397 12417
5398 12181
5399 12180
5400 12179
5401 12178
5402 12177
5403 12176
5404 12175
5405 12174
5406 12173
5407 12172
5408 12171
5409 12170
5410 12169
5411 12168
5412 12167
5413 12350
5414 12349
5415 12348
5416 12347
5417 12346
5418 12345
5419 12344
5420 12343
5421 12342
5422 12341
5423 8906
5424 8905
5425 8904
5426 8903
5427 8902
5428 8901
5429 8900
5430 8899
5431 8898
5432 8897
5433 8896
5434 8895
5435 8894
5436 8893
5437 8892
5438 8891
5439 9735
5440 9734
5441 9733
5442 9732
5443 9731
5444 9730
5445 9729
5446 9728
5449 9743
5450 9742
5451 9741
5452 9740
5453 9739
5454 9738
5455 9737
5456 9736
5457 8890
5458 8889
5459 8888
5460 8887
5461 8886
5462 8885
5463 8884
5464 8883
5465 8882
5466 8881
5467 8880
5468 8879
5469 8878
5470 8877
5471 8876
5472 8875
5473 12207
5474 12206
5475 12205
5476 12204
5477 12203
5478 12202
5479 12201
5480 12200
5481 12199
5482 12198
5483 12197
5484 12196
5485 12195
5486 12194
5487 12193
5488 12192
5489 12191
5490 12190
5491 12189
5492 12188
5493 12187
5494 12186
5495 12185
5496 12184
5497 12183
5498 12182
5499 12416
5500 12415
5501 12414
5502 12413
5503 12412
5504 12411
5505 12410
5506 12409
5507 12408
5508 11830
5509 11829
5510 11828
5511 11827
5512 11826
5513 11825
5514 11824
5515 11823
5516 11822
5517 11821
5518 11820
5519 11819
5520 12559
5521 12558
5522 12557
5523 12556
5524 12555
5525 12554
5526 12553
5527 12552
5528 12551
5529 12550
5530 12549
5531 12548
5532 12547
5533 12546
5534 13292
5535 13291
5536 13290
5537 13289
5538 13288
5539 13287
5540 13286
5541 13233
5542 13232
5543 13231
5544 13230
5545 13229
5546 13228
5547 13227
5548 13226
5549 13145
5550 13144
5551 13143
5552 13142
5553 13141
5554 13140
5555 13139
5556 13138
5557 13137
5558 13136
5559 13135
5560 13134
5561 13133
5562 12925
5563 12924
5564 12923
5565 12922
5566 12921
5567 12920
5568 12919
5569 12918
5570 12917
5571 12916
5572 12915
5573 12914
5574 12913
5575 12912
5576 11257
5577 11256
5578 11255
5579 11254
5580 11253
5581 11252
5582 11251
5583 11250
5584 11249
5585 11248
5586 11247
5587 11246
5588 11245
5589 11244
5590 11243
5591 11242
5592 11241
5593 11240
5594 13576
5595 13575
5596 13574
5597 13573
5598 13572
5599 13571
5600 13570
5601 13569
5602 13568
5603 13567
5604 13566
5605 13565
5606 13564
5607 13563
5608 13562
5609 13561
5610 13560
5611 13559
5612 13558
5613 13557
5614 13556
5615 13555
5616 13554
5617 13553
5618 13805
5619 13804
5620 13803
5621 13802
5622 13801
5623 13800
5624 13799
5625 13798
5626 13797
5627 13796
5628 13795
5629 13794
5630 13793
5631 13792
5632 13791
5633 13790
5634 13789
5635 13788
5636 13787
5637 13786
5638 13785
5639 13784
5640 13783
5641 13846
5642 13845
5643 13844
5644 13843
5645 13842
5646 13841
5647 13840
5648 13839
5649 13838
5650 11312
5651 11311
5652 11310
5653 11309
5654 11308
5655 11307
5656 11306
5657 11305
5658 11304
5659 11303
5660 11302
5661 11301
5662 11300
5663 11359
5664 11358
5665 11357
5666 11356
5667 11355
5668 11354
5669 11353
5670 11352
5671 11351
5672 11350
5673 11349
5674 11348
5675 11347
5676 11346
5677 11345
5678 11344
5679 11343
5680 11342
5681 11483
5682 11482
5683 11481
5684 11480
5685 11479
5686 11478
5687 11477
5688 11404
5689 11403
5690 11402
5691 11401
5692 11400
5693 11399
5694 11398
5695 11397
5696 11396
5697 11395
5698 11394
5699 11393
5700 11392
5701 11391
5702 14304
5703 14303
5704 14302
5705 14301
5706 14300
5707 14299
5708 14298
5709 14297
5710 14296
5711 14295
5712 14294
5713 14293
5714 14292
5715 14291
5716 14290
5717 5718
5719 14287
5720 14286
5721 14285
5722 14284
5723 14283
5724 14282
5725 14281
5726 14280
5727 14279
5728 5729
5730 14942
5731 14941
5732 14940
5733 14939
5734 14938
5735 14937
5736 14936
5737 14935
5738 14934
5739 14817
5740 14816
5741 14815
5742 14814
5743 14813
5744 14812
5745 14811
5746 14766
5747 5748
5749 14763
5750 14762
5751 14761
5752 14760
5753 14759
5754 14758
5755 14757
5756 5757
5758 14754
5759 14753
5760 14752
5761 14751
5762 10661
5763 10660
5764 5765
5766 10657
5767 10656
5768 10655
5769 10654
5770 10653
5771 10652
5772 10651
5773 5774
5775 10648
5776 10647
5777 10646
5778 10645
5779 10644
5780 15431
5781 15430
5782 15429
5783 15428
5784 15427
5785 15426
5786 15425
5787 15424
5788 15423
5789 5790
5791 15420
5792 15419
5793 15418
5794 15417
5795 15416
5796 15415
5797 15414
5798 15413
5799 5800
5801 15410
5802 15409
5803 15408
5804 10791
5805 10790
5806 10789
5807 10788
5808 5809
5810 10785
5811 10784
5812 10783
5813 10782
5814 10781
5815 10780
5816 10779
5817 5818
5819 15714
5820 15713
5821 15712
5822 15711
5823 15710
5824 15709
5825 15708
5826 15707
5827 15706
5828 15705
5829 15704
5830 15703
5831 15702
5832 15701
5833 5834
5835 15698
5836 15697
5837 15696
5838 15695
5839 15694
5840 15911
5841 15910
5842 15909
5843 5844
5845 15906
5846 15905
5847 15904
5848 15903
5849 15902
5850 15901
5851 15900
5852 5853
5854 15897
5855 15896
5856 15895
5857 15894
5858 15893
5859 16094
5860 16093
5861 5862
5863 16090
5864 16089
5865 16088
5866 16087
5867 16086
5868 16085
5869 16084
5870 16083
5871 16082
5872 16081
5873 16080
5874 16079
5875 11570
5876 5877
5878 11567
5879 11566
5880 11565
5881 11564
5882 11563
5883 11562
5884 11599
5885 5886
5887 11596
5888 11595
5889 11594
5890 11593
5891 11592
5892 11591
5893 16504
5894 16503
5895 5896
5897 16500
5898 16499
5899 16498
5900 16497
5901 16496
5902 16495
5903 16494
5904 5905
5906 16491
5907 16490
5908 16489
5909 10885
5910 10884
5911 10883
5912 10882
5913 10881
5914 10880
5915 10879
5916 10878
5917 10877
5918 10876
5919 5920
5921 10873
5922 16706
5923 16705
5924 16704
5925 16703
5926 16702
5927 5928
5929 16699
5930 16698
5931 16697
5932 16696
5933 16695
5934 16694
5935 17199
5936 5937
5938 17196
5939 17195
5940 17194
5941 17193
5942 17192
5943 17191
5944 17190
5945 5946
5947 17187
5948 17186
5949 17185
5950 17184
5951 17393
5952 17392
5953 17391
5954 17390
5955 17389
5956 17388
5957 17387
5958 17386
5959 17385
5960 17384
5961 17383
5962 17382
5963 17381
5964 17380
5965 5966
5967 17377
5968 17376
5969 17375
5970 17374
5971 17373
5972 17372
5973 17371
5974 17370
5975 17369
5976 17368
5977 17367
5978 11664
5979 5980
5981 11661
5982 11660
5983 11659
5984 11658
5985 11657
5986 11656
5987 11655
5988 11654
5989 11653
5990 10666
5991 10665
5992 10664
5993 10663
5994 10662
5997 10672
5998 10671
5999 10670
6000 6001
6002 10667
6003 11652
6004 11651
6005 11650
6006 6007
6008 11647
6009 11646
6010 11645
6011 11644
6012 6013
6014 11641
6015 11640
6016 11639
6017 6018
6019 11636
6020 11635
6021 11634
6022 11633
6023 6024
6025 11630
6026 11629
6027 11628
6028 6029
6030 17255
6031 17254
6032 17253
6033 6034
6035 17250
6036 17249
6037 17248
6038 6039
6040 17245
6041 17244
6042 17243
6043 17242
6044 17241
6045 17240
6046 17239
6047 6048
6049 17236
6050 17235
6051 6052
6053 17232
6054 17231
6055 6056
6057 17228
6058 6059
6060 17225
6061 17224
6062 6063
6064 17221
6065 17220
6066 6067
6068 16652
6069 6070
6071 16649
6072 16648
6073 6074
6075 16645
6076 16644
6077 6078
6079 16641
6080 6081
6082 16638
6083 16637
6084 6085
6086 16634
6087 16633
6088 6089
6090 16630
6091 6092
6093 16627
6094 16626
6095 16625
6096 16624
6097 6098
6099 16621
6100 16620
6101 6102
6103 16617
6104 16616
6105 6106
6107 16613
6108 16612
6109 6110
6111 16609
6112 6113
6114 16606
6115 16605
6116 6117
6118 16602
6119 16601
6120 6121
6122 11605
6123 11604
6124 6125
6126 11601
6127 11600
6128 6129
6130 11559
6131 11558
6132 6133
6134 11555
6135 11554
6136 6137
6138 11551
6139 6140
6141 15952
6142 15951
6143 6144
6145 15948
6146 15947
6147 15946
6148 15945
6149 6150
6151 15942
6152 6153
6154 15939
6155 15938
6156 6157
6158 15935
6159 15934
6160 6161
6162 15931
6163 15930
6164 6165
6166 15927
6167 15926
6168 6169
6170 15923
6171 15922
6172 6173
6174 15919
6175 15918
6176 6177
6178 15915
6179 15914
6180 6181
6182 15693
6183 15692
6184 6185
6186 15689
6187 15688
6188 6189
6190 15685
6191 15684
6192 6193
6194 15607
6195 6196
6197 15604
6198 15603
6199 15602
6200 15601
6201 6202
6203 15598
6204 15597
6205 6206
6207 15594
6208 15593
6209 6210
6211 15590
6212 15518
6213 6214
6215 15515
6216 15514
6217 6218
6219 15511
6220 15510
6221 6222
6223 15507
6224 15506
6225 6226
6227 15503
6228 15502
6229 6230
6231 15499
6232 15498
6233 6234
6235 15495
6236 6237
6238 15492
6239 15491
6240 6241
6242 15488
6243 15443
6244 6245
6246 15440
6247 15439
6248 6249
6250 15436
6251 15435
6252 15434
6253 6254
6255 10643
6256 6257
6258 10640
6259 10639
6260 6261
6262 10636
6263 10635
6264 6265
6266 10632
6267 6268
6269 15071
6270 15070
6271 6272
6273 15067
6274 15066
6275 6276
6277 10581
6278 6279
6280 10578
6281 10577
6282 6283
6284 10574
6285 14777
6286 6287
6288 14774
6289 14773
6290 6291
6292 14770
6293 6294
6295 14767
6296 14810
6297 6298
6299 14807
6300 14806
6301 6302
6303 14803
6304 14802
6305 14801
6306 14800
6307 6308
6309 14953
6310 14952
6311 6312
6313 14949
6314 14948
6315 6316
6317 14945
6318 14278
6319 6320
6321 14275
6322 14274
6323 14273
6324 6325
6326 14270
6327 14269
6328 6329
6330 14266
6331 14342
6332 14341
6333 6334
6335 14338
6336 14337
6337 14336
6338 14335
6339 14334
6340 6341
6342 14331
6343 14330
6344 14329
6345 14328
6346 14327
6347 14326
6348 11530
6349 11529
6350 11528
6351 11527
6352 11526
6353 11525
6354 11524
6355 11523
6356 11522
6357 11521
6358 11520
6359 11519
6360 11518
6361 11517
6362 11516
6363 11515
6364 11514
6365 11513
6366 11512
6367 11511
6368 11510
6369 11509
6370 11508
6371 11369
6372 11368
6373 11367
6374 11366
6375 11365
6376 11364
6377 11363
6378 11362
6379 11361
6380 11360
6381 11299
6382 11298
6383 11297
6384 11296
6385 11295
6386 11294
6387 11293
6388 11292
6389 11291
6390 10561
6391 10560
6392 10559
6393 10558
6394 10557
6395 10556
6396 10555
6397 10554
6398 10553
6399 10552
6400 10551
6401 10550
6402 10538
6403 10537
6404 10536
6405 10535
6406 10534
6407 10533
6408 10532
6409 10531
6410 10530
6411 10529
6412 10519
6413 10518
6414 10517
6415 10516
6416 10515
6417 10514
6418 10513
6419 10512
6420 10511
6421 12034
6422 12033
6423 12032
6424 12031
6425 12030
6426 12029
6427 12028
6428 12027
6429 12026
6430 12025
6431 12024
6432 12023
6433 12022
6434 12021
6435 12020
6436 11211
6437 11210
6438 11209
6439 11208
6440 11207
6441 11206
6442 10498
6443 10497
6444 10496
6445 10495
6446 10494
6447 10493
6448 10492
6449 10491
6450 10490
6451 10489
6452 10488
6453 10487
6454 13157
6455 13156
6456 13155
6457 13154
6458 13153
6459 13152
6460 13151
6461 13150
6462 13149
6463 13148
6464 13147
6465 13146
6466 13225
6467 13224
6468 13223
6469 13222
6470 13221
6471 13220
6472 13219
6473 13218
6474 10476
6475 10475
6476 10474
6477 10473
6478 10472
6479 10471
6480 10470
6481 10469
6482 10468
6483 10467
6484 11843
6485 11842
6486 11841
6487 11840
6488 11839
6489 11838
6490 11837
6491 11836
6492 11835
6493 11834
6494 11833
6495 11832
6496 11831
6497 12407
6498 12406
6499 12405
6500 12404
6501 12403
6502 12402
6503 12401
6504 12400
6505 12399
6506 12398
6507 12397
6508 12396
6509 12395
6510 12327
6511 12326
6512 12325
6513 12324
6514 12323
6515 12322
6516 10455
6517 10454
6518 10453
6519 10452
6520 10451
6521 10450
6522 10449
6523 10448
6524 10447
6525 10446
6526 10435
6527 10434
6528 10433
6529 10432
6530 10431
6531 10430
6532 10429
6533 10428
6534 10427
6535 10426
6536 10417
6537 10416
6538 10415
6539 10414
6540 10413
6541 10412
6542 10411
6543 10410
6546 10425
6547 10424
6548 10423
6549 10422
6550 10421
6551 10420
6552 10419
6553 10418
6554 10445
6555 10444
6556 10443
6557 10442
6558 10441
6559 10440
6560 10439
6561 10438
6562 10437
6563 10436
6564 10466
6565 10465
6566 10464
6567 10463
6568 10462
6569 10461
6570 10460
6571 10459
6572 10458
6573 10457
6574 10456
6575 12321
6576 12320
6577 12319
6578 12318
6579 12317
6580 12316
6581 12315
6582 12314
6583 12313
6584 12312
6585 12311
6586 12310
6587 12309
6588 12308
6589 11861
6590 11860
6591 11859
6592 11858
6593 11857
6594 11856
6595 11855
6596 11854
6597 11853
6598 11852
6599 11851
6600 11850
6601 11849
6602 11848
6603 11847
6604 11846
6605 11845
6606 11844
6607 10486
6608 10485
6609 10484
6610 10483
6611 10482
6612 10481
6613 10480
6614 10479
6615 10478
6616 10477
6617 13217
6618 13216
6619 13215
6620 13214
6621 13213
6622 13212
6623 13211
6624 13210
6625 13209
6626 13208
6627 13207
6628 13206
6629 13205
6630 13165
6631 13164
6632 13163
6633 13162
6634 13161
6635 13160
6636 13159
6637 13158
6638 10510
6639 10509
6640 10508
6641 10507
6642 10506
6643 10505
6644 10504
6645 10503
6646 10502
6647 10501
6648 10500
6649 10499
6650 11290
6651 11289
6652 11288
6653 11287
6654 11286
6655 11285
6656 11284
6657 11283
6658 11282
6659 11281
6660 11280
6661 11279
6662 12043
6663 12042
6664 12041
6665 12040
6666 12039
6667 12038
6668 12037
6669 12036
6670 12035
6671 10528
6672 10527
6673 10526
6674 10525
6675 10524
6676 10523
6677 10522
6678 10521
6679 10520
6680 10549
6681 10548
6682 10547
6683 10546
6684 10545
6685 10544
6686 10543
6687 10542
6688 10541
6689 10540
6690 10539
6691 10573
6692 10572
6693 10571
6694 10570
6695 10569
6696 10568
6697 10567
6698 10566
6699 10565
6700 10564
6701 10563
6702 10562
6703 11341
6704 11340
6705 11339
6706 11338
6707 11337
6708 11336
6709 11335
6710 11334
6711 11333
6712 11332
6713 11331
6714 11330
6715 11376
6716 11375
6717 11374
6718 11373
6719 11372
6720 11371
6721 11370
6722 11507
6723 11506
6724 11505
6725 11504
6726 11503
6727 11502
6728 11501
6729 11500
6730 11499
6731 11498
6732 11497
6733 11496
6734 11495
6735 11540
6736 11539
6737 11538
6738 11537
6739 11536
6740 11535
6741 11534
6742 11533
6743 11532
6744 11531
6745 14325
6746 14324
6747 14323
6748 14322
6749 14321
6750 14320
6751 6752
6753 14317
6754 14316
6755 14315
6756 14524
6757 6758
6759 14521
6760 14520
6761 14519
6762 6763
6764 14516
6765 14515
6766 14514
6767 6768
6769 14511
6770 14510
6771 6772
6773 14507
6774 14506
6775 6776
6777 14964
6778 14963
6779 14962
6780 6781
6782 14959
6783 6784
6785 14956
6786 14799
6787 14798
6788 14797
6789 14796
6790 6791
6792 14793
6793 14792
6794 6795
6796 14789
6797 14788
6798 6799
6800 14785
6801 6802
6803 14782
6804 14781
6805 6806
6807 14778
6808 10593
6809 6810
6811 10590
6812 6813
6814 10587
6815 10586
6816 6817
6818 15065
6819 6820
6821 15062
6822 15061
6823 6824
6825 15058
6826 15057
6827 6828
6829 15054
6830 6831
6832 15051
6833 15050
6834 6835
6836 15047
6837 6838
6839 15044
6840 15453
6841 15452
6842 15451
6843 6844
6845 15448
6846 15447
6847 6848
6849 15444
6850 6851
6852 15485
6853 15484
6854 6855
6856 15481
6857 15480
6858 6859
6860 15477
6861 15476
6862 6863
6864 15535
6865 6866
6867 15532
6868 15531
6869 6870
6871 15528
6872 15527
6873 6874
6875 15524
6876 15523
6877 6878
6879 15520
6880 15519
6881 6882
6883 15587
6884 6885
6886 15584
6887 15583
6888 6889
6890 15580
6891 15579
6892 6893
6894 15576
6895 15575
6896 6897
6898 15572
6899 15571
6900 6901
6902 15568
6903 16006
6904 6905
6906 16003
6907 16002
6908 6909
6910 15999
6911 15998
6912 6913
6914 15995
6915 15994
6916 6917
6918 15991
6919 6920
6921 15988
6922 15987
6923 6924
6925 15984
6926 15983
6927 6928
6929 15980
6930 15979
6931 6932
6933 15976
6934 6935
6936 15973
6937 15972
6938 6939
6940 15969
6941 15968
6942 6943
6944 15965
6945 15964
6946 15963
6947 15962
6948 15961
6949 6950
6951 15958
6952 6953
6954 15955
6955 11590
6956 6957
6958 11587
6959 11586
6960 6961
6962 11583
6963 11582
6964 6965
6966 11615
6967 6968
6969 11612
6970 11611
6971 6972
6973 11608
6974 16600
6975 6976
6977 16597
6978 16596
6979 6980
6981 16593
6982 6983
6984 16590
6985 16589
6986 6987
6988 16586
6989 16585
6990 6991
6992 16582
6993 16581
6994 6995
6996 16578
6997 6998
6999 16575
7000 16574
7001 16573
7002 7003
7004 16570
7005 7006
7007 16567
7008 16675
7009 7010
7011 16672
7012 7013
7014 16669
7015 16668
7016 7017
7018 16665
7019 7020
7021 16662
7022 16661
7023 7024
7025 16658
7026 7027
7028 16655
7029 17219
7030 7031
7032 17216
7033 17215
7034 7035
7036 17212
7037 7038
7039 17209
7040 17282
7041 7042
7043 17279
7044 17278
7045 7046
7047 17275
7048 17274
7049 7050
7051 17271
7052 17270
7053 17269
7054 17268
7055 17267
7056 7057
7058 17264
7059 17263
7060 7061
7062 17260
7063 17259
7064 17258
7065 7066
7067 11699
7068 11698
7069 11697
7070 7071
7072 11694
7073 11693
7074 11692
7075 11691
7076 7077
7078 11688
7079 11687
7080 11686
7081 7082
7083 11683
7084 11682
7085 11681
7086 11680
7087 7088
7089 11677
7090 11676
7091 11675
7092 11706
7093 7094
7095 11703
7096 11702
7097 11701
7098 11700
7101 11713
7102 11712
7103 11711
7104 11710
7105 7106
7107 11707
7108 11674
7109 11673
7110 11672
7111 11671
7112 11670
7113 11669
7114 11668
7115 11667
7116 11666
7117 11665
7118 7119
7120 17364
7121 17363
7122 17362
7123 17361
7124 17360
7125 17359
7126 17358
7127 17308
7128 17307
7129 17306
7130 17305
7131 7132
7133 17302
7134 17301
7135 17300
7136 17299
7137 17298
7138 17297
7139 17296
7140 17295
7141 17294
7142 17293
7143 17292
7144 17291
7145 17290
7146 7147
7148 17287
7149 17286
7150 17285
7151 17284
7152 17283
7153 17208
7154 7155
7156 17205
7157 17204
7158 17203
7159 17202
7160 17201
7161 17200
7162 7163
7164 16691
7165 16690
7166 16689
7167 16688
7168 16687
7169 16686
7170 7171
7172 16683
7173 16682
7174 16681
7175 16680
7176 16679
7177 16678
7178 7179
7180 16566
7181 16565
7182 16564
7183 16563
7184 16562
7185 16561
7186 16560
7187 16559
7188 7189
7190 16519
7191 16518
7192 16517
7193 16516
7194 16515
7195 16514
7196 16513
7197 7198
7199 16510
7200 16509
7201 16508
7202 16507
7203 16506
7204 16505
7205 7206
7207 11623
7208 11622
7209 11621
7210 11620
7211 11619
7212 11618
7213 7214
7215 11579
7216 11578
7217 11577
7218 11576
7219 11575
7220 11574
7221 11573
7222 7223
7224 16078
7225 16077
7226 16076
7227 16075
7228 16074
7229 16073
7230 16072
7231 16071
7232 7233
7234 16068
7235 16067
7236 16066
7237 16065
7238 16064
7239 16063
7240 7241
7242 16032
7243 16031
7244 16030
7245 16029
7246 16028
7247 16027
7248 16026
7249 7250
7251 16023
7252 16022
7253 16021
7254 16020
7255 16019
7256 16018
7257 7258
7259 16015
7260 16014
7261 16013
7262 16012
7263 16011
7264 16010
7265 16009
7266 7267
7268 15567
7269 15566
7270 15565
7271 15564
7272 15563
7273 15562
7274 15561
7275 15560
7276 7277
7278 15557
7279 15556
7280 15555
7281 15554
7282 15553
7283 15552
7284 15551
7285 7286
7287 15548
7288 15547
7289 15546
7290 15545
7291 15544
7292 15543
7293 15542
7294 7295
7296 15539
7297 15538
7298 15537
7299 15536
7300 15473
7301 15472
7302 7303
7304 15469
7305 15468
7306 15467
7307 15466
7308 15465
7309 15464
7310 15463
7311 7312
7313 15460
7314 15459
7315 15458
7316 15457
7317 15456
7318 15455
7319 15454
7320 15043
7321 7322
7323 15040
7324 15039
7325 15038
7326 15037
7327 15036
7328 15035
7329 7330
7331 15032
7332 15031
7333 15030
7334 15029
7335 15028
7336 15027
7337 7338
7339 15024
7340 15023
7341 15022
7342 15021
7343 15020
7344 15019
7345 7346
7347 14990
7348 14989
7349 14988
7350 14987
7351 14986
7352 14985
7353 14984
7354 7355
7356 14981
7357 14980
7358 14979
7359 14978
7360 14977
7361 14976
7362 14975
7363 14974
7364 7365
7366 14971
7367 14970
7368 14969
7369 14968
7370 14967
7371 14966
7372 14965
7373 14503
7374 7375
7376 14500
7377 14499
7378 14498
7379 14497
7380 14535
7381 14534
7382 14533
7383 14532
7384 14531
7385 7386
7387 14528
7388 14527
7389 14526
7390 14525
7391 14314
7392 14313
7393 14312
7394 14311
7395 14310
7396 14309
7397 14308
7398 14307
7399 14306
7400 14305
7401 11550
7402 11549
7403 11548
7404 11547
7405 11546
7406 11545
7407 11544
7408 11543
7409 11542
7410 11541
7411 11494
7412 11493
7413 11492
7414 11491
7415 11490
7416 11489
7417 11488
7418 11487
7419 11486
7420 11485
7421 11484
7422 11390
7423 11389
7424 11388
7425 11387
7426 11386
7427 11385
7428 11384
7429 11383
7430 11382
7431 11381
7432 11380
7433 11379
7434 11378
7435 11377
7436 11329
7437 11328
7438 11327
7439 11326
7440 11325
7441 11324
7442 11323
7443 11322
7444 11321
7445 11320
7446 11319
7447 11318
7448 11317
7449 11316
7450 11315
7451 11314
7452 11313
7453 13837
7454 13836
7455 13835
7456 13834
7457 13833
7458 13832
7459 13831
7460 13830
7461 13829
7462 13828
7463 13827
7464 13826
7465 13825
7466 13824
7467 13823
7468 13822
7469 13821
7470 13820
7471 13819
7472 13818
7473 13817
7474 13816
7475 13815
7476 13814
7477 13813
7478 13812
7479 13811
7480 13810
7481 13809
7482 13808
7483 13807
7484 13806
7485 13552
7486 13551
7487 13550
7488 13549
7489 13548
7490 13547
7491 13546
7492 13545
7493 13544
7494 12056
7495 12055
7496 12054
7497 12053
7498 12052
7499 12051
7500 12050
7501 12049
7502 12048
7503 12047
7504 12046
7505 12045
7506 12044
7507 11278
7508 11277
7509 11276
7510 11275
7511 11274
7512 11273
7513 11272
7514 11271
7515 11270
7516 11269
7517 11268
7518 11267
7519 11266
7520 11265
7521 11264
7522 11263
7523 11262
7524 11261
7525 11260
7526 11259
7527 11258
7528 12911
7529 12910
7530 12909
7531 12908
7532 12907
7533 12906
7534 12905
7535 12904
7536 12903
7537 13177
7538 13176
7539 13175
7540 13174
7541 13173
7542 13172
7543 13171
7544 13170
7545 13169
7546 13168
7547 13167
7548 13166
7549 13204
7550 13203
7551 13202
7552 13201
7553 13200
7554 13199
7555 13307
7556 13306
7557 13305
7558 13304
7559 13303
7560 13302
7561 13301
7562 13300
7563 13299
7564 13298
7565 13297
7566 13296
7567 13295
7568 13294
7569 13293
7570 12545
7571 12544
7572 12543
7573 12542
7574 12541
7575 12540
7576 12539
7577 12538
7578 12537
7579 12536
7580 12535
7581 12534
7582 12533
7583 12532
7584 12531
7585 12530
7586 12529
7587 12528
7588 12527
7589 11876
7590 11875
7591 11874
7592 11873
7593 11872
7594 11871
7595 11870
7596 11869
7597 11868
7598 11867
7599 11866
7600 11865
7601 11864
7602 11863
7603 11862
7604 12307
7605 12306
7606 12305
7607 12304
7608 12303
7609 12302
7610 12301
7611 12300
7612 12299
7613 12298
7614 12297
7615 12296
7616 12295
7617 12294
7618 12293
7619 12292
7620 12291
7621 12219
7622 12218
7623 12217
7624 12216
7625 12215
7626 12214
7627 12213
7628 12212
7629 12211
7630 12210
7631 12209
7632 12208
7633 8874
7634 8873
7635 8872
7636 8871
7637 8870
7638 8869
7639 8868
7640 8867
7641 8866
7642 11728
7643 11727
7644 11726
7645 11725
7646 11724
7647 11723
7648 11722
7649 11721
7650 11720
7651 11719
7652 11718
7653 11717
7654 11716
7655 11715
7656 11714
7659 11744
7660 11743
7661 11742
7662 11741
7663 11740
7664 11739
7665 11738
7666 11737
7667 11736
7668 11735
7669 7670
7671 11732
7672 11731
7673 11730
7674 11729
7675 8865
7676 8864
7677 8863
7678 8862
7679 8861
7680 7681
7682 8858
7683 8857
7684 8856
7685 8855
7686 8854
7687 8853
7688 12230
7689 12229
7690 12228
7691 7692
7693 12225
7694 12224
7695 12223
7696 12222
7697 12221
7698 12220
7699 12290
7700 12289
7701 12288
7702 12287
7703 12286
7704 12285
7705 12284
7706 12283
7707 7708
7709 12280
7710 12279
7711 12278
7712 12277
7713 12094
7714 12093
7715 7716
7717 12090
7718 12089
7719 12088
7720 12087
7721 12086
7722 12512
7723 7724
7725 12509
7726 12508
7727 12507
7728 12506
7729 12505
7730 11884
7731 7732
7733 11881
7734 11880
7735 11879
7736 11878
7737 11877
7738 12882
7739 7740
7741 12879
7742 12878
7743 12877
7744 12876
7745 12875
7746 12874
7747 12873
7748 12872
7749 12871
7750 12870
7751 7752
7753 12867
7754 12866
7755 12865
7756 12864
7757 12902
7758 12901
7759 12900
7760 7761
7762 12897
7763 12896
7764 12895
7765 12894
7766 13321
7767 13320
7768 13319
7769 7770
7771 13316
7772 13315
7773 13314
7774 13313
7775 13312
7776 13311
7777 13310
7778 7779
7780 13198
7781 13197
7782 13196
7783 13195
7784 13194
7785 13193
7786 13192
7787 13191
7788 13190
7789 13189
7790 13188
7791 13187
7792 13186
7793 13185
7794 13184
7795 7796
7797 13181
7798 13180
7799 13179
7800 13178
7801 13473
7802 13472
7803 13471
7804 7805
7806 13468
7807 13467
7808 13466
7809 13465
7810 13464
7811 13463
7812 13462
7813 7814
7815 13459
7816 13458
7817 13457
7818 13493
7819 13492
7820 13491
7821 13490
7822 7823
7824 13487
7825 13486
7826 13485
7827 13530
7828 13529
7829 13528
7830 13527
7831 13526
7832 13525
7833 13524
7834 13523
7835 12074
7836 12073
7837 12072
7838 7839
7840 12069
7841 12068
7842 12067
7843 12066
7844 12065
7845 12064
7846 12063
7847 12062
7848 7849
7850 12059
7851 12058
7852 12057
7853 13698
7854 13697
7855 13696
7856 13695
7857 7858
7859 13692
7860 13691
7861 13690
7862 13689
7863 13688
7864 13687
7865 13686
7866 7867
7868 13683
7869 13682
7870 13721
7871 13720
7872 13719
7873 13718
7874 13717
7875 13716
7876 13715
7877 13714
7878 13713
7879 13712
7880 13743
7881 7882
7883 13740
7884 13739
7885 13738
7886 13737
7887 13736
7888 13735
7889 13734
7890 7891
7892 13881
7893 13880
7894 13879
7895 13878
7896 13877
7897 13876
7898 13875
7899 13874
7900 7901
7902 13871
7903 13870
7904 13869
7905 13868
7906 13867
7907 13866
7908 13865
7909 7910
7911 13966
7912 13965
7913 13964
7914 13963
7915 13962
7916 13961
7917 13960
7918 13959
7919 13958
7920 13957
7921 13956
7922 13990
7923 13989
7924 13988
7925 13987
7926 7927
7928 13984
7929 13983
7930 13982
7931 13981
7932 14474
7933 14473
7934 14472
7935 14471
7936 14470
7937 14469
7938 7939
7940 14466
7941 14465
7942 14464
7943 14463
7944 14462
7945 14461
7946 14460
7947 14459
7948 14458
7949 14457
7950 14456
7951 14455
7952 14454
7953 14453
7954 14452
7955 14451
7956 14450
7957 14449
7958 14448
7959 14447
7960 14446
7961 14445
7962 14444
7963 14443
7964 14442
7965 14441
7966 14440
7967 14439
7968 14438
7969 14437
7970 14436
7971 14435
7972 14544
7973 14543
7974 14542
7975 14541
7976 14540
7977 14539
7978 14538
7979 14537
7980 14536
7981 14632
7982 14631
7983 14630
7984 14629
7985 14628
7986 14627
7987 14626
7988 14625
7989 14624
7990 14623
7991 14622
7992 14621
7993 14620
7994 14619
7995 14618
7996 15003
7997 15002
7998 15001
7999 15000
8000 14999
8001 14998
8002 14997
8003 14996
8004 14995
8005 14994
8006 14993
8007 14992
8008 14991
8009 15225
8010 15224
8011 15223
8012 15222
8013 15221
8014 15220
8015 15219
8016 15218
8017 15217
8018 15216
8019 15215
8020 15214
8021 15213
8022 15212
8023 15211
8024 15210
8025 15209
8026 15208
8027 15245
8028 15244
8029 15243
8030 15242
8031 15241
8032 15240
8033 15239
8034 15238
8035 15237
8036 15236
8037 15235
8038 15784
8039 15783
8040 15782
8041 15781
8042 15780
8043 15779
8044 15778
8045 15777
8046 15776
8047 15775
8048 15774
8049 15773
8050 15772
8051 15771
8052 15770
8053 15769
8054 15768
8055 15767
8056 15766
8057 15765
8058 15764
8059 15763
8060 15762
8061 15761
8062 15760
8063 15759
8064 15758
8065 15757
8066 15756
8067 15755
8068 15754
8069 15803
8070 15802
8071 15801
8072 15800
8073 15799
8074 15798
8075 15797
8076 15796
8077 15795
8078 15794
8079 15793
8080 16046
8081 16045
8082 16044
8083 16043
8084 16042
8085 16041
8086 16040
8087 16039
8088 16038
8089 16037
8090 16036
8091 16035
8092 16034
8093 16033
8094 16140
8095 16139
8096 16138
8097 16137
8098 16136
8099 16135
8100 16134
8101 16133
8102 16132
8103 16131
8104 16130
8105 16129
8106 16128
8107 16127
8108 16126
8109 16125
8110 16124
8111 16544
8112 16543
8113 16542
8114 16541
8115 16540
8116 16539
8117 16538
8118 16537
8119 16536
8120 16535
8121 16534
8122 16533
8123 16532
8124 16531
8125 16530
8126 16529
8127 16528
8128 16527
8129 16526
8130 16525
8131 16524
8132 16523
8133 16522
8134 16521
8135 16520
8136 16781
8137 16780
8138 16779
8139 16778
8140 16777
8141 16776
8142 16775
8143 16774
8144 16773
8145 16772
8146 16771
8147 16770
8148 16769
8149 16768
8150 16767
8151 16766
8152 16765
8153 16802
8154 16801
8155 16800
8156 16799
8157 16798
8158 16797
8159 16796
8160 16795
8161 16794
8162 16793
8163 16792
8164 16791
8165 17332
8166 17331
8167 17330
8168 17329
8169 17328
8170 17327
8171 17326
8172 17325
8173 17324
8174 17323
8175 17322
8176 17321
8177 17320
8178 17319
8179 17318
8180 17317
8181 17316
8182 17315
8183 17314
8184 17313
8185 17312
8186 17311
8187 17310
8188 17309
8189 17491
8190 17490
8191 17489
8192 17488
8193 17487
8194 17486
8195 17485
8196 17484
8197 17483
8198 17482
8199 17481
8200 17480
8201 17479
8202 17478
8203 17477
8204 17476
8205 17497
8206 17496
8207 17495
8208 17494
8209 17493
8210 17492
8213 17503
8214 17502
8215 17501
8216 17500
8217 17499
8218 17498
8219 17475
8220 17474
8221 17473
8222 17472
8223 17471
8224 17470
8225 17469
8226 17468
8227 17357
8228 17356
8229 17355
8230 17354
8231 17353
8232 17352
8233 17351
8234 17350
8235 17349
8236 17348
8237 17347
8238 17346
8239 17345
8240 17344
8241 17343
8242 17342
8243 17341
8244 17340
8245 17339
8246 17338
8247 17337
8248 17336
8249 17335
8250 17334
8251 17333
8252 16790
8253 16789
8254 16788
8255 16787
8256 16786
8257 16785
8258 16784
8259 16783
8260 16782
8261 16764
8262 16763
8263 16762
8264 16761
8265 16760
8266 16759
8267 16758
8268 16757
8269 16756
8270 16755
8271 16754
8272 16753
8273 16752
8274 16751
8275 16750
8276 16749
8277 16748
8278 16747
8279 16746
8280 16556
8281 16555
8282 16554
8283 16553
8284 16552
8285 16551
8286 16550
8287 16549
8288 16548
8289 16547
8290 16546
8291 16545
8292 16123
8293 16122
8294 16121
8295 16120
8296 16119
8297 16118
8298 16117
8299 16116
8300 16115
8301 16060
8302 16059
8303 16058
8304 16057
8305 16056
8306 16055
8307 16054
8308 16053
8309 16052
8310 16051
8311 16050
8312 16049
8313 16048
8314 16047
8315 15792
8316 15791
8317 15790
8318 15789
8319 15788
8320 15787
8321 15786
8322 15785
8323 15753
8324 15752
8325 15751
8326 15750
8327 15749
8328 15748
8329 15747
8330 15746
8331 15745
8332 15744
8333 15259
8334 15258
8335 15257
8336 15256
8337 15255
8338 15254
8339 15253
8340 15252
8341 15251
8342 15250
8343 15249
8344 15248
8345 15247
8346 15246
8347 15234
8348 15233
8349 15232
8350 15231
8351 15230
8352 15229
8353 15228
8354 15227
8355 15226
8356 15207
8357 15206
8358 15205
8359 15204
8360 15203
8361 15202
8362 15201
8363 15200
8364 15199
8365 15016
8366 15015
8367 15014
8368 15013
8369 15012
8370 15011
8371 15010
8372 15009
8373 15008
8374 15007
8375 15006
8376 15005
8377 15004
8378 14617
8379 14616
8380 14615
8381 14614
8382 14613
8383 14612
8384 14611
8385 14610
8386 14609
8387 14608
8388 14607
8389 14606
8390 14605
8391 14604
8392 14603
8393 14602
8394 14601
8395 14600
8396 14599
8397 14598
8398 14597
8399 14596
8400 14595
8401 14594
8402 14593
8403 14592
8404 14591
8405 14590
8406 14589
8407 11195
8408 11194
8409 11193
8410 11192
8411 11191
8412 11190
8413 11189
8414 11188
8415 11187
8416 11186
8417 14496
8418 8419
8420 14493
8421 14492
8422 14491
8423 14490
8424 14489
8425 8426
8427 14486
8428 14485
8429 14484
8430 8431
8432 14481
8433 14480
8434 14479
8435 8436
8437 14476
8438 14475
8439 13980
8440 8441
8442 13977
8443 13976
8444 8445
8446 13973
8447 13972
8448 8449
8450 13969
8451 13955
8452 8453
8454 13952
8455 13951
8456 13950
8457 8458
8459 13947
8460 13946
8461 8462
8463 13943
8464 13942
8465 8466
8467 13939
8468 13938
8469 8470
8471 13935
8472 8473
8474 13932
8475 13931
8476 8477
8478 13928
8479 13927
8480 8481
8482 13891
8483 13890
8484 8485
8486 13887
8487 8488
8489 13884
8490 13733
8491 8492
8493 13730
8494 13729
8495 8496
8497 13726
8498 8499
8500 13723
8501 13722
8502 8503
8504 13709
8505 13708
8506 8507
8508 13705
8509 13704
8510 13703
8511 13702
8512 8513
8514 13699
8515 13681
8516 8517
8518 13678
8519 8520
8521 13675
8522 13674
8523 8524
8525 13671
8526 13670
8527 8528
8529 13667
8530 13666
8531 8532
8533 11922
8534 11921
8535 8536
8537 11918
8538 11917
8539 8540
8541 11914
8542 11913
8543 8544
8545 11910
8546 8547
8548 11907
8549 11906
8550 8551
8552 11903
8553 11902
8554 8555
8556 13541
8557 13540
8558 8559
8560 13537
8561 13536
8562 13535
8563 13534
8564 8565
8566 13531
8567 13484
8568 8569
8570 13481
8571 13480
8572 8573
8574 13477
8575 8576
8577 13474
8578 13456
8579 8580
8581 13453
8582 13452
8583 8584
8585 13449
8586 13448
8587 8588
8589 13445
8590 13444
8591 8592
8593 13441
8594 13440
8595 8596
8597 13437
8598 13436
8599 8600
8601 13433
8602 13432
8603 8604
8605 13429
8606 8607
8608 13426
8609 13425
8610 8611
8612 13422
8613 13421
8614 13420
8615 13419
8616 13418
8617 8618
8619 13415
8620 13414
8621 8622
8623 13411
8624 13410
8625 8626
8627 13334
8628 13333
8629 8630
8631 13330
8632 13329
8633 8634
8635 13326
8636 8637
8638 13323
8639 13322
8640 8641
8642 12891
8643 12890
8644 8645
8646 12887
8647 12886
8648 8649
8650 12883
8651 12863
8652 8653
8654 12860
8655 8656
8657 12857
8658 12856
8659 8660
8661 12702
8662 12701
8663 8664
8665 12698
8666 12697
8667 12696
8668 12695
8669 8670
8671 12692
8672 8673
8674 12689
8675 12688
8676 8677
8678 12685
8679 8680
8681 12524
8682 12523
8683 8684
8685 12520
8686 8687
8688 12517
8689 12516
8690 8691
8692 12513
8693 8694
8695 12083
8696 12082
8697 8698
8699 12079
8700 12078
8701 8702
8703 12075
8704 8705
8706 12274
8707 12273
8708 8709
8710 12270
8711 12269
8712 8713
8714 12266
8715 12265
8716 8717
8718 12262
8719 12261
8720 12260
8721 8722
8723 12257
8724 12256
8725 12255
8726 8727
8728 12252
8729 12251
8730 8731
8732 12248
8733 11175
8734 11174
8735 8736
8737 11171
8738 11170
8739 11169
8740 8741
8742 11166
8743 11154
8744 11153
8745 11152
8746 8747
8748 11149
8749 11148
8750 11147
8751 8752
8753 11144
8754 11130
8755 11129
8756 8757
8758 11126
8759 11125
8760 11124
8761 11123
8762 8763
8764 11120
8765 11119
8766 11118
