4 13982
5 13981
6 13980
7 13979
8 13978
9 13977
10 13976
11 13975
12 13974
13 13973
14 13972
15 13971
16 13312
17 13311
18 13310
19 13309
20 13308
21 13307
22 13306
23 13305
24 13419
25 13418
26 13417
27 13416
28 13415
29 13414
30 13413
31 13412
32 13411
33 13410
34 13409
35 13408
36 13407
37 13406
38 13405
39 13404
40 13403
41 13402
42 13401
43 13400
44 13399
53 13214
54 13213
55 13212
56 13211
57 13210
58 13209
59 13208
60 13207
61 13206
62 13205
63 13132
64 13131
65 13130
66 13129
67 13128
68 13127
69 13126
70 13125
71 13124
72 13123
73 13122
74 13121
75 13120
76 13119
77 13118
78 13244
79 13243
80 13242
81 13241
82 13240
83 13239
84 13238
85 13237
86 13164
87 13163
88 13162
89 13161
90 13160
91 13159
92 13158
93 13157
94 13156
103 12498
104 12497
105 12496
106 12495
107 12494
108 12493
109 12492
110 12491
111 12490
112 12489
113 12488
114 12487
115 12486
116 12485
117 12484
118 12377
119 12376
120 12375
121 12374
122 12373
123 12372
124 12371
125 12370
126 12132
127 12131
128 12130
129 12129
130 12128
131 12127
132 12126
133 12125
134 12324
135 12323
136 12322
137 12321
138 12320
139 12319
140 12318
141 12317
142 12316
143 12315
144 12314
153 11711
154 11710
155 11709
156 11708
157 11707
158 11706
159 11705
160 11704
161 11703
162 11702
163 11701
164 11700
165 11036
166 11035
167 11034
168 11033
169 11032
170 11031
171 11030
172 11029
173 11144
174 11143
175 11142
176 11141
177 11140
178 11139
179 11138
180 11137
181 11136
182 11135
183 11134
184 11133
185 11132
186 11131
187 11130
188 11129
189 11128
190 11127
191 11126
192 11125
193 11124
202 10937
203 10936
204 10935
205 10934
206 10933
207 10932
208 10931
209 10930
210 10929
211 10928
212 10839
213 10838
214 10837
215 10836
216 10835
217 10834
218 10833
219 10832
220 10831
221 10830
222 10829
223 10828
224 10827
225 10826
226 10825
227 10967
228 10966
229 10965
230 10964
231 10963
232 10962
233 10961
234 10960
235 10870
236 10869
237 10868
238 10867
239 10866
240 10865
241 10864
242 10863
243 10862
252 10227
253 10226
254 10225
255 10224
256 10223
257 10222
258 10221
259 10220
260 10219
261 10218
262 10217
263 10216
264 10215
265 10214
266 10213
267 10106
268 10105
269 10104
270 10103
271 10102
272 10101
273 10100
274 10099
275 9829
276 9828
277 9827
278 9826
279 9825
280 9824
281 9823
282 9822
283 10053
284 10052
285 10051
286 10050
287 10049
288 10048
289 10047
290 10046
291 10045
292 10044
293 10043
302 9440
303 9439
304 9438
305 9437
306 9436
307 9435
308 9434
309 9433
310 9432
311 9431
312 9430
313 9429
314 9385
315 9384
316 9383
317 9382
318 9381
319 9380
320 9379
321 9378
322 8846
323 8845
324 8844
325 8843
326 8842
327 8841
328 8840
329 8839
330 8838
331 8837
332 8836
333 8835
334 8834
335 8833
336 8832
337 8831
338 8830
339 8829
340 8828
341 8827
342 8826
351 8530
352 8529
353 8528
354 8527
355 8526
356 8525
357 8524
358 8523
359 8522
360 8521
361 8468
362 8467
363 8466
364 8465
365 8464
366 8463
367 8462
368 8461
369 8460
370 8459
371 8458
372 8457
373 8456
374 8455
375 8454
376 8707
377 8706
378 8705
379 8704
380 8703
381 8702
382 8701
383 8700
384 8699
385 8698
386 8697
387 8696
388 8695
389 8694
390 8693
391 8692
392 8691
393 8690
394 8689
395 8688
398 8687
399 8686
400 8685
401 8684
402 8683
403 8682
404 8681
405 8680
406 8679
407 8678
408 8677
409 8676
410 8675
411 8674
412 8673
413 8672
414 8671
415 8670
416 8669
417 8668
418 8667
419 8666
420 8665
421 8664
422 8663
423 8476
424 8475
425 8474
426 8473
427 8472
428 8471
429 8470
430 8469
431 8520
432 8519
433 8518
434 8517
435 8516
436 8515
437 8514
446 9359
447 9358
448 9357
449 9356
450 9355
451 9354
452 9353
453 9352
454 9351
455 9350
456 9349
457 9348
458 8854
459 8853
460 8852
461 8851
462 8850
463 8849
464 8848
465 8847
466 9377
467 9376
468 9375
469 9374
470 9373
471 9372
472 9371
473 9370
474 9369
475 9368
476 9367
477 9366
478 9365
479 9364
480 9363
481 9362
482 9361
483 9360
492 10062
493 10061
494 10060
495 10059
496 10058
497 10057
498 10056
499 10055
500 10054
501 9821
502 9820
503 9819
504 9818
505 9817
506 9816
507 9815
508 9814
509 9813
510 9812
511 9811
512 9810
513 9809
514 9808
515 9807
516 9806
517 9805
518 9804
519 9803
520 9802
521 9801
522 9800
523 9799
524 9798
525 9797
526 9796
527 9795
528 9794
537 10763
538 10762
539 10761
540 10760
541 10759
542 10758
543 10757
544 10756
545 10755
546 10754
547 10753
548 10752
549 10751
550 10750
551 10749
552 10748
553 10747
554 10746
555 10745
556 10744
557 10743
558 10742
559 10847
560 10846
561 10845
562 10844
563 10843
564 10842
565 10841
566 10840
567 10927
568 10926
569 10925
570 10924
571 10923
572 10922
573 10921
582 11687
583 11686
584 11685
585 11684
586 11683
587 11682
588 11681
589 11680
590 11679
591 11678
592 11677
593 11676
594 11152
595 11151
596 11150
597 11149
598 11148
599 11147
600 11146
601 11145
602 11028
603 11027
604 11026
605 11025
606 11024
607 11023
608 11022
609 11021
610 11020
611 11019
612 11018
613 11017
614 11016
615 11015
616 11014
617 11013
618 11012
619 11011
628 12333
629 12332
630 12331
631 12330
632 12329
633 12328
634 12327
635 12326
636 12325
637 12124
638 12123
639 12122
640 12121
641 12120
642 12119
643 12118
644 12117
645 12116
646 12115
647 12114
648 12113
649 12112
650 12111
651 12110
652 12109
653 12108
654 12107
655 12106
656 12105
657 12104
658 12103
659 12102
660 12101
661 12100
662 12099
663 12098
664 12097
673 13055
674 13054
675 13053
676 13052
677 13051
678 13050
679 13049
680 13048
681 13047
682 13046
683 13045
684 13044
685 13043
686 13042
687 13041
688 13040
689 13039
690 13038
691 13037
692 13036
693 13035
694 13034
695 13140
696 13139
697 13138
698 13137
699 13136
700 13135
701 13134
702 13133
703 13204
704 13203
705 13202
706 13201
707 13200
708 13199
709 13198
710 13197
719 13958
720 13957
721 13956
722 13955
723 13954
724 13953
725 13952
726 13951
727 13950
728 13949
729 13948
730 13947
731 13427
732 13426
733 13425
734 13424
735 13423
736 13422
737 13421
738 13420
739 13304
740 13303
741 13302
742 13301
743 13300
744 13299
745 13298
746 13297
747 13296
748 13295
749 13294
750 13293
751 13292
752 13291
753 13290
754 13289
755 13288
764 14700
765 14699
766 14698
767 14697
768 14696
769 14695
770 14694
771 14693
772 14692
773 14691
774 14598
775 14597
776 14596
777 14595
778 14594
779 14593
780 14592
781 14591
782 14590
783 14589
784 14588
785 14587
786 14586
787 14585
788 14584
789 14583
790 14582
791 14581
792 14580
793 14579
794 14578
795 14577
796 14576
797 14575
798 14574
799 14573
800 14572
801 14571
802 14570
803 14569
806 14415
807 14414
808 14413
809 14412
810 14411
811 14410
812 14409
813 14408
814 14407
815 14406
816 14405
817 14404
818 14403
819 14402
820 14719
821 14718
822 14717
823 14716
824 14715
825 14714
826 14713
827 14712
828 14120
829 14119
830 14118
831 14117
832 14116
833 14115
834 14114
835 14113
836 14112
837 14111
838 14110
839 14109
840 14108
841 14107
842 14106
843 14105
844 14104
853 13876
854 13875
855 13874
856 13873
857 13872
858 13871
859 13870
860 13869
861 13868
862 13442
863 13441
864 13440
865 13439
866 13438
867 13437
868 13436
869 13435
870 13434
871 13433
872 13432
873 13431
874 13430
875 13429
876 13428
877 13946
878 13945
879 13944
880 13943
881 13942
882 13941
883 13940
884 13939
885 13938
886 13937
887 13936
888 13935
897 13155
898 13154
899 13153
900 13152
901 13151
902 13150
903 13149
904 13148
905 13147
906 13146
907 13145
908 13144
909 13143
910 13142
911 13141
912 13033
913 13032
914 13031
915 13030
916 13029
917 13028
918 13027
919 13026
920 13228
921 13227
922 13226
923 13225
924 13224
925 13223
926 13222
927 13221
928 13220
929 13219
930 13218
931 13217
932 13216
933 13215
942 12270
943 12269
944 12268
945 12267
946 12266
947 12265
948 12264
949 12263
950 12262
951 12261
952 12260
953 12259
954 12361
955 12360
956 12359
957 12358
958 12357
959 12356
960 12355
961 12354
962 11865
963 11864
964 11863
965 11862
966 11861
967 11860
968 11859
969 11858
970 11857
971 11856
972 11855
973 11854
974 11853
975 11852
976 11851
977 11850
986 11605
987 11604
988 11603
989 11602
990 11601
991 11600
992 11599
993 11598
994 11597
995 11596
996 11167
997 11166
998 11165
999 11164
1000 11163
1001 11162
1002 11161
1003 11160
1004 11159
1005 11158
1006 11157
1007 11156
1008 11155
1009 11154
1010 11153
1011 11675
1012 11674
1013 11673
1014 11672
1015 11671
1016 11670
1017 11669
1018 11668
1019 11667
1020 11666
1021 11665
1022 11664
1031 10861
1032 10860
1033 10859
1034 10858
1035 10857
1036 10856
1037 10855
1038 10854
1039 10853
1040 10852
1041 10851
1042 10850
1043 10849
1044 10848
1045 10741
1046 10740
1047 10739
1048 10738
1049 10737
1050 10736
1051 10735
1052 10734
1053 10951
1054 10950
1055 10949
1056 10948
1057 10947
1058 10946
1059 10945
1060 10944
1061 10943
1062 10942
1063 10941
1064 10940
1065 10939
1066 10938
1075 9999
1076 9998
1077 9997
1078 9996
1079 9995
1080 9994
1081 9993
1082 9992
1083 9991
1084 9990
1085 9989
1086 9988
1087 10090
1088 10089
1089 10088
1090 10087
1091 10086
1092 10085
1093 10084
1094 10083
1095 9594
1096 9593
1097 9592
1098 9591
1099 9590
1100 9589
1101 9588
1102 9587
1103 9586
1104 9585
1105 9584
1106 9583
1107 9582
1108 9581
1109 9580
1110 9579
1119 9307
1120 9306
1121 9305
1122 9304
1123 9303
1124 9302
1125 9301
1126 9300
1127 9299
1128 9298
1129 8869
1130 8868
1131 8867
1132 8866
1133 8865
1134 8864
1135 8863
1136 8862
1137 8861
1138 8860
1139 8859
1140 8858
1141 8857
1142 8856
1143 8855
1144 9347
1145 9346
1146 9345
1147 9344
1148 9343
1149 9342
1150 9341
1151 9340
1152 9339
1153 9338
1154 9337
1155 9336
1164 8490
1165 8489
1166 8488
1167 8487
1168 8486
1169 8485
1170 8484
1171 8483
1172 8482
1173 8481
1174 8480
1175 8479
1176 8478
1177 8477
1178 8662
1179 8661
1180 8660
1181 8659
1182 8658
1183 8657
1184 8656
1185 8655
1186 8409
1187 8408
1188 8407
1189 8406
1190 8405
1191 8404
1192 8403
1193 8402
1194 8401
1195 8400
1196 8399
1197 8398
1198 8397
1199 8396
1200 8395
1201 8394
1202 8393
1205 8429
1206 8428
1207 8427
1208 8426
1209 8425
1210 8424
1211 8423
1212 8422
1213 8421
1214 8420
1215 8419
1216 8418
1217 8417
1218 8416
1219 8415
1220 8414
1221 8413
1222 8412
1223 8411
1224 8410
1225 8654
1226 8653
1227 8652
1228 8651
1229 8650
1230 8649
1231 8648
1232 8647
1233 8323
1234 8322
1235 8321
1236 8320
1237 8319
1238 8318
1239 8317
1240 8316
1241 8500
1242 8499
1243 8498
1244 8497
1245 8496
1246 8495
1247 8494
1248 8493
1249 8492
1250 8491
1259 9335
1260 9334
1261 9333
1262 9332
1263 9331
1264 9330
1265 9329
1266 9328
1267 9327
1268 9326
1269 9325
1270 9324
1271 9323
1272 9322
1273 8992
1274 8991
1275 8990
1276 8989
1277 8988
1278 8987
1279 8986
1280 8985
1281 9393
1282 9392
1283 9391
1284 9390
1285 9389
1286 9388
1287 9387
1288 9386
1289 9428
1290 9427
1291 9426
1292 9425
1293 9424
1294 9423
1295 9422
1296 9421
1297 9420
1298 9419
1299 9418
1300 9417
1309 10024
1310 10023
1311 10022
1312 10021
1313 10020
1314 10019
1315 10018
1316 10017
1317 10016
1318 10015
1319 10014
1320 10013
1321 9837
1322 9836
1323 9835
1324 9834
1325 9833
1326 9832
1327 9831
1328 9830
1329 10098
1330 10097
1331 10096
1332 10095
1333 10094
1334 10093
1335 10092
1336 10091
1337 9987
1338 9986
1339 9985
1340 9984
1341 9983
1342 9982
1343 9981
1344 9980
1345 9786
1346 9785
1347 9784
1348 9783
1349 9782
1350 9781
1351 9780
1360 10879
1361 10878
1362 10877
1363 10876
1364 10875
1365 10874
1366 10873
1367 10872
1368 10871
1369 10959
1370 10958
1371 10957
1372 10956
1373 10955
1374 10954
1375 10953
1376 10952
1377 10733
1378 10732
1379 10731
1380 10730
1381 10729
1382 10728
1383 10727
1384 10726
1385 10541
1386 10540
1387 10539
1388 10538
1389 10537
1390 10536
1391 10535
1392 10534
1393 10533
1394 10532
1395 10531
1396 10530
1397 10529
1398 10528
1399 10527
1400 10526
1401 10525
1402 10524
1411 11633
1412 11632
1413 11631
1414 11630
1415 11629
1416 11628
1417 11627
1418 11626
1419 11625
1420 11624
1421 11623
1422 11622
1423 11621
1424 11620
1425 11290
1426 11289
1427 11288
1428 11287
1429 11286
1430 11285
1431 11284
1432 11283
1433 11044
1434 11043
1435 11042
1436 11041
1437 11040
1438 11039
1439 11038
1440 11037
1441 11699
1442 11698
1443 11697
1444 11696
1445 11695
1446 11694
1447 11693
1448 11692
1449 11691
1450 11690
1451 11689
1452 11688
1461 12295
1462 12294
1463 12293
1464 12292
1465 12291
1466 12290
1467 12289
1468 12288
1469 12287
1470 12286
1471 12285
1472 12284
1473 12140
1474 12139
1475 12138
1476 12137
1477 12136
1478 12135
1479 12134
1480 12133
1481 12369
1482 12368
1483 12367
1484 12366
1485 12365
1486 12364
1487 12363
1488 12362
1489 12258
1490 12257
1491 12256
1492 12255
1493 12254
1494 12253
1495 12252
1496 12251
1497 12089
1498 12088
1499 12087
1500 12086
1501 12085
1502 12084
1503 12083
1512 13173
1513 13172
1514 13171
1515 13170
1516 13169
1517 13168
1518 13167
1519 13166
1520 13165
1521 13236
1522 13235
1523 13234
1524 13233
1525 13232
1526 13231
1527 13230
1528 13229
1529 13025
1530 13024
1531 13023
1532 13022
1533 13021
1534 13020
1535 13019
1536 13018
1537 12836
1538 12835
1539 12834
1540 12833
1541 12832
1542 12831
1543 12830
1544 12829
1545 13183
1546 13182
1547 13181
1548 13180
1549 13179
1550 13178
1551 13177
1552 13176
1553 13175
1554 13174
1563 13904
1564 13903
1565 13902
1566 13901
1567 13900
1568 13899
1569 13898
1570 13897
1571 13896
1572 13895
1573 13894
1574 13893
1575 13892
1576 13891
1577 13565
1578 13564
1579 13563
1580 13562
1581 13561
1582 13560
1583 13559
1584 13558
1585 13320
1586 13319
1587 13318
1588 13317
1589 13316
1590 13315
1591 13314
1592 13313
1593 13970
1594 13969
1595 13968
1596 13967
1597 13966
1598 13965
1599 13964
1600 13963
1601 13962
1602 13961
1603 13960
1604 13959
1613 14669
1614 14668
1615 14667
1616 14666
1617 14665
1618 14664
1619 14663
1620 14662
1621 14661
1622 14660
1623 14659
1624 14658
1625 14614
1626 14613
1627 14612
1628 14611
1629 14610
1630 14609
1631 14608
1632 14607
1633 14727
1634 14726
1635 14725
1636 14724
1637 14723
1638 14722
1639 14721
1640 14720
1641 14401
1642 14400
1643 14399
1644 14398
1645 14397
1646 14396
1647 14395
1648 14394
1649 14424
1650 14423
1651 14422
1652 14421
1653 14420
1654 14419
1655 14418
1656 14417
1657 14416
1660 14433
1661 14432
1662 14431
1663 14430
1664 14429
1665 14428
1666 14427
1667 14426
1668 14425
1669 14393
1670 14392
1671 14391
1672 14390
1673 14389
1674 14388
1675 14387
1676 14386
1677 14519
1678 14518
1679 14517
1680 14516
1681 14515
1682 14514
1683 14513
1684 14512
1685 14136
1686 14135
1687 14134
1688 14133
1689 14132
1690 14131
1691 14130
1692 14129
1693 14302
1694 14301
1695 14300
1696 14299
1697 14298
1698 14297
1699 14296
1700 14295
1701 14294
1702 14293
1703 14292
1712 13824
1713 13823
1714 13822
1715 13821
1716 13820
1717 13819
1718 13818
1719 13817
1720 13816
1721 13815
1722 13814
1723 13813
1724 13458
1725 13457
1726 13456
1727 13455
1728 13454
1729 13453
1730 13452
1731 13451
1732 13572
1733 13571
1734 13570
1735 13569
1736 13568
1737 13567
1738 13566
1739 13890
1740 13889
1741 13888
1742 13887
1743 13886
1744 13885
1745 13884
1746 13883
1747 13882
1748 13881
1749 13880
1750 13879
1751 13878
1752 13877
1761 12925
1762 12924
1763 12923
1764 12922
1765 12921
1766 12920
1767 12919
1768 12918
1769 12917
1770 12916
1771 12843
1772 12842
1773 12841
1774 12840
1775 12839
1776 12838
1777 12837
1778 13017
1779 13016
1780 13015
1781 13014
1782 13013
1783 13012
1784 13011
1785 13010
1786 13085
1787 13084
1788 13083
1789 13082
1790 13081
1791 13080
1792 13079
1793 13078
1794 12875
1795 12874
1796 12873
1797 12872
1798 12871
1799 12870
1800 12869
1801 12868
1802 12867
1811 12096
1812 12095
1813 12094
1814 12093
1815 12092
1816 12091
1817 12090
1818 12250
1819 12249
1820 12248
1821 12247
1822 12246
1823 12245
1824 12244
1825 12243
1826 12451
1827 12450
1828 12449
1829 12448
1830 12447
1831 12446
1832 12445
1833 12444
1834 11881
1835 11880
1836 11879
1837 11878
1838 11877
1839 11876
1840 11875
1841 11874
1842 12073
1843 12072
1844 12071
1845 12070
1846 12069
1847 12068
1848 12067
1849 12066
1850 12065
1851 12064
1852 12063
1861 11551
1862 11550
1863 11549
1864 11548
1865 11547
1866 11546
1867 11545
1868 11544
1869 11543
1870 11542
1871 11541
1872 11540
1873 11183
1874 11182
1875 11181
1876 11180
1877 11179
1878 11178
1879 11177
1880 11176
1881 11297
1882 11296
1883 11295
1884 11294
1885 11293
1886 11292
1887 11291
1888 11619
1889 11618
1890 11617
1891 11616
1892 11615
1893 11614
1894 11613
1895 11612
1896 11611
1897 11610
1898 11609
1899 11608
1900 11607
1901 11606
1910 10628
1911 10627
1912 10626
1913 10625
1914 10624
1915 10623
1916 10622
1917 10621
1918 10620
1919 10619
1920 10548
1921 10547
1922 10546
1923 10545
1924 10544
1925 10543
1926 10542
1927 10725
1928 10724
1929 10723
1930 10722
1931 10721
1932 10720
1933 10719
1934 10718
1935 10717
1936 10716
1937 10715
1938 10714
1939 10713
1940 10712
1941 10711
1942 10710
1943 10579
1944 10578
1945 10577
1946 10576
1947 10575
1948 10574
1949 10573
1950 10572
1951 10571
1960 9793
1961 9792
1962 9791
1963 9790
1964 9789
1965 9788
1966 9787
1967 9979
1968 9978
1969 9977
1970 9976
1971 9975
1972 9974
1973 9973
1974 9972
1975 10180
1976 10179
1977 10178
1978 10177
1979 10176
1980 10175
1981 10174
1982 10173
1983 9610
1984 9609
1985 9608
1986 9607
1987 9606
1988 9605
1989 9604
1990 9603
1991 9770
1992 9769
1993 9768
1994 9767
1995 9766
1996 9765
1997 9764
1998 9763
1999 9762
2000 9761
2001 9760
2010 9253
2011 9252
2012 9251
2013 9250
2014 9249
2015 9248
2016 9247
2017 9246
2018 9245
2019 9244
2020 9243
2021 9242
2022 8885
2023 8884
2024 8883
2025 8882
2026 8881
2027 8880
2028 8879
2029 8878
2030 8999
2031 8998
2032 8997
2033 8996
2034 8995
2035 8994
2036 8993
2037 9321
2038 9320
2039 9319
2040 9318
2041 9317
2042 9316
2043 9315
2044 9314
2045 9313
2046 9312
2047 9311
2048 9310
2049 9309
2050 9308
2059 8392
2060 8391
2061 8390
2062 8389
2063 8388
2064 8387
2065 8386
2066 8385
2067 8384
2068 8383
2069 8330
2070 8329
2071 8328
2072 8327
2073 8326
2074 8325
2075 8324
2076 8646
2077 8645
2078 8644
2079 8643
2080 8642
2081 8641
2082 8640
2083 8639
2084 8554
2085 8553
2086 8552
2087 8551
2088 8550
2089 8549
2090 8548
2091 8547
2092 8588
2093 8587
2094 8586
2095 8585
2096 8584
2097 8583
2098 8582
2099 8581
2100 8580
2101 8579
2102 8578
2103 8577
2106 8287
2107 8286
2108 8285
2109 8284
2110 8283
2111 8282
2112 8281
2113 8280
2114 8279
2115 8278
2116 8277
2117 8276
2118 8275
2119 8274
2120 8273
2121 8272
2122 8338
2123 8337
2124 8336
2125 8335
2126 8334
2127 8333
2128 8332
2129 8331
2130 8382
2131 8381
2132 8380
2133 8379
2134 8378
2135 8377
2136 8376
2145 9229
2146 9228
2147 9227
2148 9226
2149 9225
2150 9224
2151 9223
2152 9222
2153 9221
2154 9220
2155 9219
2156 9218
2157 9007
2158 9006
2159 9005
2160 9004
2161 9003
2162 9002
2163 9001
2164 9000
2165 8877
2166 8876
2167 8875
2168 8874
2169 8873
2170 8872
2171 8871
2172 8870
2173 9297
2174 9296
2175 9295
2176 9294
2177 9293
2178 9292
2179 9291
2180 9290
2181 9289
2182 9288
2191 9779
2192 9778
2193 9777
2194 9776
2195 9775
2196 9774
2197 9773
2198 9772
2199 9771
2200 9602
2201 9601
2202 9600
2203 9599
2204 9598
2205 9597
2206 9596
2207 9595
2208 10082
2209 10081
2210 10080
2211 10079
2212 10078
2213 10077
2214 10076
2215 10075
2216 10074
2217 10073
2218 10072
2219 10071
2220 10070
2221 10069
2222 10068
2223 10067
2224 10066
2225 10065
2226 10064
2227 10063
2236 10523
2237 10522
2238 10521
2239 10520
2240 10519
2241 10518
2242 10517
2243 10516
2244 10515
2245 10514
2246 10513
2247 10512
2248 10511
2249 10510
2250 10509
2251 10508
2252 10507
2253 10506
2254 10505
2255 10504
2256 10503
2257 10502
2258 10556
2259 10555
2260 10554
2261 10553
2262 10552
2263 10551
2264 10550
2265 10549
2266 10618
2267 10617
2268 10616
2269 10615
2270 10614
2271 10613
2272 10612
2281 11527
2282 11526
2283 11525
2284 11524
2285 11523
2286 11522
2287 11521
2288 11520
2289 11519
2290 11518
2291 11517
2292 11516
2293 11305
2294 11304
2295 11303
2296 11302
2297 11301
2298 11300
2299 11299
2300 11298
2301 11175
2302 11174
2303 11173
2304 11172
2305 11171
2306 11170
2307 11169
2308 11168
2309 11595
2310 11594
2311 11593
2312 11592
2313 11591
2314 11590
2315 11589
2316 11588
2317 11587
2318 11586
2327 12082
2328 12081
2329 12080
2330 12079
2331 12078
2332 12077
2333 12076
2334 12075
2335 12074
2336 11873
2337 11872
2338 11871
2339 11870
2340 11869
2341 11868
2342 11867
2343 11866
2344 12353
2345 12352
2346 12351
2347 12350
2348 12349
2349 12348
2350 12347
2351 12346
2352 12345
2353 12344
2354 12343
2355 12342
2356 12341
2357 12340
2358 12339
2359 12338
2360 12337
2361 12336
2362 12335
2363 12334
2372 12800
2373 12799
2374 12798
2375 12797
2376 12796
2377 12795
2378 12794
2379 12793
2380 12792
2381 12791
2382 12790
2383 12789
2384 12788
2385 12787
2386 12786
2387 12785
2388 12784
2389 12783
2390 12782
2391 12781
2392 12780
2393 12779
2394 12851
2395 12850
2396 12849
2397 12848
2398 12847
2399 12846
2400 12845
2401 12844
2402 12915
2403 12914
2404 12913
2405 12912
2406 12911
2407 12910
2408 12909
2409 12908
2418 13800
2419 13799
2420 13798
2421 13797
2422 13796
2423 13795
2424 13794
2425 13793
2426 13792
2427 13791
2428 13790
2429 13789
2430 13580
2431 13579
2432 13578
2433 13577
2434 13576
2435 13575
2436 13574
2437 13573
2438 13450
2439 13449
2440 13448
2441 13447
2442 13446
2443 13445
2444 13444
2445 13443
2446 13867
2447 13866
2448 13865
2449 13864
2450 13863
2451 13862
2452 13861
2453 13860
2454 13859
2463 14312
2464 14311
2465 14310
2466 14309
2467 14308
2468 14307
2469 14306
2470 14305
2471 14304
2472 14303
2473 14128
2474 14127
2475 14126
2476 14125
2477 14124
2478 14123
2479 14122
2480 14121
2481 14711
2482 14710
2483 14709
2484 14708
2485 14707
2486 14706
2487 14705
2488 14704
2489 14703
2490 14702
2491 14701
2494 14266
2495 14265
2496 14264
2497 14503
2498 14502
2499 14501
2500 14500
2501 14499
2502 14498
2503 14497
2504 14496
2505 14191
2506 14190
2507 14189
2508 14188
2509 14187
2510 14186
2511 14185
2512 14184
2513 14183
2514 14182
2515 14181
2516 14180
2517 14179
2518 14178
2519 14177
2520 14176
2521 14175
2530 13718
2531 13717
2532 13716
2533 13715
2534 13714
2535 13713
2536 13712
2537 13711
2538 13710
2539 13595
2540 13594
2541 13593
2542 13592
2543 13591
2544 13590
2545 13589
2546 13588
2547 13587
2548 13586
2549 13585
2550 13584
2551 13583
2552 13582
2553 13581
2554 13788
2555 13787
2556 13786
2557 13785
2558 13784
2559 13783
2560 13782
2561 13781
2562 13780
2563 13779
2564 13778
2565 13777
2574 12866
2575 12865
2576 12864
2577 12863
2578 12862
2579 12861
2580 12860
2581 12859
2582 12858
2583 12857
2584 12856
2585 12855
2586 12854
2587 12853
2588 12852
2589 12778
2590 12777
2591 12776
2592 12775
2593 12774
2594 12773
2595 12772
2596 12771
2597 13069
2598 13068
2599 13067
2600 13066
2601 13065
2602 13064
2603 13063
2604 13062
2605 13061
2606 13060
2607 13059
2608 13058
2609 13057
2610 13056
2619 12019
2620 12018
2621 12017
2622 12016
2623 12015
2624 12014
2625 12013
2626 12012
2627 12011
2628 12010
2629 12009
2630 12008
2631 12435
2632 12434
2633 12433
2634 12432
2635 12431
2636 12430
2637 12429
2638 12428
2639 11935
2640 11934
2641 11933
2642 11932
2643 11931
2644 11930
2645 11929
2646 11928
2647 11927
2648 11926
2649 11925
2650 11924
2651 11923
2652 11922
2653 11921
2654 11920
2663 11445
2664 11444
2665 11443
2666 11442
2667 11441
2668 11440
2669 11439
2670 11438
2671 11437
2672 11436
2673 11320
2674 11319
2675 11318
2676 11317
2677 11316
2678 11315
2679 11314
2680 11313
2681 11312
2682 11311
2683 11310
2684 11309
2685 11308
2686 11307
2687 11306
2688 11515
2689 11514
2690 11513
2691 11512
2692 11511
2693 11510
2694 11509
2695 11508
2696 11507
2697 11506
2698 11505
2699 11504
2708 10570
2709 10569
2710 10568
2711 10567
2712 10566
2713 10565
2714 10564
2715 10563
2716 10562
2717 10561
2718 10560
2719 10559
2720 10558
2721 10557
2722 10501
2723 10500
2724 10499
2725 10498
2726 10497
2727 10496
2728 10495
2729 10494
2730 10493
2731 10492
2732 10491
2733 10490
2734 10489
2735 10488
2736 10487
2737 10486
2738 10485
2739 10484
2740 10483
2741 10482
2742 10481
2743 10480
2752 9716
2753 9715
2754 9714
2755 9713
2756 9712
2757 9711
2758 9710
2759 9709
2760 9708
2761 9707
2762 9706
2763 9705
2764 10164
2765 10163
2766 10162
2767 10161
2768 10160
2769 10159
2770 10158
2771 10157
2772 9883
2773 9882
2774 9881
2775 9880
2776 9879
2777 9878
2778 9877
2779 9876
2780 9875
2781 9874
2782 9873
2783 9872
2784 9871
2785 9870
2786 9869
2787 9868
2796 9147
2797 9146
2798 9145
2799 9144
2800 9143
2801 9142
2802 9141
2803 9140
2804 9139
2805 9138
2806 9022
2807 9021
2808 9020
2809 9019
2810 9018
2811 9017
2812 9016
2813 9015
2814 9014
2815 9013
2816 9012
2817 9011
2818 9010
2819 9009
2820 9008
2821 9217
2822 9216
2823 9215
2824 9214
2825 9213
2826 9212
2827 9211
2828 9210
2829 9209
2830 9208
2831 9207
2832 9206
2841 8352
2842 8351
2843 8350
2844 8349
2845 8348
2846 8347
2847 8346
2848 8345
2849 8344
2850 8343
2851 8342
2852 8341
2853 8340
2854 8339
2855 8271
2856 8270
2857 8269
2858 8268
2859 8267
2860 8266
2861 8265
2862 8264
2863 8538
2864 8537
2865 8536
2866 8535
2867 8534
2868 8533
2869 8532
2870 8531
2873 8600
2874 8599
2875 8598
2876 8597
2877 8596
2878 8595
2879 8594
2880 8593
2881 8592
2882 8591
2883 8590
2884 8589
2885 8546
2886 8545
2887 8544
2888 8543
2889 8542
2890 8541
2891 8540
2892 8539
2893 8263
2894 8262
2895 8261
2896 8260
2897 8259
2898 8258
2899 8257
2900 8256
2901 8012
2902 8011
2903 8010
2904 8009
2905 8008
2906 8007
2907 8006
2908 8005
2909 8362
2910 8361
2911 8360
2912 8359
2913 8358
2914 8357
2915 8356
2916 8355
2917 8354
2918 8353
2927 9175
2928 9174
2929 9173
2930 9172
2931 9171
2932 9170
2933 9169
2934 9168
2935 9167
2936 9166
2937 9165
2938 9164
2939 9163
2940 9162
2941 8785
2942 8784
2943 8783
2944 8782
2945 8781
2946 8780
2947 8779
2948 8778
2949 8893
2950 8892
2951 8891
2952 8890
2953 8889
2954 8888
2955 8887
2956 8886
2957 9241
2958 9240
2959 9239
2960 9238
2961 9237
2962 9236
2963 9235
2964 9234
2965 9233
2966 9232
2967 9231
2968 9230
2977 9741
2978 9740
2979 9739
2980 9738
2981 9737
2982 9736
2983 9735
2984 9734
2985 9733
2986 9732
2987 9731
2988 9730
2989 9618
2990 9617
2991 9616
2992 9615
2993 9614
2994 9613
2995 9612
2996 9611
2997 10172
2998 10171
2999 10170
3000 10169
3001 10168
3002 10167
3003 10166
3004 10165
3005 9704
3006 9703
3007 9702
3008 9701
3009 9700
3010 9699
3011 9698
3012 9697
3013 9571
3014 9570
3015 9569
3016 9568
3017 9567
3018 9566
3019 9565
3028 10588
3029 10587
3030 10586
3031 10585
3032 10584
3033 10583
3034 10582
3035 10581
3036 10580
3037 10709
3038 10708
3039 10707
3040 10706
3041 10705
3042 10704
3043 10703
3044 10702
3045 10701
3046 10700
3047 10699
3048 10698
3049 10697
3050 10696
3051 10695
3052 10694
3053 10370
3054 10369
3055 10368
3056 10367
3057 10366
3058 10365
3059 10364
3060 10363
3061 10598
3062 10597
3063 10596
3064 10595
3065 10594
3066 10593
3067 10592
3068 10591
3069 10590
3070 10589
3079 11473
3080 11472
3081 11471
3082 11470
3083 11469
3084 11468
3085 11467
3086 11466
3087 11465
3088 11464
3089 11463
3090 11462
3091 11461
3092 11460
3093 11083
3094 11082
3095 11081
3096 11080
3097 11079
3098 11078
3099 11077
3100 11076
3101 11191
3102 11190
3103 11189
3104 11188
3105 11187
3106 11186
3107 11185
3108 11184
3109 11539
3110 11538
3111 11537
3112 11536
3113 11535
3114 11534
3115 11533
3116 11532
3117 11531
3118 11530
3119 11529
3120 11528
3129 12044
3130 12043
3131 12042
3132 12041
3133 12040
3134 12039
3135 12038
3136 12037
3137 12036
3138 12035
3139 12034
3140 12033
3141 11889
3142 11888
3143 11887
3144 11886
3145 11885
3146 11884
3147 11883
3148 11882
3149 12443
3150 12442
3151 12441
3152 12440
3153 12439
3154 12438
3155 12437
3156 12436
3157 12007
3158 12006
3159 12005
3160 12004
3161 12003
3162 12002
3163 12001
3164 12000
3165 11842
3166 11841
3167 11840
3168 11839
3169 11838
3170 11837
3171 11836
3180 12884
3181 12883
3182 12882
3183 12881
3184 12880
3185 12879
3186 12878
3187 12877
3188 12876
3189 13077
3190 13076
3191 13075
3192 13074
3193 13073
3194 13072
3195 13071
3196 13070
3197 12770
3198 12769
3199 12768
3200 12767
3201 12766
3202 12765
3203 12764
3204 12763
3205 12762
3206 12761
3207 12760
3208 12759
3209 12758
3210 12757
3211 12756
3212 12755
3213 12894
3214 12893
3215 12892
3216 12891
3217 12890
3218 12889
3219 12888
3220 12887
3221 12886
3222 12885
3231 13746
3232 13745
3233 13744
3234 13743
3235 13742
3236 13741
3237 13740
3238 13739
3239 13738
3240 13737
3241 13736
3242 13735
3243 13734
3244 13733
3245 13359
3246 13358
3247 13357
3248 13356
3249 13355
3250 13354
3251 13353
3252 13352
3253 13466
3254 13465
3255 13464
3256 13463
3257 13462
3258 13461
3259 13460
3260 13459
3261 13812
3262 13811
3263 13810
3264 13809
3265 13808
3266 13807
3267 13806
3268 13805
3269 13804
3270 13803
3271 13802
3272 13801
3281 14291
3282 14290
3283 14289
3284 14288
3285 14287
3286 14286
3287 14285
3288 14284
3289 14283
3290 14282
3291 14281
3292 14280
3293 14144
3294 14143
3295 14142
3296 14141
3297 14140
3298 14139
3299 14138
3300 14137
3301 14511
3302 14510
3303 14509
3304 14508
3305 14507
3306 14506
3307 14505
3308 14504
3309 14263
3310 14262
3311 14261
3312 14260
3313 14259
3314 14258
3315 14257
3316 14256
3317 14464
3318 14463
3319 14462
3320 14461
3321 14460
3322 14459
3323 14458
3324 14457
3325 14456
3328 14473
3329 14472
3330 14471
3331 14470
3332 14469
3333 14468
3334 14467
3335 14466
3336 14465
3337 14255
3338 14254
3339 14253
3340 14252
3341 14251
3342 14250
3343 14249
3344 14248
3345 14353
3346 14352
3347 14351
3348 14350
3349 14349
3350 14348
3351 14347
3352 14346
3353 14207
3354 14206
3355 14205
3356 14204
3357 14203
3358 14202
3359 14201
3360 14200
3361 14093
3362 14092
3363 14091
3364 14090
3365 14089
3366 14088
3367 14087
3368 14086
3369 14085
3370 14084
3371 14083
3380 13666
3381 13665
3382 13664
3383 13663
3384 13662
3385 13661
3386 13660
3387 13659
3388 13658
3389 13657
3390 13656
3391 13655
3392 13611
3393 13610
3394 13609
3395 13608
3396 13607
3397 13606
3398 13605
3399 13604
3400 13366
3401 13365
3402 13364
3403 13363
3404 13362
3405 13361
3406 13360
3407 13732
3408 13731
3409 13730
3410 13729
3411 13728
3412 13727
3413 13726
3414 13725
3415 13724
3416 13723
3417 13722
3418 13721
3419 13720
3420 13719
3429 12704
3430 12703
3431 12702
3432 12701
3433 12700
3434 12699
3435 12698
3436 12697
3437 12696
3438 12695
3439 12622
3440 12621
3441 12620
3442 12619
3443 12618
3444 12617
3445 12616
3446 12615
3447 12614
3448 12613
3449 12612
3450 12611
3451 12610
3452 12609
3453 12608
3454 12977
3455 12976
3456 12975
3457 12974
3458 12973
3459 12972
3460 12971
3461 12970
3462 12654
3463 12653
3464 12652
3465 12651
3466 12650
3467 12649
3468 12648
3469 12647
3470 12646
3479 11849
3480 11848
3481 11847
3482 11846
3483 11845
3484 11844
3485 11843
3486 11999
3487 11998
3488 11997
3489 11996
3490 11995
3491 11994
3492 11993
3493 11992
3494 12210
3495 12209
3496 12208
3497 12207
3498 12206
3499 12205
3500 12204
3501 12203
3502 11951
3503 11950
3504 11949
3505 11948
3506 11947
3507 11946
3508 11945
3509 11944
3510 11826
3511 11825
3512 11824
3513 11823
3514 11822
3515 11821
3516 11820
3517 11819
3518 11818
3519 11817
3520 11816
3529 11391
3530 11390
3531 11389
3532 11388
3533 11387
3534 11386
3535 11385
3536 11384
3537 11383
3538 11382
3539 11381
3540 11380
3541 11336
3542 11335
3543 11334
3544 11333
3545 11332
3546 11331
3547 11330
3548 11329
3549 11090
3550 11089
3551 11088
3552 11087
3553 11086
3554 11085
3555 11084
3556 11459
3557 11458
3558 11457
3559 11456
3560 11455
3561 11454
3562 11453
3563 11452
3564 11451
3565 11450
3566 11449
3567 11448
3568 11447
3569 11446
3578 10457
3579 10456
3580 10455
3581 10454
3582 10453
3583 10452
3584 10451
3585 10450
3586 10449
3587 10448
3588 10377
3589 10376
3590 10375
3591 10374
3592 10373
3593 10372
3594 10371
3595 10693
3596 10692
3597 10691
3598 10690
3599 10689
3600 10688
3601 10687
3602 10686
3603 10331
3604 10330
3605 10329
3606 10328
3607 10327
3608 10326
3609 10325
3610 10324
3611 10408
3612 10407
3613 10406
3614 10405
3615 10404
3616 10403
3617 10402
3618 10401
3619 10400
3628 9578
3629 9577
3630 9576
3631 9575
3632 9574
3633 9573
3634 9572
3635 9696
3636 9695
3637 9694
3638 9693
3639 9692
3640 9691
3641 9690
3642 9689
3643 9688
3644 9687
3645 9686
3646 9685
3647 9684
3648 9683
3649 9682
3650 9681
3651 9899
3652 9898
3653 9897
3654 9896
3655 9895
3656 9894
3657 9893
3658 9892
3659 9555
3660 9554
3661 9553
3662 9552
3663 9551
3664 9550
3665 9549
3666 9548
3667 9547
3668 9546
3669 9545
3678 9093
3679 9092
3680 9091
3681 9090
3682 9089
3683 9088
3684 9087
3685 9086
3686 9085
3687 9084
3688 9083
3689 9082
3690 9038
3691 9037
3692 9036
3693 9035
3694 9034
3695 9033
3696 9032
3697 9031
3698 8792
3699 8791
3700 8790
3701 8789
3702 8788
3703 8787
3704 8786
3705 9161
3706 9160
3707 9159
3708 9158
3709 9157
3710 9156
3711 9155
3712 9154
3713 9153
3714 9152
3715 9151
3716 9150
3717 9149
3718 9148
3727 8081
3728 8080
3729 8079
3730 8078
3731 8077
3732 8076
3733 8075
3734 8074
3735 8073
3736 8072
3737 8019
3738 8018
3739 8017
3740 8016
3741 8015
3742 8014
3743 8013
3744 8255
3745 8254
3746 8253
3747 8252
3748 8251
3749 8250
3750 8249
3751 8248
3752 8215
3753 8214
3754 8213
3755 8212
3756 8211
3757 8210
3758 8209
3759 8208
3760 8170
3761 8169
3762 8168
3763 8167
3764 8166
3765 8165
3766 8164
3767 8163
3768 8162
3769 8161
3770 8160
3771 8159
3774 8158
3775 8157
3776 8156
3777 8155
3778 8154
3779 8153
3780 8152
3781 8151
3782 8150
3783 8149
3784 8148
3785 8147
3786 8146
3787 8145
3788 8144
3789 8143
3790 8142
3791 8141
3792 8140
3793 8139
3794 8138
3795 8137
3796 8136
3797 8135
3798 8134
3799 8027
3800 8026
3801 8025
3802 8024
3803 8023
3804 8022
3805 8021
3806 8020
3807 8071
3808 8070
3809 8069
3810 8068
3811 8067
3812 8066
3813 8065
3822 8739
3823 8738
3824 8737
3825 8736
3826 8735
3827 8734
3828 8733
3829 8732
3830 8731
3831 8730
3832 8729
3833 8728
3834 8800
3835 8799
3836 8798
3837 8797
3838 8796
3839 8795
3840 8794
3841 8793
3842 9030
3843 9029
3844 9028
3845 9027
3846 9026
3847 9025
3848 9024
3849 9023
3850 9137
3851 9136
3852 9135
3853 9134
3854 9133
3855 9132
3856 9131
3857 9130
3858 9129
3859 9128
3868 9564
3869 9563
3870 9562
3871 9561
3872 9560
3873 9559
3874 9558
3875 9557
3876 9556
3877 9891
3878 9890
3879 9889
3880 9888
3881 9887
3882 9886
3883 9885
3884 9884
3885 10156
3886 10155
3887 10154
3888 10153
3889 10152
3890 10151
3891 10150
3892 10149
3893 10148
3894 10147
3895 10146
3896 10145
3897 10144
3898 10143
3899 10142
3900 10141
3901 10140
3902 10139
3903 10138
3904 10137
3913 10301
3914 10300
3915 10299
3916 10298
3917 10297
3918 10296
3919 10295
3920 10294
3921 10293
3922 10292
3923 10291
3924 10290
3925 10289
3926 10288
3927 10287
3928 10286
3929 10285
3930 10284
3931 10283
3932 10282
3933 10281
3934 10280
3935 10385
3936 10384
3937 10383
3938 10382
3939 10381
3940 10380
3941 10379
3942 10378
3943 10447
3944 10446
3945 10445
3946 10444
3947 10443
3948 10442
3949 10441
3958 11010
3959 11009
3960 11008
3961 11007
3962 11006
3963 11005
3964 11004
3965 11003
3966 11002
3967 11001
3968 11000
3969 10999
3970 11098
3971 11097
3972 11096
3973 11095
3974 11094
3975 11093
3976 11092
3977 11091
3978 11328
3979 11327
3980 11326
3981 11325
3982 11324
3983 11323
3984 11322
3985 11321
3986 11435
3987 11434
3988 11433
3989 11432
3990 11431
3991 11430
3992 11429
3993 11428
3994 11427
3995 11426
4004 11835
4005 11834
4006 11833
4007 11832
4008 11831
4009 11830
4010 11829
4011 11828
4012 11827
4013 11943
4014 11942
4015 11941
4016 11940
4017 11939
4018 11938
4019 11937
4020 11936
4021 12427
4022 12426
4023 12425
4024 12424
4025 12423
4026 12422
4027 12421
4028 12420
4029 12419
4030 12418
4031 12417
4032 12416
4033 12415
4034 12414
4035 12413
4036 12412
4037 12411
4038 12410
4039 12409
4040 12408
4049 12572
4050 12571
4051 12570
4052 12569
4053 12568
4054 12567
4055 12566
4056 12565
4057 12564
4058 12563
4059 12562
4060 12561
4061 12560
4062 12559
4063 12558
4064 12557
4065 12556
4066 12555
4067 12554
4068 12553
4069 12552
4070 12551
4071 12630
4072 12629
4073 12628
4074 12627
4075 12626
4076 12625
4077 12624
4078 12623
4079 12694
4080 12693
4081 12692
4082 12691
4083 12690
4084 12689
4085 12688
4086 12687
4095 13287
4096 13286
4097 13285
4098 13284
4099 13283
4100 13282
4101 13281
4102 13280
4103 13279
4104 13278
4105 13277
4106 13276
4107 13374
4108 13373
4109 13372
4110 13371
4111 13370
4112 13369
4113 13368
4114 13367
4115 13603
4116 13602
4117 13601
4118 13600
4119 13599
4120 13598
4121 13597
4122 13596
4123 13709
4124 13708
4125 13707
4126 13706
4127 13705
4128 13704
4129 13703
4130 13702
4131 13701
4140 14103
4141 14102
4142 14101
4143 14100
4144 14099
4145 14098
4146 14097
4147 14096
4148 14095
4149 14094
4150 14199
4151 14198
4152 14197
4153 14196
4154 14195
4155 14194
4156 14193
4157 14192
4158 14495
4159 14494
4160 14493
4161 14492
4162 14491
4163 14490
4164 14489
4165 14488
4166 14487
4167 14486
4168 14485
4169 14484
4170 14483
4171 14482
4172 14481
4173 14480
4174 14479
4175 14478
4176 14477
4177 14476
4178 14475
4179 14474
4182 14030
4183 14029
4184 14028
4185 14027
4186 14026
4187 14025
4188 14024
4189 14023
4190 14022
4191 14021
4192 14020
4193 14019
4194 14018
4195 14017
4196 14337
4197 14336
4198 14335
4199 14334
4200 14333
4201 14332
4202 14331
4203 14330
4204 14329
4205 14328
4206 14327
4207 14326
4208 14325
4209 14324
4210 14323
4211 14322
4212 14321
4213 14320
4214 14319
4215 14318
4216 14317
4217 14316
4218 14315
4219 14314
4220 14313
4229 13398
4230 13397
4231 13396
4232 13395
4233 13394
4234 13393
4235 13392
4236 13391
4237 13390
4238 13389
4239 13388
4240 13387
4241 13386
4242 13385
4243 13384
4244 13383
4245 13382
4246 13381
4247 13380
4248 13379
4249 13378
4250 13377
4251 13376
4252 13375
4253 13275
4254 13274
4255 13273
4256 13272
4257 13271
4258 13270
4259 13269
4260 13268
4261 13267
4262 13266
4263 13265
4264 13264
4273 12645
4274 12644
4275 12643
4276 12642
4277 12641
4278 12640
4279 12639
4280 12638
4281 12637
4282 12636
4283 12635
4284 12634
4285 12633
4286 12632
4287 12631
4288 12550
4289 12549
4290 12548
4291 12547
4292 12546
4293 12545
4294 12544
4295 12543
4296 12961
4297 12960
4298 12959
4299 12958
4300 12957
4301 12956
4302 12955
4303 12954
4304 12953
4305 12952
4306 12951
4307 12950
4308 12949
4309 12948
4318 11772
4319 11771
4320 11770
4321 11769
4322 11768
4323 11767
4324 11766
4325 11765
4326 11764
4327 11763
4328 11762
4329 11761
4330 12194
4331 12193
4332 12192
4333 12191
4334 12190
4335 12189
4336 12188
4337 12187
4338 12186
4339 12185
4340 12184
4341 12183
4342 12182
4343 12181
4344 12180
4345 12179
4346 12178
4347 12177
4348 12176
4349 12175
4350 12174
4351 12173
4352 12172
4353 12171
4362 11123
4363 11122
4364 11121
4365 11120
4366 11119
4367 11118
4368 11117
4369 11116
4370 11115
4371 11114
4372 11113
4373 11112
4374 11111
4375 11110
4376 11109
4377 11108
4378 11107
4379 11106
4380 11105
4381 11104
4382 11103
4383 11102
4384 11101
4385 11100
4386 11099
4387 10998
4388 10997
4389 10996
4390 10995
4391 10994
4392 10993
4393 10992
4394 10991
4395 10990
4396 10989
4397 10988
4398 10987
4407 10399
4408 10398
4409 10397
4410 10396
4411 10395
4412 10394
4413 10393
4414 10392
4415 10391
4416 10390
4417 10389
4418 10388
4419 10387
4420 10386
4421 10279
4422 10278
4423 10277
4424 10276
4425 10275
4426 10274
4427 10273
4428 10272
4429 10315
4430 10314
4431 10313
4432 10312
4433 10311
4434 10310
4435 10309
4436 10308
4437 10307
4438 10306
4439 10305
4440 10304
4441 10303
4442 10302
4451 9501
4452 9500
4453 9499
4454 9498
4455 9497
4456 9496
4457 9495
4458 9494
4459 9493
4460 9492
4461 9491
4462 9490
4463 9672
4464 9671
4465 9670
4466 9669
4467 9668
4468 9667
4469 9666
4470 9665
4471 9664
4472 9663
4473 9662
4474 9661
4475 9660
4476 9659
4477 9658
4478 9657
4479 9656
4480 9655
4481 9654
4482 9653
4483 9652
4484 9651
4485 9650
4486 9649
4495 8825
4496 8824
4497 8823
4498 8822
4499 8821
4500 8820
4501 8819
4502 8818
4503 8817
4504 8816
4505 8815
4506 8814
4507 8813
4508 8812
4509 8811
4510 8810
4511 8809
4512 8808
4513 8807
4514 8806
4515 8805
4516 8804
4517 8803
4518 8802
4519 8801
4520 8727
4521 8726
4522 8725
4523 8724
4524 8723
4525 8722
4526 8721
4527 8720
4528 8719
4529 8718
4530 8717
4531 8716
4540 8041
4541 8040
4542 8039
4543 8038
4544 8037
4545 8036
4546 8035
4547 8034
4548 8033
4549 8032
4550 8031
4551 8030
4552 8029
4553 8028
4554 8133
4555 8132
4556 8131
4557 8130
4558 8129
4559 8128
4560 8127
4561 8126
4562 8199
4563 8198
4564 8197
4565 8196
4566 8195
4567 8194
4568 8193
4569 8192
4570 8191
4571 8190
4572 8189
4573 8188
4574 8187
4575 8186
4576 8185
4577 8184
4578 8183
4581 8182
4582 8181
4583 8180
4584 8179
4585 8178
4586 8177
4587 8176
4588 8175
4589 8174
4590 8173
4591 8172
4592 8171
4593 8207
4594 8206
4595 8205
4596 8204
4597 8203
4598 8202
4599 8201
4600 8200
4601 8125
4602 8124
4603 8123
4604 8122
4605 8121
4606 8120
4607 8119
4608 8118
4609 8117
4610 8116
4611 8115
4612 8114
4613 8113
4614 8112
4615 8111
4616 8110
4617 8051
4618 8050
4619 8049
4620 8048
4621 8047
4622 8046
4623 8045
4624 8044
4625 8043
4626 8042
4635 8946
4636 8945
4637 8944
4638 8943
4639 8942
4640 8941
4641 8940
4642 8939
4643 8938
4644 8937
4645 8936
4646 8935
4647 8934
4648 8933
4649 8932
4650 8931
4651 8930
4652 8929
4653 8928
4654 8927
4655 8926
4656 8925
4657 9046
4658 9045
4659 9044
4660 9043
4661 9042
4662 9041
4663 9040
4664 9039
4665 9081
4666 9080
4667 9079
4668 9078
4669 9077
4670 9076
4671 9075
4672 9074
4673 9073
4674 9072
4675 9071
4676 9070
4685 9526
4686 9525
4687 9524
4688 9523
4689 9522
4690 9521
4691 9520
4692 9519
4693 9518
4694 9517
4695 9516
4696 9515
4697 9907
4698 9906
4699 9905
4700 9904
4701 9903
4702 9902
4703 9901
4704 9900
4705 9680
4706 9679
4707 9678
4708 9677
4709 9676
4710 9675
4711 9674
4712 9673
4713 9489
4714 9488
4715 9487
4716 9486
4717 9485
4718 9484
4719 9483
4720 9482
4721 9481
4722 9480
4723 9479
4724 9478
4725 9477
4726 9476
4727 9475
4736 10417
4737 10416
4738 10415
4739 10414
4740 10413
4741 10412
4742 10411
4743 10410
4744 10409
4745 10323
4746 10322
4747 10321
4748 10320
4749 10319
4750 10318
4751 10317
4752 10316
4753 10271
4754 10270
4755 10269
4756 10268
4757 10267
4758 10266
4759 10265
4760 10264
4761 10263
4762 10262
4763 10261
4764 10260
4765 10259
4766 10258
4767 10257
4768 10256
4769 10427
4770 10426
4771 10425
4772 10424
4773 10423
4774 10422
4775 10421
4776 10420
4777 10419
4778 10418
4787 11244
4788 11243
4789 11242
4790 11241
4791 11240
4792 11239
4793 11238
4794 11237
4795 11236
4796 11235
4797 11234
4798 11233
4799 11232
4800 11231
4801 11230
4802 11229
4803 11228
4804 11227
4805 11226
4806 11225
4807 11224
4808 11223
4809 11344
4810 11343
4811 11342
4812 11341
4813 11340
4814 11339
4815 11338
4816 11337
4817 11379
4818 11378
4819 11377
4820 11376
4821 11375
4822 11374
4823 11373
4824 11372
4825 11371
4826 11370
4827 11369
4828 11368
4837 11797
4838 11796
4839 11795
4840 11794
4841 11793
4842 11792
4843 11791
4844 11790
4845 11789
4846 11788
4847 11787
4848 11786
4849 11959
4850 11958
4851 11957
4852 11956
4853 11955
4854 11954
4855 11953
4856 11952
4857 12202
4858 12201
4859 12200
4860 12199
4861 12198
4862 12197
4863 12196
4864 12195
4865 11760
4866 11759
4867 11758
4868 11757
4869 11756
4870 11755
4871 11754
4872 11753
4873 11752
4874 11751
4875 11750
4876 11749
4877 11748
4878 11747
4879 11746
4888 12663
4889 12662
4890 12661
4891 12660
4892 12659
4893 12658
4894 12657
4895 12656
4896 12655
4897 12969
4898 12968
4899 12967
4900 12966
4901 12965
4902 12964
4903 12963
4904 12962
4905 12542
4906 12541
4907 12540
4908 12539
4909 12538
4910 12537
4911 12536
4912 12535
4913 12534
4914 12533
4915 12532
4916 12531
4917 12530
4918 12529
4919 12528
4920 12527
4921 12673
4922 12672
4923 12671
4924 12670
4925 12669
4926 12668
4927 12667
4928 12666
4929 12665
4930 12664
4939 13519
4940 13518
4941 13517
4942 13516
4943 13515
4944 13514
4945 13513
4946 13512
4947 13511
4948 13510
4949 13509
4950 13508
4951 13507
4952 13506
4953 13505
4954 13504
4955 13503
4956 13502
4957 13501
4958 13500
4959 13499
4960 13498
4961 13619
4962 13618
4963 13617
4964 13616
4965 13615
4966 13614
4967 13613
4968 13612
4969 13654
4970 13653
4971 13652
4972 13651
4973 13650
4974 13649
4975 13648
4976 13647
4977 13646
4978 13645
4979 13644
4980 13643
4989 14072
4990 14071
4991 14070
4992 14069
4993 14068
4994 14067
4995 14066
4996 14065
4997 14064
4998 14063
4999 14062
5000 14061
5001 14215
5002 14214
5003 14213
5004 14212
5005 14211
5006 14210
5007 14209
5008 14208
5009 14345
5010 14344
5011 14343
5012 14342
5013 14341
5014 14340
5015 14339
5016 14338
5017 14047
5018 14046
5019 14045
5020 14044
5021 14043
5022 14042
5023 14041
5024 14040
5025 14039
5026 14038
5027 14037
5028 14036
5029 14035
5030 14034
5031 14033
5032 14032
5033 14031
5036 14082
5037 14081
5038 14080
5039 14079
5040 14078
5041 14239
5042 14238
5043 14237
5044 14236
5045 14235
5046 14234
5047 14233
5048 14232
5049 14231
5050 14230
5051 14229
5052 14228
5053 14227
5054 14226
5055 14225
5056 14224
5057 14223
5058 14222
5059 14221
5060 14220
5061 14219
5062 14218
5063 14217
5064 14216
5065 14060
5066 14059
5067 14058
5068 14057
5069 14056
5070 14055
5071 14054
5072 14053
5073 14052
5074 14051
5075 14050
5076 14049
5077 14048
5086 13642
5087 13641
5088 13640
5089 13639
5090 13638
5091 13637
5092 13636
5093 13635
5094 13634
5095 13633
5096 13632
5097 13631
5098 13630
5099 13629
5100 13628
5101 13627
5102 13626
5103 13625
5104 13624
5105 13623
5106 13622
5107 13621
5108 13620
5109 13497
5110 13496
5111 13495
5112 13494
5113 13493
5114 13492
5115 13491
5116 13683
5117 13682
5118 13681
5119 13680
5120 13679
5121 13678
5122 13677
5123 13676
5124 13675
5125 13674
5126 13673
5127 13672
5128 13671
5129 13670
5130 13669
5131 13668
5132 13667
5141 12686
5142 12685
5143 12684
5144 12683
5145 12682
5146 12681
5147 12680
5148 12679
5149 12678
5150 12677
5151 12676
5152 12675
5153 12674
5154 12526
5155 12525
5156 12524
5157 12523
5158 12522
5159 12521
5160 12520
5161 12599
5162 12598
5163 12597
5164 12596
5165 12595
5166 12594
5167 12593
5168 12592
5169 12591
5170 12590
5171 12589
5172 12588
5173 12587
5174 12586
5175 12585
5176 12584
5177 12583
5178 12582
5179 12581
5180 12580
5181 12579
5182 12578
5183 12577
5184 12576
5185 12575
5186 12574
5187 12573
5196 11815
5197 11814
5198 11813
5199 11812
5200 11811
5201 11810
5202 11809
5203 11808
5204 11807
5205 11983
5206 11982
5207 11981
5208 11980
5209 11979
5210 11978
5211 11977
5212 11976
5213 11975
5214 11974
5215 11973
5216 11972
5217 11971
5218 11970
5219 11969
5220 11968
5221 11967
5222 11966
5223 11965
5224 11964
5225 11963
5226 11962
5227 11961
5228 11960
5229 11785
5230 11784
5231 11783
5232 11782
5233 11781
5234 11780
5235 11779
5236 11778
5237 11777
5238 11776
5239 11775
5240 11774
5241 11773
5250 11367
5251 11366
5252 11365
5253 11364
5254 11363
5255 11362
5256 11361
5257 11360
5258 11359
5259 11358
5260 11357
5261 11356
5262 11355
5263 11354
5264 11353
5265 11352
5266 11351
5267 11350
5268 11349
5269 11348
5270 11347
5271 11346
5272 11345
5273 11222
5274 11221
5275 11220
5276 11219
5277 11218
5278 11217
5279 11216
5280 11408
5281 11407
5282 11406
5283 11405
5284 11404
5285 11403
5286 11402
5287 11401
5288 11400
5289 11399
5290 11398
5291 11397
5292 11396
5293 11395
5294 11394
5295 11393
5296 11392
5305 10440
5306 10439
5307 10438
5308 10437
5309 10436
5310 10435
5311 10434
5312 10433
5313 10432
5314 10431
5315 10430
5316 10429
5317 10428
5318 10255
5319 10254
5320 10253
5321 10252
5322 10251
5323 10250
5324 10249
5325 10677
5326 10676
5327 10675
5328 10674
5329 10673
5330 10672
5331 10671
5332 10670
5333 10669
5334 10668
5335 10667
5336 10666
5337 10665
5338 10664
5339 10663
5340 10662
5341 10661
5342 10660
5343 10659
5344 10658
5345 10657
5346 10656
5347 10655
5348 10654
5349 10653
5350 10652
5351 10651
5360 9544
5361 9543
5362 9542
5363 9541
5364 9540
5365 9539
5366 9538
5367 9537
5368 9536
5369 9931
5370 9930
5371 9929
5372 9928
5373 9927
5374 9926
5375 9925
5376 9924
5377 9923
5378 9922
5379 9921
5380 9920
5381 9919
5382 9918
5383 9917
5384 9916
5385 9915
5386 9914
5387 9913
5388 9912
5389 9911
5390 9910
5391 9909
5392 9908
5393 9514
5394 9513
5395 9512
5396 9511
5397 9510
5398 9509
5399 9508
5400 9507
5401 9506
5402 9505
5403 9504
5404 9503
5405 9502
5414 9069
5415 9068
5416 9067
5417 9066
5418 9065
5419 9064
5420 9063
5421 9062
5422 9061
5423 9060
5424 9059
5425 9058
5426 9057
5427 9056
5428 9055
5429 9054
5430 9053
5431 9052
5432 9051
5433 9050
5434 9049
5435 9048
5436 9047
5437 8924
5438 8923
5439 8922
5440 8921
5441 8920
5442 8919
5443 8918
5444 9110
5445 9109
5446 9108
5447 9107
5448 9106
5449 9105
5450 9104
5451 9103
5452 9102
5453 9101
5454 9100
5455 9099
5456 9098
5457 9097
5458 9096
5459 9095
5460 9094
5469 8064
5470 8063
5471 8062
5472 8061
5473 8060
5474 8059
5475 8058
5476 8057
5477 8056
5478 8055
5479 8054
5480 8053
5481 8052
5482 8109
5483 8108
5484 8107
5485 8106
5486 8105
5487 8104
5488 8103
5489 8239
5490 8238
5491 8237
5492 8236
5493 8235
5494 8234
5495 8233
5496 8232
5497 8231
5498 8230
5499 8229
5500 8228
5501 8227
5502 8226
5503 8225
5504 8224
5507 8223
5508 8222
5509 8221
5510 8220
5511 8219
5512 8218
5513 8217
5514 8216
5515 8247
5516 8246
5517 8245
5518 8244
5519 8243
5520 8242
5521 8241
5522 8240
5523 8102
5524 8101
5525 8100
5526 8099
5527 8098
5528 8097
5529 8096
5530 8095
5531 8094
5532 8093
5533 8092
5534 8091
5535 8090
5536 8089
5537 8088
5538 8087
5539 8086
5540 8085
5541 8084
5542 8083
5543 8082
5552 9127
5553 9126
5554 9125
5555 9124
5556 9123
5557 9122
5558 9121
5559 9120
5560 9119
5561 9118
5562 9117
5563 9116
5564 9115
5565 9114
5566 9113
5567 9112
5568 9111
5569 8917
5570 8916
5571 8915
5572 8914
5573 8913
5574 8912
5575 8911
5576 8910
5577 8909
5578 8908
5579 8907
5580 8906
5581 8905
5582 8904
5583 8903
5584 8902
5585 9190
5586 9189
5587 9188
5588 9187
5589 9186
5590 9185
5591 9184
5592 9183
5593 9182
5594 9181
5595 9180
5596 9179
5597 9178
5598 9177
5599 9176
5608 9648
5609 9647
5610 9646
5611 9645
5612 9644
5613 9643
5614 9642
5615 9641
5616 9640
5617 9639
5618 9638
5619 9637
5620 9636
5621 9635
5622 9634
5623 9633
5624 9632
5625 9631
5626 9630
5627 9629
5628 9628
5629 9627
5630 9947
5631 9946
5632 9945
5633 9944
5634 9943
5635 9942
5636 9941
5637 9940
5638 9939
5639 9938
5640 9937
5641 9936
5642 9935
5643 9934
5644 9933
5645 9932
5646 9535
5647 9534
5648 9533
5649 9532
5650 9531
5651 9530
5652 9529
5653 9528
5654 9527
5663 10479
5664 10478
5665 10477
5666 10476
5667 10475
5668 10474
5669 10473
5670 10472
5671 10471
5672 10470
5673 10469
5674 10339
5675 10338
5676 10337
5677 10336
5678 10335
5679 10334
5680 10333
5681 10332
5682 10685
5683 10684
5684 10683
5685 10682
5686 10681
5687 10680
5688 10679
5689 10678
5690 10248
5691 10247
5692 10246
5693 10245
5694 10244
5695 10243
5696 10242
5697 10241
5698 10240
5699 10239
5700 10238
5701 10237
5702 10236
5703 10235
5704 10234
5705 10233
5706 10232
5707 10231
5708 10230
5709 10229
5710 10228
5719 11425
5720 11424
5721 11423
5722 11422
5723 11421
5724 11420
5725 11419
5726 11418
5727 11417
5728 11416
5729 11415
5730 11414
5731 11413
5732 11412
5733 11411
5734 11410
5735 11409
5736 11215
5737 11214
5738 11213
5739 11212
5740 11211
5741 11210
5742 11209
5743 11208
5744 11207
5745 11206
5746 11205
5747 11204
5748 11203
5749 11202
5750 11201
5751 11200
5752 11488
5753 11487
5754 11486
5755 11485
5756 11484
5757 11483
5758 11482
5759 11481
5760 11480
5761 11479
5762 11478
5763 11477
5764 11476
5765 11475
5766 11474
5775 11919
5776 11918
5777 11917
5778 11916
5779 11915
5780 11914
5781 11913
5782 11912
5783 11911
5784 11910
5785 11909
5786 11908
5787 11907
5788 11906
5789 11905
5790 11904
5791 11903
5792 11902
5793 11901
5794 11900
5795 11899
5796 11898
5797 12218
5798 12217
5799 12216
5800 12215
5801 12214
5802 12213
5803 12212
5804 12211
5805 11991
5806 11990
5807 11989
5808 11988
5809 11987
5810 11986
5811 11985
5812 11984
5813 11806
5814 11805
5815 11804
5816 11803
5817 11802
5818 11801
5819 11800
5820 11799
5821 11798
5830 12726
5831 12725
5832 12724
5833 12723
5834 12722
5835 12721
5836 12720
5837 12719
5838 12718
5839 12717
5840 12716
5841 12985
5842 12984
5843 12983
5844 12982
5845 12981
5846 12980
5847 12979
5848 12978
5849 12607
5850 12606
5851 12605
5852 12604
5853 12603
5854 12602
5855 12601
5856 12600
5857 12519
5858 12518
5859 12517
5860 12516
5861 12515
5862 12514
5863 12513
5864 12512
5865 12511
5866 12510
5867 12509
5868 12508
5869 12507
5870 12506
5871 12505
5872 12504
5873 12503
5874 12502
5875 12501
5876 12500
5877 12499
5886 13700
5887 13699
5888 13698
5889 13697
5890 13696
5891 13695
5892 13694
5893 13693
5894 13692
5895 13691
5896 13690
5897 13689
5898 13688
5899 13687
5900 13686
5901 13685
5902 13684
5903 13490
5904 13489
5905 13488
5906 13487
5907 13486
5908 13485
5909 13484
5910 13483
5911 13482
5912 13481
5913 13480
5914 13479
5915 13478
5916 13477
5917 13476
5918 13475
5919 13761
5920 13760
5921 13759
5922 13758
5923 13757
5924 13756
5925 13755
5926 13754
5927 13753
5928 13752
5929 13751
5930 13750
5931 13749
5932 13748
5933 13747
5942 14174
5943 14173
5944 14172
5945 14171
5946 14170
5947 14169
5948 14168
5949 14167
5950 14166
5951 14165
5952 14164
5953 14163
5954 14162
5955 14161
5956 14160
5957 14159
5958 14158
5959 14157
5960 14156
5961 14155
5962 14154
5963 14153
5964 14361
5965 14360
5966 14359
5967 14358
5968 14357
5969 14356
5970 14355
5971 14354
5972 14247
5973 14246
5974 14245
5975 14244
5976 14243
5977 14242
5978 14241
5979 14240
5980 14077
5981 14076
5982 14075
5983 14074
5984 14073
5987 14455
5988 14454
5989 14453
5990 14452
5991 14451
5992 14450
5993 14449
5994 14448
5995 14447
5996 14446
5997 14445
5998 14377
5999 14376
6000 14375
6001 14374
6002 14373
6003 14372
6004 14371
6005 14370
6006 14369
6007 14368
6008 14367
6009 14366
6010 14365
6011 14364
6012 14363
6013 14362
6014 14152
6015 14151
6016 14150
6017 14149
6018 14148
6019 14147
6020 14146
6021 14145
6022 14279
6023 14278
6024 14277
6025 14276
6026 14275
6027 14274
6028 14273
6029 14272
6030 14271
6031 14270
6032 14269
6033 14268
6034 14267
6043 13776
6044 13775
6045 13774
6046 13773
6047 13772
6048 13771
6049 13770
6050 13769
6051 13768
6052 13767
6053 13766
6054 13765
6055 13764
6056 13763
6057 13762
6058 13474
6059 13473
6060 13472
6061 13471
6062 13470
6063 13469
6064 13468
6065 13467
6066 13351
6067 13350
6068 13349
6069 13348
6070 13347
6071 13346
6072 13345
6073 13841
6074 13840
6075 13839
6076 13838
6077 13837
6078 13836
6079 13835
6080 13834
6081 13833
6082 13832
6083 13831
6084 13830
6085 13829
6086 13828
6087 13827
6088 13826
6089 13825
6098 12907
6099 12906
6100 12905
6101 12904
6102 12903
6103 12902
6104 12901
6105 12900
6106 12899
6107 12898
6108 12897
6109 12896
6110 12895
6111 12754
6112 12753
6113 12752
6114 12751
6115 12750
6116 12749
6117 12748
6118 13001
6119 13000
6120 12999
6121 12998
6122 12997
6123 12996
6124 12995
6125 12994
6126 12993
6127 12992
6128 12991
6129 12990
6130 12989
6131 12988
6132 12987
6133 12986
6134 12715
6135 12714
6136 12713
6137 12712
6138 12711
6139 12710
6140 12709
6141 12708
6142 12707
6143 12706
6144 12705
6153 12062
6154 12061
6155 12060
6156 12059
6157 12058
6158 12057
6159 12056
6160 12055
6161 12054
6162 12234
6163 12233
6164 12232
6165 12231
6166 12230
6167 12229
6168 12228
6169 12227
6170 12226
6171 12225
6172 12224
6173 12223
6174 12222
6175 12221
6176 12220
6177 12219
6178 11897
6179 11896
6180 11895
6181 11894
6182 11893
6183 11892
6184 11891
6185 11890
6186 12032
6187 12031
6188 12030
6189 12029
6190 12028
6191 12027
6192 12026
6193 12025
6194 12024
6195 12023
6196 12022
6197 12021
6198 12020
6207 11503
6208 11502
6209 11501
6210 11500
6211 11499
6212 11498
6213 11497
6214 11496
6215 11495
6216 11494
6217 11493
6218 11492
6219 11491
6220 11490
6221 11489
6222 11199
6223 11198
6224 11197
6225 11196
6226 11195
6227 11194
6228 11193
6229 11192
6230 11075
6231 11074
6232 11073
6233 11072
6234 11071
6235 11070
6236 11069
6237 11568
6238 11567
6239 11566
6240 11565
6241 11564
6242 11563
6243 11562
6244 11561
6245 11560
6246 11559
6247 11558
6248 11557
6249 11556
6250 11555
6251 11554
6252 11553
6253 11552
6262 10611
6263 10610
6264 10609
6265 10608
6266 10607
6267 10606
6268 10605
6269 10604
6270 10603
6271 10602
6272 10601
6273 10600
6274 10599
6275 10362
6276 10361
6277 10360
6278 10359
6279 10358
6280 10357
6281 10356
6282 10355
6283 10354
6284 10353
6285 10352
6286 10351
6287 10350
6288 10349
6289 10348
6290 10347
6291 10346
6292 10345
6293 10344
6294 10343
6295 10342
6296 10341
6297 10340
6298 10468
6299 10467
6300 10466
6301 10465
6302 10464
6303 10463
6304 10462
6305 10461
6306 10460
6307 10459
6308 10458
6317 9759
6318 9758
6319 9757
6320 9756
6321 9755
6322 9754
6323 9753
6324 9752
6325 9751
6326 9963
6327 9962
6328 9961
6329 9960
6330 9959
6331 9958
6332 9957
6333 9956
6334 9955
6335 9954
6336 9953
6337 9952
6338 9951
6339 9950
6340 9949
6341 9948
6342 9626
6343 9625
6344 9624
6345 9623
6346 9622
6347 9621
6348 9620
6349 9619
6350 9729
6351 9728
6352 9727
6353 9726
6354 9725
6355 9724
6356 9723
6357 9722
6358 9721
6359 9720
6360 9719
6361 9718
6362 9717
6371 9205
6372 9204
6373 9203
6374 9202
6375 9201
6376 9200
6377 9199
6378 9198
6379 9197
6380 9196
6381 9195
6382 9194
6383 9193
6384 9192
6385 9191
6386 8901
6387 8900
6388 8899
6389 8898
6390 8897
6391 8896
6392 8895
6393 8894
6394 8777
6395 8776
6396 8775
6397 8774
6398 8773
6399 8772
6400 8771
6401 9270
6402 9269
6403 9268
6404 9267
6405 9266
6406 9265
6407 9264
6408 9263
6409 9262
6410 9261
6411 9260
6412 9259
6413 9258
6414 9257
6415 9256
6416 9255
6417 9254
6426 8375
6427 8374
6428 8373
6429 8372
6430 8371
6431 8370
6432 8369
6433 8368
6434 8367
6435 8366
6436 8365
6437 8364
6438 8363
6439 8004
6440 8003
6441 8002
6442 8001
6443 8000
6444 7999
6445 7998
6446 8630
6447 8629
6448 8628
6449 8627
6450 8626
6451 8625
6452 8624
6453 8623
6454 8622
6455 8621
6456 8620
6457 8619
6458 8618
6459 8617
6460 8616
6461 8615
6462 8614
6463 8613
6464 8612
6465 8611
6466 8610
6467 8609
6468 8608
6469 8607
6470 8606
6471 8605
6472 8604
6473 8603
6474 8602
6475 8601
6478 8576
6479 8575
6480 8574
6481 8573
6482 8572
6483 8571
6484 8570
6485 8569
6486 8568
6487 8567
6488 8566
6489 8565
6490 8564
6491 8563
6492 8562
6493 8561
6494 8560
6495 8559
6496 8558
6497 8557
6498 8556
6499 8555
6500 8638
6501 8637
6502 8636
6503 8635
6504 8634
6505 8633
6506 8632
6507 8631
6508 7997
6509 7996
6510 7995
6511 7994
6512 7993
6513 7992
6514 7991
6515 7990
6516 7989
6517 7988
6518 7987
6519 7986
6520 7985
6521 7984
6522 7983
6523 7982
6524 7981
6525 7980
6526 7979
6527 7978
6528 7977
6537 9287
6538 9286
6539 9285
6540 9284
6541 9283
6542 9282
6543 9281
6544 9280
6545 9279
6546 9278
6547 9277
6548 9276
6549 9275
6550 9274
6551 9273
6552 9272
6553 9271
6554 8770
6555 8769
6556 8768
6557 8767
6558 8766
6559 8765
6560 8764
6561 8763
6562 8762
6563 8761
6564 8760
6565 8759
6566 8758
6567 8757
6568 8756
6569 8755
6570 8754
6571 8753
6572 8752
6573 8751
6574 8750
6575 8749
6576 8748
6577 8747
6578 8746
6579 8745
6580 8744
6581 8743
6582 8742
6583 8741
6584 8740
6593 9867
6594 9866
6595 9865
6596 9864
6597 9863
6598 9862
6599 9861
6600 9860
6601 9859
6602 9858
6603 9857
6604 9856
6605 9855
6606 9854
6607 9853
6608 9852
6609 9851
6610 9850
6611 9849
6612 9848
6613 9847
6614 9846
6615 10188
6616 10187
6617 10186
6618 10185
6619 10184
6620 10183
6621 10182
6622 10181
6623 9971
6624 9970
6625 9969
6626 9968
6627 9967
6628 9966
6629 9965
6630 9964
6631 9750
6632 9749
6633 9748
6634 9747
6635 9746
6636 9745
6637 9744
6638 9743
6639 9742
6648 10650
6649 10649
6650 10648
6651 10647
6652 10646
6653 10645
6654 10644
6655 10643
6656 10642
6657 10641
6658 10640
6659 10800
6660 10799
6661 10798
6662 10797
6663 10796
6664 10795
6665 10794
6666 10793
6667 10792
6668 10791
6669 10790
6670 10789
6671 10788
6672 10787
6673 10786
6674 10785
6675 10784
6676 10783
6677 10782
6678 10781
6679 10780
6680 10779
6681 10778
6682 10777
6683 10776
6684 10775
6685 10774
6686 10773
6687 10772
6688 10771
6689 10770
6690 10769
6691 10768
6692 10767
6693 10766
6694 10765
6695 10764
6704 11585
6705 11584
6706 11583
6707 11582
6708 11581
6709 11580
6710 11579
6711 11578
6712 11577
6713 11576
6714 11575
6715 11574
6716 11573
6717 11572
6718 11571
6719 11570
6720 11569
6721 11068
6722 11067
6723 11066
6724 11065
6725 11064
6726 11063
6727 11062
6728 11061
6729 11060
6730 11059
6731 11058
6732 11057
6733 11056
6734 11055
6735 11054
6736 11053
6737 11648
6738 11647
6739 11646
6740 11645
6741 11644
6742 11643
6743 11642
6744 11641
6745 11640
6746 11639
6747 11638
6748 11637
6749 11636
6750 11635
6751 11634
6760 12170
6761 12169
6762 12168
6763 12167
6764 12166
6765 12165
6766 12164
6767 12163
6768 12162
6769 12161
6770 12160
6771 12159
6772 12158
6773 12157
6774 12156
6775 12155
6776 12154
6777 12153
6778 12152
6779 12151
6780 12150
6781 12149
6782 12459
6783 12458
6784 12457
6785 12456
6786 12455
6787 12454
6788 12453
6789 12452
6790 12242
6791 12241
6792 12240
6793 12239
6794 12238
6795 12237
6796 12236
6797 12235
6798 12053
6799 12052
6800 12051
6801 12050
6802 12049
6803 12048
6804 12047
6805 12046
6806 12045
6815 12947
6816 12946
6817 12945
6818 12944
6819 12943
6820 12942
6821 12941
6822 12940
6823 12939
6824 12938
6825 12937
6826 13093
6827 13092
6828 13091
6829 13090
6830 13089
6831 13088
6832 13087
6833 13086
6834 13009
6835 13008
6836 13007
6837 13006
6838 13005
6839 13004
6840 13003
6841 13002
6842 12747
6843 12746
6844 12745
6845 12744
6846 12743
6847 12742
6848 12741
6849 12740
6850 12739
6851 12738
6852 12737
6853 12736
6854 12735
6855 12734
6856 12733
6857 12732
6858 12731
6859 12730
6860 12729
6861 12728
6862 12727
6871 13858
6872 13857
6873 13856
6874 13855
6875 13854
6876 13853
6877 13852
6878 13851
6879 13850
6880 13849
6881 13848
6882 13847
6883 13846
6884 13845
6885 13844
6886 13843
6887 13842
6888 13344
6889 13343
6890 13342
6891 13341
6892 13340
6893 13339
6894 13338
6895 13337
6896 13336
6897 13335
6898 13334
6899 13333
6900 13332
6901 13331
6902 13330
6903 13329
6904 13919
6905 13918
6906 13917
6907 13916
6908 13915
6909 13914
6910 13913
6911 13912
6912 13911
6913 13910
6914 13909
6915 13908
6916 13907
6917 13906
6918 13905
6927 14644
6928 14643
6929 14642
6930 14641
6931 14640
6932 14639
6933 14638
6934 14637
6935 14636
6936 14635
6937 14634
6938 14633
6939 14632
6940 14631
6941 14630
6942 14629
6943 14628
6944 14627
6945 14626
6946 14625
6947 14624
6948 14623
6949 14527
6950 14526
6951 14525
6952 14524
6953 14523
6954 14522
6955 14521
6956 14520
6957 14385
6958 14384
6959 14383
6960 14382
6961 14381
6962 14380
6963 14379
6964 14378
6965 14444
6966 14443
6967 14442
6968 14441
6969 14440
6970 14439
6971 14438
6972 14437
6973 14436
6974 14435
6975 14434
6978 14679
6979 14678
6980 14677
6981 14676
6982 14675
6983 14543
6984 14542
6985 14541
6986 14540
6987 14539
6988 14538
6989 14537
6990 14536
6991 14535
6992 14534
6993 14533
6994 14532
6995 14531
6996 14530
6997 14529
6998 14528
6999 14622
7000 14621
7001 14620
7002 14619
7003 14618
7004 14617
7005 14616
7006 14615
7007 14657
7008 14656
7009 14655
7010 14654
7011 14653
7012 14652
7013 14651
7014 14650
7015 14649
7016 14648
7017 14647
7018 14646
7019 14645
7028 13934
7029 13933
7030 13932
7031 13931
7032 13930
7033 13929
7034 13928
7035 13927
7036 13926
7037 13925
7038 13924
7039 13923
7040 13922
7041 13921
7042 13920
7043 13328
7044 13327
7045 13326
7046 13325
7047 13324
7048 13323
7049 13322
7050 13321
7051 13557
7052 13556
7053 13555
7054 13554
7055 13553
7056 13552
7057 13551
7058 13999
7059 13998
7060 13997
7061 13996
7062 13995
7063 13994
7064 13993
7065 13992
7066 13991
7067 13990
7068 13989
7069 13988
7070 13987
7071 13986
7072 13985
7073 13984
7074 13983
7083 13196
7084 13195
7085 13194
7086 13193
7087 13192
7088 13191
7089 13190
7090 13189
7091 13188
7092 13187
7093 13186
7094 13185
7095 13184
7096 12828
7097 12827
7098 12826
7099 12825
7100 12824
7101 12823
7102 12822
7103 13109
7104 13108
7105 13107
7106 13106
7107 13105
7108 13104
7109 13103
7110 13102
7111 13101
7112 13100
7113 13099
7114 13098
7115 13097
7116 13096
7117 13095
7118 13094
7119 12936
7120 12935
7121 12934
7122 12933
7123 12932
7124 12931
7125 12930
7126 12929
7127 12928
7128 12927
7129 12926
7138 12313
7139 12312
7140 12311
7141 12310
7142 12309
7143 12308
7144 12307
7145 12306
7146 12305
7147 12475
7148 12474
7149 12473
7150 12472
7151 12471
7152 12470
7153 12469
7154 12468
7155 12467
7156 12466
7157 12465
7158 12464
7159 12463
7160 12462
7161 12461
7162 12460
7163 12148
7164 12147
7165 12146
7166 12145
7167 12144
7168 12143
7169 12142
7170 12141
7171 12283
7172 12282
7173 12281
7174 12280
7175 12279
7176 12278
7177 12277
7178 12276
7179 12275
7180 12274
7181 12273
7182 12272
7183 12271
7192 11663
7193 11662
7194 11661
7195 11660
7196 11659
7197 11658
7198 11657
7199 11656
7200 11655
7201 11654
7202 11653
7203 11652
7204 11651
7205 11650
7206 11649
7207 11052
7208 11051
7209 11050
7210 11049
7211 11048
7212 11047
7213 11046
7214 11045
7215 11282
7216 11281
7217 11280
7218 11279
7219 11278
7220 11277
7221 11276
7222 11728
7223 11727
7224 11726
7225 11725
7226 11724
7227 11723
7228 11722
7229 11721
7230 11720
7231 11719
7232 11718
7233 11717
7234 11716
7235 11715
7236 11714
7237 11713
7238 11712
7247 10920
7248 10919
7249 10918
7250 10917
7251 10916
7252 10915
7253 10914
7254 10913
7255 10912
7256 10911
7257 10910
7258 10909
7259 10908
7260 10907
7261 10906
7262 10905
7263 10904
7264 10903
7265 10902
7266 10901
7267 10816
7268 10815
7269 10814
7270 10813
7271 10812
7272 10811
7273 10810
7274 10809
7275 10808
7276 10807
7277 10806
7278 10805
7279 10804
7280 10803
7281 10802
7282 10801
7283 10639
7284 10638
7285 10637
7286 10636
7287 10635
7288 10634
7289 10633
7290 10632
7291 10631
7292 10630
7293 10629
7302 10042
7303 10041
7304 10040
7305 10039
7306 10038
7307 10037
7308 10036
7309 10035
7310 10034
7311 10204
7312 10203
7313 10202
7314 10201
7315 10200
7316 10199
7317 10198
7318 10197
7319 10196
7320 10195
7321 10194
7322 10193
7323 10192
7324 10191
7325 10190
7326 10189
7327 9845
7328 9844
7329 9843
7330 9842
7331 9841
7332 9840
7333 9839
7334 9838
7335 10012
7336 10011
7337 10010
7338 10009
7339 10008
7340 10007
7341 10006
7342 10005
7343 10004
7344 10003
7345 10002
7346 10001
7347 10000
7356 9416
7357 9415
7358 9414
7359 9413
7360 9412
7361 9411
7362 9410
7363 9409
7364 9408
7365 9407
7366 9406
7367 9405
7368 9404
7369 9403
7370 9402
7371 9401
7372 9400
7373 9399
7374 9398
7375 9397
7376 9396
7377 9395
7378 9394
7379 8984
7380 8983
7381 8982
7382 8981
7383 8980
7384 8979
7385 8978
7386 9457
7387 9456
7388 9455
7389 9454
7390 9453
7391 9452
7392 9451
7393 9450
7394 9449
7395 9448
7396 9447
7397 9446
7398 9445
7399 9444
7400 9443
7401 9442
7402 9441
7411 8513
7412 8512
7413 8511
7414 8510
7415 8509
7416 8508
7417 8507
7418 8506
7419 8505
7420 8504
7421 8503
7422 8502
7423 8501
7424 8315
7425 8314
7426 8313
7427 8312
7428 8311
7429 8310
7430 8309
7431 8445
7432 8444
7433 8443
7434 8442
7435 8441
7436 8440
7437 8439
7438 8438
7439 8437
7440 8436
7441 8435
7442 8434
7443 8433
7444 8432
7445 8431
7446 8430
7449 8715
7450 8714
7451 8713
7452 8712
7453 8711
7454 8710
7455 8709
7456 8708
7457 8453
7458 8452
7459 8451
7460 8450
7461 8449
7462 8448
7463 8447
7464 8446
7465 8308
7466 8307
7467 8306
7468 8305
7469 8304
7470 8303
7471 8302
7472 8301
7473 8300
7474 8299
7475 8298
7476 8297
7477 8296
7478 8295
7479 8294
7480 8293
7481 8292
7482 8291
7483 8290
7484 8289
7485 8288
7494 9474
7495 9473
7496 9472
7497 9471
7498 9470
7499 9469
7500 9468
7501 9467
7502 9466
7503 9465
7504 9464
7505 9463
7506 9462
7507 9461
7508 9460
7509 9459
7510 9458
7511 8977
7512 8976
7513 8975
7514 8974
7515 8973
7516 8972
7517 8971
7518 8970
7519 8969
7520 8968
7521 8967
7522 8966
7523 8965
7524 8964
7525 8963
7526 8962
7527 8961
7528 8960
7529 8959
7530 8958
7531 8957
7532 8956
7533 8955
7534 8954
7535 8953
7536 8952
7537 8951
7538 8950
7539 8949
7540 8948
7541 8947
7550 10136
7551 10135
7552 10134
7553 10133
7554 10132
7555 10131
7556 10130
7557 10129
7558 10128
7559 10127
7560 10126
7561 10125
7562 10124
7563 10123
7564 10122
7565 10121
7566 10120
7567 10119
7568 10118
7569 10117
7570 10116
7571 10115
7572 10114
7573 10113
7574 10112
7575 10111
7576 10110
7577 10109
7578 10108
7579 10107
7580 10212
7581 10211
7582 10210
7583 10209
7584 10208
7585 10207
7586 10206
7587 10205
7588 10033
7589 10032
7590 10031
7591 10030
7592 10029
7593 10028
7594 10027
7595 10026
7596 10025
7605 10986
7606 10985
7607 10984
7608 10983
7609 10982
7610 10981
7611 10980
7612 10979
7613 10978
7614 10977
7615 10976
7616 10975
7617 10974
7618 10973
7619 10972
7620 10971
7621 10970
7622 10969
7623 10968
7624 10824
7625 10823
7626 10822
7627 10821
7628 10820
7629 10819
7630 10818
7631 10817
7632 10900
7633 10899
7634 10898
7635 10897
7636 10896
7637 10895
7638 10894
7639 10893
7640 10892
7641 10891
7642 10890
7643 10889
7644 10888
7645 10887
7646 10886
7647 10885
7648 10884
7649 10883
7650 10882
7651 10881
7652 10880
7661 11745
7662 11744
7663 11743
7664 11742
7665 11741
7666 11740
7667 11739
7668 11738
7669 11737
7670 11736
7671 11735
7672 11734
7673 11733
7674 11732
7675 11731
7676 11730
7677 11729
7678 11275
7679 11274
7680 11273
7681 11272
7682 11271
7683 11270
7684 11269
7685 11268
7686 11267
7687 11266
7688 11265
7689 11264
7690 11263
7691 11262
7692 11261
7693 11260
7694 11259
7695 11258
7696 11257
7697 11256
7698 11255
7699 11254
7700 11253
7701 11252
7702 11251
7703 11250
7704 11249
7705 11248
7706 11247
7707 11246
7708 11245
7717 12407
7718 12406
7719 12405
7720 12404
7721 12403
7722 12402
7723 12401
7724 12400
7725 12399
7726 12398
7727 12397
7728 12396
7729 12395
7730 12394
7731 12393
7732 12392
7733 12391
7734 12390
7735 12389
7736 12388
7737 12387
7738 12386
7739 12385
7740 12384
7741 12383
7742 12382
7743 12381
7744 12380
7745 12379
7746 12378
7747 12483
7748 12482
7749 12481
7750 12480
7751 12479
7752 12478
7753 12477
7754 12476
7755 12304
7756 12303
7757 12302
7758 12301
7759 12300
7760 12299
7761 12298
7762 12297
7763 12296
7772 13263
7773 13262
7774 13261
7775 13260
7776 13259
7777 13258
7778 13257
7779 13256
7780 13255
7781 13254
7782 13253
7783 13252
7784 13251
7785 13250
7786 13249
7787 13248
7788 13247
7789 13246
7790 13245
7791 13117
7792 13116
7793 13115
7794 13114
7795 13113
7796 13112
7797 13111
7798 13110
7799 12821
7800 12820
7801 12819
7802 12818
7803 12817
7804 12816
7805 12815
7806 12814
7807 12813
7808 12812
7809 12811
7810 12810
7811 12809
7812 12808
7813 12807
7814 12806
7815 12805
7816 12804
7817 12803
7818 12802
7819 12801
7828 14016
7829 14015
7830 14014
7831 14013
7832 14012
7833 14011
7834 14010
7835 14009
7836 14008
7837 14007
7838 14006
7839 14005
7840 14004
7841 14003
7842 14002
7843 14001
7844 14000
7845 13550
7846 13549
7847 13548
7848 13547
7849 13546
7850 13545
7851 13544
7852 13543
7853 13542
7854 13541
7855 13540
7856 13539
7857 13538
7858 13537
7859 13536
7860 13535
7861 13534
7862 13533
7863 13532
7864 13531
7865 13530
7866 13529
7867 13528
7868 13527
7869 13526
7870 13525
7871 13524
7872 13523
7873 13522
7874 13521
7875 13520
7884 14765
7885 14764
7886 14763
7887 14762
7888 14761
7889 14760
7890 14759
7891 14758
7892 14757
7893 14756
7894 14755
7895 14754
7896 14753
7897 14752
7898 14751
7899 14750
7900 14749
7901 14748
7902 14747
7903 14746
7904 14745
7905 14744
7906 14743
7907 14742
7908 14741
7909 14740
7910 14739
7911 14738
7912 14737
7913 14736
7914 14551
7915 14550
7916 14549
7917 14548
7918 14547
7919 14546
7920 14545
7921 14544
7922 14674
7923 14673
7924 14672
7925 14671
7926 14670
7929 14568
7930 14567
7931 14566
7932 14565
7933 14564
7934 14563
7935 14562
7936 14561
7937 14560
7938 14559
7939 14558
7940 14557
7941 14556
7942 14555
7943 14554
7944 14553
7945 14552
7946 14735
7947 14734
7948 14733
7949 14732
7950 14731
7951 14730
7952 14729
7953 14728
7954 14606
7955 14605
7956 14604
7957 14603
7958 14602
7959 14601
7960 14600
7961 14599
7962 14690
7963 14689
7964 14688
7965 14687
7966 14686
7967 14685
7968 14684
7969 14683
7970 14682
7971 14681
7972 14680
