1 8919
2 8918
3 8917
4 8916
5 8915
6 8914
7 8913
8 8912
9 8911
10 8910
11 8909
12 13
14 8906
15 8905
16 8904
17 8903
18 8902
19 8901
20 13122
21 13121
22 13120
23 13119
24 13118
25 13117
26 27
28 13114
29 13113
30 13112
31 13111
32 13110
33 13109
34 13108
35 13107
36 9571
37 9570
38 39
40 9567
41 9566
42 9565
43 9564
44 9563
45 9562
46 9561
47 9560
48 9559
49 9558
50 9557
51 9512
52 9511
53 9510
54 55
56 9507
57 9506
58 9505
59 9504
60 9503
61 9502
62 63
64 9499
65 9498
66 9497
67 9496
68 9495
69 9484
70 71
72 9481
73 9480
74 9479
75 9478
76 9477
77 9476
78 79
80 9473
81 9472
82 9471
83 9470
84 9469
85 86
87 9466
88 9465
89 9464
90 9463
91 9462
92 9461
93 94
95 12673
96 12672
97 12671
98 12670
99 12669
100 12668
101 12667
102 12666
103 104
105 12663
106 12662
107 12661
108 12660
109 12659
110 12658
111 112
113 12655
114 12654
115 12653
116 12652
117 12651
118 12650
119 120
121 12647
122 12646
123 12645
124 12644
125 12643
126 12642
127 12641
128 129
130 12638
131 9408
132 9407
133 9406
134 9405
135 9404
136 137
138 9401
139 9400
140 9399
141 9398
142 9397
143 12544
144 12543
145 146
147 12540
148 12539
149 12538
150 12537
151 12536
152 12535
153 12534
154 12533
155 12532
156 12531
157 12530
158 12529
159 160
161 12526
162 12525
163 12524
164 12523
165 12522
166 12521
167 12520
168 169
170 12517
171 12516
172 12515
173 12514
174 12513
175 12512
176 12511
177 178
179 11934
180 11933
181 11932
182 11931
183 11930
184 11929
185 11928
186 187
188 11925
189 11924
190 11923
191 11922
192 11476
193 11475
194 11474
195 196
197 11471
198 11470
199 11469
200 11468
201 11467
202 11466
203 11465
204 11464
205 11463
206 11462
207 11461
208 11504
209 11503
210 211
212 11500
213 11499
214 11498
215 11897
216 11896
217 11895
218 11894
219 220
221 11891
222 11890
223 11889
224 11888
225 11887
226 11886
227 11885
228 11884
229 230
231 11779
232 11778
233 11777
234 11776
235 11775
236 11774
237 10915
238 239
240 10912
241 10911
242 10910
243 10909
244 10908
245 10907
246 10906
247 248
249 10903
250 10902
251 10901
252 10900
253 10899
254 10898
255 10897
256 10896
257 10895
258 259
260 10892
261 8841
262 8840
263 8839
264 8838
265 8837
266 8836
267 268
269 8833
270 8832
271 8821
272 8820
273 8819
274 8818
275 276
277 8815
278 8814
279 8813
280 8812
281 10582
282 10581
283 10580
284 285
286 10577
287 10576
288 10575
289 10574
290 10573
291 10572
292 293
294 10569
295 10568
296 10567
297 10566
298 10565
299 11214
300 301
302 11211
303 11210
304 11209
305 11208
306 11207
307 11206
308 11205
309 11204
310 311
312 11201
313 10469
314 10468
315 10467
316 10466
317 318
319 10463
320 10462
321 10461
322 10460
323 9939
324 325
326 9936
327 9935
328 9934
329 9933
330 9932
331 332
333 9929
334 9963
335 9962
336 9961
337 9960
338 339
340 9957
341 9956
342 10419
343 10418
344 10417
345 346
347 10414
348 10413
349 10412
350 10411
351 10410
352 10409
353 354
355 8801
356 8800
357 8799
358 8798
359 8797
360 8796
361 8795
362 8794
363 8793
364 8792
365 8780
366 8779
367 8778
368 369
370 8775
371 8774
372 8773
373 8772
374 8771
375 8770
376 9653
377 9652
378 379
380 9649
381 9648
382 9647
383 9646
384 9645
385 9644
386 9643
387 9642
388 389
390 9639
391 9638
392 9637
393 9636
394 9616
395 9615
396 9614
397 9613
398 9612
399 400
401 9609
402 9608
403 9607
404 9606
405 9605
406 9604
407 9603
408 9602
409 9601
412 8972
413 8971
414 8970
415 8969
416 8968
417 8967
418 8966
419 8965
420 8964
421 422
423 8961
424 8960
425 8959
426 8958
427 8957
428 8956
429 8955
430 9669
431 9668
432 433
434 9665
435 9664
436 9663
437 9662
438 9661
439 9660
440 9659
441 9658
442 9657
443 444
445 9654
446 8791
447 8790
448 8789
449 8788
450 8787
451 8786
452 453
454 8783
455 8782
456 8781
457 8811
458 8810
459 8809
460 8808
461 8807
462 8806
463 8805
464 8804
465 8803
466 8802
467 468
469 10404
470 10403
471 10402
472 10401
473 10400
474 475
476 10397
477 10396
478 10395
479 10394
480 10393
481 482
483 9968
484 9967
485 9966
486 9965
487 9964
488 489
490 9926
491 9925
492 9924
493 9923
494 9922
495 496
497 10481
498 10480
499 10479
500 10478
501 10477
502 503
504 10474
505 10473
506 10472
507 10471
508 10470
509 510
511 11198
512 11197
513 11196
514 11195
515 11194
516 11193
517 11192
518 10532
519 10531
520 521
522 10528
523 10527
524 10526
525 10598
526 10597
527 528
529 10594
530 10593
531 10592
532 10591
533 10590
534 10589
535 536
537 10586
538 10585
539 10584
540 10583
541 8831
542 8830
543 544
545 8827
546 8826
547 8825
548 8824
549 8823
550 8822
551 552
553 8850
554 8849
555 8848
556 8847
557 8846
558 8845
559 560
561 8842
562 10891
563 10890
564 10889
565 10888
566 10887
567 10886
568 10885
569 10884
570 10883
571 10882
572 10881
573 574
575 10878
576 10877
577 11797
578 11796
579 11795
580 11794
581 582
583 11791
584 11790
585 11789
586 11788
587 11787
588 11786
589 590
591 11783
592 11782
593 11883
594 11882
595 11881
596 11880
597 598
599 11877
600 11876
601 11517
602 11516
603 11515
604 11514
605 606
607 11511
608 11510
609 11509
610 11508
611 11507
612 11506
613 11505
614 615
616 11458
617 11457
618 11456
619 11455
620 11454
621 11453
622 11452
623 11451
624 11450
625 626
627 11955
628 11954
629 11953
630 11952
631 11951
632 11950
633 634
635 11947
636 11946
637 11945
638 11944
639 11943
640 11942
641 642
643 11939
644 11938
645 11937
646 12510
647 12509
648 12508
649 650
651 12505
652 12504
653 12503
654 12502
655 12501
656 12500
657 12499
658 659
660 12589
661 12588
662 12587
663 12586
664 12585
665 12584
666 667
668 12581
669 12580
670 12579
671 12578
672 12577
673 12576
674 12575
675 12921
676 12920
677 678
679 12917
680 12916
681 12915
682 12914
683 12913
684 12912
685 686
687 12909
688 12908
689 12907
690 12906
691 12905
692 12904
693 694
695 12901
696 12900
697 12899
698 12898
699 12897
700 701
702 12704
703 12703
704 12702
705 12701
706 12700
707 12699
708 709
710 12696
711 12695
712 12694
713 12693
714 12692
715 12691
716 717
718 12688
719 12687
720 12686
721 12685
722 12684
723 12683
724 12682
725 12681
726 12680
727 12679
728 729
730 12676
731 9460
732 9459
733 9458
734 9457
735 9456
736 737
738 9453
739 9452
740 9451
741 9450
742 9449
743 744
745 9446
746 9445
747 9444
748 9443
749 9442
750 751
752 9439
753 9438
754 9437
755 9436
756 9435
757 758
759 9526
760 9525
761 9524
762 9523
763 9522
764 9521
765 766
767 9518
768 9517
769 9516
770 9515
771 9514
772 9513
773 774
775 9554
776 9553
777 9552
778 9551
779 9550
780 9549
781 9548
782 13145
783 13144
784 785
786 13141
787 13140
788 13139
789 13138
790 13137
791 13136
792 13135
793 13134
794 13133
795 796
797 13130
798 13129
799 13128
800 13127
801 13126
802 13125
803 13124
804 13123
805 8900
806 8899
807 8898
808 809
810 8895
811 8894
812 8893
813 8892
814 8891
815 8890
816 9323
817 9322
818 9321
819 9320
820 821
822 9317
823 9316
824 9315
827 7467
828 7466
829 7465
830 7464
831 7463
832 7462
833 834
835 7459
836 7458
837 7457
838 7456
839 7455
840 7454
841 7453
842 7452
843 7345
844 7344
845 846
847 7341
848 7340
849 7339
850 7338
851 7337
852 7336
853 8632
854 8631
855 8630
856 8629
857 858
859 8626
860 8625
861 8624
862 8623
863 8622
864 8621
865 8620
866 8619
867 868
869 8616
870 8615
871 8614
872 8613
873 8612
874 8611
875 8610
876 8609
877 8608
878 8607
879 8606
880 881
882 8441
883 8440
884 8439
885 8438
886 8437
887 8436
888 889
890 8433
891 8432
892 8431
893 8430
894 8429
895 896
897 8538
898 8537
899 8536
900 8535
901 8534
902 903
904 8531
905 8530
906 8529
907 8528
908 909
910 8525
911 8524
912 8523
913 8522
914 8521
915 916
917 8518
918 8517
919 8516
920 8515
921 8514
922 923
924 8511
925 8510
926 9266
927 9265
928 9264
929 9263
930 9262
931 932
933 9259
934 9258
935 9257
936 9256
937 12718
938 939
940 12715
941 12714
942 12713
943 12712
944 12711
945 946
947 12708
948 12707
949 12706
950 12705
951 12894
952 12893
953 954
955 12890
956 12889
957 12888
958 12098
959 12097
960 961
962 12094
963 12093
964 12092
965 12091
966 12090
967 968
969 12087
970 12086
971 12085
972 12084
973 12083
974 12082
975 976
977 12079
978 12078
979 12211
980 12210
981 12209
982 12208
983 984
985 12205
986 12204
987 12596
988 12595
989 12594
990 991
992 12591
993 12590
994 12496
995 12495
996 12494
997 12493
998 999
1000 12490
1001 12489
1002 12488
1003 12487
1004 12486
1005 1006
1007 12483
1008 12482
1009 12481
1010 11416
1011 11415
1012 11414
1013 1014
1015 11411
1016 11410
1017 11409
1018 11408
1019 11407
1020 1021
1022 8151
1023 8150
1024 8149
1025 8148
1026 8147
1027 8146
1028 1029
1030 8143
1031 8142
1032 8141
1033 8140
1034 8139
1035 8138
1036 1037
1038 8135
1039 8134
1040 8133
1041 8132
1042 11546
1043 11545
1044 1045
1046 11542
1047 11541
1048 11540
1049 11826
1050 11825
1051 1052
1053 11822
1054 11821
1055 11820
1056 11819
1057 11818
1058 11817
1059 1060
1061 11814
1062 11813
1063 11812
1064 11811
1065 11810
1066 1067
1068 11807
1069 11806
1070 11805
1071 11804
1072 11803
1073 11802
1074 1075
1076 11799
1077 11798
1078 10876
1079 10875
1080 10874
1081 1082
1083 10871
1084 10870
1085 10869
1086 10868
1087 10867
1088 10866
1089 10865
1090 10864
1091 1092
1093 10861
1094 10860
1095 7324
1096 7323
1097 7322
1098 1099
1100 7319
1101 7318
1102 7317
1103 7316
1104 7315
1105 10727
1106 1107
1108 10724
1109 10723
1110 10722
1111 10721
1112 10720
1113 1114
1115 10717
1116 10716
1117 10715
1118 10714
1119 10713
1120 1121
1122 10710
1123 10606
1124 10605
1125 10604
1126 10603
1127 1128
1129 10600
1130 10599
1131 10525
1132 10524
1133 10523
1134 10522
1135 1136
1137 10519
1138 10518
1139 10517
1140 10516
1141 10515
1142 10514
1143 10513
1144 10512
1145 10511
1146 1147
1148 10508
1149 10507
1150 10506
1151 10505
1152 10504
1153 1154
1155 10501
1156 9985
1157 9984
1158 9983
1159 9982
1160 1161
1162 9979
1163 9978
1164 9977
1165 9976
1166 1167
1168 9973
1169 9972
1170 9971
1171 9970
1172 9969
1173 1174
1175 10388
1176 10387
1177 10386
1178 10385
1179 10384
1180 1181
1182 10381
1183 10380
1184 10379
1185 10378
1186 10377
1187 1188
1189 10321
1190 10320
1191 10319
1192 10318
1193 10317
1194 10316
1195 10315
1196 10314
1197 10313
1198 10312
1199 10311
1200 10310
1201 10309
1202 1203
1204 10306
1205 10305
1206 10304
1207 10303
1208 10302
1209 10301
1210 9777
1211 1212
1213 9774
1214 9773
1215 9772
1216 9771
1217 9678
1218 9677
1219 9676
1220 9675
1221 9674
1222 1223
1224 9671
1225 9670
1226 8954
1227 8953
1228 8952
1229 8951
1230 8950
1231 8949
1232 8948
1233 1234
1235 8945
1236 8944
1237 8943
1238 8942
1239 8941
1240 8940
1241 8939
1242 8938
1243 8937
1246 7616
1247 7615
1248 7614
1249 7613
1250 7612
1251 7611
1252 7610
1253 7609
1254 7482
1255 1256
1257 7479
1258 7478
1259 7477
1260 7476
1261 7475
1262 7474
1263 7473
1264 7472
1265 7471
1266 7470
1267 1268
1269 9788
1270 9787
1271 9786
1272 9785
1273 9784
1274 9783
1275 9782
1276 9781
1277 1278
1279 9778
1280 10300
1281 10299
1282 10298
1283 10297
1284 10296
1285 10295
1286 10294
1287 1288
1289 10291
1290 10290
1291 10289
1292 10330
1293 10329
1294 10328
1295 10327
1296 10326
1297 10325
1298 10324
1299 10323
1300 10322
1301 1302
1303 10372
1304 10371
1305 10370
1306 10369
1307 10368
1308 1309
1310 10365
1311 10364
1312 10363
1313 10362
1314 10361
1315 1316
1317 10358
1318 10357
1319 10356
1320 7305
1321 1322
1323 7302
1324 7301
1325 7300
1326 7299
1327 7298
1328 1329
1330 7295
1331 7294
1332 7293
1333 7292
1334 1335
1336 7289
1337 7288
1338 7769
1339 7768
1340 7767
1341 1342
1343 7764
1344 7763
1345 7762
1346 7761
1347 7760
1348 7759
1349 7758
1350 7757
1351 7756
1352 11130
1353 1354
1355 11127
1356 11126
1357 11125
1358 11124
1359 11123
1360 1361
1362 11120
1363 11119
1364 11118
1365 11117
1366 11116
1367 1368
1369 11113
1370 11112
1371 11111
1372 11110
1373 11109
1374 1375
1376 11106
1377 11105
1378 10734
1379 10733
1380 10732
1381 1382
1383 10729
1384 10728
1385 7335
1386 7334
1387 7333
1388 1389
1390 7330
1391 7329
1392 7328
1393 7327
1394 1395
1396 10859
1397 10858
1398 10857
1399 10856
1400 10855
1401 10854
1402 10853
1403 10852
1404 10851
1405 10850
1406 1407
1408 10847
1409 10846
1410 10845
1411 10844
1412 10843
1413 1414
1415 8004
1416 8003
1417 8002
1418 8001
1419 8000
1420 1421
1422 7997
1423 7996
1424 7995
1425 7994
1426 7993
1427 1428
1429 7990
1430 7989
1431 11563
1432 11562
1433 11561
1434 1435
1436 11558
1437 11557
1438 11556
1439 11555
1440 11554
1441 1442
1443 11551
1444 11550
1445 11549
1446 11548
1447 11547
1448 1449
1450 8129
1451 8128
1452 8127
1453 8126
1454 8125
1455 8124
1456 8123
1457 8122
1458 8121
1459 8120
1460 1461
1462 8117
1463 8160
1464 8159
1465 8158
1466 8157
1467 1468
1469 8154
1470 11406
1471 11405
1472 11404
1473 1474
1475 11401
1476 11400
1477 12245
1478 12244
1479 12243
1480 1481
1482 12240
1483 12239
1484 12238
1485 12237
1486 12236
1487 1488
1489 12233
1490 12232
1491 12231
1492 12230
1493 12229
1494 1495
1496 12226
1497 12225
1498 12224
1499 12223
1500 12222
1501 1502
1503 12219
1504 12218
1505 12217
1506 12216
1507 12215
1508 12214
1509 12213
1510 12212
1511 12077
1512 12076
1513 1514
1515 12073
1516 12072
1517 12071
1518 12070
1519 12069
1520 1521
1522 12108
1523 12107
1524 12106
1525 12105
1526 1527
1528 12102
1529 12101
1530 12100
1531 12099
1532 12887
1533 1534
1535 12884
1536 12883
1537 12882
1538 12881
1539 12880
1540 1541
1542 12877
1543 12876
1544 12727
1545 12726
1546 12725
1547 1548
1549 12722
1550 12721
1551 12720
1552 12719
1553 9255
1554 1555
1556 9252
1557 9251
1558 9250
1559 9249
1560 9248
1561 9247
1562 9246
1563 9245
1564 9244
1565 9243
1566 1567
1568 9240
1569 9239
1570 9238
1571 9237
1572 1573
1574 9234
1575 9233
1576 9232
1577 9231
1578 1579
1580 9228
1581 9227
1582 8553
1583 8552
1584 8551
1585 1586
1587 8548
1588 8547
1589 8546
1590 8545
1591 1592
1593 8542
1594 8541
1595 8428
1596 8427
1597 8426
1598 1599
1600 8423
1601 8422
1602 8421
1603 8420
1604 8419
1605 1606
1607 8416
1608 8415
1609 8414
1610 8413
1611 8659
1612 1613
1614 8656
1615 8655
1616 8654
1617 8653
1618 8652
1619 8651
1620 8650
1621 8649
1622 1623
1624 8646
1625 8645
1626 8644
1627 8643
1628 8642
1629 8641
1630 8640
1631 1632
1633 8637
1634 8636
1635 8635
1636 8634
1637 8633
1638 7355
1639 7354
1640 7353
1641 1642
1643 7350
1644 7349
1645 7348
1646 7347
1647 7346
1648 7451
1649 7450
1650 7449
1651 7448
1652 1653
1654 7445
1655 7444
1656 7364
1657 7363
1658 7362
1659 7361
1660 7360
1661 7359
1662 1663
1664 7356
1667 7205
1668 7204
1669 7203
1670 1671
1672 7200
1673 7199
1674 7198
1675 7197
1676 7196
1677 7195
1678 7194
1679 7193
1680 7192
1681 1682
1683 7189
1684 7188
1685 7187
1686 7186
1687 7185
1688 7184
1689 7183
1690 7182
1691 1692
1693 7179
1694 7178
1695 7177
1696 7176
1697 7175
1698 8681
1699 8680
1700 1701
1702 8677
1703 8676
1704 8675
1705 8674
1706 8673
1707 8672
1708 8671
1709 1710
1711 8668
1712 8667
1713 8666
1714 8665
1715 8664
1716 8663
1717 8662
1718 8661
1719 8660
1720 8412
1721 1722
1723 8409
1724 8408
1725 8407
1726 8406
1727 8405
1728 1729
1730 8402
1731 8401
1732 8400
1733 9079
1734 1735
1736 9076
1737 9075
1738 9074
1739 9073
1740 1741
1742 9070
1743 9069
1744 9068
1745 9067
1746 1747
1748 9064
1749 9063
1750 9062
1751 9061
1752 9060
1753 1754
1755 9057
1756 9056
1757 9055
1758 9054
1759 1760
1761 9051
1762 9050
1763 9049
1764 9048
1765 1766
1767 9045
1768 9044
1769 9043
1770 9042
1771 12745
1772 12744
1773 1774
1775 12741
1776 12740
1777 12739
1778 12738
1779 12737
1780 1781
1782 12734
1783 12733
1784 12732
1785 12731
1786 1787
1788 12728
1789 12875
1790 12874
1791 12873
1792 12872
1793 1794
1795 12869
1796 6816
1797 6815
1798 6814
1799 1800
1801 6811
1802 6810
1803 6809
1804 6808
1805 6795
1806 1807
1808 6792
1809 6791
1810 6790
1811 6789
1812 1813
1814 6786
1815 6785
1816 6784
1817 6772
1818 6771
1819 1820
1821 6768
1822 6767
1823 6766
1824 6765
1825 6764
1826 6763
1827 12333
1828 1829
1830 12330
1831 12329
1832 12328
1833 12327
1834 1835
1836 12324
1837 12323
1838 12322
1839 12321
1840 12320
1841 1842
1843 12317
1844 12316
1845 12315
1846 12314
1847 1848
1849 12269
1850 12268
1851 12267
1852 12266
1853 12265
1854 1855
1856 8175
1857 8174
1858 8173
1859 8172
1860 1861
1862 8169
1863 8168
1864 8167
1865 8166
1866 1867
1868 8163
1869 8162
1870 8161
1871 8116
1872 8115
1873 1874
1875 8112
1876 8111
1877 8110
1878 8109
1879 6751
1880 6750
1881 6749
1882 1883
1884 6746
1885 6745
1886 6744
1887 6743
1888 6742
1889 1890
1891 11576
1892 11575
1893 11574
1894 11573
1895 1896
1897 11570
1898 11569
1899 11568
1900 11567
1901 11566
1902 1903
1904 7988
1905 7987
1906 7986
1907 7985
1908 1909
1910 7982
1911 7981
1912 7980
1913 7979
1914 1915
1916 7976
1917 10817
1918 10816
1919 10815
1920 10814
1921 1922
1923 10811
1924 10810
1925 10809
1926 10808
1927 1928
1929 10805
1930 10804
1931 10761
1932 10760
1933 10759
1934 10758
1935 10757
1936 1937
1938 10754
1939 10753
1940 10752
1941 10751
1942 1943
1944 10748
1945 10747
1946 10746
1947 10745
1948 10744
1949 1950
1951 10741
1952 10740
1953 10739
1954 10738
1955 1956
1957 10735
1958 11104
1959 11103
1960 11102
1961 11101
1962 1963
1964 11098
1965 11097
1966 11096
1967 11095
1968 1969
1970 11092
1971 11091
1972 11090
1973 6731
1974 6730
1975 1976
1977 6727
1978 6726
1979 6725
1980 6724
1981 1982
1983 7785
1984 7784
1985 7783
1986 7782
1987 7781
1988 7780
1989 1990
1991 7777
1992 7776
1993 7775
1994 7774
1995 1996
1997 7771
1998 7770
1999 7287
2000 7286
2001 7285
2002 2003
2004 7282
2005 7281
2006 7280
2007 7279
2008 2009
2010 7276
2011 7275
2012 7274
2013 7273
2014 2015
2016 6691
2017 6690
2018 6689
2019 6688
2020 6687
2021 2022
2023 6684
2024 6683
2025 6672
2026 6671
2027 6670
2028 2029
2030 6667
2031 6666
2032 6665
2033 6664
2034 2035
2036 10246
2037 10245
2038 10244
2039 10243
2040 10242
2041 10241
2042 10240
2043 10239
2044 10238
2045 10237
2046 10236
2047 10235
2048 2049
2050 10232
2051 10231
2052 10230
2053 10229
2054 10228
2055 10227
2056 10226
2057 6651
2058 2059
2060 6648
2061 6647
2062 6646
2063 6645
2064 6644
2065 6643
2066 6642
2067 7552
2068 2069
2070 7549
2071 7548
2072 7547
2073 7546
2074 7545
2075 7490
2076 7489
2077 7488
2078 7487
2079 7486
2080 2081
2082 7483
2083 7608
2084 7607
2085 7606
2086 7605
2087 7604
2088 7603
2089 7602
2090 7601
2093 7576
2094 7575
2095 7574
2096 7573
2097 7572
2098 7571
2099 7570
2100 7569
2101 7568
2102 7567
2103 2104
2105 7564
2106 7563
2107 7562
2108 7561
2109 7560
2110 7559
2111 7558
2112 7557
2113 7556
2114 2115
2116 7553
2117 6661
2118 6660
2119 6659
2120 6658
2121 6657
2122 6656
2123 6655
2124 6654
2125 2126
2127 10225
2128 10224
2129 10223
2130 10222
2131 10221
2132 10220
2133 10219
2134 2135
2136 10216
2137 10215
2138 10214
2139 10256
2140 10255
2141 10254
2142 10253
2143 10252
2144 10251
2145 10250
2146 10249
2147 2148
2149 6682
2150 6681
2151 6680
2152 6679
2153 6678
2154 2155
2156 6675
2157 6674
2158 6673
2159 6701
2160 6700
2161 2162
2163 6697
2164 6696
2165 6695
2166 6694
2167 2168
2169 7270
2170 7269
2171 7268
2172 7267
2173 2174
2175 7264
2176 7263
2177 6721
2178 6720
2179 6719
2180 2181
2182 6716
2183 6715
2184 6714
2185 6713
2186 2187
2188 7798
2189 7797
2190 7796
2191 7795
2192 2193
2194 7792
2195 7791
2196 7790
2197 7789
2198 7788
2199 7787
2200 7786
2201 2202
2203 6739
2204 6738
2205 6737
2206 6736
2207 2208
2209 6733
2210 6732
2211 11089
2212 11088
2213 2214
2215 11085
2216 11084
2217 11083
2218 11082
2219 2220
2221 11079
2222 11078
2223 11077
2224 11076
2225 11075
2226 2227
2228 11072
2229 11071
2230 11070
2231 11069
2232 2233
2234 11066
2235 11065
2236 11064
2237 11063
2238 2239
2240 10774
2241 10773
2242 10772
2243 10771
2244 2245
2246 10768
2247 10767
2248 10766
2249 10765
2250 10764
2251 10763
2252 10762
2253 10803
2254 2255
2256 10800
2257 10799
2258 10798
2259 10797
2260 2261
2262 11611
2263 11610
2264 11609
2265 11608
2266 2267
2268 11605
2269 11604
2270 11603
2271 11602
2272 2273
2274 11599
2275 11598
2276 11597
2277 11596
2278 2279
2280 11593
2281 11592
2282 11591
2283 11590
2284 2285
2286 11587
2287 11586
2288 11585
2289 11584
2290 2291
2292 11581
2293 11580
2294 11579
2295 6762
2296 2297
2298 6759
2299 6758
2300 6757
2301 6756
2302 6755
2303 2304
2305 6752
2306 8108
2307 8107
2308 8106
2309 8105
2310 2311
2312 8102
2313 8101
2314 8100
2315 8099
2316 2317
2318 8096
2319 8095
2320 8094
2321 8093
2322 2323
2324 12285
2325 12284
2326 12283
2327 12282
2328 2329
2330 12279
2331 12278
2332 12277
2333 12276
2334 2335
2336 12273
2337 12272
2338 12313
2339 12312
2340 2341
2342 12309
2343 12308
2344 12307
2345 12306
2346 2347
2348 12343
2349 12342
2350 12341
2351 12340
2352 2353
2354 12337
2355 12336
2356 12335
2357 12334
2358 2359
2360 6781
2361 6780
2362 6779
2363 6778
2364 6777
2365 2366
2367 6774
2368 6773
2369 6807
2370 6806
2371 2372
2373 6803
2374 6802
2375 6801
2376 6800
2377 2378
2379 6797
2380 6796
2381 6825
2382 6824
2383 2384
2385 6821
2386 6820
2387 6819
2388 6818
2389 6817
2390 2391
2392 12866
2393 12865
2394 12864
2395 12863
2396 2397
2398 12860
2399 12859
2400 12858
2401 12857
2402 2403
2404 12854
2405 12853
2406 12852
2407 12851
2408 2409
2410 6844
2411 6843
2412 6842
2413 6841
2414 6840
2415 6839
2416 6838
2417 6837
2418 6836
2419 2420
2421 9111
2422 9110
2423 9109
2424 9108
2425 2426
2427 9105
2428 9104
2429 9103
2430 9102
2431 2432
2433 9099
2434 9098
2435 9097
2436 2437
2438 9094
2439 9093
2440 9092
2441 9091
2442 2443
2444 9088
2445 9087
2446 9086
2447 9085
2448 2449
2450 9082
2451 9081
2452 9080
2453 8399
2454 2455
2456 8396
2457 8395
2458 8394
2459 8393
2460 8392
2461 2462
2463 8389
2464 8388
2465 8387
2466 8386
2467 2468
2469 8383
2470 8382
2471 8381
2472 8380
2473 8379
2474 8378
2475 8377
2476 2477
2478 8374
2479 8373
2480 8372
2481 8371
2482 8370
2483 8369
2484 2485
2486 8366
2487 8365
2488 8364
2489 8363
2490 8362
2491 8361
2492 2493
2494 8358
2495 8357
2496 8356
2497 8355
2498 8354
2499 8353
2500 8352
2501 8351
2502 2503
2504 7103
2505 7102
2506 7101
2507 7100
2508 7099
2509 7098
2510 7097
2511 2512
2513 7094
2514 7093
2515 7092
2516 7091
2517 7090
2518 7089
2519 7088
2522 7023
2523 7022
2524 7021
2525 7020
2526 7019
2527 7018
2528 7017
2529 7111
2530 7110
2531 7109
2532 7108
2533 7107
2534 7106
2535 7105
2536 7104
2537 8348
2538 8347
2539 8346
2540 8345
2541 8344
2542 8343
2543 8342
2544 8341
2545 8340
2546 8339
2547 8338
2548 8337
2549 8336
2550 8335
2551 8334
2552 8333
2553 8332
2554 8331
2555 8330
2556 8329
2557 8328
2558 8327
2559 8326
2560 8325
2561 8324
2562 8323
2563 6921
2564 6920
2565 6919
2566 6918
2567 6917
2568 6916
2569 6915
2570 6914
2571 6913
2572 6912
2573 6901
2574 6900
2575 6899
2576 6898
2577 6897
2578 2579
2580 6894
2581 6893
2582 6892
2583 6891
2584 6890
2585 9138
2586 9137
2587 9136
2588 9135
2589 9134
2590 9133
2591 9132
2592 9131
2593 9130
2594 9129
2595 9128
2596 9127
2597 9126
2598 9125
2599 9124
2600 9123
2601 9122
2602 9121
2603 9120
2604 9119
2605 9118
2606 9117
2607 9116
2608 9115
2609 9114
2610 6835
2611 6834
2612 6833
2613 6832
2614 6831
2615 6830
2616 6829
2617 6828
2618 6827
2619 6826
2620 12850
2621 12849
2622 12848
2623 12847
2624 12846
2625 12845
2626 12844
2627 2628
2629 12841
2630 12840
2631 12839
2632 12838
2633 12837
2634 12836
2635 12835
2636 6879
2637 6878
2638 6877
2639 6876
2640 6875
2641 6874
2642 6873
2643 6872
2644 6871
2645 6870
2646 6869
2647 6868
2648 6857
2649 6856
2650 6855
2651 6854
2652 6853
2653 6852
2654 6851
2655 6850
2656 6849
2657 6848
2658 6847
2659 12359
2660 12358
2661 12357
2662 12356
2663 12355
2664 12354
2665 12353
2666 12352
2667 12351
2668 12350
2669 12349
2670 12348
2671 12347
2672 12346
2673 12305
2674 12304
2675 12303
2676 12302
2677 12301
2678 12300
2679 12299
2680 12298
2681 2682
2683 12295
2684 12294
2685 12293
2686 12292
2687 12291
2688 12290
2689 12289
2690 12288
2691 12287
2692 12286
2693 8090
2694 8089
2695 8088
2696 8087
2697 8086
2698 8085
2699 8084
2700 8083
2701 8082
2702 8081
2703 8080
2704 8079
2705 8078
2706 8077
2707 8076
2708 8075
2709 8074
2710 11337
2711 11336
2712 11335
2713 11334
2714 11333
2715 11332
2716 11331
2717 11330
2718 7953
2719 7952
2720 7951
2721 7950
2722 7949
2723 7948
2724 7947
2725 7946
2726 7945
2727 7944
2728 2729
2730 7941
2731 11626
2732 11625
2733 11624
2734 11623
2735 11622
2736 11621
2737 11620
2738 11619
2739 11618
2740 11617
2741 11616
2742 11615
2743 11614
2744 11613
2745 11612
2746 10794
2747 10793
2748 10792
2749 10791
2750 10790
2751 10789
2752 10788
2753 10787
2754 10786
2755 10785
2756 10784
2757 10783
2758 10782
2759 10781
2760 10780
2761 10779
2762 10778
2763 10777
2764 2765
2766 11060
2767 11059
2768 11058
2769 11057
2770 11056
2771 11055
2772 11054
2773 7865
2774 7864
2775 7863
2776 7862
2777 7861
2778 7860
2779 7859
2780 7858
2781 7857
2782 7856
2783 7855
2784 7854
2785 7853
2786 7852
2787 7851
2788 7850
2789 7849
2790 7848
2791 7847
2792 7846
2793 7697
2794 7696
2795 7695
2796 7694
2797 7693
2798 7692
2799 7691
2800 7690
2801 7689
2802 7806
2803 7805
2804 7804
2805 7803
2806 7802
2807 7801
2808 7800
2809 7799
2810 6710
2811 6709
2812 6708
2813 6707
2814 6706
2815 6705
2816 6704
2817 6703
2818 6702
2819 7262
2820 7261
2821 7260
2822 7259
2823 7258
2824 7257
2825 7256
2826 7255
2827 7254
2828 7253
2829 7049
2830 7048
2831 7047
2832 7046
2833 7045
2834 7044
2835 7043
2836 7042
2837 7041
2838 7040
2839 7039
2840 7038
2841 7037
2842 7036
2843 7035
2844 10264
2845 10263
2846 10262
2847 10261
2848 10260
2849 10259
2850 10258
2851 10257
2852 10213
2853 10212
2854 10211
2855 10210
2856 10209
2857 10208
2858 10207
2859 10206
2860 10205
2861 10204
2862 10203
2863 10202
2864 10201
2865 10200
2866 10199
2867 7516
2868 7515
2869 7514
2870 7513
2871 7512
2872 7511
2873 7510
2874 7509
2875 7508
2876 7507
2877 7506
2878 7505
2879 7504
2880 7503
2881 7502
2882 7501
2883 7500
2884 7499
2885 7498
2886 7588
2887 7587
2888 7586
2889 7585
2890 7584
2891 7583
2892 7582
2893 7581
2896 7016
2897 7015
2898 7014
2899 7013
2900 7012
2901 7011
2902 7010
2903 7009
2904 7008
2905 7007
2906 7006
2907 7005
2908 7004
2909 7528
2910 7527
2911 7526
2912 7525
2913 7524
2914 7523
2915 7522
2916 7521
2917 7520
2918 7519
2919 7518
2920 7517
2921 10198
2922 10197
2923 10196
2924 10195
2925 10194
2926 10193
2927 10192
2928 10191
2929 10190
2930 10189
2931 10188
2932 10187
2933 10186
2934 10185
2935 10184
2936 10183
2937 10182
2938 10181
2939 10180
2940 10179
2941 7062
2942 7061
2943 7060
2944 7059
2945 7058
2946 7057
2947 7056
2948 7055
2949 7054
2950 7053
2951 7052
2952 7051
2953 7050
2954 7252
2955 7251
2956 7250
2957 7249
2958 7248
2959 7247
2960 7246
2961 7245
2962 7720
2963 7719
2964 7718
2965 7717
2966 7716
2967 7715
2968 7714
2969 7713
2970 7712
2971 7711
2972 7710
2973 7709
2974 7708
2975 7707
2976 7706
2977 7705
2978 7704
2979 7703
2980 7702
2981 7701
2982 7700
2983 7699
2984 7698
2985 7845
2986 7844
2987 7843
2988 7842
2989 7841
2990 7840
2991 7839
2992 7838
2993 7874
2994 7873
2995 7872
2996 7871
2997 7870
2998 7869
2999 7868
3000 7867
3001 7866
3002 11053
3003 11052
3004 11051
3005 11050
3006 11049
3007 11048
3008 11047
3009 11046
3010 11045
3011 11044
3012 11043
3013 11042
3014 11650
3015 11649
3016 11648
3017 11647
3018 11646
3019 11645
3020 11644
3021 11643
3022 11642
3023 11641
3024 11640
3025 11639
3026 11638
3027 11637
3028 11636
3029 11635
3030 11634
3031 11633
3032 11632
3033 11631
3034 11630
3035 11629
3036 11628
3037 11627
3038 7940
3039 7939
3040 7938
3041 7937
3042 7936
3043 7935
3044 7934
3045 7933
3046 11347
3047 11346
3048 11345
3049 11344
3050 11343
3051 11342
3052 11341
3053 11340
3054 11339
3055 11338
3056 8073
3057 8072
3058 8071
3059 8070
3060 8069
3061 8068
3062 8067
3063 8066
3064 8065
3065 8064
3066 8063
3067 8062
3068 8061
3069 8060
3070 8059
3071 8058
3072 8057
3073 8056
3074 8055
3075 8054
3076 8053
3077 8052
3078 8051
3079 8050
3080 8049
3081 8048
3082 8047
3083 8046
3084 8045
3085 8044
3086 8043
3087 8042
3088 12372
3089 12371
3090 12370
3091 12369
3092 12368
3093 12367
3094 12366
3095 12365
3096 12364
3097 12363
3098 12362
3099 12361
3100 12360
3101 6867
3102 6866
3103 6865
3104 6864
3105 6863
3106 6862
3107 6861
3108 6860
3109 6859
3110 6858
3111 6889
3112 6888
3113 6887
3114 6886
3115 6885
3116 6884
3117 6883
3118 6882
3119 6881
3120 6880
3121 12834
3122 12833
3123 12832
3124 12831
3125 12830
3126 12829
3127 12828
3128 12827
3129 12826
3130 12825
3131 12824
3132 12823
3133 12822
3134 12821
3135 12820
3136 12819
3137 12818
3138 12817
3139 12816
3140 12815
3141 9161
3142 9160
3143 9159
3144 9158
3145 9157
3146 9156
3147 9155
3148 9154
3149 9153
3150 9152
3151 9151
3152 9150
3153 9149
3154 9148
3155 9147
3156 9146
3157 9145
3158 9144
3159 9143
3160 9142
3161 9141
3162 9140
3163 9139
3164 6911
3165 6910
3166 6909
3167 6908
3168 6907
3169 6906
3170 6905
3171 6904
3172 6903
3173 6902
3174 6930
3175 6929
3176 6928
3177 6927
3178 6926
3179 6925
3180 6924
3181 6923
3182 6922
3183 8322
3184 8321
3185 8320
3186 8319
3187 8318
3188 8317
3189 8316
3190 8315
3191 8314
3192 8313
3193 7132
3194 7131
3195 7130
3196 7129
3197 7128
3198 7127
3199 7126
3200 7125
3201 7124
3202 7123
3203 7122
3204 7121
3205 7120
3206 7119
3207 7118
3208 7117
3209 7116
3210 7115
3211 7114
3212 7113
3213 7112
3214 7034
3215 7033
3216 7032
3217 7031
3218 7030
3219 7029
3220 7028
3223 7222
3224 7221
3225 7220
3226 7219
3227 7218
3228 7217
3229 7153
3230 7152
3231 7151
3232 7150
3233 7149
3234 7148
3235 7147
3236 7146
3237 7145
3238 7144
3239 7143
3240 7142
3241 7141
3242 7140
3243 7139
3244 7138
3245 7137
3246 7136
3247 7135
3248 7134
3249 7133
3250 8312
3251 8311
3252 8310
3253 8309
3254 8308
3255 8307
3256 8306
3257 8305
3258 8304
3259 8303
3260 8302
3261 8301
3262 8300
3263 8299
3264 8298
3265 8297
3266 8296
3267 8295
3268 8294
3269 8293
3270 8292
3271 9191
3272 9190
3273 9189
3274 9188
3275 9187
3276 9186
3277 9185
3278 9184
3279 9183
3280 9182
3281 9181
3282 9180
3283 9179
3284 9178
3285 9177
3286 9176
3287 9175
3288 9174
3289 9173
3290 9172
3291 9171
3292 9170
3293 9169
3294 9168
3295 9167
3296 9166
3297 9165
3298 9164
3299 9163
3300 9162
3301 12814
3302 12813
3303 12812
3304 12811
3305 12810
3306 12809
3307 12808
3308 12807
3309 12806
3310 12805
3311 12804
3312 12803
3313 12802
3314 12152
3315 12151
3316 12150
3317 12149
3318 12148
3319 12147
3320 12146
3321 12145
3322 12144
3323 12143
3324 12142
3325 12141
3326 12140
3327 12139
3328 12138
3329 12137
3330 12136
3331 12135
3332 12134
3333 12133
3334 12391
3335 12390
3336 12389
3337 12388
3338 12387
3339 12386
3340 12385
3341 12384
3342 12383
3343 12382
3344 12381
3345 12380
3346 12379
3347 12378
3348 12377
3349 12376
3350 12375
3351 12374
3352 12373
3353 8041
3354 8040
3355 8039
3356 8038
3357 8037
3358 8036
3359 8035
3360 8034
3361 8033
3362 8032
3363 8031
3364 8030
3365 8029
3366 8028
3367 8027
3368 8195
3369 8194
3370 8193
3371 8192
3372 8191
3373 8190
3374 8189
3375 8188
3376 11365
3377 11364
3378 11363
3379 11362
3380 11361
3381 11360
3382 11359
3383 11358
3384 11357
3385 11356
3386 11355
3387 11354
3388 11353
3389 11352
3390 11351
3391 11350
3392 11349
3393 11348
3394 7932
3395 7931
3396 7930
3397 7929
3398 7928
3399 7927
3400 7926
3401 7925
3402 7924
3403 7923
3404 7922
3405 7921
3406 7920
3407 7919
3408 7918
3409 7917
3410 11666
3411 11665
3412 11664
3413 11663
3414 11662
3415 11661
3416 11660
3417 11659
3418 11658
3419 11657
3420 11656
3421 11655
3422 11654
3423 11653
3424 11652
3425 11651
3426 11041
3427 11040
3428 11039
3429 11038
3430 11037
3431 11036
3432 11035
3433 11034
3434 11033
3435 11032
3436 11031
3437 11030
3438 11029
3439 11028
3440 7881
3441 7880
3442 7879
3443 7878
3444 7877
3445 7876
3446 7875
3447 7837
3448 7836
3449 7835
3450 7834
3451 7833
3452 7832
3453 7831
3454 7830
3455 7829
3456 7828
3457 7827
3458 7826
3459 7825
3460 7824
3461 7823
3462 7822
3463 7821
3464 7820
3465 7819
3466 7818
3467 7817
3468 7816
3469 7815
3470 7728
3471 7727
3472 7726
3473 7725
3474 7724
3475 7723
3476 7722
3477 7721
3478 7244
3479 7243
3480 7242
3481 7241
3482 7240
3483 7239
3484 7238
3485 7237
3486 7236
3487 7074
3488 7073
3489 7072
3490 7071
3491 7070
3492 7069
3493 7068
3494 7067
3495 7066
3496 7065
3497 7064
3498 7063
3499 10178
3500 10177
3501 10176
3502 10175
3503 10174
3504 10173
3505 10172
3506 10171
3507 10170
3508 10169
3509 10168
3510 10167
3511 10166
3512 10165
3513 10164
3514 10163
3515 9820
3516 9819
3517 9818
3518 9817
3519 9816
3520 9815
3521 9814
3522 9813
3523 7536
3524 7535
3525 7534
3526 7533
3527 7532
3528 7531
3529 7530
3530 7529
3531 7003
3532 7002
3533 7001
3534 7000
3535 6999
3536 6998
3537 6997
3538 6996
3539 6995
3540 6994
3541 6993
3542 6992
3543 6991
3546 7596
3547 7595
3548 7594
3549 7593
3550 7592
3551 7591
3552 7590
3553 7589
3554 7497
3555 7496
3556 7495
3557 7494
3558 7493
3559 7492
3560 7491
3561 7544
3562 7543
3563 7542
3564 7541
3565 7540
3566 7539
3567 7538
3568 7537
3569 9812
3570 9811
3571 9810
3572 9809
3573 9808
3574 9807
3575 9806
3576 9805
3577 9804
3578 9803
3579 9802
3580 10280
3581 10279
3582 10278
3583 10277
3584 10276
3585 10275
3586 10274
3587 10273
3588 10272
3589 10271
3590 10270
3591 10269
3592 10268
3593 10267
3594 10266
3595 10265
3596 7087
3597 7086
3598 7085
3599 7084
3600 7083
3601 7082
3602 7081
3603 7080
3604 7079
3605 7078
3606 7077
3607 7076
3608 7075
3609 7235
3610 7234
3611 7233
3612 7232
3613 7231
3614 7230
3615 7229
3616 7228
3617 7227
3618 7226
3619 7225
3620 7224
3621 7223
3622 7736
3623 7735
3624 7734
3625 7733
3626 7732
3627 7731
3628 7730
3629 7729
3630 7814
3631 7813
3632 7812
3633 7811
3634 7810
3635 7809
3636 7808
3637 7807
3638 7688
3639 7687
3640 7686
3641 7685
3642 7684
3643 7683
3644 7682
3645 7681
3646 7680
3647 7679
3648 7678
3649 7677
3650 7676
3651 7675
3652 7674
3653 7673
3654 7672
3655 7671
3656 7670
3657 7669
3658 7668
3659 7667
3660 7666
3661 7665
3662 7664
3663 7663
3664 7662
3665 7661
3666 7660
3667 7659
3668 7658
3669 7657
3670 7656
3671 7655
3672 7654
3673 7653
3674 7652
3675 7651
3676 7650
3677 7649
3678 7648
3679 7647
3680 7646
3681 7645
3682 7644
3683 7643
3684 7642
3685 10830
3686 10829
3687 10828
3688 10827
3689 10826
3690 10825
3691 10824
3692 10823
3693 10822
3694 10821
3695 10820
3696 10819
3697 10818
3698 7975
3699 7974
3700 7973
3701 7972
3702 7971
3703 7970
3704 7969
3705 7968
3706 7967
3707 7966
3708 7965
3709 7964
3710 7963
3711 7962
3712 7961
3713 7960
3714 7959
3715 7958
3716 7957
3717 7956
3718 7955
3719 7954
3720 11329
3721 11328
3722 11327
3723 11326
3724 11325
3725 11324
3726 11323
3727 3728
3729 11375
3730 11374
3731 11373
3732 11372
3733 11371
3734 11370
3735 11369
3736 11368
3737 11367
3738 11366
3739 8187
3740 8186
3741 8185
3742 8184
3743 8183
3744 8182
3745 8181
3746 8180
3747 8179
3748 8178
3749 8177
3750 8176
3751 12262
3752 12261
3753 12260
3754 12259
3755 12258
3756 12257
3757 12256
3758 12255
3759 12420
3760 12419
3761 12418
3762 12417
3763 12416
3764 12415
3765 12414
3766 12413
3767 12412
3768 12411
3769 12410
3770 12409
3771 12408
3772 12407
3773 12406
3774 12405
3775 3776
3777 12402
3778 12401
3779 12400
3780 12399
3781 12398
3782 12397
3783 12396
3784 12395
3785 12394
3786 12393
3787 12392
3788 12132
3789 12131
3790 12130
3791 12129
3792 12128
3793 12127
3794 12126
3795 12125
3796 12124
3797 12123
3798 12122
3799 12121
3800 12120
3801 12768
3802 12767
3803 12766
3804 12765
3805 12764
3806 12763
3807 12762
3808 12761
3809 12760
3810 12759
3811 12758
3812 12757
3813 12756
3814 12755
3815 12754
3816 12753
3817 12752
3818 12751
3819 12750
3820 12749
3821 12748
3822 12747
3823 12746
3824 9041
3825 9040
3826 9039
3827 9038
3828 9037
3829 9036
3830 9035
3831 9034
3832 9033
3833 9032
3834 9218
3835 9217
3836 9216
3837 9215
3838 9214
3839 9213
3840 9212
3841 9211
3842 9210
3843 9209
3844 9208
3845 9207
3846 9206
3847 9205
3848 9204
3849 9203
3850 9202
3851 9201
3852 9200
3853 9199
3854 9198
3855 9197
3856 9196
3857 9195
3858 9194
3859 9193
3860 9192
3861 8291
3862 8290
3863 8289
3864 8288
3865 8287
3866 8286
3867 8285
3868 8284
3869 8283
3870 8282
3871 8281
3872 8280
3873 8279
3874 8278
3875 8277
3876 8692
3877 8691
3878 8690
3879 8689
3880 8688
3881 8687
3882 8686
3883 8685
3884 8684
3885 8683
3886 8682
3887 7174
3888 7173
3889 7172
3890 7171
3891 7170
3892 7169
3893 7168
3894 7167
3895 7166
3896 7165
3897 7164
3898 7163
3899 7162
3900 7161
3901 7160
3902 7159
3903 7158
3904 7157
3905 7156
3906 7155
3907 7154
3908 7216
3909 7215
3910 7214
3911 7213
3912 7212
3913 7211
3914 7210
3917 7372
3918 7371
3919 7370
3920 7369
3921 7368
3922 7367
3923 7366
3924 7365
3925 7443
3926 7442
3927 7441
3928 7440
3929 7439
3930 7438
3931 7437
3932 7436
3933 7435
3934 8714
3935 8713
3936 8712
3937 8711
3938 8710
3939 8709
3940 8708
3941 8707
3942 8706
3943 8705
3944 8704
3945 8703
3946 8702
3947 8701
3948 8700
3949 8699
3950 8698
3951 8697
3952 8696
3953 8695
3954 8694
3955 8693
3956 8276
3957 8275
3958 8274
3959 8273
3960 8272
3961 8271
3962 8270
3963 8269
3964 8268
3965 8267
3966 8266
3967 8265
3968 8264
3969 8263
3970 8262
3971 8261
3972 8260
3973 8259
3974 8464
3975 8463
3976 8462
3977 8461
3978 8460
3979 8459
3980 8458
3981 8457
3982 8561
3983 8560
3984 8559
3985 8558
3986 8557
3987 8556
3988 8555
3989 8554
3990 9226
3991 9225
3992 9224
3993 9223
3994 9222
3995 9221
3996 9220
3997 9219
3998 9031
3999 9030
4000 9029
4001 9028
4002 9027
4003 9026
4004 9025
4005 9024
4006 9023
4007 9022
4008 12791
4009 12790
4010 12789
4011 12788
4012 12787
4013 12786
4014 12785
4015 12784
4016 12783
4017 12782
4018 12781
4019 12780
4020 12779
4021 12778
4022 12777
4023 12776
4024 12775
4025 12774
4026 12773
4027 12772
4028 12771
4029 12770
4030 12769
4031 12119
4032 12118
4033 12117
4034 12116
4035 12115
4036 12114
4037 12113
4038 12112
4039 12111
4040 12110
4041 12109
4042 12066
4043 12065
4044 12064
4045 12063
4046 12062
4047 12061
4048 12060
4049 12059
4050 12058
4051 12057
4052 12056
4053 12055
4054 12054
4055 12053
4056 12052
4057 12051
4058 12050
4059 12433
4060 12432
4061 12431
4062 12430
4063 12429
4064 12428
4065 12427
4066 12426
4067 12425
4068 12424
4069 12423
4070 12422
4071 12421
4072 12254
4073 12253
4074 12252
4075 12251
4076 12250
4077 12249
4078 12248
4079 12247
4080 12246
4081 11399
4082 11398
4083 11397
4084 11396
4085 11395
4086 11394
4087 11393
4088 11392
4089 11391
4090 11390
4091 11389
4092 11388
4093 11387
4094 11386
4095 11385
4096 11384
4097 11383
4098 11382
4099 11381
4100 11380
4101 11379
4102 11378
4103 11322
4104 11321
4105 11320
4106 11319
4107 11318
4108 11317
4109 11316
4110 11315
4111 11314
4112 11313
4113 11312
4114 11311
4115 11310
4116 11309
4117 11308
4118 11307
4119 11306
4120 11305
4121 8018
4122 8017
4123 8016
4124 8015
4125 8014
4126 8013
4127 8012
4128 8011
4129 8010
4130 8009
4131 8008
4132 8007
4133 8006
4134 8005
4135 10840
4136 10839
4137 10838
4138 10837
4139 10836
4140 10835
4141 10834
4142 10833
4143 10832
4144 10831
4145 7916
4146 7915
4147 7914
4148 7913
4149 7912
4150 7911
4151 7910
4152 7909
4153 7908
4154 7907
4155 7906
4156 7905
4157 7904
4158 7903
4159 7902
4160 7901
4161 7900
4162 7899
4163 7898
4164 7897
4165 7896
4166 7895
4167 7894
4168 7893
4169 7892
4170 7891
4171 7890
4172 7889
4173 11146
4174 11145
4175 11144
4176 11143
4177 11142
4178 11141
4179 11140
4180 11139
4181 11138
4182 11137
4183 11136
4184 11135
4185 11134
4186 11133
4187 11132
4188 11131
4189 7755
4190 7754
4191 7753
4192 7752
4193 7751
4194 7750
4195 7749
4196 7748
4197 7747
4198 7746
4199 7745
4200 7744
4201 7743
4202 7742
4203 7741
4204 7740
4205 7739
4206 7738
4207 7737
4208 7314
4209 7313
4210 7312
4211 7311
4212 7310
4213 7309
4214 7308
4215 7307
4216 7306
4217 10355
4218 10354
4219 10353
4220 10352
4221 10351
4222 10350
4223 10349
4224 10348
4225 10347
4226 10346
4227 10345
4228 10344
4229 10343
4230 10342
4231 10341
4232 10340
4233 10339
4234 10338
4235 10337
4236 10336
4237 10335
4238 10334
4239 10333
4240 10332
4241 10331
4242 10288
4243 10287
4244 10286
4245 10285
4246 10284
4247 10283
4248 10282
4249 10281
4250 9801
4251 9800
4252 9799
4253 9798
4254 9797
4255 9796
4256 9795
4257 9794
4258 9793
4259 9792
4260 9791
4261 9790
4262 9789
4263 7641
4264 7640
4265 7639
4266 7638
4267 7637
4268 7636
4269 7635
4270 7634
4271 7633
4272 7632
4273 7631
4274 7630
4275 7629
4276 7628
4277 7627
4278 7626
4279 7625
4280 7624
4281 7623
4282 7622
4283 7621
4286 6986
4287 6985
4288 6984
4289 6983
4290 6982
4291 6981
4292 6980
4293 6979
4294 6978
4295 6977
4296 6976
4297 6975
4298 6974
4299 9836
4300 9835
4301 9834
4302 9833
4303 9832
4304 9831
4305 9830
4306 9829
4307 9828
4308 9827
4309 9826
4310 9825
4311 9824
4312 9823
4313 9822
4314 9821
4315 10162
4316 10161
4317 10160
4318 10159
4319 10158
4320 10157
4321 10156
4322 10155
4323 10154
4324 10153
4325 10152
4326 10151
4327 10150
4328 10149
4329 10148
4330 10147
4331 10146
4332 10145
4333 10144
4334 10143
4335 10142
4336 10141
4337 10140
4338 10139
4339 10138
4340 10137
4341 10136
4342 10135
4343 10134
4344 10133
4345 10132
4346 10131
4347 10130
4348 10129
4349 10128
4350 10127
4351 10126
4352 10125
4353 10124
4354 10123
4355 10122
4356 10121
4357 10120
4358 10119
4359 10118
4360 10117
4361 10116
4362 11167
4363 11166
4364 11165
4365 11164
4366 11163
4367 11162
4368 11161
4369 11160
4370 11159
4371 11158
4372 11157
4373 11156
4374 11155
4375 11154
4376 11153
4377 11152
4378 11151
4379 11150
4380 11149
4381 11148
4382 11147
4383 7888
4384 7887
4385 7886
4386 7885
4387 7884
4388 7883
4389 7882
4390 11027
4391 11026
4392 11025
4393 11024
4394 11023
4395 11022
4396 11021
4397 11020
4398 11019
4399 11018
4400 11017
4401 11016
4402 11015
4403 11014
4404 11681
4405 11680
4406 11679
4407 11678
4408 11677
4409 11676
4410 11675
4411 11674
4412 11673
4413 11672
4414 11671
4415 11670
4416 11669
4417 11668
4418 11667
4419 8026
4420 8025
4421 8024
4422 8023
4423 8022
4424 8021
4425 8020
4426 8019
4427 11304
4428 11303
4429 11302
4430 11301
4431 11300
4432 11299
4433 11298
4434 11297
4435 11296
4436 11295
4437 11294
4438 11293
4439 11292
4440 11291
4441 11290
4442 11289
4443 11288
4444 11287
4445 11286
4446 8209
4447 8208
4448 8207
4449 8206
4450 8205
4451 8204
4452 8203
4453 8202
4454 8201
4455 8200
4456 8199
4457 8198
4458 8197
4459 8196
4460 8237
4461 8236
4462 8235
4463 8234
4464 8233
4465 8232
4466 8231
4467 12446
4468 12445
4469 12444
4470 12443
4471 12442
4472 12441
4473 12440
4474 12439
4475 12438
4476 12437
4477 12436
4478 12435
4479 12434
4480 12049
4481 12048
4482 12047
4483 12046
4484 12045
4485 12044
4486 12043
4487 12042
4488 12177
4489 12176
4490 12175
4491 12174
4492 12173
4493 12172
4494 12171
4495 12170
4496 12169
4497 12168
4498 12167
4499 12166
4500 12165
4501 12164
4502 12163
4503 12162
4504 12161
4505 12160
4506 12159
4507 12158
4508 12157
4509 12156
4510 12155
4511 12154
4512 12153
4513 12801
4514 12800
4515 12799
4516 12798
4517 12797
4518 12796
4519 12795
4520 12794
4521 12793
4522 12792
4523 9021
4524 9020
4525 9019
4526 9018
4527 9017
4528 9016
4529 9015
4530 8486
4531 8485
4532 8484
4533 8483
4534 8482
4535 8481
4536 8480
4537 8479
4538 8478
4539 8477
4540 8476
4541 8475
4542 8474
4543 8473
4544 8472
4545 8471
4546 8470
4547 8469
4548 8468
4549 8467
4550 8466
4551 8465
4552 8258
4553 8257
4554 8256
4555 8255
4556 8254
4557 8253
4558 8252
4559 8251
4560 8250
4561 8249
4562 8248
4563 8247
4564 8246
4565 8245
4566 8244
4567 8243
4568 8242
4569 8241
4570 8240
4571 8239
4572 8238
4573 8728
4574 8727
4575 8726
4576 8725
4577 8724
4578 8723
4579 8722
4580 8721
4581 8720
4582 8719
4583 8718
4584 8717
4585 8716
4586 8715
4587 7434
4588 7433
4589 7432
4590 7431
4591 7430
4592 7429
4593 7428
4594 7427
4595 7384
4596 7383
4597 7382
4598 7381
4599 7380
4600 7379
4601 7378
4602 7377
4605 7392
4606 7391
4607 7390
4608 7389
4609 7388
4610 7387
4611 7386
4612 7385
4613 7426
4614 7425
4615 7424
4616 7423
4617 7422
4618 7421
4619 7420
4620 7419
4621 7418
4622 7417
4623 8739
4624 8738
4625 8737
4626 8736
4627 8735
4628 8734
4629 8733
4630 8732
4631 8731
4632 8730
4633 8729
4634 8603
4635 8602
4636 8601
4637 8600
4638 8599
4639 8598
4640 8597
4641 8596
4642 8595
4643 8594
4644 8593
4645 8592
4646 8591
4647 8590
4648 8589
4649 8588
4650 8587
4651 8586
4652 8585
4653 8584
4654 8583
4655 8582
4656 8581
4657 8580
4658 8579
4659 8578
4660 8577
4661 8576
4662 8575
4663 8574
4664 8573
4665 8572
4666 8571
4667 8570
4668 8494
4669 8493
4670 8492
4671 8491
4672 8490
4673 8489
4674 8488
4675 8487
4676 9014
4677 9013
4678 9012
4679 9011
4680 9010
4681 9009
4682 9008
4683 9007
4684 9006
4685 9005
4686 9004
4687 9003
4688 9002
4689 9001
4690 9000
4691 8999
4692 8998
4693 8997
4694 8996
4695 8995
4696 8994
4697 8993
4698 8992
4699 8991
4700 8990
4701 12984
4702 12983
4703 12982
4704 12981
4705 12980
4706 12979
4707 12978
4708 12977
4709 12976
4710 12185
4711 12184
4712 12183
4713 12182
4714 12181
4715 12180
4716 12179
4717 12178
4718 12041
4719 12040
4720 12039
4721 12038
4722 12037
4723 12036
4724 12035
4725 12034
4726 12033
4727 12032
4728 12031
4729 12030
4730 12029
4731 12028
4732 12453
4733 12452
4734 12451
4735 12450
4736 12449
4737 12448
4738 12447
4739 8230
4740 8229
4741 8228
4742 8227
4743 8226
4744 8225
4745 8224
4746 8223
4747 8222
4748 8221
4749 8220
4750 8219
4751 8218
4752 8217
4753 8216
4754 8215
4755 8214
4756 8213
4757 8212
4758 8211
4759 8210
4760 11285
4761 11284
4762 11283
4763 11282
4764 11281
4765 11280
4766 11279
4767 11278
4768 11277
4769 11276
4770 11275
4771 11274
4772 11273
4773 11272
4774 11271
4775 11848
4776 11847
4777 11846
4778 11845
4779 11844
4780 11843
4781 11842
4782 11841
4783 11700
4784 11699
4785 11698
4786 11697
4787 11696
4788 11695
4789 11694
4790 11693
4791 11692
4792 11691
4793 11690
4794 11689
4795 11688
4796 11687
4797 11686
4798 11685
4799 11684
4800 11683
4801 11682
4802 11013
4803 11012
4804 11011
4805 11010
4806 11009
4807 11008
4808 11007
4809 11006
4810 11005
4811 11004
4812 11003
4813 11002
4814 11001
4815 10697
4816 10696
4817 10695
4818 10694
4819 10693
4820 10692
4821 10691
4822 10690
4823 10689
4824 10688
4825 10687
4826 10686
4827 10685
4828 10627
4829 10626
4830 10625
4831 10624
4832 10623
4833 10622
4834 10621
4835 10620
4836 11175
4837 11174
4838 11173
4839 11172
4840 11171
4841 11170
4842 11169
4843 11168
4844 10115
4845 10114
4846 10113
4847 10112
4848 10111
4849 10110
4850 10109
4851 10108
4852 10107
4853 10106
4854 10105
4855 10104
4856 10103
4857 10102
4858 10101
4859 10100
4860 10099
4861 10098
4862 10097
4863 10096
4864 10095
4865 10094
4866 10093
4867 10092
4868 10091
4869 10090
4870 10026
4871 10025
4872 10024
4873 10023
4874 10022
4875 10021
4876 10020
4877 10019
4878 9865
4879 9864
4880 9863
4881 9862
4882 9861
4883 9860
4884 9859
4885 9858
4886 9857
4887 9856
4888 9855
4889 9854
4890 9853
4891 9852
4892 9851
4893 9850
4894 9849
4895 9848
4896 9847
4897 9846
4898 9845
4899 9844
4900 9843
4901 9842
4902 9841
4903 9840
4904 9839
4905 9838
4906 9837
4907 6973
4908 6972
4909 6971
4910 6970
4911 6969
4912 6968
4913 6967
4914 6966
4915 6965
4916 6964
4917 6963
4918 6962
4919 6961
4922 8932
4923 8931
4924 8930
4925 8929
4926 8928
4927 8927
4928 8926
4929 8925
4930 8924
4931 8923
4932 8922
4933 8921
4934 8920
4935 9690
4936 9689
4937 9688
4938 9687
4939 9686
4940 9685
4941 9684
4942 9683
4943 9682
4944 9681
4945 9680
4946 9679
4947 9770
4948 9769
4949 9768
4950 9767
4951 9766
4952 9765
4953 9764
4954 9763
4955 9762
4956 9877
4957 9876
4958 9875
4959 9874
4960 9873
4961 9872
4962 9871
4963 9870
4964 9869
4965 9868
4966 9867
4967 9866
4968 10018
4969 10017
4970 10016
4971 10015
4972 10014
4973 10013
4974 10012
4975 10011
4976 10010
4977 10009
4978 10008
4979 10007
4980 10006
4981 10005
4982 10004
4983 10003
4984 10002
4985 10001
4986 10000
4987 9999
4988 9998
4989 9997
4990 9996
4991 9995
4992 9994
4993 9993
4994 9992
4995 9991
4996 9990
4997 9989
4998 9988
4999 9987
5000 9986
5001 10500
5002 10499
5003 10498
5004 10497
5005 10496
5006 10495
5007 10494
5008 10493
5009 11183
5010 11182
5011 11181
5012 11180
5013 11179
5014 11178
5015 11177
5016 11176
5017 10619
5018 10618
5019 10617
5020 10616
5021 10615
5022 10614
5023 10613
5024 10612
5025 10611
5026 10610
5027 10609
5028 10608
5029 10607
5030 10709
5031 10708
5032 10707
5033 10706
5034 10705
5035 10704
5036 10703
5037 10702
5038 10701
5039 10700
5040 10699
5041 10698
5042 11000
5043 10999
5044 10998
5045 10997
5046 10996
5047 10995
5048 10994
5049 10993
5050 10992
5051 10991
5052 10990
5053 10989
5054 10988
5055 10987
5056 10986
5057 10985
5058 10984
5059 10983
5060 10982
5061 11719
5062 11718
5063 11717
5064 11716
5065 11715
5066 11714
5067 11713
5068 11712
5069 11711
5070 11710
5071 11709
5072 11708
5073 11707
5074 11706
5075 11705
5076 11704
5077 11703
5078 11702
5079 11701
5080 11840
5081 11839
5082 11838
5083 11837
5084 11836
5085 11835
5086 11834
5087 11833
5088 11832
5089 11831
5090 11830
5091 11829
5092 11828
5093 11827
5094 11539
5095 11538
5096 11537
5097 11536
5098 11535
5099 11534
5100 11533
5101 11532
5102 11531
5103 11441
5104 11440
5105 11439
5106 11438
5107 11437
5108 11436
5109 11435
5110 11434
5111 11433
5112 11432
5113 11431
5114 11430
5115 11429
5116 11428
5117 11427
5118 11426
5119 11425
5120 11424
5121 11423
5122 11422
5123 11421
5124 11420
5125 11419
5126 11418
5127 11417
5128 12480
5129 12479
5130 12478
5131 12477
5132 12476
5133 12475
5134 12474
5135 12609
5136 12608
5137 12607
5138 12606
5139 12605
5140 12604
5141 12603
5142 12602
5143 12601
5144 12600
5145 12599
5146 12598
5147 12597
5148 12203
5149 12202
5150 12201
5151 12200
5152 12199
5153 12198
5154 12197
5155 12196
5156 12195
5157 12194
5158 12193
5159 12192
5160 12191
5161 12190
5162 12189
5163 12188
5164 12187
5165 12186
5166 12975
5167 12974
5168 12973
5169 12972
5170 12971
5171 12970
5172 12969
5173 12968
5174 12967
5175 12966
5176 12965
5177 12964
5178 12963
5179 12962
5180 12961
5181 12960
5182 12959
5183 12958
5184 12957
5185 12956
5186 12955
5187 12954
5188 9279
5189 9278
5190 9277
5191 9276
5192 9275
5193 9274
5194 9273
5195 9272
5196 9271
5197 9270
5198 9269
5199 9268
5200 9267
5201 8509
5202 8508
5203 8507
5204 8506
5205 8505
5206 8504
5207 8503
5208 8502
5209 8501
5210 8500
5211 8499
5212 8498
5213 8497
5214 8496
5215 8495
5216 8569
5217 8568
5218 8567
5219 8566
5220 8565
5221 8564
5222 8563
5223 8562
5224 8456
5225 8455
5226 8454
5227 8453
5228 8452
5229 8451
5230 8450
5231 8449
5232 8448
5233 8447
5234 8446
5235 8445
5236 8444
5237 8443
5238 8442
5239 8769
5240 8768
5241 8767
5242 8766
5243 8765
5244 8764
5245 8763
5246 8762
5247 8761
5248 8760
5249 8759
5250 8758
5251 8757
5252 8756
5253 8755
5254 8754
5255 8753
5256 8752
5257 8751
5258 8750
5259 8749
5260 8748
5261 8747
5262 8746
5263 8745
5264 8744
5265 8743
5266 8742
5267 8741
5268 8740
5269 7416
5270 7415
5271 7414
5272 7413
5273 7412
5274 7411
5275 7410
5276 7409
5277 7408
5278 7407
5279 7406
5280 7405
5281 7404
5282 7403
5283 7402
5284 7401
5285 7400
5286 7399
5287 7398
5288 7397
5291 9331
5292 9330
5293 9329
5294 9328
5295 9327
5296 9326
5297 9325
5298 9324
5299 8889
5300 8888
5301 8887
5302 8886
5303 8885
5304 8884
5305 8883
5306 8882
5307 8881
5308 8880
5309 8879
5310 8878
5311 8877
5312 8876
5313 8875
5314 8874
5315 13160
5316 13159
5317 13158
5318 13157
5319 13156
5320 13155
5321 13154
5322 13153
5323 13152
5324 13151
5325 13150
5326 13149
5327 13148
5328 13147
5329 13146
5330 9547
5331 9546
5332 9545
5333 9544
5334 9543
5335 9542
5336 9541
5337 9540
5338 9539
5339 9538
5340 9537
5341 9536
5342 9535
5343 9534
5344 9533
5345 9532
5346 9531
5347 9530
5348 9529
5349 9528
5350 9527
5351 9432
5352 9431
5353 9430
5354 9429
5355 9428
5356 9427
5357 9426
5358 9425
5359 9424
5360 9423
5361 9422
5362 9421
5363 9420
5364 13076
5365 13075
5366 13074
5367 13073
5368 13072
5369 13071
5370 13070
5371 13069
5372 13068
5373 13067
5374 13066
5375 13065
5376 13064
5377 13063
5378 9293
5379 9292
5380 9291
5381 9290
5382 9289
5383 9288
5384 9287
5385 9286
5386 9285
5387 9284
5388 9283
5389 9282
5390 9281
5391 9280
5392 12953
5393 12952
5394 12951
5395 12950
5396 12949
5397 12948
5398 12947
5399 12946
5400 12945
5401 12944
5402 12943
5403 12942
5404 12941
5405 12940
5406 12939
5407 12938
5408 12937
5409 12936
5410 12935
5411 12934
5412 12933
5413 12932
5414 12931
5415 12930
5416 12929
5417 12928
5418 12927
5419 12926
5420 12925
5421 12924
5422 12923
5423 12922
5424 12574
5425 12573
5426 12572
5427 12571
5428 12570
5429 12569
5430 12568
5431 12567
5432 12566
5433 12565
5434 12564
5435 12563
5436 12617
5437 12616
5438 12615
5439 12614
5440 12613
5441 12612
5442 12611
5443 12610
5444 12473
5445 12472
5446 12471
5447 12470
5448 12469
5449 12468
5450 12467
5451 12466
5452 11972
5453 11971
5454 11970
5455 11969
5456 11968
5457 11967
5458 11966
5459 11965
5460 11964
5461 11963
5462 11962
5463 11961
5464 11960
5465 11959
5466 11958
5467 11449
5468 11448
5469 11447
5470 11446
5471 11445
5472 11444
5473 11443
5474 11442
5475 11530
5476 11529
5477 11528
5478 11527
5479 11526
5480 11525
5481 11524
5482 11523
5483 11522
5484 11521
5485 11520
5486 11519
5487 11518
5488 11875
5489 11874
5490 11873
5491 11872
5492 11871
5493 11870
5494 11869
5495 11868
5496 11867
5497 11866
5498 11865
5499 11864
5500 11863
5501 11862
5502 11861
5503 11733
5504 11732
5505 11731
5506 11730
5507 11729
5508 11728
5509 11727
5510 11726
5511 11725
5512 11724
5513 11723
5514 11722
5515 11721
5516 11720
5517 10981
5518 10980
5519 10979
5520 10978
5521 10977
5522 10976
5523 10975
5524 10974
5525 10973
5526 10972
5527 10971
5528 10970
5529 10969
5530 10968
5531 10967
5532 10966
5533 10965
5534 10964
5535 10963
5536 10962
5537 10961
5538 10960
5539 10959
5540 10958
5541 10957
5542 10956
5543 10550
5544 10549
5545 10548
5546 10547
5547 10546
5548 10545
5549 10544
5550 10543
5551 10542
5552 10541
5553 10540
5554 10539
5555 10538
5556 10537
5557 10536
5558 10535
5559 10534
5560 10533
5561 11191
5562 11190
5563 11189
5564 11188
5565 11187
5566 11186
5567 11185
5568 11184
5569 10492
5570 10491
5571 10490
5572 10489
5573 10488
5574 10487
5575 10486
5576 10485
5577 10484
5578 10483
5579 10482
5580 9919
5581 9918
5582 9917
5583 9916
5584 9915
5585 9914
5586 9913
5587 9912
5588 9911
5589 9910
5590 9909
5591 9908
5592 9907
5593 9906
5594 9905
5595 9904
5596 9903
5597 9902
5598 9901
5599 9900
5600 9899
5601 9898
5602 9897
5603 9896
5604 9895
5605 9894
5606 9893
5607 9892
5608 9891
5609 9890
5610 9889
5611 9888
5612 9887
5613 9886
5614 9885
5615 9884
5616 9883
5617 9882
5618 9881
5619 9880
5620 9879
5621 9878
5622 9761
5623 9760
5624 9759
5625 9758
5626 9757
5627 9756
5628 9755
5629 9704
5630 9703
5631 9702
5632 9701
5633 9700
5634 9699
5635 9698
5636 9697
5637 9696
5638 9695
5639 9694
5640 9693
5641 9692
5642 9691
5643 8989
5644 8988
5645 8987
5646 8986
5647 8985
5648 8984
5649 8983
5650 8982
5651 8981
5652 8980
5653 8979
5654 8978
5655 8977
5658 6956
5659 6955
5660 6954
5661 6953
5662 6952
5663 6951
5664 6950
5665 6949
5666 6948
5667 6947
5668 6946
5669 6945
5670 6944
5671 9716
5672 9715
5673 9714
5674 9713
5675 9712
5676 9711
5677 9710
5678 9709
5679 9708
5680 9707
5681 9706
5682 9705
5683 9754
5684 9753
5685 9752
5686 9751
5687 9750
5688 9749
5689 9748
5690 9747
5691 9746
5692 10042
5693 10041
5694 10040
5695 10039
5696 10038
5697 10037
5698 10036
5699 10035
5700 10034
5701 10033
5702 10032
5703 10031
5704 10030
5705 10029
5706 10028
5707 10027
5708 10089
5709 10088
5710 10087
5711 10086
5712 10085
5713 10084
5714 10083
5715 10082
5716 10081
5717 10080
5718 10079
5719 10078
5720 10077
5721 10076
5722 10075
5723 10074
5724 10652
5725 10651
5726 10650
5727 10649
5728 10648
5729 10647
5730 10646
5731 10645
5732 10644
5733 10643
5734 10642
5735 10641
5736 10640
5737 10639
5738 10638
5739 10637
5740 10636
5741 10635
5742 10634
5743 10633
5744 10632
5745 10631
5746 10630
5747 10629
5748 10628
5749 10684
5750 10683
5751 10682
5752 10681
5753 10680
5754 10679
5755 10678
5756 10677
5757 10676
5758 10675
5759 10674
5760 10673
5761 10672
5762 10671
5763 10670
5764 10669
5765 10668
5766 9355
5767 9354
5768 9353
5769 9352
5770 9351
5771 9350
5772 9349
5773 9348
5774 9347
5775 9346
5776 11746
5777 11745
5778 11744
5779 11743
5780 11742
5781 11741
5782 11740
5783 11739
5784 11738
5785 11737
5786 11736
5787 11735
5788 11734
5789 11860
5790 11859
5791 11858
5792 11857
5793 11856
5794 11855
5795 11854
5796 11853
5797 11852
5798 11851
5799 11850
5800 11849
5801 11270
5802 11269
5803 11268
5804 11267
5805 11266
5806 11265
5807 11264
5808 11263
5809 9375
5810 9374
5811 9373
5812 9372
5813 9371
5814 9370
5815 9369
5816 9368
5817 9367
5818 9366
5819 11984
5820 11983
5821 11982
5822 11981
5823 11980
5824 11979
5825 11978
5826 11977
5827 11976
5828 11975
5829 11974
5830 11973
5831 12465
5832 12464
5833 12463
5834 12462
5835 12461
5836 12460
5837 12459
5838 12458
5839 12457
5840 12456
5841 12455
5842 12454
5843 12027
5844 12026
5845 12025
5846 12024
5847 12023
5848 12022
5849 12021
5850 9396
5851 9395
5852 9394
5853 9393
5854 9392
5855 9391
5856 9390
5857 9389
5858 9388
5859 9387
5860 9386
5861 12996
5862 12995
5863 12994
5864 12993
5865 12992
5866 12991
5867 12990
5868 12989
5869 12988
5870 12987
5871 12986
5872 12985
5873 9314
5874 9313
5875 9312
5876 9311
5877 9310
5878 9309
5879 9308
5880 9307
5881 9306
5882 9305
5883 9304
5884 9303
5885 9302
5886 9301
5887 9300
5888 9299
5889 9298
5890 9297
5891 9296
5892 9295
5893 9294
5894 13062
5895 13061
5896 13060
5897 13059
5898 13058
5899 13057
5900 13056
5901 13055
5902 13054
5903 13053
5904 13203
5905 13202
5906 13201
5907 13200
5908 13199
5909 13198
5910 13197
5911 13196
5912 13195
5913 13194
5914 13193
5915 13192
5916 13191
5917 13190
5918 13189
5919 13188
5920 13187
5921 13186
5922 13185
5923 13184
5924 13183
5925 13182
5926 13181
5927 13180
5928 13179
5929 13178
5930 13177
5931 13176
5932 13175
5933 13174
5934 13173
5935 13172
5936 13171
5937 13170
5938 13169
5939 13168
5940 13167
5941 13166
5942 13165
5943 13164
5944 13163
5945 13162
5946 13161
5947 8873
5948 8872
5949 8871
5950 8870
5951 8869
5952 8868
5953 8867
5954 8866
5955 8865
5956 8864
5957 8863
5958 8862
5959 8861
5960 8860
5961 8859
5962 8858
5963 8857
5964 8856
5965 8855
5966 8854
5967 8853
5970 13299
5971 13298
5972 13297
5973 13296
5974 13295
5975 13294
5976 13293
5977 13292
5978 13291
5979 13290
5980 13289
5981 13288
5982 13287
5983 13260
5984 13259
5985 13258
5986 13257
5987 13256
5988 13255
5989 13254
5990 13253
5991 13252
5992 13251
5993 13243
5994 13242
5995 13241
5996 13240
5997 13239
5998 13238
5999 13237
6000 13236
6001 13235
6002 13234
6003 13233
6004 13232
6005 13231
6006 13230
6007 13229
6008 13228
6009 13227
6010 13226
6011 13225
6012 13224
6013 13223
6014 13222
6015 13221
6016 13220
6017 13219
6018 13218
6019 13217
6020 13216
6021 13215
6022 13214
6023 13213
6024 13212
6025 13211
6026 13210
6027 13209
6028 13208
6029 13207
6030 13206
6031 13205
6032 13204
6033 13106
6034 13105
6035 13104
6036 13103
6037 13102
6038 13101
6039 13100
6040 13099
6041 13098
6042 13097
6043 13096
6044 13095
6045 13094
6046 13042
6047 13041
6048 13040
6049 13039
6050 13038
6051 13037
6052 13036
6053 13035
6054 13034
6055 13017
6056 13016
6057 13015
6058 13014
6059 13013
6060 13012
6061 13011
6062 13010
6063 13009
6064 13008
6065 13007
6066 13006
6067 13005
6068 13004
6069 13003
6070 13002
6071 13001
6072 13000
6073 12999
6074 12998
6075 12997
6076 9385
6077 9384
6078 9383
6079 9382
6080 9381
6081 9380
6082 9379
6083 9378
6084 9377
6085 9376
6086 12637
6087 12636
6088 12635
6089 12634
6090 12633
6091 12632
6092 12631
6093 12630
6094 12629
6095 12628
6096 12627
6097 12626
6098 12010
6099 12009
6100 12008
6101 12007
6102 12006
6103 12005
6104 12004
6105 12003
6106 12002
6107 11994
6108 11993
6109 11992
6110 11991
6111 11990
6112 11989
6113 11988
6114 11987
6115 11986
6116 11985
6117 9365
6118 9364
6119 9363
6120 9362
6121 9361
6122 9360
6123 9359
6124 9358
6125 9357
6126 9356
6127 11921
6128 11920
6129 11919
6130 11918
6131 11917
6132 11916
6133 11915
6134 11914
6135 11913
6136 11912
6137 11911
6138 11910
6139 11909
6140 11765
6141 11764
6142 11763
6143 11762
6144 11761
6145 11760
6146 11759
6147 11758
6148 11757
6149 11756
6150 11755
6151 11754
6152 11753
6153 11752
6154 11751
6155 11750
6156 11749
6157 11748
6158 11747
6159 9345
6160 9344
6161 9343
6162 9342
6163 9341
6164 9340
6165 9339
6166 9338
6167 9337
6168 9336
6169 11262
6170 11261
6171 11260
6172 11259
6173 11258
6174 11257
6175 11256
6176 11255
6177 11254
6178 11253
6179 11252
6180 11251
6181 11250
6182 11249
6183 11248
6184 11247
6185 11246
6186 11245
6187 11244
6188 11243
6189 11242
6190 11241
6191 11240
6192 11239
6193 11238
6194 11237
6195 11236
6196 11235
6197 11234
6198 11233
6199 11232
6200 11231
6201 11230
6202 11229
6203 10660
6204 10659
6205 10658
6206 10657
6207 10656
6208 10655
6209 10654
6210 10653
6211 10459
6212 10458
6213 10457
6214 10456
6215 10455
6216 10454
6217 10453
6218 10452
6219 10451
6220 10450
6221 10449
6222 10448
6223 10447
6224 10446
6225 10445
6226 10444
6227 10443
6228 10442
6229 10441
6230 10440
6231 10439
6232 10438
6233 10437
6234 10436
6235 10050
6236 10049
6237 10048
6238 10047
6239 10046
6240 10045
6241 10044
6242 10043
6243 9745
6244 9744
6245 9743
6246 9742
6247 9741
6248 9740
6249 9739
6250 9738
6251 9737
6252 9736
6253 9735
6254 9734
6255 9733
6256 9724
6257 9723
6258 9722
6259 9721
6260 9720
6261 9719
6262 9718
6263 9717
6264 6943
6265 6942
6266 6941
6267 6940
6268 6939
6269 6938
6270 6937
6271 6936
6272 6935
6273 6934
6274 6933
6275 6932
6276 6931
6279 9631
6280 9630
6281 9629
6282 9628
6283 9627
6284 9626
6285 9625
6286 9624
6287 9623
6288 9622
6289 9621
6290 9620
6291 9619
6292 9618
6293 9617
6294 9732
6295 9731
6296 9730
6297 9729
6298 9728
6299 9727
6300 9726
6301 9725
6302 10073
6303 10072
6304 10071
6305 10070
6306 10069
6307 10068
6308 10067
6309 10066
6310 10065
6311 10064
6312 10063
6313 10062
6314 10061
6315 10060
6316 10059
6317 10058
6318 10057
6319 10056
6320 10055
6321 10054
6322 10053
6323 10052
6324 10051
6325 10435
6326 10434
6327 10433
6328 10432
6329 10431
6330 10430
6331 10429
6332 10428
6333 10427
6334 10426
6335 10425
6336 10424
6337 10423
6338 10422
6339 10421
6340 10420
6341 9955
6342 9954
6343 9953
6344 9952
6345 9951
6346 9950
6347 9949
6348 9948
6349 9947
6350 9946
6351 9945
6352 9944
6353 9943
6354 9942
6355 9941
6356 9940
6357 10667
6358 10666
6359 10665
6360 10664
6361 10663
6362 10662
6363 10661
6364 11228
6365 11227
6366 11226
6367 11225
6368 11224
6369 11223
6370 11222
6371 11221
6372 11220
6373 11219
6374 11218
6375 11217
6376 11216
6377 11215
6378 10564
6379 10563
6380 10562
6381 10561
6382 10560
6383 10559
6384 10558
6385 10557
6386 10556
6387 10555
6388 10554
6389 10553
6390 10552
6391 10551
6392 10955
6393 10954
6394 10953
6395 10952
6396 10951
6397 10950
6398 10949
6399 10948
6400 10947
6401 10946
6402 10945
6403 10944
6404 10943
6405 10942
6406 10941
6407 10940
6408 10939
6409 10938
6410 10937
6411 10936
6412 10935
6413 10934
6414 10933
6415 10932
6416 10931
6417 10930
6418 10929
6419 10928
6420 10927
6421 10926
6422 10925
6423 10924
6424 10923
6425 10922
6426 10921
6427 10920
6428 10919
6429 10918
6430 10917
6431 10916
6432 11773
6433 11772
6434 11771
6435 11770
6436 11769
6437 11768
6438 11767
6439 11766
6440 11908
6441 11907
6442 11906
6443 11905
6444 11904
6445 11903
6446 11902
6447 11901
6448 11900
6449 11899
6450 11898
6451 11497
6452 11496
6453 11495
6454 11494
6455 11493
6456 11492
6457 11491
6458 11490
6459 11489
6460 11488
6461 11487
6462 11486
6463 11485
6464 11484
6465 11483
6466 11482
6467 11481
6468 11480
6469 11479
6470 11478
6471 11477
6472 12001
6473 12000
6474 11999
6475 11998
6476 11997
6477 11996
6478 11995
6479 12020
6480 12019
6481 12018
6482 12017
6483 12016
6484 12015
6485 12014
6486 12013
6487 12012
6488 12011
6489 12625
6490 12624
6491 12623
6492 12622
6493 12621
6494 12620
6495 12619
6496 12618
6497 12562
6498 12561
6499 12560
6500 12559
6501 12558
6502 12557
6503 12556
6504 12555
6505 12554
6506 12553
6507 12552
6508 12551
6509 12550
6510 12549
6511 12548
6512 12547
6513 12546
6514 12545
6515 9419
6516 9418
6517 9417
6518 9416
6519 9415
6520 9414
6521 9413
6522 9412
6523 9411
6524 9410
6525 9409
6526 13033
6527 13032
6528 13031
6529 13030
6530 13029
6531 13028
6532 13027
6533 13026
6534 13025
6535 13024
6536 13023
6537 13022
6538 13021
6539 13020
6540 13019
6541 13018
6542 13052
6543 13051
6544 13050
6545 13049
6546 13048
6547 13047
6548 13046
6549 13045
6550 13044
6551 13043
6552 13093
6553 13092
6554 13091
6555 13090
6556 13089
6557 13088
6558 13087
6559 13086
6560 13085
6561 13084
6562 13083
6563 13082
6564 13081
6565 13080
6566 13079
6567 13078
6568 13077
6569 9494
6570 9493
6571 9492
6572 9491
6573 9490
6574 9489
6575 9488
6576 9487
6577 9486
6578 9485
6579 9600
6580 9599
6581 9598
6582 9597
6583 9596
6584 9595
6585 9594
6586 9593
6587 9592
6588 9591
6589 9590
6590 9589
6591 9588
6592 9587
6593 9586
6594 9585
6595 9584
6596 9583
6597 9582
6598 9581
6599 9580
6600 9579
6601 9578
6602 9577
6603 9576
6604 9575
6605 9574
6606 9573
6607 9572
6608 13250
6609 13249
6610 13248
6611 13247
6612 13246
6613 13245
6614 13244
6615 13272
6616 13271
6617 13270
6618 13269
6619 13268
6620 13267
6621 13266
6622 13265
6623 13264
6624 13263
6625 13262
6626 13261
6627 13286
6628 13285
6629 13284
6630 13283
6631 13282
6632 13281
6633 13280
6634 13279
6635 13278
6636 13277
6637 13276
6638 13275
6639 13274
6640 13273
