2 13416
3 13415
4 13414
5 13413
6 13412
7 13411
8 13410
9 13409
10 13408
11 13407
12 13406
13 13405
14 12746
15 12745
16 12744
17 12743
18 12742
19 12741
20 12740
21 12739
22 12853
23 12852
24 12851
25 12850
26 12849
27 12848
28 12847
29 12846
30 12845
31 12844
32 12843
33 12842
34 12841
35 12840
36 12839
37 12838
38 12837
39 12836
40 12835
41 12834
42 12833
47 12648
48 12647
49 12646
50 12645
51 12644
52 12643
53 12642
54 12641
55 12640
56 12639
57 12566
58 12565
59 12564
60 12563
61 12562
62 12561
63 12560
64 12559
65 12558
66 12557
67 12556
68 12555
69 12554
70 12553
71 12552
72 12678
73 12677
74 12676
75 12675
76 12674
77 12673
78 12672
79 12671
80 12598
81 12597
82 12596
83 12595
84 12594
85 12593
86 12592
87 12591
88 12590
93 11932
94 11931
95 11930
96 11929
97 11928
98 11927
99 11926
100 11925
101 11924
102 11923
103 11922
104 11921
105 11920
106 11919
107 11918
108 11811
109 11810
110 11809
111 11808
112 11807
113 11806
114 11805
115 11804
116 11566
117 11565
118 11564
119 11563
120 11562
121 11561
122 11560
123 11559
124 11758
125 11757
126 11756
127 11755
128 11754
129 11753
130 11752
131 11751
132 11750
133 11749
134 11748
139 11145
140 11144
141 11143
142 11142
143 11141
144 11140
145 11139
146 11138
147 11137
148 11136
149 11135
150 11134
151 10470
152 10469
153 10468
154 10467
155 10466
156 10465
157 10464
158 10463
159 10578
160 10577
161 10576
162 10575
163 10574
164 10573
165 10572
166 10571
167 10570
168 10569
169 10568
170 10567
171 10566
172 10565
173 10564
174 10563
175 10562
176 10561
177 10560
178 10559
179 10558
184 10371
185 10370
186 10369
187 10368
188 10367
189 10366
190 10365
191 10364
192 10363
193 10362
194 10291
195 10290
196 10289
197 10288
198 10287
199 10286
200 10285
201 10284
202 10283
203 10282
204 10281
205 10280
206 10279
207 10278
208 10277
209 10401
210 10400
211 10399
212 10398
213 10397
214 10396
215 10395
216 10394
217 10322
218 10321
219 10320
220 10319
221 10318
222 10317
223 10316
224 10315
225 10314
230 9661
231 9660
232 9659
233 9658
234 9657
235 9656
236 9655
237 9654
238 9653
239 9652
240 9651
241 9650
242 9649
243 9648
244 9647
245 9540
246 9539
247 9538
248 9537
249 9536
250 9535
251 9534
252 9533
253 9295
254 9294
255 9293
256 9292
257 9291
258 9290
259 9289
260 9288
261 9487
262 9486
263 9485
264 9484
265 9483
266 9482
267 9481
268 9480
269 9479
270 9478
271 9477
276 8874
277 8873
278 8872
279 8871
280 8870
281 8869
282 8868
283 8867
284 8866
285 8865
286 8864
287 8863
288 8199
289 8198
290 8197
291 8196
292 8195
293 8194
294 8193
295 8192
296 8307
297 8306
298 8305
299 8304
300 8303
301 8302
302 8301
303 8300
304 8299
305 8298
306 8297
307 8296
308 8295
309 8294
310 8293
311 8292
312 8291
313 8290
314 8289
315 8288
316 8287
321 8149
322 8148
323 8147
324 8146
325 8145
326 8144
327 8143
328 8142
329 8141
330 8140
331 8087
332 8086
333 8085
334 8084
335 8083
336 8082
337 8081
338 8080
339 8079
340 8078
341 8077
342 8076
343 8075
344 8074
345 8073
346 7988
347 7987
348 7986
349 7985
350 7984
351 7983
352 7982
353 7981
354 8022
355 8021
356 8020
357 8019
358 8018
359 8017
360 8016
361 8015
362 8014
363 8013
364 8012
365 8011
368 7964
369 7963
370 7962
371 7961
372 7960
373 7959
374 7958
375 7957
376 7956
377 7955
378 7954
379 7953
380 7952
381 7951
382 7950
383 7949
384 8095
385 8094
386 8093
387 8092
388 8091
389 8090
390 8089
391 8088
392 8139
393 8138
394 8137
395 8136
396 8135
397 8134
398 8133
403 8850
404 8849
405 8848
406 8847
407 8846
408 8845
409 8844
410 8843
411 8842
412 8841
413 8840
414 8839
415 8315
416 8314
417 8313
418 8312
419 8311
420 8310
421 8309
422 8308
423 8191
424 8190
425 8189
426 8188
427 8187
428 8186
429 8185
430 8184
431 8183
432 8182
433 8181
434 8180
435 8179
436 8178
437 8177
438 8176
439 8175
440 8174
445 9496
446 9495
447 9494
448 9493
449 9492
450 9491
451 9490
452 9489
453 9488
454 9287
455 9286
456 9285
457 9284
458 9283
459 9282
460 9281
461 9280
462 9279
463 9278
464 9277
465 9276
466 9275
467 9274
468 9273
469 9272
470 9271
471 9270
472 9269
473 9268
474 9267
475 9266
476 9265
477 9264
478 9263
479 9262
480 9261
481 9260
486 10214
487 10213
488 10212
489 10211
490 10210
491 10209
492 10208
493 10207
494 10206
495 10205
496 10204
497 10203
498 10202
499 10201
500 10200
501 10199
502 10198
503 10197
504 10196
505 10195
506 10194
507 10193
508 10299
509 10298
510 10297
511 10296
512 10295
513 10294
514 10293
515 10292
516 10361
517 10360
518 10359
519 10358
520 10357
521 10356
522 10355
527 11121
528 11120
529 11119
530 11118
531 11117
532 11116
533 11115
534 11114
535 11113
536 11112
537 11111
538 11110
539 10586
540 10585
541 10584
542 10583
543 10582
544 10581
545 10580
546 10579
547 10462
548 10461
549 10460
550 10459
551 10458
552 10457
553 10456
554 10455
555 10454
556 10453
557 10452
558 10451
559 10450
560 10449
561 10448
562 10447
563 10446
564 10445
569 11767
570 11766
571 11765
572 11764
573 11763
574 11762
575 11761
576 11760
577 11759
578 11558
579 11557
580 11556
581 11555
582 11554
583 11553
584 11552
585 11551
586 11550
587 11549
588 11548
589 11547
590 11546
591 11545
592 11544
593 11543
594 11542
595 11541
596 11540
597 11539
598 11538
599 11537
600 11536
601 11535
602 11534
603 11533
604 11532
605 11531
610 12489
611 12488
612 12487
613 12486
614 12485
615 12484
616 12483
617 12482
618 12481
619 12480
620 12479
621 12478
622 12477
623 12476
624 12475
625 12474
626 12473
627 12472
628 12471
629 12470
630 12469
631 12468
632 12574
633 12573
634 12572
635 12571
636 12570
637 12569
638 12568
639 12567
640 12638
641 12637
642 12636
643 12635
644 12634
645 12633
646 12632
647 12631
652 13392
653 13391
654 13390
655 13389
656 13388
657 13387
658 13386
659 13385
660 13384
661 13383
662 13382
663 13381
664 12861
665 12860
666 12859
667 12858
668 12857
669 12856
670 12855
671 12854
672 12738
673 12737
674 12736
675 12735
676 12734
677 12733
678 12732
679 12731
680 12730
681 12729
682 12728
683 12727
684 12726
685 12725
686 12724
687 12723
688 12722
693 13949
694 13948
695 13947
696 13946
697 13945
698 13944
699 13943
700 13942
701 13941
702 13940
703 13765
704 13764
705 13763
706 13762
707 13761
708 13760
709 13759
710 13758
711 13757
712 13756
713 13755
714 13754
715 13753
716 13752
717 13751
718 13750
719 13749
720 13748
721 13747
724 13903
725 13902
726 13901
727 13968
728 13967
729 13966
730 13965
731 13964
732 13963
733 13962
734 13961
735 13554
736 13553
737 13552
738 13551
739 13550
740 13549
741 13548
742 13547
743 13546
744 13545
745 13544
746 13543
747 13542
748 13541
749 13540
750 13539
751 13538
756 13310
757 13309
758 13308
759 13307
760 13306
761 13305
762 13304
763 13303
764 13302
765 12876
766 12875
767 12874
768 12873
769 12872
770 12871
771 12870
772 12869
773 12868
774 12867
775 12866
776 12865
777 12864
778 12863
779 12862
780 13380
781 13379
782 13378
783 13377
784 13376
785 13375
786 13374
787 13373
788 13372
789 13371
790 13370
791 13369
796 12589
797 12588
798 12587
799 12586
800 12585
801 12584
802 12583
803 12582
804 12581
805 12580
806 12579
807 12578
808 12577
809 12576
810 12575
811 12467
812 12466
813 12465
814 12464
815 12463
816 12462
817 12461
818 12460
819 12662
820 12661
821 12660
822 12659
823 12658
824 12657
825 12656
826 12655
827 12654
828 12653
829 12652
830 12651
831 12650
832 12649
837 11704
838 11703
839 11702
840 11701
841 11700
842 11699
843 11698
844 11697
845 11696
846 11695
847 11694
848 11693
849 11795
850 11794
851 11793
852 11792
853 11791
854 11790
855 11789
856 11788
857 11299
858 11298
859 11297
860 11296
861 11295
862 11294
863 11293
864 11292
865 11291
866 11290
867 11289
868 11288
869 11287
870 11286
871 11285
872 11284
877 11039
878 11038
879 11037
880 11036
881 11035
882 11034
883 11033
884 11032
885 11031
886 11030
887 10601
888 10600
889 10599
890 10598
891 10597
892 10596
893 10595
894 10594
895 10593
896 10592
897 10591
898 10590
899 10589
900 10588
901 10587
902 11109
903 11108
904 11107
905 11106
906 11105
907 11104
908 11103
909 11102
910 11101
911 11100
912 11099
913 11098
918 10313
919 10312
920 10311
921 10310
922 10309
923 10308
924 10307
925 10306
926 10305
927 10304
928 10303
929 10302
930 10301
931 10300
932 10192
933 10191
934 10190
935 10189
936 10188
937 10187
938 10186
939 10185
940 10385
941 10384
942 10383
943 10382
944 10381
945 10380
946 10379
947 10378
948 10377
949 10376
950 10375
951 10374
952 10373
953 10372
958 9433
959 9432
960 9431
961 9430
962 9429
963 9428
964 9427
965 9426
966 9425
967 9424
968 9423
969 9422
970 9524
971 9523
972 9522
973 9521
974 9520
975 9519
976 9518
977 9517
978 9028
979 9027
980 9026
981 9025
982 9024
983 9023
984 9022
985 9021
986 9020
987 9019
988 9018
989 9017
990 9016
991 9015
992 9014
993 9013
998 8768
999 8767
1000 8766
1001 8765
1002 8764
1003 8763
1004 8762
1005 8761
1006 8760
1007 8759
1008 8330
1009 8329
1010 8328
1011 8327
1012 8326
1013 8325
1014 8324
1015 8323
1016 8322
1017 8321
1018 8320
1019 8319
1020 8318
1021 8317
1022 8316
1023 8838
1024 8837
1025 8836
1026 8835
1027 8834
1028 8833
1029 8832
1030 8831
1031 8830
1032 8829
1033 8828
1034 8827
1039 8109
1040 8108
1041 8107
1042 8106
1043 8105
1044 8104
1045 8103
1046 8102
1047 8101
1048 8100
1049 8099
1050 8098
1051 8097
1052 8096
1053 7948
1054 7947
1055 7946
1056 7945
1057 7944
1058 7943
1059 7942
1060 7941
1061 7972
1062 7971
1063 7970
1064 7969
1065 7968
1066 7967
1067 7966
1068 7965
1071 8034
1072 8033
1073 8032
1074 8031
1075 8030
1076 8029
1077 8028
1078 8027
1079 8026
1080 8025
1081 8024
1082 8023
1083 7980
1084 7979
1085 7978
1086 7977
1087 7976
1088 7975
1089 7974
1090 7973
1091 7940
1092 7939
1093 7938
1094 7937
1095 7936
1096 7935
1097 7934
1098 7933
1099 7826
1100 7825
1101 7824
1102 7823
1103 7822
1104 7821
1105 7820
1106 7819
1107 8119
1108 8118
1109 8117
1110 8116
1111 8115
1112 8114
1113 8113
1114 8112
1115 8111
1116 8110
1121 8796
1122 8795
1123 8794
1124 8793
1125 8792
1126 8791
1127 8790
1128 8789
1129 8788
1130 8787
1131 8786
1132 8785
1133 8784
1134 8783
1135 8650
1136 8649
1137 8648
1138 8647
1139 8646
1140 8645
1141 8644
1142 8643
1143 8207
1144 8206
1145 8205
1146 8204
1147 8203
1148 8202
1149 8201
1150 8200
1151 8862
1152 8861
1153 8860
1154 8859
1155 8858
1156 8857
1157 8856
1158 8855
1159 8854
1160 8853
1161 8852
1162 8851
1167 9458
1168 9457
1169 9456
1170 9455
1171 9454
1172 9453
1173 9452
1174 9451
1175 9450
1176 9449
1177 9448
1178 9447
1179 9303
1180 9302
1181 9301
1182 9300
1183 9299
1184 9298
1185 9297
1186 9296
1187 9532
1188 9531
1189 9530
1190 9529
1191 9528
1192 9527
1193 9526
1194 9525
1195 9421
1196 9420
1197 9419
1198 9418
1199 9417
1200 9416
1201 9415
1202 9414
1203 9252
1204 9251
1205 9250
1206 9249
1207 9248
1208 9247
1209 9246
1214 10331
1215 10330
1216 10329
1217 10328
1218 10327
1219 10326
1220 10325
1221 10324
1222 10323
1223 10393
1224 10392
1225 10391
1226 10390
1227 10389
1228 10388
1229 10387
1230 10386
1231 10184
1232 10183
1233 10182
1234 10181
1235 10180
1236 10179
1237 10178
1238 10177
1239 9997
1240 9996
1241 9995
1242 9994
1243 9993
1244 9992
1245 9991
1246 9990
1247 10341
1248 10340
1249 10339
1250 10338
1251 10337
1252 10336
1253 10335
1254 10334
1255 10333
1256 10332
1261 11067
1262 11066
1263 11065
1264 11064
1265 11063
1266 11062
1267 11061
1268 11060
1269 11059
1270 11058
1271 11057
1272 11056
1273 11055
1274 11054
1275 10724
1276 10723
1277 10722
1278 10721
1279 10720
1280 10719
1281 10718
1282 10717
1283 10478
1284 10477
1285 10476
1286 10475
1287 10474
1288 10473
1289 10472
1290 10471
1291 11133
1292 11132
1293 11131
1294 11130
1295 11129
1296 11128
1297 11127
1298 11126
1299 11125
1300 11124
1301 11123
1302 11122
1307 11729
1308 11728
1309 11727
1310 11726
1311 11725
1312 11724
1313 11723
1314 11722
1315 11721
1316 11720
1317 11719
1318 11718
1319 11574
1320 11573
1321 11572
1322 11571
1323 11570
1324 11569
1325 11568
1326 11567
1327 11803
1328 11802
1329 11801
1330 11800
1331 11799
1332 11798
1333 11797
1334 11796
1335 11692
1336 11691
1337 11690
1338 11689
1339 11688
1340 11687
1341 11686
1342 11685
1343 11523
1344 11522
1345 11521
1346 11520
1347 11519
1348 11518
1349 11517
1354 12607
1355 12606
1356 12605
1357 12604
1358 12603
1359 12602
1360 12601
1361 12600
1362 12599
1363 12670
1364 12669
1365 12668
1366 12667
1367 12666
1368 12665
1369 12664
1370 12663
1371 12459
1372 12458
1373 12457
1374 12456
1375 12455
1376 12454
1377 12453
1378 12452
1379 12270
1380 12269
1381 12268
1382 12267
1383 12266
1384 12265
1385 12264
1386 12263
1387 12617
1388 12616
1389 12615
1390 12614
1391 12613
1392 12612
1393 12611
1394 12610
1395 12609
1396 12608
1401 13338
1402 13337
1403 13336
1404 13335
1405 13334
1406 13333
1407 13332
1408 13331
1409 13330
1410 13329
1411 13328
1412 13327
1413 13326
1414 13325
1415 12999
1416 12998
1417 12997
1418 12996
1419 12995
1420 12994
1421 12993
1422 12992
1423 12754
1424 12753
1425 12752
1426 12751
1427 12750
1428 12749
1429 12748
1430 12747
1431 13404
1432 13403
1433 13402
1434 13401
1435 13400
1436 13399
1437 13398
1438 13397
1439 13396
1440 13395
1441 13394
1442 13393
1447 13928
1448 13927
1449 13926
1450 13925
1451 13924
1452 13923
1453 13922
1454 13921
1455 13920
1456 13919
1457 13918
1458 13917
1459 13781
1460 13780
1461 13779
1462 13778
1463 13777
1464 13776
1465 13775
1466 13774
1467 13976
1468 13975
1469 13974
1470 13973
1471 13972
1472 13971
1473 13970
1474 13969
1475 13900
1476 13899
1477 13898
1478 13897
1479 13896
1480 13895
1481 13894
1482 13893
1483 14034
1484 14033
1485 14032
1486 14031
1487 14030
1488 14029
1489 14028
1490 14027
1491 14026
1494 14043
1495 14042
1496 14041
1497 14040
1498 14039
1499 14038
1500 14037
1501 14036
1502 14035
1503 13892
1504 13891
1505 13890
1506 13889
1507 13888
1508 13887
1509 13886
1510 13885
1511 14129
1512 14128
1513 14127
1514 14126
1515 14125
1516 14124
1517 14123
1518 14122
1519 13570
1520 13569
1521 13568
1522 13567
1523 13566
1524 13565
1525 13564
1526 13563
1527 13736
1528 13735
1529 13734
1530 13733
1531 13732
1532 13731
1533 13730
1534 13729
1535 13728
1536 13727
1537 13726
1542 13258
1543 13257
1544 13256
1545 13255
1546 13254
1547 13253
1548 13252
1549 13251
1550 13250
1551 13249
1552 13248
1553 13247
1554 12892
1555 12891
1556 12890
1557 12889
1558 12888
1559 12887
1560 12886
1561 12885
1562 13006
1563 13005
1564 13004
1565 13003
1566 13002
1567 13001
1568 13000
1569 13324
1570 13323
1571 13322
1572 13321
1573 13320
1574 13319
1575 13318
1576 13317
1577 13316
1578 13315
1579 13314
1580 13313
1581 13312
1582 13311
1587 12359
1588 12358
1589 12357
1590 12356
1591 12355
1592 12354
1593 12353
1594 12352
1595 12351
1596 12350
1597 12277
1598 12276
1599 12275
1600 12274
1601 12273
1602 12272
1603 12271
1604 12451
1605 12450
1606 12449
1607 12448
1608 12447
1609 12446
1610 12445
1611 12444
1612 12519
1613 12518
1614 12517
1615 12516
1616 12515
1617 12514
1618 12513
1619 12512
1620 12309
1621 12308
1622 12307
1623 12306
1624 12305
1625 12304
1626 12303
1627 12302
1628 12301
1633 11530
1634 11529
1635 11528
1636 11527
1637 11526
1638 11525
1639 11524
1640 11684
1641 11683
1642 11682
1643 11681
1644 11680
1645 11679
1646 11678
1647 11677
1648 11885
1649 11884
1650 11883
1651 11882
1652 11881
1653 11880
1654 11879
1655 11878
1656 11315
1657 11314
1658 11313
1659 11312
1660 11311
1661 11310
1662 11309
1663 11308
1664 11507
1665 11506
1666 11505
1667 11504
1668 11503
1669 11502
1670 11501
1671 11500
1672 11499
1673 11498
1674 11497
1679 10985
1680 10984
1681 10983
1682 10982
1683 10981
1684 10980
1685 10979
1686 10978
1687 10977
1688 10976
1689 10975
1690 10974
1691 10617
1692 10616
1693 10615
1694 10614
1695 10613
1696 10612
1697 10611
1698 10610
1699 10731
1700 10730
1701 10729
1702 10728
1703 10727
1704 10726
1705 10725
1706 11053
1707 11052
1708 11051
1709 11050
1710 11049
1711 11048
1712 11047
1713 11046
1714 11045
1715 11044
1716 11043
1717 11042
1718 11041
1719 11040
1724 10084
1725 10083
1726 10082
1727 10081
1728 10080
1729 10079
1730 10078
1731 10077
1732 10076
1733 10075
1734 10004
1735 10003
1736 10002
1737 10001
1738 10000
1739 9999
1740 9998
1741 10176
1742 10175
1743 10174
1744 10173
1745 10172
1746 10171
1747 10170
1748 10169
1749 10244
1750 10243
1751 10242
1752 10241
1753 10240
1754 10239
1755 10238
1756 10237
1757 10035
1758 10034
1759 10033
1760 10032
1761 10031
1762 10030
1763 10029
1764 10028
1765 10027
1770 9259
1771 9258
1772 9257
1773 9256
1774 9255
1775 9254
1776 9253
1777 9413
1778 9412
1779 9411
1780 9410
1781 9409
1782 9408
1783 9407
1784 9406
1785 9614
1786 9613
1787 9612
1788 9611
1789 9610
1790 9609
1791 9608
1792 9607
1793 9044
1794 9043
1795 9042
1796 9041
1797 9040
1798 9039
1799 9038
1800 9037
1801 9236
1802 9235
1803 9234
1804 9233
1805 9232
1806 9231
1807 9230
1808 9229
1809 9228
1810 9227
1811 9226
1816 8714
1817 8713
1818 8712
1819 8711
1820 8710
1821 8709
1822 8708
1823 8707
1824 8706
1825 8705
1826 8704
1827 8703
1828 8346
1829 8345
1830 8344
1831 8343
1832 8342
1833 8341
1834 8340
1835 8339
1836 8657
1837 8656
1838 8655
1839 8654
1840 8653
1841 8652
1842 8651
1843 8782
1844 8781
1845 8780
1846 8779
1847 8778
1848 8777
1849 8776
1850 8775
1851 8774
1852 8773
1853 8772
1854 8771
1855 8770
1856 8769
1861 7895
1862 7894
1863 7893
1864 7892
1865 7891
1866 7890
1867 7889
1868 7888
1869 7887
1870 7886
1871 7833
1872 7832
1873 7831
1874 7830
1875 7829
1876 7828
1877 7827
1878 7932
1879 7931
1880 7930
1881 7929
1882 7928
1883 7927
1884 7926
1885 7925
1886 7424
1887 7423
1888 7422
1889 7421
1890 7420
1891 7419
1892 7418
1893 7417
1894 7458
1895 7457
1896 7456
1897 7455
1898 7454
1899 7453
1900 7452
1901 7451
1902 7450
1903 7449
1904 7448
1905 7447
1908 7790
1909 7789
1910 7788
1911 7787
1912 7786
1913 7785
1914 7784
1915 7783
1916 7782
1917 7781
1918 7780
1919 7779
1920 7778
1921 7777
1922 7776
1923 7775
1924 7841
1925 7840
1926 7839
1927 7838
1928 7837
1929 7836
1930 7835
1931 7834
1932 7885
1933 7884
1934 7883
1935 7882
1936 7881
1937 7880
1938 7879
1943 8604
1944 8603
1945 8602
1946 8601
1947 8600
1948 8599
1949 8598
1950 8597
1951 8596
1952 8595
1953 8594
1954 8593
1955 8665
1956 8664
1957 8663
1958 8662
1959 8661
1960 8660
1961 8659
1962 8658
1963 8338
1964 8337
1965 8336
1966 8335
1967 8334
1968 8333
1969 8332
1970 8331
1971 8758
1972 8757
1973 8756
1974 8755
1975 8754
1976 8753
1977 8752
1978 8751
1979 8750
1980 8749
1985 9245
1986 9244
1987 9243
1988 9242
1989 9241
1990 9240
1991 9239
1992 9238
1993 9237
1994 9036
1995 9035
1996 9034
1997 9033
1998 9032
1999 9031
2000 9030
2001 9029
2002 9516
2003 9515
2004 9514
2005 9513
2006 9512
2007 9511
2008 9510
2009 9509
2010 9508
2011 9507
2012 9506
2013 9505
2014 9504
2015 9503
2016 9502
2017 9501
2018 9500
2019 9499
2020 9498
2021 9497
2026 9961
2027 9960
2028 9959
2029 9958
2030 9957
2031 9956
2032 9955
2033 9954
2034 9953
2035 9952
2036 9951
2037 9950
2038 9949
2039 9948
2040 9947
2041 9946
2042 9945
2043 9944
2044 9943
2045 9942
2046 9941
2047 9940
2048 10012
2049 10011
2050 10010
2051 10009
2052 10008
2053 10007
2054 10006
2055 10005
2056 10074
2057 10073
2058 10072
2059 10071
2060 10070
2061 10069
2062 10068
2067 10961
2068 10960
2069 10959
2070 10958
2071 10957
2072 10956
2073 10955
2074 10954
2075 10953
2076 10952
2077 10951
2078 10950
2079 10739
2080 10738
2081 10737
2082 10736
2083 10735
2084 10734
2085 10733
2086 10732
2087 10609
2088 10608
2089 10607
2090 10606
2091 10605
2092 10604
2093 10603
2094 10602
2095 11029
2096 11028
2097 11027
2098 11026
2099 11025
2100 11024
2101 11023
2102 11022
2103 11021
2104 11020
2109 11516
2110 11515
2111 11514
2112 11513
2113 11512
2114 11511
2115 11510
2116 11509
2117 11508
2118 11307
2119 11306
2120 11305
2121 11304
2122 11303
2123 11302
2124 11301
2125 11300
2126 11787
2127 11786
2128 11785
2129 11784
2130 11783
2131 11782
2132 11781
2133 11780
2134 11779
2135 11778
2136 11777
2137 11776
2138 11775
2139 11774
2140 11773
2141 11772
2142 11771
2143 11770
2144 11769
2145 11768
2150 12234
2151 12233
2152 12232
2153 12231
2154 12230
2155 12229
2156 12228
2157 12227
2158 12226
2159 12225
2160 12224
2161 12223
2162 12222
2163 12221
2164 12220
2165 12219
2166 12218
2167 12217
2168 12216
2169 12215
2170 12214
2171 12213
2172 12285
2173 12284
2174 12283
2175 12282
2176 12281
2177 12280
2178 12279
2179 12278
2180 12349
2181 12348
2182 12347
2183 12346
2184 12345
2185 12344
2186 12343
2187 12342
2192 13234
2193 13233
2194 13232
2195 13231
2196 13230
2197 13229
2198 13228
2199 13227
2200 13226
2201 13225
2202 13224
2203 13223
2204 13014
2205 13013
2206 13012
2207 13011
2208 13010
2209 13009
2210 13008
2211 13007
2212 12884
2213 12883
2214 12882
2215 12881
2216 12880
2217 12879
2218 12878
2219 12877
2220 13301
2221 13300
2222 13299
2223 13298
2224 13297
2225 13296
2226 13295
2227 13294
2228 13293
2233 13746
2234 13745
2235 13744
2236 13743
2237 13742
2238 13741
2239 13740
2240 13739
2241 13738
2242 13737
2243 13562
2244 13561
2245 13560
2246 13559
2247 13558
2248 13557
2249 13556
2250 13555
2251 13960
2252 13959
2253 13958
2254 13957
2255 13956
2256 13955
2257 13954
2258 13953
2259 13952
2260 13951
2261 13950
2264 13700
2265 13699
2266 13698
2267 14113
2268 14112
2269 14111
2270 14110
2271 14109
2272 14108
2273 14107
2274 14106
2275 13625
2276 13624
2277 13623
2278 13622
2279 13621
2280 13620
2281 13619
2282 13618
2283 13617
2284 13616
2285 13615
2286 13614
2287 13613
2288 13612
2289 13611
2290 13610
2291 13609
2296 13152
2297 13151
2298 13150
2299 13149
2300 13148
2301 13147
2302 13146
2303 13145
2304 13144
2305 13029
2306 13028
2307 13027
2308 13026
2309 13025
2310 13024
2311 13023
2312 13022
2313 13021
2314 13020
2315 13019
2316 13018
2317 13017
2318 13016
2319 13015
2320 13222
2321 13221
2322 13220
2323 13219
2324 13218
2325 13217
2326 13216
2327 13215
2328 13214
2329 13213
2330 13212
2331 13211
2336 12300
2337 12299
2338 12298
2339 12297
2340 12296
2341 12295
2342 12294
2343 12293
2344 12292
2345 12291
2346 12290
2347 12289
2348 12288
2349 12287
2350 12286
2351 12212
2352 12211
2353 12210
2354 12209
2355 12208
2356 12207
2357 12206
2358 12205
2359 12503
2360 12502
2361 12501
2362 12500
2363 12499
2364 12498
2365 12497
2366 12496
2367 12495
2368 12494
2369 12493
2370 12492
2371 12491
2372 12490
2377 11453
2378 11452
2379 11451
2380 11450
2381 11449
2382 11448
2383 11447
2384 11446
2385 11445
2386 11444
2387 11443
2388 11442
2389 11869
2390 11868
2391 11867
2392 11866
2393 11865
2394 11864
2395 11863
2396 11862
2397 11369
2398 11368
2399 11367
2400 11366
2401 11365
2402 11364
2403 11363
2404 11362
2405 11361
2406 11360
2407 11359
2408 11358
2409 11357
2410 11356
2411 11355
2412 11354
2417 10879
2418 10878
2419 10877
2420 10876
2421 10875
2422 10874
2423 10873
2424 10872
2425 10871
2426 10870
2427 10754
2428 10753
2429 10752
2430 10751
2431 10750
2432 10749
2433 10748
2434 10747
2435 10746
2436 10745
2437 10744
2438 10743
2439 10742
2440 10741
2441 10740
2442 10949
2443 10948
2444 10947
2445 10946
2446 10945
2447 10944
2448 10943
2449 10942
2450 10941
2451 10940
2452 10939
2453 10938
2458 10026
2459 10025
2460 10024
2461 10023
2462 10022
2463 10021
2464 10020
2465 10019
2466 10018
2467 10017
2468 10016
2469 10015
2470 10014
2471 10013
2472 9939
2473 9938
2474 9937
2475 9936
2476 9935
2477 9934
2478 9933
2479 9932
2480 10228
2481 10227
2482 10226
2483 10225
2484 10224
2485 10223
2486 10222
2487 10221
2488 10220
2489 10219
2490 10218
2491 10217
2492 10216
2493 10215
2498 9182
2499 9181
2500 9180
2501 9179
2502 9178
2503 9177
2504 9176
2505 9175
2506 9174
2507 9173
2508 9172
2509 9171
2510 9598
2511 9597
2512 9596
2513 9595
2514 9594
2515 9593
2516 9592
2517 9591
2518 9098
2519 9097
2520 9096
2521 9095
2522 9094
2523 9093
2524 9092
2525 9091
2526 9090
2527 9089
2528 9088
2529 9087
2530 9086
2531 9085
2532 9084
2533 9083
2538 8690
2539 8689
2540 8688
2541 8687
2542 8686
2543 8685
2544 8684
2545 8683
2546 8682
2547 8681
2548 8680
2549 8679
2550 8678
2551 8677
2552 8676
2553 8675
2554 8674
2555 8673
2556 8672
2557 8671
2558 8670
2559 8669
2560 8668
2561 8667
2562 8666
2563 8592
2564 8591
2565 8590
2566 8589
2567 8588
2568 8587
2569 8586
2570 8585
2571 8584
2572 8583
2573 8582
2574 8581
2579 7855
2580 7854
2581 7853
2582 7852
2583 7851
2584 7850
2585 7849
2586 7848
2587 7847
2588 7846
2589 7845
2590 7844
2591 7843
2592 7842
2593 7774
2594 7773
2595 7772
2596 7771
2597 7770
2598 7769
2599 7768
2600 7767
2601 7408
2602 7407
2603 7406
2604 7405
2605 7404
2606 7403
2607 7402
2608 7401
2611 7470
2612 7469
2613 7468
2614 7467
2615 7466
2616 7465
2617 7464
2618 7463
2619 7462
2620 7461
2621 7460
2622 7459
2623 7416
2624 7415
2625 7414
2626 7413
2627 7412
2628 7411
2629 7410
2630 7409
2631 7766
2632 7765
2633 7764
2634 7763
2635 7762
2636 7761
2637 7760
2638 7759
2639 7515
2640 7514
2641 7513
2642 7512
2643 7511
2644 7510
2645 7509
2646 7508
2647 7865
2648 7864
2649 7863
2650 7862
2651 7861
2652 7860
2653 7859
2654 7858
2655 7857
2656 7856
2661 8550
2662 8549
2663 8548
2664 8547
2665 8546
2666 8545
2667 8544
2668 8543
2669 8542
2670 8541
2671 8540
2672 8539
2673 8538
2674 8537
2675 8246
2676 8245
2677 8244
2678 8243
2679 8242
2680 8241
2681 8240
2682 8239
2683 8354
2684 8353
2685 8352
2686 8351
2687 8350
2688 8349
2689 8348
2690 8347
2691 8702
2692 8701
2693 8700
2694 8699
2695 8698
2696 8697
2697 8696
2698 8695
2699 8694
2700 8693
2701 8692
2702 8691
2707 9207
2708 9206
2709 9205
2710 9204
2711 9203
2712 9202
2713 9201
2714 9200
2715 9199
2716 9198
2717 9197
2718 9196
2719 9052
2720 9051
2721 9050
2722 9049
2723 9048
2724 9047
2725 9046
2726 9045
2727 9606
2728 9605
2729 9604
2730 9603
2731 9602
2732 9601
2733 9600
2734 9599
2735 9170
2736 9169
2737 9168
2738 9167
2739 9166
2740 9165
2741 9164
2742 9163
2743 9005
2744 9004
2745 9003
2746 9002
2747 9001
2748 9000
2749 8999
2754 10044
2755 10043
2756 10042
2757 10041
2758 10040
2759 10039
2760 10038
2761 10037
2762 10036
2763 10236
2764 10235
2765 10234
2766 10233
2767 10232
2768 10231
2769 10230
2770 10229
2771 9931
2772 9930
2773 9929
2774 9928
2775 9927
2776 9926
2777 9925
2778 9924
2779 9771
2780 9770
2781 9769
2782 9768
2783 9767
2784 9766
2785 9765
2786 9764
2787 10054
2788 10053
2789 10052
2790 10051
2791 10050
2792 10049
2793 10048
2794 10047
2795 10046
2796 10045
2801 10907
2802 10906
2803 10905
2804 10904
2805 10903
2806 10902
2807 10901
2808 10900
2809 10899
2810 10898
2811 10897
2812 10896
2813 10895
2814 10894
2815 10517
2816 10516
2817 10515
2818 10514
2819 10513
2820 10512
2821 10511
2822 10510
2823 10625
2824 10624
2825 10623
2826 10622
2827 10621
2828 10620
2829 10619
2830 10618
2831 10973
2832 10972
2833 10971
2834 10970
2835 10969
2836 10968
2837 10967
2838 10966
2839 10965
2840 10964
2841 10963
2842 10962
2847 11478
2848 11477
2849 11476
2850 11475
2851 11474
2852 11473
2853 11472
2854 11471
2855 11470
2856 11469
2857 11468
2858 11467
2859 11323
2860 11322
2861 11321
2862 11320
2863 11319
2864 11318
2865 11317
2866 11316
2867 11877
2868 11876
2869 11875
2870 11874
2871 11873
2872 11872
2873 11871
2874 11870
2875 11441
2876 11440
2877 11439
2878 11438
2879 11437
2880 11436
2881 11435
2882 11434
2883 11276
2884 11275
2885 11274
2886 11273
2887 11272
2888 11271
2889 11270
2894 12318
2895 12317
2896 12316
2897 12315
2898 12314
2899 12313
2900 12312
2901 12311
2902 12310
2903 12511
2904 12510
2905 12509
2906 12508
2907 12507
2908 12506
2909 12505
2910 12504
2911 12204
2912 12203
2913 12202
2914 12201
2915 12200
2916 12199
2917 12198
2918 12197
2919 12196
2920 12195
2921 12194
2922 12193
2923 12192
2924 12191
2925 12190
2926 12189
2927 12328
2928 12327
2929 12326
2930 12325
2931 12324
2932 12323
2933 12322
2934 12321
2935 12320
2936 12319
2941 13180
2942 13179
2943 13178
2944 13177
2945 13176
2946 13175
2947 13174
2948 13173
2949 13172
2950 13171
2951 13170
2952 13169
2953 13168
2954 13167
2955 12793
2956 12792
2957 12791
2958 12790
2959 12789
2960 12788
2961 12787
2962 12786
2963 12900
2964 12899
2965 12898
2966 12897
2967 12896
2968 12895
2969 12894
2970 12893
2971 13246
2972 13245
2973 13244
2974 13243
2975 13242
2976 13241
2977 13240
2978 13239
2979 13238
2980 13237
2981 13236
2982 13235
2987 13725
2988 13724
2989 13723
2990 13722
2991 13721
2992 13720
2993 13719
2994 13718
2995 13717
2996 13716
2997 13715
2998 13714
2999 13578
3000 13577
3001 13576
3002 13575
3003 13574
3004 13573
3005 13572
3006 13571
3007 14121
3008 14120
3009 14119
3010 14118
3011 14117
3012 14116
3013 14115
3014 14114
3015 13697
3016 13696
3017 13695
3018 13694
3019 13693
3020 13692
3021 13691
3022 13690
3023 14074
3024 14073
3025 14072
3026 14071
3027 14070
3028 14069
3029 14068
3030 14067
3031 14066
3034 14083
3035 14082
3036 14081
3037 14080
3038 14079
3039 14078
3040 14077
3041 14076
3042 14075
3043 13689
3044 13688
3045 13687
3046 13686
3047 13685
3048 13684
3049 13683
3050 13682
3051 13852
3052 13851
3053 13850
3054 13849
3055 13848
3056 13847
3057 13846
3058 13845
3059 13641
3060 13640
3061 13639
3062 13638
3063 13637
3064 13636
3065 13635
3066 13634
3067 13527
3068 13526
3069 13525
3070 13524
3071 13523
3072 13522
3073 13521
3074 13520
3075 13519
3076 13518
3077 13517
3082 13100
3083 13099
3084 13098
3085 13097
3086 13096
3087 13095
3088 13094
3089 13093
3090 13092
3091 13091
3092 13090
3093 13089
3094 13045
3095 13044
3096 13043
3097 13042
3098 13041
3099 13040
3100 13039
3101 13038
3102 12800
3103 12799
3104 12798
3105 12797
3106 12796
3107 12795
3108 12794
3109 13166
3110 13165
3111 13164
3112 13163
3113 13162
3114 13161
3115 13160
3116 13159
3117 13158
3118 13157
3119 13156
3120 13155
3121 13154
3122 13153
3127 12138
3128 12137
3129 12136
3130 12135
3131 12134
3132 12133
3133 12132
3134 12131
3135 12130
3136 12129
3137 12056
3138 12055
3139 12054
3140 12053
3141 12052
3142 12051
3143 12050
3144 12049
3145 12048
3146 12047
3147 12046
3148 12045
3149 12044
3150 12043
3151 12042
3152 12411
3153 12410
3154 12409
3155 12408
3156 12407
3157 12406
3158 12405
3159 12404
3160 12088
3161 12087
3162 12086
3163 12085
3164 12084
3165 12083
3166 12082
3167 12081
3168 12080
3173 11283
3174 11282
3175 11281
3176 11280
3177 11279
3178 11278
3179 11277
3180 11433
3181 11432
3182 11431
3183 11430
3184 11429
3185 11428
3186 11427
3187 11426
3188 11644
3189 11643
3190 11642
3191 11641
3192 11640
3193 11639
3194 11638
3195 11637
3196 11385
3197 11384
3198 11383
3199 11382
3200 11381
3201 11380
3202 11379
3203 11378
3204 11260
3205 11259
3206 11258
3207 11257
3208 11256
3209 11255
3210 11254
3211 11253
3212 11252
3213 11251
3214 11250
3219 10825
3220 10824
3221 10823
3222 10822
3223 10821
3224 10820
3225 10819
3226 10818
3227 10817
3228 10816
3229 10815
3230 10814
3231 10770
3232 10769
3233 10768
3234 10767
3235 10766
3236 10765
3237 10764
3238 10763
3239 10524
3240 10523
3241 10522
3242 10521
3243 10520
3244 10519
3245 10518
3246 10893
3247 10892
3248 10891
3249 10890
3250 10889
3251 10888
3252 10887
3253 10886
3254 10885
3255 10884
3256 10883
3257 10882
3258 10881
3259 10880
3264 9858
3265 9857
3266 9856
3267 9855
3268 9854
3269 9853
3270 9852
3271 9851
3272 9850
3273 9849
3274 9778
3275 9777
3276 9776
3277 9775
3278 9774
3279 9773
3280 9772
3281 9923
3282 9922
3283 9921
3284 9920
3285 9919
3286 9918
3287 9917
3288 9916
3289 10136
3290 10135
3291 10134
3292 10133
3293 10132
3294 10131
3295 10130
3296 10129
3297 9809
3298 9808
3299 9807
3300 9806
3301 9805
3302 9804
3303 9803
3304 9802
3305 9801
3310 9012
3311 9011
3312 9010
3313 9009
3314 9008
3315 9007
3316 9006
3317 9162
3318 9161
3319 9160
3320 9159
3321 9158
3322 9157
3323 9156
3324 9155
3325 9373
3326 9372
3327 9371
3328 9370
3329 9369
3330 9368
3331 9367
3332 9366
3333 9114
3334 9113
3335 9112
3336 9111
3337 9110
3338 9109
3339 9108
3340 9107
3341 8989
3342 8988
3343 8987
3344 8986
3345 8985
3346 8984
3347 8983
3348 8982
3349 8981
3350 8980
3351 8979
3356 8488
3357 8487
3358 8486
3359 8485
3360 8484
3361 8483
3362 8482
3363 8481
3364 8480
3365 8479
3366 8478
3367 8477
3368 8433
3369 8432
3370 8431
3371 8430
3372 8429
3373 8428
3374 8427
3375 8426
3376 8253
3377 8252
3378 8251
3379 8250
3380 8249
3381 8248
3382 8247
3383 8536
3384 8535
3385 8534
3386 8533
3387 8532
3388 8531
3389 8530
3390 8529
3391 8528
3392 8527
3393 8526
3394 8525
3395 8524
3396 8523
3401 7584
3402 7583
3403 7582
3404 7581
3405 7580
3406 7579
3407 7578
3408 7577
3409 7576
3410 7575
3411 7522
3412 7521
3413 7520
3414 7519
3415 7518
3416 7517
3417 7516
3418 7758
3419 7757
3420 7756
3421 7755
3422 7754
3423 7753
3424 7752
3425 7751
3426 7718
3427 7717
3428 7716
3429 7715
3430 7714
3431 7713
3432 7712
3433 7711
3434 7673
3435 7672
3436 7671
3437 7670
3438 7669
3439 7668
3440 7667
3441 7666
3442 7665
3443 7664
3444 7663
3445 7662
3448 7661
3449 7660
3450 7659
3451 7658
3452 7657
3453 7656
3454 7655
3455 7654
3456 7653
3457 7652
3458 7651
3459 7650
3460 7649
3461 7648
3462 7647
3463 7646
3464 7645
3465 7644
3466 7643
3467 7642
3468 7641
3469 7640
3470 7639
3471 7638
3472 7637
3473 7530
3474 7529
3475 7528
3476 7527
3477 7526
3478 7525
3479 7524
3480 7523
3481 7574
3482 7573
3483 7572
3484 7571
3485 7570
3486 7569
3487 7568
3492 8173
3493 8172
3494 8171
3495 8170
3496 8169
3497 8168
3498 8167
3499 8166
3500 8165
3501 8164
3502 8163
3503 8162
3504 8261
3505 8260
3506 8259
3507 8258
3508 8257
3509 8256
3510 8255
3511 8254
3512 8425
3513 8424
3514 8423
3515 8422
3516 8421
3517 8420
3518 8419
3519 8418
3520 8417
3521 8416
3522 8415
3523 8414
3524 8413
3525 8412
3526 8411
3527 8410
3528 8409
3529 8408
3534 8998
3535 8997
3536 8996
3537 8995
3538 8994
3539 8993
3540 8992
3541 8991
3542 8990
3543 9106
3544 9105
3545 9104
3546 9103
3547 9102
3548 9101
3549 9100
3550 9099
3551 9590
3552 9589
3553 9588
3554 9587
3555 9586
3556 9585
3557 9584
3558 9583
3559 9582
3560 9581
3561 9580
3562 9579
3563 9578
3564 9577
3565 9576
3566 9575
3567 9574
3568 9573
3569 9572
3570 9571
3575 9735
3576 9734
3577 9733
3578 9732
3579 9731
3580 9730
3581 9729
3582 9728
3583 9727
3584 9726
3585 9725
3586 9724
3587 9723
3588 9722
3589 9721
3590 9720
3591 9719
3592 9718
3593 9717
3594 9716
3595 9715
3596 9714
3597 9786
3598 9785
3599 9784
3600 9783
3601 9782
3602 9781
3603 9780
3604 9779
3605 9848
3606 9847
3607 9846
3608 9845
3609 9844
3610 9843
3611 9842
3616 10444
3617 10443
3618 10442
3619 10441
3620 10440
3621 10439
3622 10438
3623 10437
3624 10436
3625 10435
3626 10434
3627 10433
3628 10532
3629 10531
3630 10530
3631 10529
3632 10528
3633 10527
3634 10526
3635 10525
3636 10762
3637 10761
3638 10760
3639 10759
3640 10758
3641 10757
3642 10756
3643 10755
3644 10869
3645 10868
3646 10867
3647 10866
3648 10865
3649 10864
3650 10863
3651 10862
3652 10861
3653 10860
3658 11269
3659 11268
3660 11267
3661 11266
3662 11265
3663 11264
3664 11263
3665 11262
3666 11261
3667 11377
3668 11376
3669 11375
3670 11374
3671 11373
3672 11372
3673 11371
3674 11370
3675 11861
3676 11860
3677 11859
3678 11858
3679 11857
3680 11856
3681 11855
3682 11854
3683 11853
3684 11852
3685 11851
3686 11850
3687 11849
3688 11848
3689 11847
3690 11846
3691 11845
3692 11844
3693 11843
3694 11842
3699 12006
3700 12005
3701 12004
3702 12003
3703 12002
3704 12001
3705 12000
3706 11999
3707 11998
3708 11997
3709 11996
3710 11995
3711 11994
3712 11993
3713 11992
3714 11991
3715 11990
3716 11989
3717 11988
3718 11987
3719 11986
3720 11985
3721 12064
3722 12063
3723 12062
3724 12061
3725 12060
3726 12059
3727 12058
3728 12057
3729 12128
3730 12127
3731 12126
3732 12125
3733 12124
3734 12123
3735 12122
3736 12121
3741 12721
3742 12720
3743 12719
3744 12718
3745 12717
3746 12716
3747 12715
3748 12714
3749 12713
3750 12712
3751 12711
3752 12710
3753 12808
3754 12807
3755 12806
3756 12805
3757 12804
3758 12803
3759 12802
3760 12801
3761 13037
3762 13036
3763 13035
3764 13034
3765 13033
3766 13032
3767 13031
3768 13030
3769 13143
3770 13142
3771 13141
3772 13140
3773 13139
3774 13138
3775 13137
3776 13136
3777 13135
3782 13537
3783 13536
3784 13535
3785 13534
3786 13533
3787 13532
3788 13531
3789 13530
3790 13529
3791 13528
3792 13633
3793 13632
3794 13631
3795 13630
3796 13629
3797 13628
3798 13627
3799 13626
3800 14105
3801 14104
3802 14103
3803 14102
3804 14101
3805 14100
3806 14099
3807 14098
3808 14097
3809 14096
3810 14095
3811 14094
3812 14093
3813 14092
3814 14091
3815 14090
3816 14089
3817 14088
3818 14087
3819 14086
3820 14085
3821 14084
3824 13464
3825 13463
3826 13462
3827 13461
3828 13460
3829 13459
3830 13458
3831 13457
3832 13456
3833 13455
3834 13454
3835 13453
3836 13452
3837 13451
3838 13836
3839 13835
3840 13834
3841 13833
3842 13832
3843 13831
3844 13830
3845 13829
3846 13828
3847 13827
3848 13826
3849 13825
3850 13824
3851 13823
3852 13822
3853 13821
3854 13820
3855 13819
3856 13818
3857 13817
3858 13816
3859 13815
3860 13814
3861 13813
3862 13812
3867 12832
3868 12831
3869 12830
3870 12829
3871 12828
3872 12827
3873 12826
3874 12825
3875 12824
3876 12823
3877 12822
3878 12821
3879 12820
3880 12819
3881 12818
3882 12817
3883 12816
3884 12815
3885 12814
3886 12813
3887 12812
3888 12811
3889 12810
3890 12809
3891 12709
3892 12708
3893 12707
3894 12706
3895 12705
3896 12704
3897 12703
3898 12702
3899 12701
3900 12700
3901 12699
3902 12698
3907 12079
3908 12078
3909 12077
3910 12076
3911 12075
3912 12074
3913 12073
3914 12072
3915 12071
3916 12070
3917 12069
3918 12068
3919 12067
3920 12066
3921 12065
3922 11984
3923 11983
3924 11982
3925 11981
3926 11980
3927 11979
3928 11978
3929 11977
3930 12395
3931 12394
3932 12393
3933 12392
3934 12391
3935 12390
3936 12389
3937 12388
3938 12387
3939 12386
3940 12385
3941 12384
3942 12383
3943 12382
3948 11206
3949 11205
3950 11204
3951 11203
3952 11202
3953 11201
3954 11200
3955 11199
3956 11198
3957 11197
3958 11196
3959 11195
3960 11628
3961 11627
3962 11626
3963 11625
3964 11624
3965 11623
3966 11622
3967 11621
3968 11620
3969 11619
3970 11618
3971 11617
3972 11616
3973 11615
3974 11614
3975 11613
3976 11612
3977 11611
3978 11610
3979 11609
3980 11608
3981 11607
3982 11606
3983 11605
3988 10557
3989 10556
3990 10555
3991 10554
3992 10553
3993 10552
3994 10551
3995 10550
3996 10549
3997 10548
3998 10547
3999 10546
4000 10545
4001 10544
4002 10543
4003 10542
4004 10541
4005 10540
4006 10539
4007 10538
4008 10537
4009 10536
4010 10535
4011 10534
4012 10533
4013 10432
4014 10431
4015 10430
4016 10429
4017 10428
4018 10427
4019 10426
4020 10425
4021 10424
4022 10423
4023 10422
4024 10421
4029 9800
4030 9799
4031 9798
4032 9797
4033 9796
4034 9795
4035 9794
4036 9793
4037 9792
4038 9791
4039 9790
4040 9789
4041 9788
4042 9787
4043 9713
4044 9712
4045 9711
4046 9710
4047 9709
4048 9708
4049 9707
4050 9706
4051 10120
4052 10119
4053 10118
4054 10117
4055 10116
4056 10115
4057 10114
4058 10113
4059 10112
4060 10111
4061 10110
4062 10109
4063 10108
4064 10107
4069 8935
4070 8934
4071 8933
4072 8932
4073 8931
4074 8930
4075 8929
4076 8928
4077 8927
4078 8926
4079 8925
4080 8924
4081 9357
4082 9356
4083 9355
4084 9354
4085 9353
4086 9352
4087 9351
4088 9350
4089 9349
4090 9348
4091 9347
4092 9346
4093 9345
4094 9344
4095 9343
4096 9342
4097 9341
4098 9340
4099 9339
4100 9338
4101 9337
4102 9336
4103 9335
4104 9334
4109 8286
4110 8285
4111 8284
4112 8283
4113 8282
4114 8281
4115 8280
4116 8279
4117 8278
4118 8277
4119 8276
4120 8275
4121 8274
4122 8273
4123 8272
4124 8271
4125 8270
4126 8269
4127 8268
4128 8267
4129 8266
4130 8265
4131 8264
4132 8263
4133 8262
4134 8161
4135 8160
4136 8159
4137 8158
4138 8157
4139 8156
4140 8155
4141 8154
4142 8153
4143 8152
4144 8151
4145 8150
4150 7544
4151 7543
4152 7542
4153 7541
4154 7540
4155 7539
4156 7538
4157 7537
4158 7536
4159 7535
4160 7534
4161 7533
4162 7532
4163 7531
4164 7636
4165 7635
4166 7634
4167 7633
4168 7632
4169 7631
4170 7630
4171 7629
4172 7702
4173 7701
4174 7700
4175 7699
4176 7698
4177 7697
4178 7696
4179 7695
4180 7694
4181 7693
4182 7692
4183 7691
4184 7690
4185 7689
4186 7688
4187 7687
4188 7686
4191 7685
4192 7684
4193 7683
4194 7682
4195 7681
4196 7680
4197 7679
4198 7678
4199 7677
4200 7676
4201 7675
4202 7674
4203 7710
4204 7709
4205 7708
4206 7707
4207 7706
4208 7705
4209 7704
4210 7703
4211 7628
4212 7627
4213 7626
4214 7625
4215 7624
4216 7623
4217 7622
4218 7621
4219 7620
4220 7619
4221 7618
4222 7617
4223 7616
4224 7615
4225 7614
4226 7613
4227 7554
4228 7553
4229 7552
4230 7551
4231 7550
4232 7549
4233 7548
4234 7547
4235 7546
4236 7545
4241 8407
4242 8406
4243 8405
4244 8404
4245 8403
4246 8402
4247 8401
4248 8400
4249 8399
4250 8398
4251 8397
4252 8396
4253 8395
4254 8394
4255 8393
4256 8392
4257 8391
4258 8390
4259 8389
4260 8388
4261 8387
4262 8386
4263 8441
4264 8440
4265 8439
4266 8438
4267 8437
4268 8436
4269 8435
4270 8434
4271 8476
4272 8475
4273 8474
4274 8473
4275 8472
4276 8471
4277 8470
4278 8469
4279 8468
4280 8467
4281 8466
4282 8465
4287 8960
4288 8959
4289 8958
4290 8957
4291 8956
4292 8955
4293 8954
4294 8953
4295 8952
4296 8951
4297 8950
4298 8949
4299 9122
4300 9121
4301 9120
4302 9119
4303 9118
4304 9117
4305 9116
4306 9115
4307 9365
4308 9364
4309 9363
4310 9362
4311 9361
4312 9360
4313 9359
4314 9358
4315 8923
4316 8922
4317 8921
4318 8920
4319 8919
4320 8918
4321 8917
4322 8916
4323 8915
4324 8914
4325 8913
4326 8912
4327 8911
4328 8910
4329 8909
4334 9818
4335 9817
4336 9816
4337 9815
4338 9814
4339 9813
4340 9812
4341 9811
4342 9810
4343 10128
4344 10127
4345 10126
4346 10125
4347 10124
4348 10123
4349 10122
4350 10121
4351 9705
4352 9704
4353 9703
4354 9702
4355 9701
4356 9700
4357 9699
4358 9698
4359 9697
4360 9696
4361 9695
4362 9694
4363 9693
4364 9692
4365 9691
4366 9690
4367 9828
4368 9827
4369 9826
4370 9825
4371 9824
4372 9823
4373 9822
4374 9821
4375 9820
4376 9819
4381 10678
4382 10677
4383 10676
4384 10675
4385 10674
4386 10673
4387 10672
4388 10671
4389 10670
4390 10669
4391 10668
4392 10667
4393 10666
4394 10665
4395 10664
4396 10663
4397 10662
4398 10661
4399 10660
4400 10659
4401 10658
4402 10657
4403 10778
4404 10777
4405 10776
4406 10775
4407 10774
4408 10773
4409 10772
4410 10771
4411 10813
4412 10812
4413 10811
4414 10810
4415 10809
4416 10808
4417 10807
4418 10806
4419 10805
4420 10804
4421 10803
4422 10802
4427 11231
4428 11230
4429 11229
4430 11228
4431 11227
4432 11226
4433 11225
4434 11224
4435 11223
4436 11222
4437 11221
4438 11220
4439 11393
4440 11392
4441 11391
4442 11390
4443 11389
4444 11388
4445 11387
4446 11386
4447 11636
4448 11635
4449 11634
4450 11633
4451 11632
4452 11631
4453 11630
4454 11629
4455 11194
4456 11193
4457 11192
4458 11191
4459 11190
4460 11189
4461 11188
4462 11187
4463 11186
4464 11185
4465 11184
4466 11183
4467 11182
4468 11181
4469 11180
4474 12097
4475 12096
4476 12095
4477 12094
4478 12093
4479 12092
4480 12091
4481 12090
4482 12089
4483 12403
4484 12402
4485 12401
4486 12400
4487 12399
4488 12398
4489 12397
4490 12396
4491 11976
4492 11975
4493 11974
4494 11973
4495 11972
4496 11971
4497 11970
4498 11969
4499 11968
4500 11967
4501 11966
4502 11965
4503 11964
4504 11963
4505 11962
4506 11961
4507 12107
4508 12106
4509 12105
4510 12104
4511 12103
4512 12102
4513 12101
4514 12100
4515 12099
4516 12098
4521 12953
4522 12952
4523 12951
4524 12950
4525 12949
4526 12948
4527 12947
4528 12946
4529 12945
4530 12944
4531 12943
4532 12942
4533 12941
4534 12940
4535 12939
4536 12938
4537 12937
4538 12936
4539 12935
4540 12934
4541 12933
4542 12932
4543 13053
4544 13052
4545 13051
4546 13050
4547 13049
4548 13048
4549 13047
4550 13046
4551 13088
4552 13087
4553 13086
4554 13085
4555 13084
4556 13083
4557 13082
4558 13081
4559 13080
4560 13079
4561 13078
4562 13077
4567 13506
4568 13505
4569 13504
4570 13503
4571 13502
4572 13501
4573 13500
4574 13499
4575 13498
4576 13497
4577 13496
4578 13495
4579 13649
4580 13648
4581 13647
4582 13646
4583 13645
4584 13644
4585 13643
4586 13642
4587 13844
4588 13843
4589 13842
4590 13841
4591 13840
4592 13839
4593 13838
4594 13837
4595 13481
4596 13480
4597 13479
4598 13478
4599 13477
4600 13476
4601 13475
4602 13474
4603 13473
4604 13472
4605 13471
4606 13470
4607 13469
4608 13468
4609 13467
4610 13466
4611 13465
4614 13516
4615 13515
4616 13514
4617 13513
4618 13512
4619 13673
4620 13672
4621 13671
4622 13670
4623 13669
4624 13668
4625 13667
4626 13666
4627 13665
4628 13664
4629 13663
4630 13662
4631 13661
4632 13660
4633 13659
4634 13658
4635 13657
4636 13656
4637 13655
4638 13654
4639 13653
4640 13652
4641 13651
4642 13650
4643 13494
4644 13493
4645 13492
4646 13491
4647 13490
4648 13489
4649 13488
4650 13487
4651 13486
4652 13485
4653 13484
4654 13483
4655 13482
4660 13076
4661 13075
4662 13074
4663 13073
4664 13072
4665 13071
4666 13070
4667 13069
4668 13068
4669 13067
4670 13066
4671 13065
4672 13064
4673 13063
4674 13062
4675 13061
4676 13060
4677 13059
4678 13058
4679 13057
4680 13056
4681 13055
4682 13054
4683 12931
4684 12930
4685 12929
4686 12928
4687 12927
4688 12926
4689 12925
4690 13117
4691 13116
4692 13115
4693 13114
4694 13113
4695 13112
4696 13111
4697 13110
4698 13109
4699 13108
4700 13107
4701 13106
4702 13105
4703 13104
4704 13103
4705 13102
4706 13101
4711 12120
4712 12119
4713 12118
4714 12117
4715 12116
4716 12115
4717 12114
4718 12113
4719 12112
4720 12111
4721 12110
4722 12109
4723 12108
4724 11960
4725 11959
4726 11958
4727 11957
4728 11956
4729 11955
4730 11954
4731 12033
4732 12032
4733 12031
4734 12030
4735 12029
4736 12028
4737 12027
4738 12026
4739 12025
4740 12024
4741 12023
4742 12022
4743 12021
4744 12020
4745 12019
4746 12018
4747 12017
4748 12016
4749 12015
4750 12014
4751 12013
4752 12012
4753 12011
4754 12010
4755 12009
4756 12008
4757 12007
4762 11249
4763 11248
4764 11247
4765 11246
4766 11245
4767 11244
4768 11243
4769 11242
4770 11241
4771 11417
4772 11416
4773 11415
4774 11414
4775 11413
4776 11412
4777 11411
4778 11410
4779 11409
4780 11408
4781 11407
4782 11406
4783 11405
4784 11404
4785 11403
4786 11402
4787 11401
4788 11400
4789 11399
4790 11398
4791 11397
4792 11396
4793 11395
4794 11394
4795 11219
4796 11218
4797 11217
4798 11216
4799 11215
4800 11214
4801 11213
4802 11212
4803 11211
4804 11210
4805 11209
4806 11208
4807 11207
4812 10801
4813 10800
4814 10799
4815 10798
4816 10797
4817 10796
4818 10795
4819 10794
4820 10793
4821 10792
4822 10791
4823 10790
4824 10789
4825 10788
4826 10787
4827 10786
4828 10785
4829 10784
4830 10783
4831 10782
4832 10781
4833 10780
4834 10779
4835 10656
4836 10655
4837 10654
4838 10653
4839 10652
4840 10651
4841 10650
4842 10842
4843 10841
4844 10840
4845 10839
4846 10838
4847 10837
4848 10836
4849 10835
4850 10834
4851 10833
4852 10832
4853 10831
4854 10830
4855 10829
4856 10828
4857 10827
4858 10826
4863 9841
4864 9840
4865 9839
4866 9838
4867 9837
4868 9836
4869 9835
4870 9834
4871 9833
4872 9832
4873 9831
4874 9830
4875 9829
4876 9689
4877 9688
4878 9687
4879 9686
4880 9685
4881 9684
4882 9683
4883 9907
4884 9906
4885 9905
4886 9904
4887 9903
4888 9902
4889 9901
4890 9900
4891 9899
4892 9898
4893 9897
4894 9896
4895 9895
4896 9894
4897 9893
4898 9892
4899 9891
4900 9890
4901 9889
4902 9888
4903 9887
4904 9886
4905 9885
4906 9884
4907 9883
4908 9882
4909 9881
4914 8978
4915 8977
4916 8976
4917 8975
4918 8974
4919 8973
4920 8972
4921 8971
4922 8970
4923 9146
4924 9145
4925 9144
4926 9143
4927 9142
4928 9141
4929 9140
4930 9139
4931 9138
4932 9137
4933 9136
4934 9135
4935 9134
4936 9133
4937 9132
4938 9131
4939 9130
4940 9129
4941 9128
4942 9127
4943 9126
4944 9125
4945 9124
4946 9123
4947 8948
4948 8947
4949 8946
4950 8945
4951 8944
4952 8943
4953 8942
4954 8941
4955 8940
4956 8939
4957 8938
4958 8937
4959 8936
4964 8464
4965 8463
4966 8462
4967 8461
4968 8460
4969 8459
4970 8458
4971 8457
4972 8456
4973 8455
4974 8454
4975 8453
4976 8452
4977 8451
4978 8450
4979 8449
4980 8448
4981 8447
4982 8446
4983 8445
4984 8444
4985 8443
4986 8442
4987 8385
4988 8384
4989 8383
4990 8382
4991 8381
4992 8380
4993 8379
4994 8505
4995 8504
4996 8503
4997 8502
4998 8501
4999 8500
5000 8499
5001 8498
5002 8497
5003 8496
5004 8495
5005 8494
5006 8493
5007 8492
5008 8491
5009 8490
5010 8489
5015 7567
5016 7566
5017 7565
5018 7564
5019 7563
5020 7562
5021 7561
5022 7560
5023 7559
5024 7558
5025 7557
5026 7556
5027 7555
5028 7612
5029 7611
5030 7610
5031 7609
5032 7608
5033 7607
5034 7606
5035 7742
5036 7741
5037 7740
5038 7739
5039 7738
5040 7737
5041 7736
5042 7735
5043 7734
5044 7733
5045 7732
5046 7731
5047 7730
5048 7729
5049 7728
5050 7727
5053 7726
5054 7725
5055 7724
5056 7723
5057 7722
5058 7721
5059 7720
5060 7719
5061 7750
5062 7749
5063 7748
5064 7747
5065 7746
5066 7745
5067 7744
5068 7743
5069 7605
5070 7604
5071 7603
5072 7602
5073 7601
5074 7600
5075 7599
5076 7598
5077 7597
5078 7596
5079 7595
5080 7594
5081 7593
5082 7592
5083 7591
5084 7590
5085 7589
5086 7588
5087 7587
5088 7586
5089 7585
5094 8522
5095 8521
5096 8520
5097 8519
5098 8518
5099 8517
5100 8516
5101 8515
5102 8514
5103 8513
5104 8512
5105 8511
5106 8510
5107 8509
5108 8508
5109 8507
5110 8506
5111 8378
5112 8377
5113 8376
5114 8375
5115 8374
5116 8373
5117 8372
5118 8371
5119 8370
5120 8369
5121 8368
5122 8367
5123 8366
5124 8365
5125 8364
5126 8363
5127 8565
5128 8564
5129 8563
5130 8562
5131 8561
5132 8560
5133 8559
5134 8558
5135 8557
5136 8556
5137 8555
5138 8554
5139 8553
5140 8552
5141 8551
5146 9082
5147 9081
5148 9080
5149 9079
5150 9078
5151 9077
5152 9076
5153 9075
5154 9074
5155 9073
5156 9072
5157 9071
5158 9070
5159 9069
5160 9068
5161 9067
5162 9066
5163 9065
5164 9064
5165 9063
5166 9062
5167 9061
5168 9381
5169 9380
5170 9379
5171 9378
5172 9377
5173 9376
5174 9375
5175 9374
5176 9154
5177 9153
5178 9152
5179 9151
5180 9150
5181 9149
5182 9148
5183 9147
5184 8969
5185 8968
5186 8967
5187 8966
5188 8965
5189 8964
5190 8963
5191 8962
5192 8961
5197 9880
5198 9879
5199 9878
5200 9877
5201 9876
5202 9875
5203 9874
5204 9873
5205 9872
5206 9871
5207 9870
5208 10144
5209 10143
5210 10142
5211 10141
5212 10140
5213 10139
5214 10138
5215 10137
5216 9915
5217 9914
5218 9913
5219 9912
5220 9911
5221 9910
5222 9909
5223 9908
5224 9682
5225 9681
5226 9680
5227 9679
5228 9678
5229 9677
5230 9676
5231 9675
5232 9674
5233 9673
5234 9672
5235 9671
5236 9670
5237 9669
5238 9668
5239 9667
5240 9666
5241 9665
5242 9664
5243 9663
5244 9662
5249 10859
5250 10858
5251 10857
5252 10856
5253 10855
5254 10854
5255 10853
5256 10852
5257 10851
5258 10850
5259 10849
5260 10848
5261 10847
5262 10846
5263 10845
5264 10844
5265 10843
5266 10649
5267 10648
5268 10647
5269 10646
5270 10645
5271 10644
5272 10643
5273 10642
5274 10641
5275 10640
5276 10639
5277 10638
5278 10637
5279 10636
5280 10635
5281 10634
5282 10922
5283 10921
5284 10920
5285 10919
5286 10918
5287 10917
5288 10916
5289 10915
5290 10914
5291 10913
5292 10912
5293 10911
5294 10910
5295 10909
5296 10908
5301 11353
5302 11352
5303 11351
5304 11350
5305 11349
5306 11348
5307 11347
5308 11346
5309 11345
5310 11344
5311 11343
5312 11342
5313 11341
5314 11340
5315 11339
5316 11338
5317 11337
5318 11336
5319 11335
5320 11334
5321 11333
5322 11332
5323 11652
5324 11651
5325 11650
5326 11649
5327 11648
5328 11647
5329 11646
5330 11645
5331 11425
5332 11424
5333 11423
5334 11422
5335 11421
5336 11420
5337 11419
5338 11418
5339 11240
5340 11239
5341 11238
5342 11237
5343 11236
5344 11235
5345 11234
5346 11233
5347 11232
5352 12160
5353 12159
5354 12158
5355 12157
5356 12156
5357 12155
5358 12154
5359 12153
5360 12152
5361 12151
5362 12150
5363 12419
5364 12418
5365 12417
5366 12416
5367 12415
5368 12414
5369 12413
5370 12412
5371 12041
5372 12040
5373 12039
5374 12038
5375 12037
5376 12036
5377 12035
5378 12034
5379 11953
5380 11952
5381 11951
5382 11950
5383 11949
5384 11948
5385 11947
5386 11946
5387 11945
5388 11944
5389 11943
5390 11942
5391 11941
5392 11940
5393 11939
5394 11938
5395 11937
5396 11936
5397 11935
5398 11934
5399 11933
5404 13134
5405 13133
5406 13132
5407 13131
5408 13130
5409 13129
5410 13128
5411 13127
5412 13126
5413 13125
5414 13124
5415 13123
5416 13122
5417 13121
5418 13120
5419 13119
5420 13118
5421 12924
5422 12923
5423 12922
5424 12921
5425 12920
5426 12919
5427 12918
5428 12917
5429 12916
5430 12915
5431 12914
5432 12913
5433 12912
5434 12911
5435 12910
5436 12909
5437 13195
5438 13194
5439 13193
5440 13192
5441 13191
5442 13190
5443 13189
5444 13188
5445 13187
5446 13186
5447 13185
5448 13184
5449 13183
5450 13182
5451 13181
5456 13608
5457 13607
5458 13606
5459 13605
5460 13604
5461 13603
5462 13602
5463 13601
5464 13600
5465 13599
5466 13598
5467 13597
5468 13596
5469 13595
5470 13594
5471 13593
5472 13592
5473 13591
5474 13590
5475 13589
5476 13588
5477 13587
5478 13860
5479 13859
5480 13858
5481 13857
5482 13856
5483 13855
5484 13854
5485 13853
5486 13681
5487 13680
5488 13679
5489 13678
5490 13677
5491 13676
5492 13675
5493 13674
5494 13511
5495 13510
5496 13509
5497 13508
5498 13507
5501 14065
5502 14064
5503 14063
5504 14062
5505 14061
5506 14060
5507 14059
5508 14058
5509 14057
5510 14056
5511 14055
5512 13876
5513 13875
5514 13874
5515 13873
5516 13872
5517 13871
5518 13870
5519 13869
5520 13868
5521 13867
5522 13866
5523 13865
5524 13864
5525 13863
5526 13862
5527 13861
5528 13586
5529 13585
5530 13584
5531 13583
5532 13582
5533 13581
5534 13580
5535 13579
5536 13713
5537 13712
5538 13711
5539 13710
5540 13709
5541 13708
5542 13707
5543 13706
5544 13705
5545 13704
5546 13703
5547 13702
5548 13701
5553 13210
5554 13209
5555 13208
5556 13207
5557 13206
5558 13205
5559 13204
5560 13203
5561 13202
5562 13201
5563 13200
5564 13199
5565 13198
5566 13197
5567 13196
5568 12908
5569 12907
5570 12906
5571 12905
5572 12904
5573 12903
5574 12902
5575 12901
5576 12785
5577 12784
5578 12783
5579 12782
5580 12781
5581 12780
5582 12779
5583 13275
5584 13274
5585 13273
5586 13272
5587 13271
5588 13270
5589 13269
5590 13268
5591 13267
5592 13266
5593 13265
5594 13264
5595 13263
5596 13262
5597 13261
5598 13260
5599 13259
5604 12341
5605 12340
5606 12339
5607 12338
5608 12337
5609 12336
5610 12335
5611 12334
5612 12333
5613 12332
5614 12331
5615 12330
5616 12329
5617 12188
5618 12187
5619 12186
5620 12185
5621 12184
5622 12183
5623 12182
5624 12435
5625 12434
5626 12433
5627 12432
5628 12431
5629 12430
5630 12429
5631 12428
5632 12427
5633 12426
5634 12425
5635 12424
5636 12423
5637 12422
5638 12421
5639 12420
5640 12149
5641 12148
5642 12147
5643 12146
5644 12145
5645 12144
5646 12143
5647 12142
5648 12141
5649 12140
5650 12139
5655 11496
5656 11495
5657 11494
5658 11493
5659 11492
5660 11491
5661 11490
5662 11489
5663 11488
5664 11668
5665 11667
5666 11666
5667 11665
5668 11664
5669 11663
5670 11662
5671 11661
5672 11660
5673 11659
5674 11658
5675 11657
5676 11656
5677 11655
5678 11654
5679 11653
5680 11331
5681 11330
5682 11329
5683 11328
5684 11327
5685 11326
5686 11325
5687 11324
5688 11466
5689 11465
5690 11464
5691 11463
5692 11462
5693 11461
5694 11460
5695 11459
5696 11458
5697 11457
5698 11456
5699 11455
5700 11454
5705 10937
5706 10936
5707 10935
5708 10934
5709 10933
5710 10932
5711 10931
5712 10930
5713 10929
5714 10928
5715 10927
5716 10926
5717 10925
5718 10924
5719 10923
5720 10633
5721 10632
5722 10631
5723 10630
5724 10629
5725 10628
5726 10627
5727 10626
5728 10509
5729 10508
5730 10507
5731 10506
5732 10505
5733 10504
5734 10503
5735 11002
5736 11001
5737 11000
5738 10999
5739 10998
5740 10997
5741 10996
5742 10995
5743 10994
5744 10993
5745 10992
5746 10991
5747 10990
5748 10989
5749 10988
5750 10987
5751 10986
5756 10067
5757 10066
5758 10065
5759 10064
5760 10063
5761 10062
5762 10061
5763 10060
5764 10059
5765 10058
5766 10057
5767 10056
5768 10055
5769 9763
5770 9762
5771 9761
5772 9760
5773 9759
5774 9758
5775 9757
5776 10160
5777 10159
5778 10158
5779 10157
5780 10156
5781 10155
5782 10154
5783 10153
5784 10152
5785 10151
5786 10150
5787 10149
5788 10148
5789 10147
5790 10146
5791 10145
5792 9869
5793 9868
5794 9867
5795 9866
5796 9865
5797 9864
5798 9863
5799 9862
5800 9861
5801 9860
5802 9859
5807 9225
5808 9224
5809 9223
5810 9222
5811 9221
5812 9220
5813 9219
5814 9218
5815 9217
5816 9397
5817 9396
5818 9395
5819 9394
5820 9393
5821 9392
5822 9391
5823 9390
5824 9389
5825 9388
5826 9387
5827 9386
5828 9385
5829 9384
5830 9383
5831 9382
5832 9060
5833 9059
5834 9058
5835 9057
5836 9056
5837 9055
5838 9054
5839 9053
5840 9195
5841 9194
5842 9193
5843 9192
5844 9191
5845 9190
5846 9189
5847 9188
5848 9187
5849 9186
5850 9185
5851 9184
5852 9183
5857 8580
5858 8579
5859 8578
5860 8577
5861 8576
5862 8575
5863 8574
5864 8573
5865 8572
5866 8571
5867 8570
5868 8569
5869 8568
5870 8567
5871 8566
5872 8362
5873 8361
5874 8360
5875 8359
5876 8358
5877 8357
5878 8356
5879 8355
5880 8238
5881 8237
5882 8236
5883 8235
5884 8234
5885 8233
5886 8232
5887 8731
5888 8730
5889 8729
5890 8728
5891 8727
5892 8726
5893 8725
5894 8724
5895 8723
5896 8722
5897 8721
5898 8720
5899 8719
5900 8718
5901 8717
5902 8716
5903 8715
5908 7878
5909 7877
5910 7876
5911 7875
5912 7874
5913 7873
5914 7872
5915 7871
5916 7870
5917 7869
5918 7868
5919 7867
5920 7866
5921 7507
5922 7506
5923 7505
5924 7504
5925 7503
5926 7502
5927 7501
5928 7500
5929 7499
5930 7498
5931 7497
5932 7496
5933 7495
5934 7494
5935 7493
5936 7492
5937 7491
5938 7490
5939 7489
5940 7488
5941 7487
5942 7486
5943 7485
5944 7484
5945 7483
5946 7482
5947 7481
5948 7480
5949 7479
5950 7478
5951 7477
5952 7476
5953 7475
5954 7474
5955 7473
5956 7472
5957 7471
5960 7446
5961 7445
5962 7444
5963 7443
5964 7442
5965 7441
5966 7440
5967 7439
5968 7438
5969 7437
5970 7436
5971 7435
5972 7434
5973 7433
5974 7432
5975 7431
5976 7430
5977 7429
5978 7428
5979 7427
5980 7426
5981 7425
5982 7924
5983 7923
5984 7922
5985 7921
5986 7920
5987 7919
5988 7918
5989 7917
5990 7916
5991 7915
5992 7914
5993 7913
5994 7912
5995 7911
5996 7910
5997 7909
5998 7908
5999 7907
6000 7906
6001 7905
6002 7904
6003 7903
6004 7902
6005 7901
6006 7900
6007 7899
6008 7898
6009 7897
6010 7896
6015 8748
6016 8747
6017 8746
6018 8745
6019 8744
6020 8743
6021 8742
6022 8741
6023 8740
6024 8739
6025 8738
6026 8737
6027 8736
6028 8735
6029 8734
6030 8733
6031 8732
6032 8231
6033 8230
6034 8229
6035 8228
6036 8227
6037 8226
6038 8225
6039 8224
6040 8223
6041 8222
6042 8221
6043 8220
6044 8219
6045 8218
6046 8217
6047 8216
6048 8811
6049 8810
6050 8809
6051 8808
6052 8807
6053 8806
6054 8805
6055 8804
6056 8803
6057 8802
6058 8801
6059 8800
6060 8799
6061 8798
6062 8797
6067 9333
6068 9332
6069 9331
6070 9330
6071 9329
6072 9328
6073 9327
6074 9326
6075 9325
6076 9324
6077 9323
6078 9322
6079 9321
6080 9320
6081 9319
6082 9318
6083 9317
6084 9316
6085 9315
6086 9314
6087 9313
6088 9312
6089 9622
6090 9621
6091 9620
6092 9619
6093 9618
6094 9617
6095 9616
6096 9615
6097 9405
6098 9404
6099 9403
6100 9402
6101 9401
6102 9400
6103 9399
6104 9398
6105 9216
6106 9215
6107 9214
6108 9213
6109 9212
6110 9211
6111 9210
6112 9209
6113 9208
6118 10106
6119 10105
6120 10104
6121 10103
6122 10102
6123 10101
6124 10100
6125 10099
6126 10098
6127 10097
6128 10096
6129 10252
6130 10251
6131 10250
6132 10249
6133 10248
6134 10247
6135 10246
6136 10245
6137 10168
6138 10167
6139 10166
6140 10165
6141 10164
6142 10163
6143 10162
6144 10161
6145 9756
6146 9755
6147 9754
6148 9753
6149 9752
6150 9751
6151 9750
6152 9749
6153 9748
6154 9747
6155 9746
6156 9745
6157 9744
6158 9743
6159 9742
6160 9741
6161 9740
6162 9739
6163 9738
6164 9737
6165 9736
6170 11019
6171 11018
6172 11017
6173 11016
6174 11015
6175 11014
6176 11013
6177 11012
6178 11011
6179 11010
6180 11009
6181 11008
6182 11007
6183 11006
6184 11005
6185 11004
6186 11003
6187 10502
6188 10501
6189 10500
6190 10499
6191 10498
6192 10497
6193 10496
6194 10495
6195 10494
6196 10493
6197 10492
6198 10491
6199 10490
6200 10489
6201 10488
6202 10487
6203 11082
6204 11081
6205 11080
6206 11079
6207 11078
6208 11077
6209 11076
6210 11075
6211 11074
6212 11073
6213 11072
6214 11071
6215 11070
6216 11069
6217 11068
6222 11604
6223 11603
6224 11602
6225 11601
6226 11600
6227 11599
6228 11598
6229 11597
6230 11596
6231 11595
6232 11594
6233 11593
6234 11592
6235 11591
6236 11590
6237 11589
6238 11588
6239 11587
6240 11586
6241 11585
6242 11584
6243 11583
6244 11893
6245 11892
6246 11891
6247 11890
6248 11889
6249 11888
6250 11887
6251 11886
6252 11676
6253 11675
6254 11674
6255 11673
6256 11672
6257 11671
6258 11670
6259 11669
6260 11487
6261 11486
6262 11485
6263 11484
6264 11483
6265 11482
6266 11481
6267 11480
6268 11479
6273 12381
6274 12380
6275 12379
6276 12378
6277 12377
6278 12376
6279 12375
6280 12374
6281 12373
6282 12372
6283 12371
6284 12527
6285 12526
6286 12525
6287 12524
6288 12523
6289 12522
6290 12521
6291 12520
6292 12443
6293 12442
6294 12441
6295 12440
6296 12439
6297 12438
6298 12437
6299 12436
6300 12181
6301 12180
6302 12179
6303 12178
6304 12177
6305 12176
6306 12175
6307 12174
6308 12173
6309 12172
6310 12171
6311 12170
6312 12169
6313 12168
6314 12167
6315 12166
6316 12165
6317 12164
6318 12163
6319 12162
6320 12161
6325 13292
6326 13291
6327 13290
6328 13289
6329 13288
6330 13287
6331 13286
6332 13285
6333 13284
6334 13283
6335 13282
6336 13281
6337 13280
6338 13279
6339 13278
6340 13277
6341 13276
6342 12778
6343 12777
6344 12776
6345 12775
6346 12774
6347 12773
6348 12772
6349 12771
6350 12770
6351 12769
6352 12768
6353 12767
6354 12766
6355 12765
6356 12764
6357 12763
6358 13353
6359 13352
6360 13351
6361 13350
6362 13349
6363 13348
6364 13347
6365 13346
6366 13345
6367 13344
6368 13343
6369 13342
6370 13341
6371 13340
6372 13339
6377 13811
6378 13810
6379 13809
6380 13808
6381 13807
6382 13806
6383 13805
6384 13804
6385 13803
6386 13802
6387 13801
6388 13800
6389 13799
6390 13798
6391 13797
6392 13796
6393 13795
6394 13794
6395 13793
6396 13792
6397 13791
6398 13790
6399 14137
6400 14136
6401 14135
6402 14134
6403 14133
6404 14132
6405 14131
6406 14130
6407 13884
6408 13883
6409 13882
6410 13881
6411 13880
6412 13879
6413 13878
6414 13877
6415 14054
6416 14053
6417 14052
6418 14051
6419 14050
6420 14049
6421 14048
6422 14047
6423 14046
6424 14045
6425 14044
6428 14025
6429 14024
6430 14023
6431 14022
6432 14021
6433 14020
6434 14019
6435 14018
6436 14017
6437 14016
6438 14015
6439 14153
6440 14152
6441 14151
6442 14150
6443 14149
6444 14148
6445 14147
6446 14146
6447 14145
6448 14144
6449 14143
6450 14142
6451 14141
6452 14140
6453 14139
6454 14138
6455 13789
6456 13788
6457 13787
6458 13786
6459 13785
6460 13784
6461 13783
6462 13782
6463 13916
6464 13915
6465 13914
6466 13913
6467 13912
6468 13911
6469 13910
6470 13909
6471 13908
6472 13907
6473 13906
6474 13905
6475 13904
6480 13368
6481 13367
6482 13366
6483 13365
6484 13364
6485 13363
6486 13362
6487 13361
6488 13360
6489 13359
6490 13358
6491 13357
6492 13356
6493 13355
6494 13354
6495 12762
6496 12761
6497 12760
6498 12759
6499 12758
6500 12757
6501 12756
6502 12755
6503 12991
6504 12990
6505 12989
6506 12988
6507 12987
6508 12986
6509 12985
6510 13433
6511 13432
6512 13431
6513 13430
6514 13429
6515 13428
6516 13427
6517 13426
6518 13425
6519 13424
6520 13423
6521 13422
6522 13421
6523 13420
6524 13419
6525 13418
6526 13417
6531 12630
6532 12629
6533 12628
6534 12627
6535 12626
6536 12625
6537 12624
6538 12623
6539 12622
6540 12621
6541 12620
6542 12619
6543 12618
6544 12262
6545 12261
6546 12260
6547 12259
6548 12258
6549 12257
6550 12256
6551 12543
6552 12542
6553 12541
6554 12540
6555 12539
6556 12538
6557 12537
6558 12536
6559 12535
6560 12534
6561 12533
6562 12532
6563 12531
6564 12530
6565 12529
6566 12528
6567 12370
6568 12369
6569 12368
6570 12367
6571 12366
6572 12365
6573 12364
6574 12363
6575 12362
6576 12361
6577 12360
6582 11747
6583 11746
6584 11745
6585 11744
6586 11743
6587 11742
6588 11741
6589 11740
6590 11739
6591 11909
6592 11908
6593 11907
6594 11906
6595 11905
6596 11904
6597 11903
6598 11902
6599 11901
6600 11900
6601 11899
6602 11898
6603 11897
6604 11896
6605 11895
6606 11894
6607 11582
6608 11581
6609 11580
6610 11579
6611 11578
6612 11577
6613 11576
6614 11575
6615 11717
6616 11716
6617 11715
6618 11714
6619 11713
6620 11712
6621 11711
6622 11710
6623 11709
6624 11708
6625 11707
6626 11706
6627 11705
6632 11097
6633 11096
6634 11095
6635 11094
6636 11093
6637 11092
6638 11091
6639 11090
6640 11089
6641 11088
6642 11087
6643 11086
6644 11085
6645 11084
6646 11083
6647 10486
6648 10485
6649 10484
6650 10483
6651 10482
6652 10481
6653 10480
6654 10479
6655 10716
6656 10715
6657 10714
6658 10713
6659 10712
6660 10711
6661 10710
6662 11162
6663 11161
6664 11160
6665 11159
6666 11158
6667 11157
6668 11156
6669 11155
6670 11154
6671 11153
6672 11152
6673 11151
6674 11150
6675 11149
6676 11148
6677 11147
6678 11146
6683 10354
6684 10353
6685 10352
6686 10351
6687 10350
6688 10349
6689 10348
6690 10347
6691 10346
6692 10345
6693 10344
6694 10343
6695 10342
6696 9989
6697 9988
6698 9987
6699 9986
6700 9985
6701 9984
6702 9983
6703 10268
6704 10267
6705 10266
6706 10265
6707 10264
6708 10263
6709 10262
6710 10261
6711 10260
6712 10259
6713 10258
6714 10257
6715 10256
6716 10255
6717 10254
6718 10253
6719 10095
6720 10094
6721 10093
6722 10092
6723 10091
6724 10090
6725 10089
6726 10088
6727 10087
6728 10086
6729 10085
6734 9476
6735 9475
6736 9474
6737 9473
6738 9472
6739 9471
6740 9470
6741 9469
6742 9468
6743 9638
6744 9637
6745 9636
6746 9635
6747 9634
6748 9633
6749 9632
6750 9631
6751 9630
6752 9629
6753 9628
6754 9627
6755 9626
6756 9625
6757 9624
6758 9623
6759 9311
6760 9310
6761 9309
6762 9308
6763 9307
6764 9306
6765 9305
6766 9304
6767 9446
6768 9445
6769 9444
6770 9443
6771 9442
6772 9441
6773 9440
6774 9439
6775 9438
6776 9437
6777 9436
6778 9435
6779 9434
6784 8826
6785 8825
6786 8824
6787 8823
6788 8822
6789 8821
6790 8820
6791 8819
6792 8818
6793 8817
6794 8816
6795 8815
6796 8814
6797 8813
6798 8812
6799 8215
6800 8214
6801 8213
6802 8212
6803 8211
6804 8210
6805 8209
6806 8208
6807 8642
6808 8641
6809 8640
6810 8639
6811 8638
6812 8637
6813 8636
6814 8891
6815 8890
6816 8889
6817 8888
6818 8887
6819 8886
6820 8885
6821 8884
6822 8883
6823 8882
6824 8881
6825 8880
6826 8879
6827 8878
6828 8877
6829 8876
6830 8875
6835 8132
6836 8131
6837 8130
6838 8129
6839 8128
6840 8127
6841 8126
6842 8125
6843 8124
6844 8123
6845 8122
6846 8121
6847 8120
6848 7818
6849 7817
6850 7816
6851 7815
6852 7814
6853 7813
6854 7812
6855 8064
6856 8063
6857 8062
6858 8061
6859 8060
6860 8059
6861 8058
6862 8057
6863 8056
6864 8055
6865 8054
6866 8053
6867 8052
6868 8051
6869 8050
6870 8049
6871 8048
6872 8047
6873 8046
6874 8045
6875 8044
6876 8043
6877 8042
6878 8041
6879 8040
6880 8039
6881 8038
6882 8037
6883 8036
6884 8035
6887 8010
6888 8009
6889 8008
6890 8007
6891 8006
6892 8005
6893 8004
6894 8003
6895 8002
6896 8001
6897 8000
6898 7999
6899 7998
6900 7997
6901 7996
6902 7995
6903 7994
6904 7993
6905 7992
6906 7991
6907 7990
6908 7989
6909 8072
6910 8071
6911 8070
6912 8069
6913 8068
6914 8067
6915 8066
6916 8065
6917 7811
6918 7810
6919 7809
6920 7808
6921 7807
6922 7806
6923 7805
6924 7804
6925 7803
6926 7802
6927 7801
6928 7800
6929 7799
6930 7798
6931 7797
6932 7796
6933 7795
6934 7794
6935 7793
6936 7792
6937 7791
6942 8908
6943 8907
6944 8906
6945 8905
6946 8904
6947 8903
6948 8902
6949 8901
6950 8900
6951 8899
6952 8898
6953 8897
6954 8896
6955 8895
6956 8894
6957 8893
6958 8892
6959 8635
6960 8634
6961 8633
6962 8632
6963 8631
6964 8630
6965 8629
6966 8628
6967 8627
6968 8626
6969 8625
6970 8624
6971 8623
6972 8622
6973 8621
6974 8620
6975 8619
6976 8618
6977 8617
6978 8616
6979 8615
6980 8614
6981 8613
6982 8612
6983 8611
6984 8610
6985 8609
6986 8608
6987 8607
6988 8606
6989 8605
6994 9570
6995 9569
6996 9568
6997 9567
6998 9566
6999 9565
7000 9564
7001 9563
7002 9562
7003 9561
7004 9560
7005 9559
7006 9558
7007 9557
7008 9556
7009 9555
7010 9554
7011 9553
7012 9552
7013 9551
7014 9550
7015 9549
7016 9548
7017 9547
7018 9546
7019 9545
7020 9544
7021 9543
7022 9542
7023 9541
7024 9646
7025 9645
7026 9644
7027 9643
7028 9642
7029 9641
7030 9640
7031 9639
7032 9467
7033 9466
7034 9465
7035 9464
7036 9463
7037 9462
7038 9461
7039 9460
7040 9459
7045 10420
7046 10419
7047 10418
7048 10417
7049 10416
7050 10415
7051 10414
7052 10413
7053 10412
7054 10411
7055 10410
7056 10409
7057 10408
7058 10407
7059 10406
7060 10405
7061 10404
7062 10403
7063 10402
7064 10276
7065 10275
7066 10274
7067 10273
7068 10272
7069 10271
7070 10270
7071 10269
7072 9982
7073 9981
7074 9980
7075 9979
7076 9978
7077 9977
7078 9976
7079 9975
7080 9974
7081 9973
7082 9972
7083 9971
7084 9970
7085 9969
7086 9968
7087 9967
7088 9966
7089 9965
7090 9964
7091 9963
7092 9962
7097 11179
7098 11178
7099 11177
7100 11176
7101 11175
7102 11174
7103 11173
7104 11172
7105 11171
7106 11170
7107 11169
7108 11168
7109 11167
7110 11166
7111 11165
7112 11164
7113 11163
7114 10709
7115 10708
7116 10707
7117 10706
7118 10705
7119 10704
7120 10703
7121 10702
7122 10701
7123 10700
7124 10699
7125 10698
7126 10697
7127 10696
7128 10695
7129 10694
7130 10693
7131 10692
7132 10691
7133 10690
7134 10689
7135 10688
7136 10687
7137 10686
7138 10685
7139 10684
7140 10683
7141 10682
7142 10681
7143 10680
7144 10679
7149 11841
7150 11840
7151 11839
7152 11838
7153 11837
7154 11836
7155 11835
7156 11834
7157 11833
7158 11832
7159 11831
7160 11830
7161 11829
7162 11828
7163 11827
7164 11826
7165 11825
7166 11824
7167 11823
7168 11822
7169 11821
7170 11820
7171 11819
7172 11818
7173 11817
7174 11816
7175 11815
7176 11814
7177 11813
7178 11812
7179 11917
7180 11916
7181 11915
7182 11914
7183 11913
7184 11912
7185 11911
7186 11910
7187 11738
7188 11737
7189 11736
7190 11735
7191 11734
7192 11733
7193 11732
7194 11731
7195 11730
7200 12697
7201 12696
7202 12695
7203 12694
7204 12693
7205 12692
7206 12691
7207 12690
7208 12689
7209 12688
7210 12687
7211 12686
7212 12685
7213 12684
7214 12683
7215 12682
7216 12681
7217 12680
7218 12679
7219 12551
7220 12550
7221 12549
7222 12548
7223 12547
7224 12546
7225 12545
7226 12544
7227 12255
7228 12254
7229 12253
7230 12252
7231 12251
7232 12250
7233 12249
7234 12248
7235 12247
7236 12246
7237 12245
7238 12244
7239 12243
7240 12242
7241 12241
7242 12240
7243 12239
7244 12238
7245 12237
7246 12236
7247 12235
7252 13450
7253 13449
7254 13448
7255 13447
7256 13446
7257 13445
7258 13444
7259 13443
7260 13442
7261 13441
7262 13440
7263 13439
7264 13438
7265 13437
7266 13436
7267 13435
7268 13434
7269 12984
7270 12983
7271 12982
7272 12981
7273 12980
7274 12979
7275 12978
7276 12977
7277 12976
7278 12975
7279 12974
7280 12973
7281 12972
7282 12971
7283 12970
7284 12969
7285 12968
7286 12967
7287 12966
7288 12965
7289 12964
7290 12963
7291 12962
7292 12961
7293 12960
7294 12959
7295 12958
7296 12957
7297 12956
7298 12955
7299 12954
7304 14014
7305 14013
7306 14012
7307 14011
7308 14010
7309 14009
7310 14008
7311 14007
7312 14006
7313 14005
7314 14004
7315 14003
7316 14002
7317 14001
7318 14000
7319 13999
7320 13998
7321 13997
7322 13996
7323 13995
7324 13994
7325 13993
7326 13992
7327 13991
7328 13990
7329 13989
7330 13988
7331 13987
7332 13986
7333 13985
7334 14161
7335 14160
7336 14159
7337 14158
7338 14157
7339 14156
7340 14155
7341 14154
7342 14189
7343 14188
7344 14187
7345 14186
7346 14185
7347 14184
7348 14183
7349 14182
7350 14181
7351 14180
7352 14179
7355 14178
7356 14177
7357 14176
7358 14175
7359 14174
7360 14173
7361 14172
7362 14171
7363 14170
7364 14169
7365 14168
7366 14167
7367 14166
7368 14165
7369 14164
7370 14163
7371 14162
7372 13984
7373 13983
7374 13982
7375 13981
7376 13980
7377 13979
7378 13978
7379 13977
7380 13773
7381 13772
7382 13771
7383 13770
7384 13769
7385 13768
7386 13767
7387 13766
7388 13939
7389 13938
7390 13937
7391 13936
7392 13935
7393 13934
7394 13933
7395 13932
7396 13931
7397 13930
7398 13929
