1 10568
2 10567
3 10566
4 10565
5 10564
6 10563
7 10562
8 10561
9 10560
10 11
12 10557
13 10556
14 10555
15 10554
16 10553
17 10528
18 10527
19 10526
20 10525
21 10524
22 23
24 10521
25 10373
26 10372
27 10371
28 10370
29 10369
30 10368
31 10367
32 10366
33 34
35 10363
36 10404
37 10403
38 10402
39 10401
40 10400
41 10399
42 10398
43 10397
44 10396
45 11359
46 11358
47 11357
48 49
50 11354
51 11353
52 11352
53 11351
54 11350
55 11349
56 57
58 11346
59 11345
60 11344
61 11300
62 11299
63 64
65 11296
66 11295
67 11294
68 11293
69 11292
70 71
72 11584
73 11583
74 11582
75 11581
76 11580
77 78
79 11577
80 11576
81 11446
82 11445
83 11444
84 11443
85 86
87 11440
88 11439
89 11438
90 11437
91 11436
92 11435
93 94
95 11432
96 12420
97 12419
98 12418
99 12417
100 12416
101 102
103 12413
104 12412
105 12456
106 12455
107 12454
108 12453
109 12452
110 111
112 12449
113 12448
114 12447
115 12446
116 12445
117 12444
118 119
120 12236
121 12235
122 12234
123 12233
124 12232
125 12231
126 127
128 12228
129 12227
130 12226
131 12225
132 12224
133 12223
134 12222
135 11929
136 11928
137 11927
138 139
140 11924
141 11923
142 11922
143 11921
144 11920
145 11919
146 11918
147 148
149 11873
150 11872
151 11871
152 11870
153 11869
154 11868
155 11867
156 157
158 11864
159 11863
160 11862
161 11861
162 11860
163 12614
164 12613
165 166
167 12610
168 12609
169 12608
170 12607
171 12606
172 12605
173 12604
174 12603
175 12602
176 12601
177 12600
178 12599
179 12598
180 12597
181 12596
182 183
184 12593
185 12592
186 12591
187 12590
188 12589
189 12588
190 12587
191 192
193 12584
194 12583
195 12582
196 12581
197 13076
198 13075
199 13074
200 201
202 13071
203 13070
204 13069
205 13068
206 13067
207 13161
208 209
210 13158
211 13157
212 13156
213 13155
214 13154
215 13153
216 13152
217 13151
218 13150
219 13149
220 13148
221 13147
222 13146
223 13145
224 13144
225 226
227 13262
228 13261
229 13260
230 13259
231 13258
232 13257
233 13256
234 235
236 13253
237 13252
238 13251
239 13250
240 13249
241 12893
242 12892
243 244
245 12889
246 12888
247 12887
248 12886
249 10728
250 10727
251 10726
252 253
254 10723
255 10722
256 10721
257 10720
258 10719
259 10758
260 10757
261 10756
262 10755
263 10754
264 10753
265 10752
266 10751
267 10750
268 10749
269 270
271 13456
272 13455
273 13454
274 13453
275 13452
276 13451
277 13450
278 13449
279 13448
280 13447
281 282
283 13444
284 13527
285 13526
286 13525
287 13524
288 13523
289 13522
290 13521
291 13520
292 13519
293 13518
294 13517
295 13516
296 13515
297 13514
298 13513
299 13512
300 14121
301 14120
302 14119
303 14118
304 14117
305 14116
306 14115
307 14114
308 14113
309 14112
310 14111
311 14110
312 14109
313 14108
314 14107
315 14106
316 14105
317 14104
318 14103
319 14102
320 14101
321 14100
322 14099
323 14098
324 14097
325 14096
326 14095
327 14094
328 14093
329 14092
330 14091
331 10973
332 10972
333 10971
334 10970
335 10969
336 10968
337 10967
338 10966
339 10965
340 10964
341 10963
342 10962
343 11002
344 11001
345 11000
346 10999
347 10998
348 10997
349 10996
350 10995
351 10994
352 13995
353 13994
354 13993
355 13992
356 13991
357 13990
358 13989
359 13988
360 13987
361 13986
362 13985
363 13984
364 13983
365 13982
366 13981
367 13980
368 13936
369 13935
370 13934
371 13933
372 13932
373 13931
374 13930
375 13929
376 13928
377 13927
378 13926
379 13925
380 13924
381 13923
382 13922
383 13921
384 13920
385 14372
386 14371
387 14370
388 14369
389 14368
390 14367
391 14366
392 14365
393 14364
394 14363
395 14515
396 14514
397 14513
398 14512
399 14511
400 14510
401 14509
402 14508
403 14507
404 14506
405 14505
406 14504
407 14503
408 14502
409 14501
410 14500
411 14499
412 14498
413 14497
414 14496
415 14495
416 14494
417 14493
418 14492
419 14491
420 14577
421 14576
422 14575
423 14574
424 14573
425 14572
426 14571
427 14570
428 14569
429 14568
430 14567
431 14566
432 14565
433 14564
434 14695
435 14694
436 14693
437 14692
438 14691
439 14690
440 14689
441 14688
442 14687
443 14686
444 14685
445 14684
446 14683
447 14682
448 14836
449 14835
450 14834
451 14833
452 14832
453 14831
454 14830
455 14829
456 14828
457 14827
458 15061
459 15060
460 15059
461 15058
462 15057
463 15056
464 15055
465 15054
466 15053
467 15052
468 15051
469 15050
470 15049
471 15048
472 15047
473 14743
474 14742
475 14741
476 14740
477 14739
478 14738
479 14737
480 14736
481 14735
482 14734
483 14733
484 14732
485 14731
486 14730
487 14729
488 14728
489 14727
490 14726
491 14725
492 14724
493 14723
494 14722
495 15263
496 15262
497 15261
498 15260
499 15259
500 15258
501 8433
502 8432
503 8431
504 8430
505 8429
506 8428
507 8427
508 8426
509 8425
510 8424
511 8423
512 8422
513 8421
514 8420
515 8419
516 8418
517 8417
518 8416
519 8415
520 8414
521 8413
522 8412
523 8411
524 8410
525 8409
526 8408
527 11080
528 11079
529 11078
530 11077
531 11076
532 11075
533 11074
534 11073
535 11072
536 11071
537 11070
538 11069
539 11068
540 11067
541 11066
542 11065
543 11064
544 11063
545 11062
548 9891
549 9890
550 9889
551 9888
552 9887
553 9886
554 9885
555 9884
556 9864
557 9863
558 9862
559 9861
560 9860
561 9859
562 9858
563 9857
564 9856
565 9855
566 9854
567 9843
568 9842
569 9841
570 9840
571 9839
572 9838
573 9837
574 9836
575 9835
576 9834
577 8443
578 8442
579 8441
580 8440
581 8439
582 8438
583 8437
584 8436
585 8435
586 8434
587 15257
588 15256
589 15255
590 15254
591 15253
592 15252
593 15251
594 15250
595 15249
596 15248
597 15247
598 9822
599 9821
600 9820
601 9819
602 9818
603 9817
604 9816
605 9815
606 9814
607 9813
608 9803
609 9802
610 9801
611 9800
612 9799
613 9798
614 9797
615 9796
616 9795
617 9782
618 9781
619 9780
620 9779
621 9778
622 9777
623 9776
624 9775
625 9774
626 9773
627 9772
628 9771
629 9760
630 9759
631 9758
632 9757
633 9756
634 9755
635 9754
636 9753
637 9752
638 14413
639 14412
640 14411
641 14410
642 14409
643 14408
644 14407
645 14406
646 14405
647 14404
648 14403
649 14402
650 14401
651 14400
652 14399
653 14398
654 14397
655 14396
656 14395
657 14394
658 14393
659 14392
660 14391
661 14390
662 14389
663 14388
664 14387
665 14386
666 14385
667 14384
668 14383
669 14382
670 14381
671 14380
672 14379
673 14378
674 14377
675 14376
676 14375
677 14374
678 14373
679 13919
680 13918
681 13917
682 13916
683 13915
684 13914
685 13913
686 13912
687 13911
688 13910
689 13909
690 13908
691 13907
692 13906
693 13905
694 13904
695 13903
696 13902
697 13901
698 13900
699 13899
700 13898
701 13897
702 13896
703 13895
704 13894
705 13893
706 10764
707 10763
708 10762
709 10761
710 10760
711 10759
712 10961
713 10960
714 10959
715 10958
716 10957
717 10956
718 10955
719 10954
720 10953
721 10952
722 10951
723 10950
724 10949
725 10948
726 10947
727 10946
728 10945
729 10944
730 10943
731 10942
732 10941
733 10940
734 10939
735 10938
736 10937
737 10936
738 10935
739 10934
740 10933
741 10932
742 10931
743 10930
744 10929
745 10928
746 10927
747 10926
748 10925
749 10924
750 10923
751 10922
752 10921
753 10920
754 10919
755 10918
756 10917
757 758
759 10604
760 10603
761 10602
762 10601
763 10600
764 765
766 10597
767 10596
768 10595
769 770
771 10592
772 10591
773 10590
774 775
776 10587
777 10586
778 10585
779 780
781 10582
782 10581
783 10580
784 785
786 10577
787 10576
788 789
790 10573
791 10572
792 10571
793 10570
794 10569
795 796
797 10716
798 10715
799 800
801 10712
802 10711
803 804
805 10708
806 10707
807 10706
808 809
810 10703
811 12898
812 813
814 12895
815 12894
816 817
818 13246
819 13245
820 821
822 13242
823 13241
824 825
826 13238
827 13237
828 829
830 13234
831 13233
832 833
834 13230
835 13229
836 837
838 13226
839 13225
840 841
842 13176
843 13175
844 13174
845 846
847 13171
848 13170
849 850
851 13167
852 13166
853 854
855 13163
856 13162
857 858
859 13064
860 13063
861 862
863 13060
864 13059
865 13058
866 867
868 13055
869 13054
870 871
872 13051
873 13050
874 875
876 12648
877 12647
878 879
880 12644
881 12643
882 883
884 12640
885 12639
886 12638
887 888
889 12635
890 12634
891 892
893 12631
894 12630
895 12629
896 897
898 12626
899 12625
900 901
902 12622
903 12621
904 905
906 12618
907 12617
908 909
910 11859
911 11858
912 11857
913 914
915 11854
916 11853
917 918
919 11850
920 11849
921 922
923 9742
924 9741
925 926
927 9738
928 9737
929 930
931 9734
932 11939
933 11938
934 935
936 11935
937 11934
938 939
940 11931
941 11930
942 943
944 12219
945 12218
946 12217
947 12216
948 949
950 12213
951 12212
952 953
954 12209
955 12208
956 957
958 12205
959 12204
960 12203
961 962
963 12200
964 12199
965 966
967 12196
968 12195
969 970
971 12192
972 12191
973 974
975 9721
976 9720
977 978
979 9717
980 9716
981 982
983 9713
984 9712
985 986
987 9699
988 9698
989 990
991 9695
992 9694
993 994
995 9691
996 9690
997 11454
998 999
1000 11451
1001 11450
1002 1003
1004 11447
1005 11575
1006 1007
1008 11572
1009 11571
1010 1011
1012 11568
1013 1014
1015 11565
1016 11564
1017 1018
1019 11309
1020 11308
1021 1022
1023 11305
1024 11304
1025 1026
1027 11301
1028 11343
1029 1030
1031 11340
1032 11339
1033 1034
1035 11336
1036 11335
1037 1038
1039 9678
1040 9677
1041 1042
1043 9674
1044 9673
1045 1046
1047 9670
1048 9669
1049 9668
1050 10411
1051 10410
1052 10409
1053 10408
1054 1055
1056 10405
1057 10362
1058 10361
1059 1060
1061 10358
1062 10357
1063 10356
1064 10355
1065 1066
1067 10352
1068 10351
1069 10350
1070 10349
1071 1072
1073 10532
1074 10531
1075 10530
1076 10529
1077 1078
1079 10550
1080 10549
1081 10548
1082 10547
1083 1084
1085 9654
1086 9653
1087 9652
1088 9651
1089 1090
1091 9648
1092 9647
1093 9646
1094 9645
1097 9667
1098 9666
1099 9665
1100 9664
1101 9663
1102 1103
1104 9660
1105 9659
1106 9658
1107 9657
1108 10546
1109 1110
1111 10543
1112 10542
1113 10541
1114 10540
1115 10539
1116 10538
1117 1118
1119 10535
1120 10348
1121 10347
1122 10346
1123 1124
1125 10343
1126 10342
1127 10341
1128 10424
1129 10423
1130 1131
1132 10420
1133 10419
1134 10418
1135 1136
1137 10415
1138 10414
1139 10413
1140 10412
1141 9689
1142 9688
1143 9687
1144 1145
1146 9684
1147 9683
1148 9682
1149 1150
1151 9679
1152 11332
1153 11331
1154 1155
1156 11328
1157 11327
1158 1159
1160 11324
1161 11323
1162 11322
1163 1164
1165 11319
1166 11318
1167 1168
1169 11315
1170 11314
1171 1172
1173 11563
1174 11562
1175 1176
1177 11559
1178 11558
1179 11557
1180 1181
1182 11464
1183 11463
1184 1185
1186 11460
1187 11459
1188 1189
1190 11456
1191 11455
1192 9709
1193 9708
1194 1195
1196 9705
1197 9704
1198 1199
1200 9701
1201 9700
1202 9733
1203 1204
1205 9730
1206 9729
1207 1208
1209 9726
1210 9725
1211 9724
1212 1213
1214 12188
1215 12187
1216 1217
1218 12184
1219 12183
1220 12182
1221 1222
1223 12179
1224 12178
1225 1226
1227 12175
1228 12174
1229 12173
1230 1231
1232 12170
1233 11962
1234 1235
1236 11959
1237 11958
1238 11957
1239 1240
1241 11954
1242 11953
1243 11952
1244 1245
1246 11949
1247 11948
1248 11947
1249 1250
1251 11944
1252 11943
1253 1254
1255 11940
1256 9751
1257 9750
1258 1259
1260 9747
1261 9746
1262 1263
1264 9743
1265 11846
1266 11845
1267 1268
1269 11842
1270 11841
1271 1272
1273 11838
1274 11837
1275 11836
1276 1277
1278 11833
1279 11832
1280 1281
1282 11829
1283 11828
1284 9623
1285 1286
1287 9620
1288 9619
1289 1290
1291 9616
1292 9615
1293 9614
1294 1295
1296 12666
1297 12665
1298 12664
1299 1300
1301 12661
1302 12660
1303 1304
1305 12657
1306 12656
1307 12655
1308 1309
1310 12652
1311 12651
1312 1313
1314 13047
1315 13046
1316 13045
1317 1318
1319 13042
1320 13041
1321 1322
1323 13038
1324 13037
1325 1326
1327 13034
1328 13033
1329 13032
1330 1331
1332 13029
1333 13028
1334 1335
1336 13187
1337 13186
1338 1339
1340 13183
1341 13182
1342 13181
1343 13180
1344 13179
1345 1346
1347 13222
1348 13221
1349 1350
1351 13218
1352 13217
1353 1354
1355 13214
1356 13213
1357 1358
1359 12913
1360 12912
1361 1362
1363 12909
1364 12908
1365 1366
1367 12905
1368 12904
1369 1370
1371 12901
1372 12900
1373 12899
1374 1375
1376 10700
1377 10699
1378 1379
1380 10696
1381 10695
1382 1383
1384 10692
1385 10691
1386 1387
1388 10688
1389 10687
1390 10686
1391 1392
1393 10683
1394 10682
1395 10681
1396 1397
1398 10678
1399 10677
1400 10676
1401 1402
1403 10673
1404 10672
1405 1406
1407 10669
1408 10668
1409 10667
1410 1411
1412 10664
1413 10663
1414 10662
1415 1416
1417 10659
1418 10658
1419 10657
1420 10656
1421 1422
1423 10611
1424 10610
1425 10609
1426 10608
1427 10607
1428 10916
1429 1430
1431 10913
1432 10912
1433 10911
1434 10910
1435 10909
1436 10908
1437 10907
1438 10906
1439 10905
1440 10904
1441 10903
1442 10902
1443 9644
1444 9643
1445 9642
1446 9641
1447 9640
1448 9639
1449 9638
1450 9637
1451 9636
1452 9635
1453 10791
1454 10790
1455 10789
1456 10788
1457 10787
1458 10786
1459 10785
1460 10784
1461 10783
1462 10782
1463 10781
1464 10780
1465 10779
1466 10778
1467 10777
1468 10776
1469 10775
1470 10774
1471 10773
1472 10772
1473 10771
1474 10770
1475 10769
1476 10768
1477 10767
1478 10766
1479 10765
1480 13892
1481 13891
1482 13890
1483 13889
1484 13888
1485 13887
1486 13886
1487 13885
1488 13884
1489 13883
1490 13882
1491 13881
1492 13880
1493 13879
1494 13878
1495 13877
1496 13876
1497 13875
1498 13874
1499 13873
1500 13872
1501 13871
1502 13870
1503 13869
1504 13868
1505 13867
1506 13866
1507 13865
1508 13864
1509 13863
1510 13862
1511 13861
1512 13860
1513 13859
1514 13858
1515 13857
1516 13856
1517 13855
1518 13854
1519 13853
1520 13852
1521 13851
1522 13850
1523 13849
1524 13848
1525 13847
1526 14437
1527 14436
1528 14435
1529 14434
1530 14433
1531 14432
1532 14431
1533 14430
1534 14429
1535 14428
1536 14427
1537 14426
1538 14425
1539 14424
1540 14423
1541 14422
1542 14421
1543 14420
1544 14419
1545 14418
1546 14417
1547 14416
1548 14415
1549 14414
1550 9770
1551 9769
1552 9768
1553 9767
1554 9766
1555 9765
1556 9764
1557 9763
1558 9762
1559 9761
1560 9794
1561 9793
1562 9792
1563 9791
1564 9790
1565 9789
1566 9788
1567 9787
1568 9786
1569 9785
1570 9784
1571 9783
1572 9812
1573 9811
1574 9810
1575 9809
1576 9808
1577 9807
1578 9806
1579 9805
1580 9804
1581 9833
1582 9832
1583 9831
1584 9830
1585 9829
1586 9828
1587 9827
1588 9826
1589 9825
1590 9824
1591 9823
1592 15246
1593 15245
1594 15244
1595 15243
1596 15242
1597 15241
1598 15240
1599 15239
1600 8456
1601 8455
1602 8454
1603 8453
1604 8452
1605 8451
1606 8450
1607 8449
1608 8448
1609 8447
1610 8446
1611 8445
1612 8444
1613 9853
1614 9852
1615 9851
1616 9850
1617 9849
1618 9848
1619 9847
1620 9846
1621 9845
1622 9844
1623 9876
1624 9875
1625 9874
1626 9873
1627 9872
1628 9871
1629 9870
1630 9869
1631 9868
1632 9867
1633 9866
1634 9865
1635 9883
1636 9882
1637 9881
1638 9880
1639 9879
1640 9878
1641 9877
1644 8820
1645 8819
1646 8818
1647 8817
1648 8816
1649 8815
1650 8814
1651 8813
1652 8812
1653 8811
1654 8810
1655 8809
1656 8808
1657 8807
1658 8806
1659 8805
1660 8577
1661 8576
1662 8575
1663 8574
1664 8573
1665 8572
1666 8571
1667 8570
1668 8569
1669 8568
1670 8567
1671 8566
1672 8565
1673 8564
1674 8563
1675 8562
1676 8561
1677 8560
1678 8559
1679 8558
1680 8557
1681 8556
1682 8555
1683 8554
1684 8553
1685 8552
1686 8465
1687 8464
1688 8463
1689 8462
1690 8461
1691 8460
1692 8459
1693 8458
1694 8457
1695 15238
1696 15237
1697 15236
1698 15235
1699 15234
1700 15233
1701 15232
1702 9585
1703 9584
1704 9583
1705 9582
1706 9581
1707 9580
1708 9579
1709 9578
1710 9577
1711 9576
1712 9575
1713 9574
1714 9573
1715 9572
1716 9571
1717 9570
1718 9569
1719 9568
1720 9567
1721 9566
1722 9565
1723 9564
1724 9563
1725 9562
1726 9561
1727 9560
1728 9559
1729 9558
1730 15008
1731 15007
1732 15006
1733 15005
1734 15004
1735 15003
1736 15002
1737 15001
1738 15000
1739 14999
1740 14998
1741 14997
1742 14996
1743 14995
1744 14994
1745 14993
1746 14992
1747 14991
1748 14990
1749 14989
1750 14988
1751 14987
1752 14986
1753 14985
1754 14984
1755 14983
1756 14982
1757 14981
1758 14980
1759 14979
1760 14978
1761 14977
1762 9450
1763 9449
1764 9448
1765 9447
1766 9446
1767 9445
1768 9444
1769 9443
1770 9442
1771 9441
1772 9440
1773 9439
1774 9438
1775 9437
1776 9436
1777 9435
1778 9434
1779 9433
1780 9432
1781 9431
1782 9430
1783 14444
1784 14443
1785 14442
1786 14441
1787 14440
1788 14439
1789 14438
1790 13846
1791 13845
1792 13844
1793 13843
1794 13842
1795 13841
1796 13840
1797 13839
1798 13838
1799 13837
1800 13836
1801 13835
1802 13834
1803 13833
1804 13832
1805 13831
1806 13830
1807 13829
1808 13828
1809 13827
1810 13826
1811 13825
1812 13824
1813 9272
1814 9271
1815 9270
1816 9269
1817 9268
1818 9267
1819 9266
1820 9265
1821 9264
1822 9263
1823 9262
1824 9261
1825 9260
1826 9259
1827 9258
1828 9257
1829 9256
1830 9113
1831 9112
1832 9111
1833 9110
1834 9109
1835 9108
1836 9107
1837 9106
1838 9105
1839 9104
1840 9103
1841 9102
1842 9101
1843 9100
1844 9099
1845 9098
1846 14247
1847 14246
1848 14245
1849 14244
1850 14243
1851 14242
1852 14241
1853 14240
1854 14239
1855 14238
1856 14237
1857 14236
1858 14235
1859 14234
1860 14233
1861 14232
1862 14231
1863 14230
1864 14229
1865 8988
1866 8987
1867 8986
1868 8985
1869 8984
1870 8983
1871 8982
1872 8981
1873 10802
1874 10801
1875 10800
1876 10799
1877 10798
1878 10797
1879 10796
1880 10795
1881 10794
1882 10793
1883 10792
1884 9634
1885 9633
1886 9632
1887 9631
1888 9630
1889 9629
1890 9628
1891 9627
1892 9626
1893 9625
1894 9624
1895 10901
1896 10900
1897 10899
1898 10898
1899 10897
1900 10896
1901 10895
1902 10627
1903 10626
1904 10625
1905 10624
1906 10623
1907 10622
1908 10621
1909 10620
1910 10619
1911 10618
1912 10617
1913 1914
1915 10614
1916 10655
1917 10654
1918 10653
1919 10652
1920 10651
1921 10650
1922 10649
1923 13378
1924 13377
1925 13376
1926 13375
1927 13374
1928 1929
1930 13371
1931 13370
1932 13369
1933 13368
1934 13367
1935 13366
1936 13365
1937 13364
1938 13363
1939 10061
1940 10060
1941 10059
1942 10058
1943 10057
1944 10056
1945 10055
1946 10054
1947 10053
1948 1949
1950 10050
1951 10049
1952 10048
1953 10047
1954 10046
1955 10045
1956 10044
1957 12924
1958 12923
1959 1960
1961 12920
1962 12919
1963 12918
1964 12917
1965 12916
1966 12915
1967 12914
1968 13210
1969 13209
1970 1971
1972 13206
1973 13205
1974 13204
1975 13203
1976 13202
1977 13201
1978 13200
1979 13199
1980 13198
1981 13197
1982 13196
1983 13195
1984 13194
1985 13193
1986 1987
1988 13190
1989 13027
1990 13026
1991 13025
1992 13024
1993 13023
1994 13022
1995 13021
1996 13020
1997 13019
1998 1999
2000 13016
2001 12731
2002 12730
2003 12729
2004 12728
2005 12727
2006 12726
2007 12725
2008 12724
2009 12678
2010 12677
2011 2012
2013 12674
2014 12673
2015 12672
2016 12671
2017 12670
2018 12669
2019 12668
2020 12667
2021 9611
2022 9610
2023 9609
2024 9608
2025 9607
2026 2027
2028 9604
2029 9603
2030 9602
2031 11827
2032 11826
2033 11825
2034 11824
2035 11823
2036 11822
2037 11821
2038 11820
2039 2040
2041 11817
2042 11816
2043 11815
2044 11814
2045 11990
2046 11989
2047 11988
2048 11987
2049 11986
2050 11985
2051 11984
2052 2053
2054 11981
2055 11980
2056 11979
2057 11978
2058 11977
2059 11976
2060 11975
2061 11974
2062 11973
2063 11972
2064 11971
2065 11970
2066 11969
2067 11968
2068 11967
2069 11966
2070 11965
2071 11964
2072 11963
2073 12169
2074 12168
2075 12167
2076 12166
2077 12165
2078 12164
2079 2080
2081 12126
2082 12125
2083 12124
2084 12123
2085 12122
2086 12121
2087 12120
2088 12119
2089 12118
2090 12117
2091 12116
2092 12115
2093 2094
2095 12112
2096 12391
2097 12390
2098 12389
2099 12388
2100 12387
2101 12386
2102 12385
2103 12384
2104 12383
2105 12382
2106 12381
2107 12380
2108 12379
2109 11474
2110 11473
2111 11472
2112 11471
2113 11470
2114 11469
2115 2116
2117 11556
2118 11555
2119 11554
2120 11553
2121 11552
2122 11551
2123 11550
2124 11549
2125 11548
2126 11547
2127 11546
2128 11545
2129 11544
2130 11543
2131 2132
2133 11540
2134 11539
2135 11538
2136 11537
2137 11536
2138 11535
2139 11534
2140 11533
2141 11532
2142 11531
2143 11201
2144 11200
2145 11199
2146 11198
2147 11197
2148 11196
2149 11195
2150 10435
2151 10434
2152 10433
2153 10432
2154 10431
2155 10430
2156 10429
2157 2158
2159 10426
2160 10425
2161 10340
2162 10339
2163 10338
2164 10337
2165 10336
2166 10335
2167 10334
2168 10333
2169 10332
2170 10331
2171 10330
2172 10329
2173 10328
2174 10327
2175 8311
2176 8310
2177 8309
2178 8308
2179 8307
2180 8306
2181 8305
2182 8911
2183 8910
2184 8909
2185 8908
2186 8907
2187 8906
2190 8324
2191 8323
2192 8322
2193 8321
2194 8320
2195 8319
2196 8318
2197 8317
2198 8316
2199 8315
2200 8314
2201 8313
2202 8312
2203 10326
2204 10325
2205 10324
2206 10323
2207 10322
2208 10321
2209 10320
2210 10319
2211 10318
2212 10317
2213 10316
2214 10315
2215 10314
2216 10313
2217 10312
2218 10311
2219 10310
2220 10309
2221 11214
2222 11213
2223 11212
2224 11211
2225 11210
2226 11209
2227 11208
2228 11207
2229 11206
2230 11205
2231 11204
2232 11203
2233 11202
2234 11530
2235 11529
2236 11528
2237 11527
2238 11526
2239 11525
2240 11524
2241 11523
2242 11522
2243 11521
2244 11520
2245 11519
2246 11518
2247 11517
2248 11516
2249 11515
2250 11490
2251 11489
2252 11488
2253 11487
2254 11486
2255 11485
2256 11484
2257 11483
2258 11482
2259 11481
2260 11480
2261 11479
2262 11478
2263 11477
2264 11476
2265 11475
2266 12378
2267 12377
2268 12376
2269 12375
2270 12374
2271 12373
2272 12372
2273 12371
2274 12370
2275 12369
2276 12368
2277 12367
2278 12366
2279 12365
2280 12364
2281 12363
2282 12362
2283 12361
2284 12139
2285 12138
2286 12137
2287 12136
2288 12135
2289 12134
2290 12133
2291 2292
2293 12130
2294 12129
2295 12163
2296 12162
2297 12161
2298 12160
2299 12159
2300 12158
2301 12157
2302 12156
2303 12155
2304 8040
2305 8039
2306 8038
2307 8037
2308 8036
2309 8035
2310 8034
2311 8033
2312 8032
2313 8031
2314 8030
2315 12004
2316 12003
2317 12002
2318 12001
2319 12000
2320 11999
2321 11998
2322 11997
2323 11996
2324 11995
2325 11994
2326 2327
2328 11991
2329 11813
2330 11812
2331 11811
2332 11810
2333 11809
2334 11808
2335 11807
2336 11806
2337 11805
2338 11804
2339 11803
2340 11802
2341 11801
2342 11800
2343 2344
2345 11797
2346 11796
2347 11795
2348 11794
2349 11793
2350 11792
2351 11791
2352 11790
2353 12688
2354 12687
2355 12686
2356 12685
2357 12684
2358 12683
2359 12682
2360 12681
2361 12680
2362 12679
2363 12723
2364 2365
2366 12720
2367 12719
2368 12718
2369 12717
2370 12716
2371 12715
2372 12714
2373 12713
2374 12712
2375 12711
2376 12710
2377 12709
2378 8116
2379 8115
2380 2381
2382 8112
2383 8111
2384 8110
2385 8109
2386 8108
2387 8107
2388 8106
2389 8105
2390 8104
2391 8103
2392 8102
2393 8101
2394 8100
2395 8099
2396 8098
2397 8097
2398 8096
2399 12939
2400 12938
2401 12937
2402 2403
2404 12934
2405 12933
2406 12932
2407 12931
2408 12930
2409 12929
2410 12928
2411 12927
2412 12926
2413 12925
2414 2415
2416 10041
2417 10040
2418 10039
2419 10038
2420 10037
2421 10036
2422 10035
2423 10034
2424 10033
2425 10032
2426 10031
2427 2428
2429 10028
2430 8137
2431 8136
2432 8135
2433 8134
2434 8133
2435 8132
2436 8131
2437 8130
2438 8129
2439 8128
2440 8127
2441 13386
2442 13385
2443 13384
2444 2445
2446 13381
2447 13380
2448 13379
2449 10648
2450 10647
2451 10646
2452 10645
2453 10644
2454 10643
2455 10642
2456 10641
2457 10640
2458 10639
2459 10638
2460 10637
2461 2462
2463 10634
2464 10633
2465 10632
2466 10631
2467 10630
2468 10629
2469 10628
2470 10894
2471 10893
2472 10892
2473 10891
2474 10890
2475 10889
2476 10888
2477 10887
2478 10886
2479 10885
2480 10884
2481 10883
2482 10882
2483 10818
2484 10817
2485 10816
2486 10815
2487 10814
2488 10813
2489 10812
2490 10811
2491 10810
2492 10809
2493 10808
2494 10807
2495 10806
2496 10805
2497 10804
2498 10803
2499 8980
2500 8979
2501 8978
2502 8977
2503 8976
2504 8975
2505 8974
2506 8973
2507 8972
2508 8971
2509 8970
2510 8969
2511 8968
2512 8967
2513 8966
2514 8965
2515 8155
2516 8154
2517 8153
2518 8152
2519 8151
2520 8150
2521 8149
2522 8148
2523 9026
2524 9025
2525 9024
2526 9023
2527 9022
2528 9021
2529 9020
2530 9019
2531 9018
2532 9017
2533 9016
2534 9015
2535 9014
2536 9013
2537 9012
2538 9011
2539 9010
2540 9009
2541 9008
2542 9255
2543 9254
2544 9253
2545 9252
2546 9251
2547 9250
2548 9249
2549 9248
2550 9247
2551 9246
2552 9245
2553 9244
2554 9243
2555 9242
2556 9241
2557 8178
2558 8177
2559 8176
2560 8175
2561 8174
2562 8173
2563 8172
2564 8171
2565 8170
2566 8169
2567 8196
2568 8195
2569 8194
2570 8193
2571 8192
2572 8191
2573 8190
2574 8189
2575 8217
2576 8216
2577 8215
2578 8214
2579 8213
2580 8212
2581 8211
2582 8210
2583 8209
2584 8208
2585 9325
2586 9324
2587 9323
2588 9322
2589 9321
2590 9320
2591 9319
2592 9318
2593 9317
2594 9316
2595 9315
2596 9314
2597 9313
2598 9312
2599 9311
2600 9310
2601 9309
2602 9308
2603 9307
2604 9306
2605 9305
2606 9304
2607 9303
2608 9302
2609 9301
2610 9300
2611 9299
2612 14976
2613 14975
2614 14974
2615 14973
2616 14972
2617 14971
2618 14970
2619 14969
2620 8236
2621 8235
2622 8234
2623 8233
2624 8232
2625 8231
2626 8230
2627 8229
2628 8228
2629 8256
2630 8255
2631 8254
2632 8253
2633 8252
2634 8251
2635 8250
2636 8249
2637 8248
2638 9486
2639 9485
2640 9484
2641 9483
2642 9482
2643 9481
2644 9480
2645 9479
2646 9478
2647 9477
2648 9476
2649 9475
2650 9474
2651 9473
2652 9472
2653 9471
2654 9470
2655 9469
2656 9468
2657 9467
2658 9466
2659 9465
2660 9464
2661 9463
2662 9462
2663 9461
2664 9460
2665 9459
2666 9458
2667 9457
2668 9456
2669 9455
2670 9454
2671 9453
2672 9452
2673 9451
2674 15231
2675 15230
2676 15229
2677 15228
2678 15227
2679 15226
2680 15225
2681 15224
2682 15223
2683 15222
2684 15221
2685 15220
2686 15219
2687 15218
2688 15217
2689 15216
2690 8604
2691 8603
2692 8602
2693 8601
2694 8600
2695 8599
2696 8598
2697 8597
2698 8596
2699 8595
2700 8594
2701 8593
2702 8592
2703 8591
2704 8590
2705 8589
2706 8588
2707 8587
2708 8586
2709 8585
2710 8584
2711 8583
2712 8582
2713 8581
2714 8580
2715 8579
2716 8578
2717 8804
2718 8803
2719 8802
2720 8801
2721 8800
2722 8799
2723 8798
2724 8797
2725 8263
2726 8262
2727 8261
2728 8260
2729 8259
2730 8258
2731 8257
2734 8270
2735 8269
2736 8268
2737 8267
2738 8266
2739 8265
2740 8264
2741 8796
2742 8795
2743 8794
2744 2745
2746 8791
2747 8790
2748 8789
2749 8788
2750 8787
2751 8786
2752 8785
2753 8784
2754 8783
2755 2756
2757 8780
2758 8779
2759 8778
2760 8777
2761 8776
2762 8775
2763 8774
2764 8622
2765 8621
2766 2767
2768 8618
2769 8617
2770 8616
2771 8615
2772 8614
2773 8613
2774 8612
2775 8611
2776 8610
2777 8609
2778 2779
2780 8606
2781 8605
2782 15215
2783 15214
2784 15213
2785 2786
2787 15210
2788 15209
2789 15208
2790 15207
2791 15206
2792 2793
2794 15203
2795 15202
2796 15201
2797 15200
2798 15199
2799 2800
2801 15196
2802 15195
2803 15194
2804 15193
2805 15192
2806 2807
2808 15189
2809 15188
2810 15187
2811 15186
2812 15185
2813 2814
2815 15182
2816 15181
2817 15180
2818 7897
2819 7896
2820 7895
2821 2822
2823 7892
2824 7891
2825 7890
2826 7889
2827 7888
2828 2829
2830 7875
2831 7874
2832 7873
2833 7872
2834 7871
2835 2836
2837 9494
2838 9493
2839 9492
2840 9491
2841 9490
2842 9489
2843 2844
2845 8247
2846 8246
2847 8245
2848 8244
2849 8243
2850 2851
2852 8240
2853 8239
2854 8238
2855 8237
2856 8227
2857 8226
2858 2859
2860 8223
2861 8222
2862 8221
2863 8220
2864 8219
2865 8218
2866 14968
2867 14967
2868 14966
2869 14965
2870 14964
2871 2872
2873 14961
2874 14960
2875 14959
2876 14958
2877 14957
2878 2879
2880 14954
2881 14953
2882 14952
2883 14951
2884 14950
2885 14949
2886 2887
2888 14946
2889 14945
2890 14944
2891 9342
2892 9341
2893 9340
2894 2895
2896 9337
2897 9336
2898 9335
2899 9334
2900 9333
2901 9332
2902 2903
2904 9329
2905 9328
2906 9327
2907 9326
2908 8207
2909 8206
2910 8205
2911 8204
2912 8203
2913 2914
2915 8200
2916 8199
2917 8198
2918 8197
2919 8188
2920 8187
2921 2922
2923 8184
2924 8183
2925 8182
2926 8181
2927 8180
2928 8179
2929 2930
2931 8166
2932 8165
2933 8164
2934 8163
2935 8162
2936 8161
2937 2938
2939 8158
2940 8157
2941 8156
2942 9240
2943 9239
2944 9238
2945 2946
2947 9235
2948 9234
2949 9233
2950 9232
2951 9231
2952 9230
2953 9229
2954 7837
2955 7836
2956 7835
2957 7834
2958 7833
2959 7832
2960 7831
2961 7830
2962 2963
2964 9044
2965 9043
2966 9042
2967 9041
2968 9040
2969 9039
2970 2971
2972 9036
2973 9035
2974 9034
2975 9033
2976 9032
2977 9031
2978 9030
2979 2980
2981 9027
2982 8147
2983 8146
2984 8145
2985 8144
2986 8143
2987 8142
2988 2989
2990 8139
2991 8138
2992 8964
2993 8963
2994 8962
2995 8961
2996 8960
2997 8959
2998 8958
2999 8957
3000 8956
3001 8955
3002 8954
3003 8953
3004 3005
3006 8950
3007 8949
3008 8948
3009 8947
3010 8946
3011 8945
3012 8944
3013 8943
3014 8942
3015 3016
3017 10829
3018 10828
3019 10827
3020 10826
3021 10825
3022 10824
3023 10823
3024 10822
3025 10821
3026 10820
3027 10819
3028 10881
3029 10880
3030 10879
3031 10878
3032 10877
3033 10876
3034 10875
3035 10874
3036 10873
3037 10872
3038 10871
3039 10870
3040 10869
3041 10868
3042 10867
3043 10866
3044 10865
3045 10864
3046 10863
3047 10862
3048 13404
3049 13403
3050 13402
3051 13401
3052 13400
3053 13399
3054 13398
3055 13397
3056 13396
3057 13395
3058 13394
3059 13393
3060 13392
3061 13391
3062 13390
3063 13389
3064 13388
3065 13387
3066 8126
3067 8125
3068 8124
3069 8123
3070 8122
3071 8121
3072 8120
3073 8119
3074 8118
3075 8117
3076 10027
3077 10026
3078 10025
3079 10024
3080 10023
3081 10022
3082 10021
3083 12957
3084 12956
3085 12955
3086 12954
3087 12953
3088 12952
3089 12951
3090 12950
3091 12949
3092 12948
3093 12947
3094 12946
3095 12945
3096 12944
3097 12943
3098 12942
3099 12941
3100 12940
3101 8095
3102 8094
3103 8093
3104 8092
3105 8091
3106 8090
3107 8089
3108 8088
3109 8087
3110 8086
3111 8048
3112 8047
3113 8046
3114 8045
3115 8044
3116 8043
3117 8042
3118 8041
3119 12708
3120 12707
3121 12706
3122 12705
3123 12704
3124 12703
3125 12702
3126 12701
3127 12700
3128 12699
3129 12698
3130 12697
3131 12696
3132 12695
3133 12694
3134 12693
3135 12692
3136 12691
3137 12690
3138 12689
3139 11789
3140 11788
3141 11787
3142 11786
3143 11785
3144 11784
3145 11783
3146 11782
3147 11781
3148 11780
3149 11779
3150 11778
3151 11777
3152 11776
3153 11775
3154 11774
3155 11773
3156 11772
3157 11771
3158 11770
3159 11769
3160 11768
3161 11767
3162 11766
3163 11765
3164 12011
3165 12010
3166 12009
3167 12008
3168 12007
3169 12006
3170 12005
3171 8029
3172 8028
3173 8027
3174 8026
3175 8025
3176 8024
3177 8023
3178 8022
3179 8021
3180 8020
3181 12154
3182 12153
3183 12152
3184 12151
3185 12150
3186 12149
3187 12148
3188 12147
3189 12146
3190 12145
3191 12144
3192 12143
3193 12142
3194 12141
3195 12140
3196 12360
3197 12359
3198 12358
3199 12357
3200 12356
3201 12355
3202 12354
3203 12353
3204 12352
3205 12351
3206 12350
3207 12349
3208 12348
3209 12347
3210 12346
3211 12345
3212 12344
3213 12343
3214 12342
3215 12341
3216 12340
3217 11497
3218 11496
3219 11495
3220 11494
3221 11493
3222 11492
3223 11491
3224 11514
3225 11513
3226 11512
3227 11511
3228 11510
3229 11509
3230 11508
3231 11231
3232 11230
3233 11229
3234 11228
3235 11227
3236 11226
3237 11225
3238 11224
3239 11223
3240 11222
3241 11221
3242 11220
3243 11219
3244 11218
3245 11217
3246 11216
3247 11215
3248 10308
3249 10307
3250 10306
3251 10305
3252 10304
3253 10303
3254 10302
3255 10301
3256 10300
3257 10299
3258 10298
3259 10297
3260 10296
3261 10295
3262 10294
3263 10293
3264 10292
3265 10291
3266 10290
3267 10289
3268 10288
3269 10287
3270 10286
3271 10285
3272 10284
3273 10283
3274 10282
3277 7692
3278 7691
3279 7690
3280 7689
3281 7688
3282 7687
3283 7686
3284 7685
3285 7684
3286 7683
3287 7682
3288 7681
3289 7680
3290 7713
3291 7712
3292 7711
3293 7710
3294 7709
3295 7708
3296 7707
3297 7706
3298 7705
3299 7704
3300 7731
3301 7730
3302 7729
3303 7728
3304 7727
3305 7726
3306 7725
3307 7724
3308 7723
3309 11237
3310 11236
3311 11235
3312 11234
3313 11233
3314 11232
3315 11507
3316 11506
3317 11505
3318 11504
3319 11503
3320 11502
3321 11501
3322 11500
3323 11499
3324 11498
3325 12339
3326 12338
3327 12337
3328 12336
3329 12335
3330 12334
3331 12333
3332 7747
3333 7746
3334 7745
3335 7744
3336 7743
3337 7742
3338 7741
3339 7740
3340 12093
3341 12092
3342 12091
3343 12090
3344 12089
3345 12088
3346 12087
3347 12086
3348 12085
3349 12084
3350 12083
3351 12082
3352 12081
3353 7763
3354 7762
3355 7761
3356 7760
3357 7759
3358 7758
3359 7757
3360 7756
3361 12017
3362 12016
3363 12015
3364 12014
3365 12013
3366 12012
3367 11764
3368 11763
3369 11762
3370 11761
3371 11760
3372 11759
3373 11758
3374 11757
3375 11756
3376 11755
3377 11754
3378 11753
3379 11752
3380 11751
3381 11750
3382 11749
3383 11748
3384 11747
3385 11746
3386 11745
3387 11744
3388 11743
3389 11742
3390 11741
3391 11740
3392 11739
3393 11738
3394 11737
3395 11736
3396 11735
3397 11734
3398 11733
3399 8058
3400 8057
3401 8056
3402 8055
3403 8054
3404 8053
3405 8052
3406 8051
3407 8050
3408 8049
3409 8085
3410 8084
3411 8083
3412 8082
3413 8081
3414 8080
3415 8079
3416 8078
3417 12971
3418 12970
3419 12969
3420 12968
3421 12967
3422 12966
3423 12965
3424 12964
3425 12963
3426 12962
3427 12961
3428 12960
3429 12959
3430 12958
3431 10020
3432 10019
3433 10018
3434 10017
3435 10016
3436 10015
3437 10014
3438 10013
3439 10012
3440 10011
3441 10010
3442 10009
3443 10008
3444 10007
3445 10006
3446 10005
3447 10004
3448 10003
3449 10002
3450 10001
3451 13414
3452 13413
3453 13412
3454 13411
3455 13410
3456 13409
3457 13408
3458 13407
3459 13406
3460 13405
3461 10861
3462 10860
3463 10859
3464 10858
3465 10857
3466 10856
3467 10855
3468 10854
3469 10853
3470 10852
3471 10851
3472 10850
3473 10849
3474 10848
3475 10847
3476 10846
3477 10845
3478 10844
3479 10843
3480 10842
3481 3482
3483 10839
3484 10838
3485 10837
3486 10836
3487 10835
3488 3489
3490 10832
3491 10831
3492 10830
3493 3494
3495 8937
3496 8936
3497 8935
3498 3499
3500 8932
3501 8931
3502 8930
3503 3504
3505 7825
3506 7824
3507 7823
3508 3509
3510 7820
3511 7819
3512 3513
3514 7816
3515 7815
3516 7814
3517 7813
3518 3519
3520 7810
3521 7809
3522 3523
3524 7806
3525 7805
3526 7804
3527 3528
3529 7801
3530 7800
3531 3532
3533 7797
3534 7796
3535 3536
3537 9063
3538 9062
3539 3540
3541 9059
3542 9058
3543 3544
3545 9055
3546 9054
3547 3548
3549 9051
3550 9050
3551 3552
3553 9047
3554 3555
3556 7848
3557 7847
3558 3559
3560 7844
3561 7843
3562 3563
3564 7840
3565 7839
3566 7838
3567 9228
3568 9227
3569 3570
3571 9224
3572 9223
3573 3574
3575 9220
3576 9219
3577 3578
3579 9216
3580 9215
3581 3582
3583 9212
3584 9211
3585 3586
3587 9208
3588 9207
3589 3590
3591 9204
3592 9203
3593 9202
3594 3595
3596 9199
3597 9198
3598 3599
3600 9195
3601 9194
3602 3603
3604 9191
3605 9190
3606 3607
3608 9187
3609 9186
3610 3611
3612 9183
3613 9182
3614 3615
3616 9179
3617 9178
3618 7868
3619 7867
3620 7866
3621 3622
3623 7863
3624 7862
3625 3626
3627 7859
3628 9354
3629 3630
3631 9351
3632 9350
3633 3634
3635 9347
3636 9346
3637 3638
3639 9343
3640 14943
3641 3642
3643 14940
3644 14939
3645 3646
3647 14936
3648 14935
3649 3650
3651 14932
3652 14931
3653 3654
3655 14928
3656 14927
3657 3658
3659 14924
3660 14923
3661 3662
3663 14920
3664 14919
3665 3666
3667 14916
3668 14915
3669 14914
3670 14913
3671 14912
3672 3673
3674 14909
3675 14908
3676 3677
3678 14905
3679 14904
3680 3681
3682 14901
3683 14900
3684 3685
3686 14897
3687 14896
3688 3689
3690 14893
3691 14892
3692 3693
3694 14889
3695 14888
3696 3697
3698 9499
3699 9498
3700 3701
3702 9495
3703 3704
3705 7885
3706 7884
3707 3708
3709 7881
3710 7880
3711 3712
3713 7908
3714 7907
3715 3716
3717 7904
3718 7903
3719 3720
3721 7900
3722 7899
3723 7898
3724 3725
3726 15177
3727 15176
3728 3729
3730 15173
3731 3732
3733 15170
3734 15169
3735 3736
3737 15166
3738 15165
3739 3740
3741 7930
3742 3743
3744 7927
3745 7926
3746 3747
3748 7923
3749 7922
3750 3751
3752 7948
3753 7947
3754 3755
3756 7944
3757 3758
3759 7941
3760 7940
3761 3762
3763 7965
3764 7964
3765 3766
3767 7961
3768 7960
3769 3770
3771 8637
3772 8636
3773 8635
3774 8634
3775 8633
3776 8632
3777 3778
3779 8629
3780 8628
3781 8627
3782 3783
3784 8624
3785 8623
3786 8773
3787 3788
3789 8770
3790 8769
3791 8768
3792 3793
3794 7986
3795 7985
3796 7984
3797 7983
3798 3799
3800 7980
3801 7979
3802 7978
3803 8007
3804 3805
3806 8004
3807 8003
3808 8002
3809 8001
3810 3811
3812 7998
3813 7997
3814 8013
3815 8012
3816 3817
3818 8009
3819 8008
3822 8019
3823 8018
3824 8017
3825 8016
3826 3827
3828 7996
3829 7995
3830 7994
3831 7993
3832 3833
3834 7990
3835 7989
3836 7988
3837 7987
3838 7977
3839 3840
3841 7974
3842 7973
3843 7972
3844 7971
3845 3846
3847 7968
3848 8765
3849 8764
3850 8763
3851 3852
3853 8760
3854 8759
3855 8758
3856 3857
3858 8650
3859 8649
3860 8648
3861 8647
3862 3863
3864 8644
3865 8643
3866 8642
3867 8641
3868 8640
3869 3870
3871 7957
3872 7956
3873 7955
3874 3875
3876 7952
3877 7951
3878 3879
3880 7939
3881 7938
3882 3883
3884 7935
3885 7934
3886 3887
3888 7931
3889 7919
3890 3891
3892 7916
3893 7915
3894 3895
3896 7912
3897 7911
3898 3899
3900 15162
3901 15161
3902 3903
3904 15158
3905 15157
3906 3907
3908 9533
3909 9532
3910 3911
3912 9529
3913 9528
3914 3915
3916 9525
3917 9524
3918 9523
3919 3920
3921 9520
3922 9519
3923 3924
3925 9516
3926 9515
3927 3928
3929 9512
3930 9511
3931 3932
3933 9508
3934 9507
3935 9506
3936 3937
3938 9503
3939 9502
3940 3941
3942 14885
3943 14884
3944 3945
3946 14881
3947 14880
3948 3949
3950 14877
3951 14876
3952 3953
3954 14873
3955 14872
3956 14871
3957 3958
3959 14868
3960 14867
3961 3962
3963 14864
3964 14863
3965 3966
3967 14860
3968 14859
3969 14858
3970 9394
3971 9393
3972 3973
3974 9390
3975 9389
3976 9388
3977 3978
3979 9385
3980 9384
3981 3982
3983 9381
3984 9380
3985 3986
3987 9377
3988 9376
3989 3990
3991 9373
3992 9372
3993 9371
3994 3995
3996 9368
3997 9367
3998 3999
4000 9364
4001 9363
4002 4003
4004 9360
4005 9359
4006 9358
4007 4008
4009 9355
4010 7858
4011 4012
4013 7855
4014 7854
4015 4016
4017 7851
4018 7850
4019 7849
4020 4021
4022 9175
4023 9174
4024 4025
4026 9171
4027 9170
4028 4029
4030 9167
4031 9166
4032 9165
4033 4034
4035 9162
4036 9161
4037 4038
4039 9158
4040 9157
4041 4042
4043 9154
4044 9153
4045 4046
4047 9150
4048 9149
4049 9148
4050 4051
4052 9145
4053 9144
4054 4055
4056 9141
4057 9140
4058 4059
4060 9137
4061 9136
4062 4063
4064 9133
4065 9132
4066 4067
4068 9129
4069 9128
4070 9127
4071 9126
4072 4073
4074 9123
4075 9122
4076 4077
4078 9119
4079 9118
4080 4081
4082 9115
4083 9114
4084 4085
4086 9082
4087 9081
4088 4089
4090 9078
4091 9077
4092 9076
4093 4094
4095 9073
4096 9072
4097 4098
4099 9069
4100 9068
4101 4102
4103 7795
4104 7794
4105 4106
4107 7791
4108 7790
4109 4110
4111 7787
4112 7786
4113 4114
4115 7783
4116 7782
4117 7781
4118 4119
4120 7778
4121 7777
4122 7776
4123 4124
4125 7773
4126 7772
4127 7771
4128 4129
4130 7768
4131 7767
4132 4133
4134 7764
4135 8929
4136 8928
4137 4138
4139 8925
4140 8924
4141 8923
4142 4143
4144 8920
4145 8919
4146 8918
4147 8896
4148 4149
4150 8893
4151 8892
4152 8891
4153 8890
4154 4155
4156 8887
4157 8886
4158 8874
4159 8873
4160 8872
4161 8871
4162 8870
4163 8869
4164 8868
4165 8867
4166 8866
4167 8865
4168 8864
4169 8852
4170 8851
4171 8850
4172 8849
4173 8848
4174 8847
4175 8846
4176 8845
4177 8844
4178 8843
4179 13422
4180 13421
4181 13420
4182 13419
4183 13418
4184 13417
4185 13416
4186 13415
4187 10000
4188 9999
4189 9998
4190 9997
4191 9996
4192 9995
4193 9994
4194 9993
4195 9992
4196 9991
4197 9990
4198 9989
4199 9988
4200 9987
4201 9986
4202 9985
4203 9984
4204 9983
4205 9982
4206 9981
4207 9980
4208 9979
4209 9978
4210 9977
4211 9976
4212 12979
4213 12978
4214 12977
4215 12976
4216 12975
4217 12974
4218 12973
4219 12972
4220 8077
4221 8076
4222 8075
4223 8074
4224 8073
4225 8072
4226 8071
4227 8070
4228 8069
4229 8068
4230 8067
4231 8066
4232 8065
4233 8064
4234 8063
4235 8062
4236 8061
4237 8060
4238 8059
4239 11732
4240 11731
4241 11730
4242 11729
4243 11728
4244 11727
4245 11726
4246 11725
4247 11724
4248 11723
4249 11722
4250 11721
4251 11720
4252 11719
4253 8830
4254 8829
4255 8828
4256 8827
4257 8826
4258 8825
4259 8824
4260 8823
4261 8822
4262 8821
4263 12033
4264 12032
4265 12031
4266 12030
4267 12029
4268 12028
4269 12027
4270 12026
4271 12025
4272 12024
4273 12023
4274 12022
4275 12021
4276 12020
4277 12019
4278 12018
4279 7755
4280 7754
4281 7753
4282 7752
4283 7751
4284 7750
4285 7749
4286 7748
4287 12080
4288 12079
4289 12078
4290 12077
4291 12076
4292 12075
4293 12074
4294 12099
4295 12098
4296 12097
4297 12096
4298 12095
4299 12094
4300 7739
4301 7738
4302 7737
4303 7736
4304 7735
4305 7734
4306 7733
4307 7732
4308 12332
4309 12331
4310 12330
4311 12329
4312 12328
4313 12327
4314 12326
4315 12325
4316 12324
4317 11254
4318 11253
4319 11252
4320 11251
4321 11250
4322 11249
4323 11248
4324 11247
4325 11246
4326 11245
4327 11244
4328 11243
4329 11242
4330 11241
4331 11240
4332 11239
4333 11238
4334 7722
4335 7721
4336 7720
4337 7719
4338 7718
4339 7717
4340 7716
4341 7715
4342 7714
4343 7703
4344 7702
4345 7701
4346 7700
4347 7699
4348 7698
4349 7697
4350 7696
4351 7695
4352 7694
4353 7693
4354 7679
4355 7678
4356 7677
4357 7676
4358 7675
4359 7674
4360 7673
4361 7672
4362 7671
4363 7670
4364 7669
4365 7668
4366 7667
4369 8917
4370 8916
4371 8915
4372 8914
4373 8913
4374 8912
4375 8304
4376 8303
4377 8302
4378 8301
4379 8300
4380 8299
4381 8298
4382 10457
4383 10456
4384 10455
4385 10454
4386 10453
4387 10452
4388 10451
4389 10450
4390 10449
4391 10448
4392 10447
4393 10446
4394 10445
4395 10444
4396 10443
4397 10442
4398 10441
4399 10440
4400 10439
4401 10438
4402 10437
4403 10436
4404 11194
4405 11193
4406 11192
4407 11191
4408 11190
4409 11189
4410 11188
4411 11187
4412 11186
4413 11272
4414 11271
4415 11270
4416 11269
4417 11268
4418 11267
4419 11266
4420 11265
4421 11264
4422 11263
4423 11262
4424 11261
4425 11260
4426 11259
4427 11258
4428 11257
4429 11256
4430 11255
4431 12323
4432 12322
4433 12321
4434 12320
4435 12319
4436 12318
4437 12317
4438 12316
4439 12315
4440 12314
4441 12313
4442 12312
4443 12399
4444 12398
4445 12397
4446 12396
4447 12395
4448 12394
4449 12393
4450 12392
4451 12111
4452 12110
4453 12109
4454 12108
4455 12107
4456 12106
4457 12105
4458 12104
4459 12103
4460 12102
4461 12101
4462 12100
4463 12073
4464 12072
4465 12071
4466 12070
4467 12069
4468 12068
4469 12067
4470 12066
4471 12065
4472 12064
4473 12063
4474 12062
4475 12061
4476 12060
4477 12059
4478 12058
4479 12057
4480 12056
4481 12055
4482 12054
4483 12053
4484 12052
4485 12051
4486 12050
4487 12049
4488 12048
4489 12047
4490 12046
4491 12045
4492 12044
4493 12043
4494 12042
4495 12041
4496 12040
4497 12039
4498 12038
4499 12037
4500 12036
4501 12035
4502 12034
4503 8842
4504 8841
4505 8840
4506 8839
4507 8838
4508 8837
4509 8836
4510 8835
4511 8834
4512 8833
4513 8832
4514 8831
4515 11718
4516 11717
4517 11716
4518 11715
4519 11714
4520 11713
4521 12742
4522 12741
4523 12740
4524 12739
4525 12738
4526 12737
4527 12736
4528 12735
4529 12734
4530 12733
4531 12732
4532 13015
4533 13014
4534 13013
4535 13012
4536 13011
4537 13010
4538 13009
4539 13008
4540 13007
4541 13006
4542 13005
4543 13004
4544 13003
4545 13002
4546 13001
4547 13000
4548 12999
4549 12998
4550 12997
4551 12996
4552 12995
4553 12994
4554 12993
4555 12992
4556 12991
4557 12990
4558 12989
4559 12988
4560 12987
4561 12986
4562 12985
4563 12984
4564 12983
4565 12982
4566 12981
4567 12980
4568 9975
4569 9974
4570 9973
4571 9972
4572 9971
4573 9970
4574 10072
4575 10071
4576 10070
4577 10069
4578 10068
4579 10067
4580 10066
4581 10065
4582 10064
4583 10063
4584 10062
4585 13362
4586 13361
4587 13360
4588 13359
4589 13358
4590 13357
4591 13356
4592 13355
4593 13354
4594 13353
4595 13352
4596 13435
4597 13434
4598 13433
4599 13432
4600 13431
4601 13430
4602 13429
4603 13428
4604 13427
4605 13426
4606 13425
4607 13424
4608 13423
4609 8863
4610 8862
4611 8861
4612 8860
4613 8859
4614 8858
4615 8857
4616 8856
4617 8855
4618 8854
4619 8853
4620 8885
4621 8884
4622 8883
4623 8882
4624 8881
4625 8880
4626 8879
4627 8878
4628 8877
4629 8876
4630 8875
4631 8905
4632 8904
4633 8903
4634 8902
4635 8901
4636 8900
4637 8899
4638 8898
4639 8897
4640 9007
4641 9006
4642 9005
4643 4644
4645 9002
4646 9001
4647 9000
4648 8999
4649 8998
4650 8997
4651 8996
4652 8995
4653 8994
4654 8993
4655 8992
4656 4657
4658 8989
4659 14228
4660 14227
4661 14226
4662 14225
4663 14224
4664 14223
4665 14222
4666 14221
4667 14220
4668 14259
4669 14258
4670 14257
4671 4672
4673 14254
4674 14253
4675 14252
4676 14251
4677 14250
4678 14249
4679 14248
4680 9097
4681 9096
4682 4683
4684 9093
4685 9092
4686 9091
4687 9090
4688 9089
4689 9088
4690 9087
4691 9086
4692 9085
4693 4694
4695 9296
4696 9295
4697 9294
4698 9293
4699 9292
4700 9291
4701 9290
4702 9289
4703 9288
4704 9287
4705 9286
4706 9285
4707 9284
4708 9283
4709 9282
4710 9281
4711 9280
4712 9279
4713 4714
4715 9276
4716 9275
4717 9274
4718 9273
4719 13823
4720 13822
4721 13821
4722 13820
4723 13819
4724 4725
4726 13816
4727 13815
4728 13814
4729 13813
4730 13812
4731 13811
4732 13810
4733 14464
4734 14463
4735 4736
4737 14460
4738 14459
4739 14458
4740 14457
4741 14456
4742 14455
4743 14454
4744 14453
4745 14452
4746 14451
4747 14450
4748 14449
4749 14448
4750 14447
4751 14446
4752 14445
4753 9429
4754 9428
4755 9427
4756 4757
4758 9424
4759 9423
4760 9422
4761 9421
4762 9420
4763 9419
4764 9418
4765 9417
4766 9416
4767 4768
4769 9413
4770 9412
4771 9411
4772 9410
4773 9409
4774 9408
4775 9407
4776 9406
4777 9405
4778 4779
4780 9402
4781 9401
4782 9400
4783 9399
4784 9398
4785 9397
4786 9396
4787 9395
4788 14857
4789 14856
4790 14855
4791 14854
4792 14853
4793 14852
4794 14851
4795 14850
4796 14849
4797 14848
4798 4799
4800 14845
4801 14844
4802 15022
4803 15021
4804 15020
4805 15019
4806 15018
4807 15017
4808 4809
4810 15014
4811 15013
4812 15012
4813 15011
4814 15010
4815 15009
4816 9557
4817 9556
4818 9555
4819 4820
4821 9552
4822 9551
4823 9550
4824 9549
4825 9548
4826 9547
4827 9546
4828 9545
4829 4830
4831 9542
4832 9541
4833 9540
4834 9539
4835 9538
4836 9537
4837 9536
4838 9535
4839 9534
4840 4841
4842 15152
4843 15151
4844 15150
4845 15149
4846 15148
4847 15147
4848 15146
4849 15145
4850 4851
4852 15142
4853 8480
4854 8479
4855 8478
4856 8477
4857 8476
4858 8475
4859 8474
4860 4861
4862 8471
4863 8470
4864 8469
4865 8468
4866 8467
4867 8466
4868 8551
4869 8550
4870 8549
4871 4872
4873 8546
4874 8545
4875 8658
4876 8657
4877 8656
4878 8655
4879 8654
4880 8653
4881 8652
4882 8651
4883 8755
4884 8754
4885 8753
4886 8752
4887 4888
4889 8749
4890 8748
4891 8747
4892 8746
4893 8745
4894 8744
4895 8743
4896 8742
4897 8741
4898 8740
4899 8739
4900 8738
4901 8737
4902 8736
4903 8735
4904 4905
4906 8732
4907 9593
4908 9592
4909 9591
4910 9590
4911 9589
4912 9588
4913 9587
4914 9586
4917 9601
4918 9600
4919 9599
4920 9598
4921 9597
4922 9596
4923 9595
4924 9594
4925 8731
4926 8730
4927 8729
4928 8728
4929 8727
4930 8726
4931 8725
4932 8724
4933 8723
4934 8722
4935 8721
4936 4937
4938 8718
4939 8717
4940 8716
4941 8715
4942 8714
4943 8713
4944 8670
4945 8669
4946 8668
4947 8667
4948 8666
4949 8665
4950 8664
4951 8663
4952 8662
4953 8661
4954 8660
4955 8659
4956 8544
4957 4958
4959 8541
4960 8540
4961 8539
4962 8538
4963 8495
4964 8494
4965 8493
4966 8492
4967 8491
4968 8490
4969 8489
4970 8488
4971 8487
4972 4973
4974 8484
4975 8483
4976 8482
4977 8481
4978 15141
4979 15140
4980 15139
4981 15138
4982 15137
4983 15136
4984 15135
4985 4986
4987 15132
4988 15131
4989 15130
4990 15129
4991 15128
4992 15127
4993 15126
4994 15125
4995 14751
4996 14750
4997 14749
4998 14748
4999 14747
5000 14746
5001 14745
5002 14744
5003 15046
5004 15045
5005 15044
5006 15043
5007 15042
5008 15041
5009 15040
5010 15039
5011 5012
5013 15036
5014 15035
5015 15034
5016 15033
5017 15032
5018 15031
5019 15030
5020 15029
5021 15028
5022 15027
5023 15026
5024 15025
5025 5026
5027 14843
5028 14842
5029 14841
5030 14840
5031 14839
5032 14838
5033 14837
5034 14681
5035 14680
5036 14679
5037 14678
5038 14677
5039 14676
5040 14675
5041 14674
5042 14673
5043 14672
5044 14671
5045 14670
5046 14669
5047 14668
5048 14667
5049 10169
5050 10168
5051 10167
5052 5053
5054 10164
5055 10163
5056 10162
5057 10161
5058 10160
5059 14586
5060 14585
5061 14584
5062 14583
5063 14582
5064 14581
5065 14580
5066 5067
5068 14490
5069 14489
5070 14488
5071 14487
5072 14486
5073 14485
5074 14484
5075 14483
5076 14482
5077 14481
5078 14480
5079 14479
5080 14478
5081 14477
5082 5083
5084 14474
5085 14473
5086 14472
5087 14471
5088 14470
5089 14469
5090 14468
5091 14467
5092 14466
5093 14465
5094 13809
5095 13808
5096 5097
5098 13805
5099 13804
5100 13803
5101 13802
5102 13801
5103 13800
5104 13799
5105 13798
5106 13797
5107 13796
5108 13795
5109 13794
5110 5111
5112 13791
5113 13790
5114 13789
5115 13788
5116 13787
5117 13786
5118 13785
5119 13784
5120 13783
5121 13782
5122 13944
5123 13943
5124 13942
5125 13941
5126 13940
5127 13939
5128 5129
5130 13979
5131 13978
5132 13977
5133 13976
5134 13975
5135 13974
5136 13973
5137 13972
5138 13971
5139 13970
5140 5141
5142 14276
5143 14275
5144 14274
5145 14273
5146 14272
5147 14271
5148 14270
5149 14269
5150 14268
5151 14267
5152 5153
5154 14264
5155 14263
5156 14262
5157 14261
5158 14260
5159 14219
5160 14218
5161 14217
5162 14216
5163 14215
5164 14214
5165 14213
5166 14212
5167 5168
5169 14209
5170 14208
5171 14207
5172 14206
5173 14205
5174 14204
5175 10128
5176 10127
5177 10126
5178 10125
5179 10124
5180 10123
5181 5182
5183 10120
5184 10119
5185 13565
5186 13564
5187 13563
5188 13562
5189 13561
5190 13560
5191 13559
5192 13558
5193 13557
5194 13556
5195 13555
5196 13554
5197 13553
5198 13552
5199 13551
5200 13550
5201 13549
5202 13548
5203 13547
5204 13546
5205 13545
5206 13544
5207 13543
5208 13542
5209 13541
5210 13540
5211 13539
5212 13538
5213 13537
5214 13536
5215 13535
5216 13534
5217 13533
5218 13532
5219 13531
5220 13530
5221 13529
5222 13528
5223 13443
5224 13442
5225 13441
5226 13440
5227 13439
5228 13438
5229 13437
5230 13436
5231 13351
5232 13350
5233 13349
5234 13348
5235 13347
5236 13346
5237 13345
5238 10086
5239 10085
5240 10084
5241 10083
5242 10082
5243 10081
5244 10080
5245 10079
5246 10078
5247 10077
5248 10076
5249 10075
5250 10074
5251 10073
5252 9969
5253 9968
5254 9967
5255 9966
5256 9965
5257 9964
5258 9963
5259 9962
5260 9961
5261 9960
5262 9959
5263 9958
5264 9957
5265 9956
5266 9955
5267 9954
5268 9953
5269 9952
5270 9951
5271 9950
5272 9949
5273 9948
5274 9947
5275 9946
5276 9945
5277 9944
5278 9943
5279 12768
5280 12767
5281 12766
5282 12765
5283 12764
5284 12763
5285 12762
5286 12761
5287 12760
5288 12759
5289 12758
5290 12757
5291 12756
5292 12755
5293 12754
5294 12753
5295 12752
5296 12751
5297 12750
5298 12749
5299 12748
5300 12747
5301 12746
5302 12745
5303 12744
5304 12743
5305 11712
5306 11711
5307 11710
5308 11709
5309 11708
5310 11707
5311 11706
5312 11705
5313 11704
5314 11703
5315 11702
5316 11701
5317 11700
5318 11699
5319 11698
5320 11697
5321 11696
5322 11695
5323 11694
5324 11693
5325 11692
5326 11691
5327 11690
5328 11689
5329 11688
5330 11687
5331 11883
5332 11882
5333 11881
5334 11880
5335 11879
5336 11878
5337 11877
5338 11876
5339 11917
5340 11916
5341 11915
5342 11914
5343 11913
5344 11912
5345 11911
5346 11910
5347 11909
5348 11908
5349 11907
5350 11906
5351 11905
5352 11904
5353 11903
5354 12477
5355 12476
5356 12475
5357 12474
5358 12473
5359 12472
5360 12471
5361 12470
5362 12469
5363 12468
5364 12467
5365 12466
5366 12465
5367 12464
5368 12463
5369 12462
5370 12461
5371 12460
5372 12459
5373 12458
5374 12457
5375 12411
5376 12410
5377 12409
5378 12408
5379 12407
5380 12406
5381 12405
5382 12404
5383 12403
5384 12402
5385 12401
5386 12400
5387 12311
5388 12310
5389 12309
5390 12308
5391 12307
5392 12306
5393 12305
5394 12304
5395 11591
5396 11590
5397 11589
5398 11588
5399 11587
5400 11586
5401 11585
5402 11289
5403 11288
5404 11287
5405 11286
5406 11285
5407 11284
5408 11283
5409 11282
5410 11281
5411 11280
5412 11279
5413 11278
5414 11277
5415 11276
5416 11275
5417 11274
5418 11273
5419 11185
5420 11184
5421 11183
5422 11182
5423 11181
5424 11180
5425 11179
5426 11178
5427 11177
5428 11176
5429 11175
5430 11174
5431 11173
5432 11172
5433 11171
5434 11170
5435 11169
5436 10472
5437 10471
5438 10470
5439 10469
5440 10468
5441 10467
5442 10466
5443 10465
5444 10464
5445 10463
5446 10462
5447 10461
5448 10460
5449 10459
5450 10458
5451 8297
5452 8296
5453 8295
5454 8294
5455 8293
5456 8292
5457 8291
5458 9897
5459 9896
5460 9895
5461 9894
5462 9893
5463 9892
5466 9903
5467 9902
5468 9901
5469 9900
5470 9899
5471 9898
5472 8290
5473 8289
5474 8288
5475 8287
5476 8286
5477 8285
5478 8284
5479 10484
5480 10483
5481 10482
5482 10481
5483 10480
5484 10479
5485 10478
5486 10477
5487 10476
5488 10475
5489 10474
5490 10473
5491 11168
5492 11167
5493 11166
5494 11165
5495 11164
5496 11163
5497 11162
5498 11161
5499 11160
5500 9922
5501 9921
5502 9920
5503 9919
5504 9918
5505 9917
5506 9916
5507 9915
5508 9914
5509 9942
5510 9941
5511 9940
5512 9939
5513 9938
5514 9937
5515 9936
5516 9935
5517 9934
5518 9933
5519 11597
5520 11596
5521 11595
5522 11594
5523 11593
5524 11592
5525 12303
5526 12302
5527 12301
5528 12300
5529 12299
5530 12298
5531 12297
5532 12296
5533 12295
5534 12294
5535 12293
5536 12292
5537 12291
5538 12290
5539 12289
5540 12288
5541 12494
5542 12493
5543 12492
5544 12491
5545 12490
5546 12489
5547 12488
5548 12487
5549 12486
5550 12485
5551 12484
5552 12483
5553 12482
5554 12481
5555 12480
5556 12479
5557 12478
5558 11902
5559 11901
5560 11900
5561 11899
5562 11898
5563 11897
5564 11896
5565 11895
5566 11894
5567 11893
5568 11892
5569 11891
5570 11890
5571 11889
5572 11888
5573 11887
5574 11886
5575 11885
5576 11884
5577 11686
5578 11685
5579 11684
5580 11683
5581 11682
5582 11681
5583 11680
5584 11679
5585 11678
5586 11677
5587 11676
5588 11675
5589 11674
5590 11673
5591 11672
5592 12795
5593 12794
5594 12793
5595 12792
5596 12791
5597 12790
5598 12789
5599 12788
5600 12787
5601 12786
5602 12785
5603 12784
5604 12783
5605 12782
5606 12781
5607 12780
5608 12779
5609 12778
5610 12777
5611 12776
5612 12775
5613 12774
5614 12773
5615 12772
5616 12771
5617 12770
5618 12769
5619 10118
5620 10117
5621 10116
5622 10115
5623 10114
5624 10113
5625 10112
5626 10111
5627 10110
5628 10109
5629 10108
5630 10107
5631 10106
5632 10105
5633 10104
5634 10103
5635 10102
5636 10101
5637 10100
5638 10099
5639 10098
5640 10097
5641 10096
5642 10095
5643 10094
5644 10093
5645 10092
5646 10091
5647 10090
5648 10089
5649 10088
5650 10087
5651 13344
5652 13343
5653 13342
5654 13341
5655 13340
5656 13339
5657 13338
5658 13337
5659 13609
5660 13608
5661 13607
5662 13606
5663 13605
5664 13604
5665 13603
5666 13602
5667 13601
5668 13600
5669 13599
5670 13598
5671 13597
5672 13596
5673 13595
5674 13594
5675 13593
5676 13592
5677 13591
5678 13590
5679 13589
5680 13588
5681 13587
5682 13586
5683 13585
5684 13584
5685 13583
5686 13582
5687 13581
5688 13580
5689 13579
5690 13578
5691 13577
5692 5693
5694 13574
5695 13573
5696 13572
5697 13571
5698 13570
5699 5700
5701 13567
5702 13566
5703 10139
5704 5705
5706 10136
5707 10135
5708 10134
5709 10133
5710 5711
5712 10130
5713 10129
5714 14203
5715 5716
5717 14200
5718 14199
5719 5720
5721 14196
5722 14195
5723 14194
5724 14193
5725 14051
5726 14050
5727 14049
5728 5729
5730 14046
5731 14045
5732 5733
5734 14042
5735 14041
5736 14040
5737 5738
5739 14037
5740 14036
5741 5742
5743 14033
5744 14032
5745 14284
5746 5747
5748 14281
5749 14280
5750 5751
5752 14277
5753 13967
5754 5755
5756 13964
5757 13963
5758 13962
5759 5760
5761 13959
5762 13958
5763 5764
5765 13955
5766 13954
5767 13953
5768 5769
5770 13950
5771 13949
5772 5773
5774 13946
5775 13945
5776 13781
5777 13780
5778 5779
5780 13777
5781 13776
5782 13775
5783 5784
5785 13772
5786 13771
5787 5788
5789 13768
5790 13767
5791 13766
5792 5793
5794 13763
5795 13762
5796 13761
5797 5798
5799 13758
5800 13757
5801 5802
5803 13754
5804 13753
5805 13752
5806 5807
5808 13749
5809 13748
5810 13747
5811 5812
5813 13744
5814 13743
5815 13742
5816 5817
5818 13739
5819 13738
5820 13737
5821 5822
5823 13734
5824 13733
5825 13732
5826 13731
5827 5828
5829 13728
5830 13727
5831 13726
5832 5833
5834 10159
5835 10158
5836 10157
5837 5838
5839 10154
5840 10153
5841 10152
5842 5843
5844 14592
5845 14591
5846 14590
5847 5848
5849 14587
5850 10180
5851 10179
5852 5853
5854 10176
5855 10175
5856 10174
5857 5858
5859 10171
5860 10170
5861 14666
5862 5863
5864 14663
5865 14662
5866 14661
5867 5868
5869 14658
5870 14657
5871 5872
5873 14654
5874 14653
5875 14652
5876 14651
5877 5878
5879 10199
5880 10198
5881 10197
5882 5883
5884 10194
5885 10193
5886 5887
5888 10221
5889 10220
5890 10219
5891 5892
5893 10216
5894 10215
5895 10214
5896 5897
5898 10241
5899 10240
5900 10239
5901 5902
5903 10236
5904 10235
5905 10234
5906 5907
5908 10261
5909 10260
5910 10259
5911 5912
5913 10256
5914 10255
5915 5916
5917 10252
5918 14759
5919 14758
5920 5921
5922 14755
5923 14754
5924 14753
5925 14752
5926 5927
5928 15122
5929 15121
5930 5931
5932 15118
5933 15117
5934 15116
5935 5936
5937 15113
5938 15112
5939 5940
5941 10281
5942 10280
5943 10279
5944 5945
5946 10276
5947 10275
5948 5949
5950 10272
5951 8509
5952 8508
5953 5954
5955 8505
5956 8504
5957 8503
5958 5959
5960 8500
5961 8499
5962 8498
5963 5964
5965 8537
5966 8536
5967 8535
5968 5969
5970 8532
5971 8531
5972 8684
5973 8683
5974 8682
5975 8681
5976 5977
5978 8678
5979 8677
5980 8676
5981 8675
5982 5983
5984 8672
5985 8671
5986 8712
5987 8711
5988 8710
5989 5990
5991 8707
5992 8706
5993 8347
5994 8346
5995 8345
5996 5997
5998 8342
5999 8341
6000 8340
6001 8339
6002 8338
6003 8337
6004 6005
6006 8334
6007 8333
6008 8332
6009 8331
6010 8330
6011 8329
6012 6013
6014 8326
6015 8325
6018 11118
6019 11117
6020 11116
6021 11115
6022 11114
6023 6024
6025 11111
6026 11110
6027 11109
6028 11108
6029 11107
6030 11106
6031 6032
6033 8354
6034 8353
6035 8352
6036 8351
6037 8350
6038 8349
6039 8348
6040 6041
6042 8703
6043 8702
6044 8701
6045 8700
6046 8699
6047 6048
6049 8696
6050 8695
6051 8694
6052 8693
6053 8692
6054 6055
6056 8689
6057 8688
6058 8687
6059 8686
6060 8685
6061 8530
6062 8529
6063 6064
6065 8526
6066 8525
6067 8524
6068 8523
6069 6070
6071 8520
6072 8519
6073 8518
6074 6075
6076 8515
6077 8514
6078 8513
6079 6080
6081 8510
6082 10271
6083 10270
6084 6085
6086 10267
6087 10266
6088 10265
6089 6090
6091 10262
6092 15109
6093 15108
6094 6095
6096 15105
6097 15104
6098 15103
6099 6100
6101 15100
6102 15099
6103 15098
6104 6105
6106 15095
6107 14766
6108 14765
6109 14764
6110 6111
6112 14761
6113 14760
6114 10251
6115 6116
6117 10248
6118 10247
6119 10246
6120 6121
6122 10243
6123 10242
6124 10231
6125 6126
6127 10228
6128 10227
6129 10226
6130 10225
6131 6132
6133 10222
6134 10211
6135 10210
6136 6137
6138 10207
6139 10206
6140 10205
6141 6142
6143 10202
6144 10190
6145 10189
6146 10188
6147 6148
6149 10185
6150 10184
6151 10183
6152 6153
6154 14650
6155 14649
6156 14648
6157 14647
6158 6159
6160 14644
6161 14643
6162 14642
6163 6164
6165 14639
6166 14638
6167 14637
6168 6169
6170 14609
6171 14608
6172 14607
6173 14606
6174 6175
6176 14603
6177 14602
6178 14601
6179 6180
6181 14598
6182 14597
6183 14596
6184 6185
6186 14593
6187 10149
6188 10148
6189 10147
6190 6191
6192 10144
6193 10143
6194 10142
6195 6196
6197 13723
6198 13722
6199 13721
6200 6201
6202 13718
6203 13717
6204 13716
6205 13715
6206 13714
6207 13713
6208 6209
6210 13710
6211 13709
6212 11053
6213 11052
6214 6215
6216 11049
6217 11048
6218 11047
6219 6220
6221 11044
6222 11033
6223 11032
6224 6225
6226 11029
6227 11028
6228 11027
6229 6230
6231 11024
6232 11023
6233 14334
6234 6235
6236 14331
6237 14330
6238 14329
6239 6240
6241 14326
6242 14325
6243 14324
6244 6245
6246 14321
6247 14320
6248 14319
6249 6250
6251 14316
6252 14315
6253 14314
6254 14313
6255 14312
6256 14311
6257 6258
6259 14308
6260 14307
6261 6262
6263 14304
6264 14303
6265 14302
6266 6267
6268 14299
6269 14298
6270 6271
6272 14295
6273 14294
6274 14293
6275 6276
6277 14290
6278 14289
6279 14288
6280 6281
6282 14285
6283 14031
6284 6285
6286 14028
6287 14027
6288 14026
6289 6290
6291 14023
6292 14022
6293 6294
6295 14019
6296 14058
6297 14057
6298 6299
6300 14054
6301 14053
6302 14052
6303 14192
6304 14191
6305 14190
6306 6307
6308 14187
6309 14186
6310 14185
6311 6312
6313 14182
6314 14181
6315 14180
6316 6317
6318 14177
6319 14176
6320 14175
6321 6322
6323 14172
6324 14171
6325 14170
6326 14169
6327 6328
6329 14166
6330 14165
6331 14164
6332 14163
6333 14162
6334 6335
6336 14159
6337 14158
6338 14157
6339 14156
6340 14155
6341 14154
6342 14153
6343 14152
6344 14151
6345 14150
6346 14149
6347 14148
6348 13629
6349 13628
6350 13627
6351 13626
6352 13625
6353 13624
6354 13623
6355 13622
6356 13621
6357 13620
6358 13619
6359 13618
6360 13617
6361 13616
6362 13615
6363 13614
6364 13613
6365 13612
6366 13611
6367 13610
6368 13336
6369 13335
6370 13334
6371 13333
6372 13332
6373 13331
6374 13330
6375 13329
6376 13328
6377 13327
6378 13326
6379 13325
6380 13324
6381 11011
6382 11010
6383 11009
6384 11008
6385 11007
6386 11006
6387 11005
6388 11004
6389 11003
6390 13292
6391 13291
6392 13290
6393 13289
6394 13288
6395 13287
6396 13286
6397 13285
6398 13284
6399 13283
6400 13282
6401 13281
6402 13280
6403 13279
6404 13278
6405 13114
6406 13113
6407 13112
6408 13111
6409 13110
6410 13109
6411 13108
6412 13107
6413 13106
6414 13105
6415 13104
6416 13103
6417 13102
6418 13101
6419 13100
6420 13099
6421 13098
6422 12811
6423 12810
6424 12809
6425 12808
6426 12807
6427 12806
6428 12805
6429 12804
6430 12803
6431 12802
6432 12801
6433 12800
6434 12799
6435 12798
6436 12797
6437 12796
6438 11671
6439 11670
6440 11669
6441 11668
6442 11667
6443 11666
6444 11665
6445 11664
6446 11663
6447 11662
6448 11661
6449 11660
6450 11659
6451 11658
6452 11657
6453 11656
6454 11655
6455 11654
6456 11653
6457 11652
6458 11651
6459 11650
6460 11649
6461 11648
6462 11647
6463 11646
6464 12520
6465 12519
6466 12518
6467 12517
6468 12516
6469 12515
6470 12514
6471 12513
6472 12512
6473 12511
6474 12510
6475 12509
6476 12508
6477 12507
6478 12506
6479 12505
6480 12504
6481 12503
6482 12502
6483 12501
6484 12500
6485 12499
6486 12498
6487 12497
6488 12496
6489 12495
6490 12287
6491 12286
6492 12285
6493 12284
6494 12283
6495 12282
6496 12281
6497 11613
6498 11612
6499 11611
6500 11610
6501 11609
6502 11608
6503 11607
6504 11606
6505 11605
6506 11604
6507 11603
6508 11602
6509 11601
6510 11600
6511 11599
6512 11598
6513 9932
6514 9931
6515 9930
6516 9929
6517 9928
6518 9927
6519 9926
6520 9925
6521 9924
6522 9923
6523 9913
6524 9912
6525 9911
6526 9910
6527 9909
6528 9908
6529 9907
6530 9906
6531 9905
6532 9904
6533 11159
6534 11158
6535 11157
6536 11156
6537 11155
6538 11154
6539 11153
6540 10499
6541 10498
6542 10497
6543 10496
6544 10495
6545 10494
6546 10493
6547 10492
6548 10491
6549 10490
6550 10489
6551 10488
6552 10487
6553 10486
6554 10485
6555 8283
6556 8282
6557 8281
6558 8280
6559 8279
6560 8278
6561 8277
6562 8276
6563 8275
6564 8274
6565 8273
6566 8272
6567 8271
6570 11130
6571 11129
6572 11128
6573 11127
6574 11126
6575 11125
6576 11152
6577 11151
6578 11150
6579 11149
6580 11148
6581 11147
6582 11146
6583 11145
6584 11144
6585 11143
6586 10514
6587 10513
6588 10512
6589 10511
6590 10510
6591 10509
6592 10508
6593 10507
6594 10506
6595 10505
6596 10504
6597 10503
6598 10502
6599 10501
6600 10500
6601 11409
6602 11408
6603 11407
6604 11406
6605 11405
6606 11404
6607 11403
6608 11402
6609 11401
6610 11400
6611 11399
6612 11398
6613 11397
6614 11396
6615 11395
6616 11394
6617 11393
6618 11392
6619 11391
6620 11390
6621 11389
6622 11388
6623 11387
6624 11386
6625 11385
6626 11384
6627 11383
6628 11382
6629 11431
6630 11430
6631 11429
6632 11428
6633 11427
6634 11426
6635 11425
6636 11424
6637 11423
6638 11422
6639 11627
6640 11626
6641 11625
6642 11624
6643 11623
6644 11622
6645 11621
6646 11620
6647 11619
6648 11618
6649 11617
6650 11616
6651 11615
6652 11614
6653 12280
6654 12279
6655 12278
6656 12277
6657 12276
6658 12275
6659 12274
6660 12273
6661 12272
6662 12271
6663 12270
6664 12269
6665 12268
6666 12267
6667 12266
6668 12265
6669 12264
6670 12263
6671 12262
6672 12261
6673 12260
6674 12259
6675 12258
6676 12257
6677 12256
6678 12255
6679 12254
6680 12253
6681 12252
6682 12251
6683 12250
6684 12530
6685 12529
6686 12528
6687 12527
6688 12526
6689 12525
6690 12524
6691 12523
6692 12522
6693 12521
6694 12560
6695 12559
6696 12558
6697 12557
6698 12556
6699 12555
6700 12554
6701 12553
6702 12552
6703 12580
6704 12579
6705 12578
6706 12577
6707 12576
6708 12575
6709 12574
6710 12573
6711 12572
6712 12847
6713 12846
6714 12845
6715 12844
6716 12843
6717 12842
6718 12841
6719 12840
6720 12839
6721 12838
6722 12837
6723 12836
6724 12835
6725 12834
6726 12833
6727 12832
6728 12831
6729 12830
6730 12829
6731 12828
6732 12827
6733 12826
6734 12825
6735 12824
6736 12823
6737 12822
6738 12821
6739 12820
6740 12819
6741 12818
6742 12817
6743 12816
6744 12815
6745 12814
6746 12813
6747 12812
6748 13097
6749 13096
6750 13095
6751 13094
6752 13093
6753 13092
6754 13091
6755 13090
6756 13127
6757 13126
6758 13125
6759 13124
6760 13123
6761 13122
6762 13121
6763 13120
6764 13119
6765 13118
6766 13117
6767 13116
6768 13115
6769 13277
6770 13276
6771 13275
6772 13274
6773 13273
6774 13272
6775 13271
6776 13305
6777 13304
6778 13303
6779 13302
6780 13301
6781 13300
6782 13299
6783 13298
6784 13297
6785 13296
6786 13295
6787 13294
6788 13293
6789 11022
6790 11021
6791 11020
6792 11019
6793 11018
6794 11017
6795 11016
6796 11015
6797 11014
6798 11013
6799 11012
6800 13491
6801 13490
6802 13489
6803 13488
6804 13487
6805 13486
6806 13485
6807 13484
6808 13483
6809 13482
6810 13481
6811 13480
6812 13479
6813 13478
6814 13477
6815 13476
6816 13475
6817 13474
6818 13473
6819 13511
6820 13510
6821 13509
6822 13508
6823 13507
6824 13506
6825 13505
6826 13504
6827 13503
6828 13502
6829 13638
6830 13637
6831 13636
6832 13635
6833 13634
6834 13633
6835 13632
6836 13631
6837 13630
6838 14147
6839 14146
6840 14145
6841 14144
6842 14143
6843 14142
6844 14141
6845 14140
6846 14139
6847 14138
6848 14137
6849 14136
6850 13665
6851 13664
6852 13663
6853 13662
6854 13661
6855 13660
6856 13659
6857 13658
6858 13657
6859 13656
6860 14082
6861 14081
6862 14080
6863 14079
6864 6865
6866 14076
6867 14075
6868 14074
6869 14073
6870 14072
6871 14071
6872 14070
6873 14069
6874 14068
6875 14067
6876 14066
6877 14065
6878 14064
6879 14063
6880 14062
6881 14061
6882 14060
6883 14059
6884 14018
6885 14017
6886 14016
6887 14015
6888 14014
6889 14013
6890 14012
6891 14011
6892 14010
6893 6894
6895 14007
6896 14006
6897 14005
6898 14004
6899 14003
6900 14002
6901 13687
6902 13686
6903 13685
6904 13684
6905 13683
6906 13682
6907 13681
6908 13680
6909 13679
6910 13678
6911 6912
6913 13708
6914 13707
6915 13706
6916 13705
6917 13704
6918 13703
6919 13702
6920 13701
6921 13700
6922 13699
6923 13698
6924 14346
6925 14345
6926 14344
6927 14343
6928 14342
6929 14341
6930 14340
6931 14339
6932 14338
6933 14337
6934 14336
6935 14335
6936 11043
6937 11042
6938 11041
6939 11040
6940 11039
6941 11038
6942 6943
6944 11035
6945 11034
6946 11061
6947 11060
6948 11059
6949 11058
6950 11057
6951 11056
6952 11055
6953 11054
6954 14563
6955 14562
6956 14561
6957 14560
6958 14559
6959 14558
6960 14557
6961 14556
6962 14555
6963 14554
6964 14553
6965 14552
6966 14551
6967 14550
6968 14549
6969 14548
6970 14547
6971 14546
6972 14545
6973 14544
6974 14543
6975 14623
6976 14622
6977 14621
6978 14620
6979 14619
6980 14618
6981 14617
6982 14616
6983 14615
6984 14614
6985 14613
6986 14612
6987 14611
6988 14610
6989 14712
6990 14711
6991 14710
6992 14709
6993 14708
6994 6995
6996 14705
6997 14704
6998 14809
6999 14808
7000 14807
7001 14806
7002 14805
7003 14804
7004 14803
7005 14802
7006 14801
7007 14800
7008 14799
7009 14798
7010 14797
7011 14796
7012 14795
7013 14794
7014 14793
7015 14792
7016 14791
7017 14790
7018 14789
7019 14788
7020 14787
7021 14786
7022 14785
7023 14784
7024 14783
7025 14782
7026 14781
7027 14780
7028 14779
7029 14778
7030 14777
7031 14776
7032 14775
7033 14774
7034 14773
7035 14772
7036 14771
7037 14770
7038 14769
7039 14768
7040 14767
7041 15094
7042 15093
7043 15092
7044 15091
7045 15090
7046 15089
7047 15088
7048 15296
7049 15295
7050 15294
7051 15293
7052 15292
7053 15291
7054 15290
7055 15289
7056 15288
7057 15287
7058 15286
7059 15285
7060 15284
7061 15283
7062 15282
7063 15281
7064 15280
7065 15279
7066 15278
7067 15277
7068 15276
7069 15275
7070 15274
7071 8386
7072 8385
7073 8384
7074 8383
7075 8382
7076 8381
7077 8380
7078 8379
7079 8378
7080 8377
7081 8376
7082 8375
7083 8374
7084 8373
7085 8372
7086 8371
7087 8370
7088 8369
7089 8368
7090 8367
7091 8366
7092 8365
7093 8364
7094 8363
7095 8362
7096 8361
7097 8360
7098 8359
7099 8358
7100 8357
7101 8356
7102 8355
7103 11103
7104 11102
7105 11101
7106 11100
7107 11099
7108 11098
7109 11097
7110 11096
7111 15301
7112 15300
7113 15299
7114 15298
7115 15297
7118 15305
7119 15304
7120 15303
7121 15302
7122 11095
7123 11094
7124 11093
7125 11092
7126 11091
7127 11090
7128 11089
7129 11088
7130 11087
7131 11086
7132 11085
7133 11084
7134 11083
7135 11082
7136 11081
7137 8407
7138 8406
7139 8405
7140 8404
7141 8403
7142 8402
7143 8401
7144 8400
7145 8399
7146 8398
7147 8397
7148 8396
7149 8395
7150 8394
7151 8393
7152 8392
7153 8391
7154 8390
7155 8389
7156 8388
7157 8387
7158 15273
7159 15272
7160 15271
7161 15270
7162 15269
7163 15268
7164 15267
7165 15266
7166 15265
7167 15264
7168 14721
7169 14720
7170 14719
7171 14718
7172 14717
7173 14716
7174 14715
7175 14714
7176 14713
7177 15087
7178 15086
7179 15085
7180 15084
7181 15083
7182 15082
7183 15081
7184 15080
7185 15079
7186 15078
7187 15077
7188 15076
7189 15075
7190 15074
7191 15073
7192 15072
7193 15071
7194 15070
7195 15069
7196 15068
7197 15067
7198 15066
7199 15065
7200 15064
7201 15063
7202 15062
7203 14826
7204 14825
7205 14824
7206 14823
7207 14822
7208 14821
7209 14820
7210 14819
7211 14818
7212 14817
7213 14816
7214 14815
7215 14814
7216 14813
7217 14812
7218 14811
7219 14810
7220 14703
7221 14702
7222 14701
7223 14700
7224 14699
7225 14698
7226 14697
7227 14696
7228 14634
7229 14633
7230 14632
7231 14631
7232 14630
7233 14629
7234 14628
7235 14627
7236 14626
7237 14625
7238 14624
7239 14542
7240 14541
7241 14540
7242 14539
7243 14538
7244 14537
7245 14536
7246 14535
7247 14534
7248 14533
7249 14532
7250 14531
7251 14530
7252 14529
7253 14528
7254 14527
7255 14526
7256 14525
7257 14524
7258 14523
7259 14522
7260 14521
7261 14520
7262 14519
7263 14518
7264 14517
7265 14516
7266 14362
7267 14361
7268 14360
7269 14359
7270 14358
7271 14357
7272 14356
7273 14355
7274 14354
7275 14353
7276 14352
7277 14351
7278 14350
7279 14349
7280 14348
7281 14347
7282 13697
7283 13696
7284 13695
7285 13694
7286 13693
7287 13692
7288 13691
7289 13690
7290 13689
7291 13688
7292 13675
7293 13674
7294 13673
7295 13672
7296 13671
7297 13670
7298 13669
7299 13668
7300 13667
7301 13666
7302 14001
7303 14000
7304 13999
7305 13998
7306 13997
7307 13996
7308 10993
7309 10992
7310 10991
7311 10990
7312 10989
7313 10988
7314 10987
7315 10986
7316 10985
7317 10984
7318 10983
7319 10982
7320 10981
7321 10980
7322 10979
7323 10978
7324 10977
7325 10976
7326 10975
7327 10974
7328 14090
7329 14089
7330 14088
7331 14087
7332 14086
7333 14085
7334 14084
7335 14083
7336 13655
7337 13654
7338 13653
7339 13652
7340 13651
7341 13650
7342 13649
7343 13648
7344 13647
7345 14135
7346 14134
7347 14133
7348 14132
7349 14131
7350 14130
7351 14129
7352 14128
7353 14127
7354 14126
7355 14125
7356 14124
7357 14123
7358 14122
7359 13646
7360 13645
7361 13644
7362 13643
7363 7364
7365 13640
7366 13639
7367 13501
7368 13500
7369 13499
7370 13498
7371 13497
7372 13496
7373 13495
7374 13494
7375 13493
7376 13492
7377 13472
7378 13471
7379 7380
7381 13468
7382 13467
7383 13466
7384 13465
7385 13464
7386 13463
7387 13462
7388 13461
7389 7390
7391 10748
7392 10747
7393 10746
7394 10745
7395 10744
7396 10743
7397 10742
7398 10741
7399 10740
7400 10739
7401 10738
7402 7403
7404 10735
7405 10734
7406 10733
7407 10732
7408 10731
7409 10730
7410 10729
7411 7412
7413 13321
7414 13320
7415 13319
7416 13318
7417 13317
7418 13316
7419 7420
7421 13313
7422 13312
7423 13311
7424 13310
7425 13309
7426 13308
7427 7428
7429 13270
7430 13269
7431 13268
7432 13267
7433 13266
7434 13265
7435 7436
7437 13141
7438 13140
7439 13139
7440 13138
7441 13137
7442 13136
7443 13135
7444 13134
7445 13133
7446 13132
7447 13131
7448 7449
7450 13128
7451 13089
7452 13088
7453 13087
7454 13086
7455 13085
7456 7457
7458 13082
7459 13081
7460 13080
7461 13079
7462 13078
7463 13077
7464 7465
7466 12883
7467 12882
7468 12881
7469 12880
7470 12879
7471 7472
7473 12876
7474 12875
7475 12874
7476 12873
7477 12872
7478 12871
7479 7480
7481 12868
7482 12867
7483 12866
7484 12865
7485 12864
7486 12863
7487 12862
7488 12861
7489 12860
7490 12859
7491 12858
7492 12857
7493 12856
7494 7495
7496 12853
7497 12852
7498 12851
7499 12850
7500 12849
7501 12848
7502 7503
7504 12569
7505 12568
7506 12567
7507 12566
7508 12565
7509 7510
7511 12562
7512 12561
7513 12551
7514 12550
7515 12549
7516 12548
7517 7518
7519 12545
7520 12544
7521 12543
7522 12542
7523 12541
7524 7525
7526 12538
7527 12537
7528 12536
7529 12535
7530 12534
7531 12533
7532 12532
7533 12531
7534 12249
7535 12248
7536 7537
7538 12245
7539 12244
7540 12243
7541 12242
7542 12241
7543 7544
7545 12443
7546 12442
7547 12441
7548 12440
7549 12439
7550 7551
7552 12436
7553 12435
7554 12434
7555 12433
7556 12432
7557 7558
7559 12429
7560 12428
7561 12427
7562 12426
7563 7564
7565 12423
7566 12422
7567 12421
7568 11645
7569 11644
7570 7571
7572 11641
7573 11640
7574 11639
7575 11638
7576 11637
7577 11636
7578 11635
7579 11634
7580 11633
7581 7582
7583 11630
7584 11629
7585 11628
7586 11421
7587 7588
7589 11418
7590 11417
7591 11416
7592 11415
7593 7594
7595 11412
7596 11411
7597 11410
7598 7599
7600 11379
7601 11378
7602 11377
7603 11376
7604 7605
7606 11373
7607 11372
7608 11371
7609 11370
7610 7611
7612 11367
7613 11366
7614 11365
7615 11364
7616 7617
7618 11361
7619 11360
7620 10395
7621 10394
7622 10393
7623 10392
7624 7625
7626 10389
7627 10388
7628 10387
7629 10386
7630 10385
7631 7632
7633 10382
7634 10381
7635 10380
7636 10379
7637 10378
7638 10377
7639 10376
7640 7641
7642 10520
7643 10519
7644 10518
7645 10517
7646 10516
7647 10515
7648 7649
7650 11140
7651 11139
7652 11138
7653 11137
7654 11136
7655 11135
7656 11134
7657 7658
7659 11131
7660 11124
7661 11123
7662 11122
7663 11121
7664 11120
7665 11119
