0 2299
1 2298
2 2298
3 2296
4 2295
5 2294
6 2293
7 2292
8 2292
9 2290
10 2289
11 2288
12 2287
13 2286
14 2286
15 2284
16 2283
17 2282
18 2281
19 2280
20 2280
21 2278
22 2277
23 2276
24 1807
25 1805
26 1805
27 1804
28 1803
29 1802
30 1801
31 1799
32 1799
33 1798
34 1797
35 1796
36 1795
37 1794
38 1792
39 1792
40 1791
41 1790
42 1789
43 1788
44 1786
45 1786
46 4650
47 4649
48 4648
49 4647
50 4646
51 4645
52 4644
53 4643
54 4642
55 4641
56 4640
57 4639
58 4638
59 4637
60 4636
61 4635
62 4634
63 4633
64 4632
65 4631
66 4630
67 4629
68 4628
69 4627
70 4626
71 4625
72 4624
73 4623
74 4622
75 4621
76 4620
79 12856
80 12855
81 12854
82 12853
83 12852
84 85
86 12849
87 12848
88 12847
89 12846
90 12845
91 12844
92 12843
93 10566
94 95
96 10563
97 10562
98 10561
99 10560
100 10559
101 10558
102 10557
103 10556
104 10555
105 106
107 10552
108 10551
109 10550
110 10549
111 12831
112 12830
113 12829
114 14051
115 116
117 14048
118 14047
119 14046
120 14045
121 14044
122 14043
123 14042
124 14041
125 126
127 14038
128 14037
129 14036
130 14035
131 14034
132 13983
133 13982
134 13981
135 13980
136 13979
137 13978
138 139
140 13975
141 13974
142 13973
143 13944
144 13943
145 146
147 13940
148 13939
149 13938
150 13937
151 13936
152 153
154 13933
155 13932
156 13972
157 13971
158 13970
159 160
161 13967
162 13966
163 13965
164 13964
165 14416
166 167
168 14413
169 14412
170 14411
171 14410
172 173
174 14407
175 14406
176 14405
177 12742
178 12741
179 180
181 12738
182 12737
183 12736
184 12735
185 186
187 12732
188 12731
189 12730
190 12729
191 12728
192 12727
193 194
195 12724
196 12723
197 12722
198 12721
199 12720
200 201
202 13914
203 13913
204 13912
205 13911
206 13910
207 208
209 13907
210 13906
211 13905
212 13904
213 13903
214 215
216 13873
217 13872
218 13871
219 13870
220 13869
221 222
223 13866
224 13865
225 13864
226 13863
227 13862
228 229
230 13859
231 13858
232 13857
233 13856
234 13855
235 13854
236 237
238 13851
239 13850
240 12598
241 12597
242 12596
243 244
245 12593
246 12592
247 12591
248 12590
249 12589
250 11809
251 252
253 11806
254 11805
255 11804
256 11803
257 11802
258 11801
259 260
261 11798
262 13849
263 13848
264 13847
265 13846
266 267
268 13843
269 13842
270 13841
271 13840
272 13839
273 274
275 13836
276 13835
277 13834
278 13833
279 13832
280 281
282 13829
283 13828
284 13827
285 13826
286 13825
287 288
289 13822
290 13467
291 13466
292 13465
293 13464
294 295
296 13461
297 13460
298 13459
299 13458
300 13457
301 302
303 12578
304 12577
305 12576
306 12575
307 12574
308 12573
309 310
311 12570
312 12569
313 12557
314 12556
315 12555
316 317
318 12552
319 12551
320 12550
321 12549
322 12548
323 12547
324 325
326 12534
327 12533
328 12532
329 12531
330 12530
331 332
333 12527
334 12509
335 12508
336 12507
337 12506
338 339
340 12503
341 12502
342 12501
343 12500
344 12499
345 346
347 12496
348 12495
349 12494
350 12493
351 12492
352 353
354 12489
355 12488
356 12487
357 12486
358 12485
359 360
361 12482
362 12481
363 14153
364 14152
365 14151
366 14150
367 14149
368 14148
369 14147
370 371
372 14144
373 14143
374 14142
375 14141
376 12459
377 378
379 12456
380 12455
381 12454
382 12453
383 12452
384 385
386 12449
387 12432
388 12431
389 12430
390 391
392 12427
393 12426
394 12425
395 12424
396 12423
397 398
399 12420
400 12419
401 12418
402 12417
403 13808
404 405
406 13805
407 13804
408 13803
409 13802
410 13801
411 412
413 13798
414 12416
415 12415
416 12414
417 12413
418 419
420 12410
421 12409
422 12408
423 12407
424 12406
425 12405
426 12404
427 12403
428 12337
429 430
431 12334
432 12333
433 12332
434 12331
435 13762
436 437
438 13759
439 13758
440 13757
441 13756
442 443
444 13753
445 13752
446 13751
447 13070
448 13069
449 450
451 13066
452 13065
453 13064
454 13063
455 456
457 13060
458 13059
459 13058
460 13705
461 462
463 13702
464 13701
465 13700
466 13699
467 13698
468 469
470 13737
471 13736
472 13735
473 13734
474 13733
475 476
477 13730
478 13729
479 13728
480 13727
481 12301
482 12300
483 12299
484 12298
485 12297
486 487
488 12294
489 12293
490 12292
491 11580
492 11579
493 11578
494 495
496 11575
497 11574
498 11573
499 11572
500 11571
501 11570
502 11569
503 504
505 11566
506 11565
507 11564
508 11563
509 11562
510 11561
511 11560
512 11559
513 11558
514 515
516 11555
517 11554
518 11553
519 11552
520 13693
521 13692
522 13691
523 13690
524 13689
525 526
527 13686
528 13685
529 13684
530 13683
531 13682
532 13681
533 13680
534 13679
535 13678
538 12941
539 12940
540 12939
541 12938
542 12937
543 12936
544 12935
545 12934
546 12933
547 548
549 12930
550 12929
551 12928
552 12927
553 12926
554 12925
555 12924
556 12923
557 12922
558 559
560 12919
561 12918
562 12917
563 12916
564 12915
565 12914
566 12913
567 11596
568 569
570 11593
571 11592
572 11591
573 11590
574 11589
575 11588
576 11587
577 578
579 11584
580 11583
581 11582
582 11581
583 12311
584 12310
585 12309
586 587
588 12306
589 12305
590 12304
591 12303
592 12302
593 13726
594 13725
595 13724
596 13723
597 598
599 13720
600 13719
601 13718
602 13717
603 13716
604 605
606 13713
607 13712
608 13711
609 13710
610 611
612 13707
613 13706
614 13057
615 13056
616 13055
617 618
619 13052
620 13051
621 13050
622 13049
623 624
625 13046
626 13045
627 13044
628 13043
629 630
631 13040
632 13039
633 12350
634 12349
635 12348
636 637
638 12345
639 12344
640 12343
641 12342
642 643
644 12339
645 12338
646 12402
647 12401
648 649
650 12398
651 12397
652 12396
653 12395
654 12394
655 656
657 12391
658 12390
659 12389
660 12388
661 12387
662 663
664 11940
665 11939
666 11938
667 11937
668 11936
669 670
671 11933
672 12448
673 12447
674 12446
675 676
677 12443
678 12442
679 12441
680 12440
681 12439
682 683
684 12436
685 12435
686 12434
687 12433
688 12470
689 690
691 12467
692 12466
693 12465
694 12464
695 12463
696 697
698 12460
699 14140
700 14139
701 14138
702 703
704 14135
705 14134
706 14133
707 11696
708 11695
709 11694
710 11693
711 11692
712 11691
713 11690
714 715
716 11687
717 11686
718 11685
719 11684
720 11683
721 722
723 11680
724 12526
725 12525
726 12524
727 12523
728 729
730 12520
731 12519
732 12518
733 12517
734 735
736 12514
737 12513
738 12512
739 12511
740 12510
741 742
743 12544
744 12543
745 12542
746 12541
747 12540
748 749
750 12537
751 12568
752 12567
753 12566
754 12565
755 756
757 12562
758 12561
759 12560
760 12559
761 12558
762 763
764 12586
765 12585
766 12584
767 12583
768 12582
769 12581
770 12580
771 12579
772 773
774 13452
775 13451
776 13450
777 13449
778 13448
779 780
781 13445
782 13444
783 13443
784 13442
785 13441
786 787
788 11795
789 11794
790 11793
791 11792
792 11791
793 794
795 11788
796 11787
797 11786
798 11836
799 800
801 11833
802 11832
803 11831
804 11830
805 11829
806 807
808 11826
809 11825
810 11824
811 11823
812 11822
813 814
815 11819
816 11818
817 11817
818 11816
819 11815
820 821
822 11812
823 11811
824 11810
825 12608
826 12607
827 12606
828 12605
829 12604
830 831
832 12601
833 12600
834 12599
835 12651
836 12650
837 838
839 12647
840 12646
841 12645
842 12644
843 12643
844 845
846 12640
847 12639
848 12638
849 12637
850 12636
851 852
853 12673
854 12672
855 12671
856 12670
857 12669
858 859
860 12666
861 12665
862 12664
863 12663
864 12662
865 866
867 12659
868 12658
869 12657
870 12656
871 872
873 12653
874 12652
875 12719
876 12718
877 12717
878 879
880 12714
881 12713
882 10425
883 10424
884 10423
885 10422
886 10421
887 888
889 10418
890 10417
891 10416
892 10415
893 10414
894 895
896 10411
897 10410
898 14404
899 14403
900 901
902 14400
903 14399
904 14398
905 14397
906 14396
907 908
909 14393
910 14392
911 14391
912 12174
913 914
915 12171
916 12170
917 12169
918 12168
919 13931
920 921
922 13928
923 13927
924 13926
925 13925
926 927
928 13922
929 13921
930 13920
931 13919
932 13918
933 13917
934 935
936 12773
937 12772
938 12771
939 12770
940 12769
941 12768
942 12767
943 12766
944 12765
945 12764
946 12763
947 12762
948 949
950 11448
951 11447
952 11446
953 11445
954 11444
955 11443
956 11442
957 958
959 11439
960 11438
961 12828
962 12827
963 12826
964 12825
965 12824
966 12823
967 968
969 12820
970 12819
971 12818
972 12817
973 12816
974 12815
975 10573
976 10572
977 10571
978 979
980 10568
981 10567
982 12842
983 12841
984 12840
985 12839
986 12838
987 12837
988 989
990 12834
991 12833
992 12832
993 12912
994 12911
995 12910
1000 10617
1001 10616
1002 10615
1003 10614
1004 10613
1005 10589
1006 10588
1007 1008
1009 10585
1010 10584
1011 10583
1012 10582
1013 10581
1014 10580
1015 10579
1016 10578
1017 10577
1018 1019
1020 10574
1021 12814
1022 12813
1023 12812
1024 12811
1025 12810
1026 12809
1027 12808
1028 1029
1030 12805
1031 12804
1032 12803
1033 12802
1034 12801
1035 12800
1036 12799
1037 12798
1038 1039
1040 12795
1041 12794
1042 12793
1043 12792
1044 12791
1045 12790
1046 12789
1047 1048
1049 10536
1050 10535
1051 10534
1052 10533
1053 10532
1054 10531
1055 10530
1056 1057
1058 10527
1059 10526
1060 10525
1061 10524
1062 10523
1063 1064
1065 12194
1066 12193
1067 12192
1068 12191
1069 12190
1070 1071
1072 12187
1073 12186
1074 12185
1075 12184
1076 1077
1078 12181
1079 12180
1080 12179
1081 12178
1082 12177
1083 1084
1085 10492
1086 10491
1087 10490
1088 10489
1089 1090
1091 10486
1092 10485
1093 10484
1094 10483
1095 1096
1097 10480
1098 10479
1099 10478
1100 10477
1101 1102
1103 10437
1104 10436
1105 10435
1106 10434
1107 10433
1108 1109
1110 10430
1111 10429
1112 10428
1113 10427
1114 10426
1115 12712
1116 12711
1117 12710
1118 12709
1119 1120
1121 12706
1122 12705
1123 12704
1124 12703
1125 1126
1127 12087
1128 12086
1129 12085
1130 12084
1131 12083
1132 1133
1134 12080
1135 12079
1136 12078
1137 12077
1138 12076
1139 1140
1141 12073
1142 12072
1143 12071
1144 12070
1145 1146
1147 10407
1148 10406
1149 10405
1150 10404
1151 10403
1152 1153
1154 10400
1155 10399
1156 10398
1157 10397
1158 10396
1159 1160
1161 10393
1162 10341
1163 10340
1164 10339
1165 10338
1166 1167
1168 10335
1169 10334
1170 10333
1171 10332
1172 10331
1173 10316
1174 10315
1175 10314
1176 10313
1177 1178
1179 10310
1180 10309
1181 10308
1182 10307
1183 1184
1185 10304
1186 10303
1187 11848
1188 11847
1189 11846
1190 1191
1192 11843
1193 11842
1194 11841
1195 11840
1196 1197
1198 11837
1199 11785
1200 11784
1201 11783
1202 11782
1203 1204
1205 11779
1206 11778
1207 11777
1208 11776
1209 11775
1210 1211
1212 10270
1213 10269
1214 10268
1215 10267
1216 1217
1218 10264
1219 10263
1220 10262
1221 10261
1222 10260
1223 1224
1225 10257
1226 10844
1227 10843
1228 10842
1229 10841
1230 10840
1231 10839
1232 10838
1233 10837
1234 1235
1236 10213
1237 10212
1238 10211
1239 10210
1240 10209
1241 1242
1243 10206
1244 10205
1245 10204
1246 10203
1247 11751
1248 1249
1250 11748
1251 11747
1252 11746
1253 11745
1254 1255
1256 11742
1257 11741
1258 11740
1259 11739
1260 11646
1261 1262
1263 11643
1264 11642
1265 11641
1266 11640
1267 11639
1268 1269
1270 11636
1271 11635
1272 11634
1273 11679
1274 11678
1275 1276
1277 11675
1278 11674
1279 11673
1280 11672
1281 1282
1283 11669
1284 11668
1285 11995
1286 11994
1287 11993
1288 11992
1289 11991
1290 11990
1291 11989
1292 11988
1293 1294
1295 11985
1296 11984
1297 11983
1298 11982
1299 10777
1300 1301
1302 10774
1303 10773
1304 10772
1305 10771
1306 10770
1307 1308
1309 13356
1310 13355
1311 13354
1312 13353
1313 1314
1315 13350
1316 13349
1317 13348
1318 13347
1319 13346
1320 1321
1322 13343
1323 13342
1324 13341
1325 11932
1326 11931
1327 1328
1329 11928
1330 11927
1331 11926
1332 9180
1333 1334
1335 9177
1336 9176
1337 9175
1338 9174
1339 9173
1340 1341
1342 9170
1343 9169
1344 9168
1345 9167
1346 9166
1347 9165
1348 1349
1350 9162
1351 9161
1352 9160
1353 9159
1354 1355
1356 9156
1357 9155
1358 11623
1359 11622
1360 1361
1362 11619
1363 11618
1364 11617
1365 11616
1366 1367
1368 11613
1369 11612
1370 12988
1371 12987
1372 1373
1374 12984
1375 12983
1376 12982
1377 12981
1378 1379
1380 10140
1381 10139
1382 10138
1383 10137
1384 10136
1385 1386
1387 10133
1388 10132
1389 10131
1390 10130
1391 1392
1393 10127
1394 10126
1395 10125
1396 10124
1397 10123
1398 1399
1400 10120
1401 10119
1402 10067
1403 10066
1404 10065
1405 10064
1406 10063
1407 10062
1408 10061
1409 10060
1410 1411
1412 10057
1413 10056
1414 10055
1415 10054
1416 10053
1417 10052
1418 1419
1420 11606
1421 11605
1422 11604
1423 11603
1424 11602
1425 11601
1426 11600
1427 11599
1428 1429
1430 9996
1431 9995
1432 9994
1433 9993
1434 9992
1435 9991
1436 9990
1437 9989
1438 1439
1440 9986
1441 9985
1442 9984
1443 9983
1444 9982
1445 9981
1446 10648
1447 10647
1448 10646
1449 1450
1451 10643
1452 10642
1453 10641
1454 10640
1455 10639
1456 10638
1457 10637
1458 10636
1461 10661
1462 10660
1463 10659
1464 10658
1465 10657
1466 10656
1467 10655
1468 10654
1469 1470
1471 10651
1472 10650
1473 10649
1474 9980
1475 9979
1476 9978
1477 9977
1478 9976
1479 9975
1480 1481
1482 9972
1483 9971
1484 9970
1485 9969
1486 9968
1487 9967
1488 9966
1489 9965
1490 1491
1492 9962
1493 9086
1494 9085
1495 9084
1496 9083
1497 9082
1498 9081
1499 1500
1501 10051
1502 10050
1503 10049
1504 10048
1505 10047
1506 10046
1507 10078
1508 1509
1510 10075
1511 10074
1512 10073
1513 10072
1514 10071
1515 10070
1516 10069
1517 10068
1518 10118
1519 10117
1520 1521
1522 10114
1523 10113
1524 10112
1525 10111
1526 10110
1527 1528
1529 10107
1530 10106
1531 10105
1532 9124
1533 1534
1535 9121
1536 9120
1537 9119
1538 9118
1539 1540
1541 9115
1542 9114
1543 9113
1544 9112
1545 1546
1547 10159
1548 10158
1549 10157
1550 10156
1551 1552
1553 10153
1554 10152
1555 10151
1556 9471
1557 1558
1559 9468
1560 9467
1561 9466
1562 9465
1563 1564
1565 9462
1566 9461
1567 9460
1568 9459
1569 1570
1571 9456
1572 9455
1573 9454
1574 9194
1575 9193
1576 9192
1577 9191
1578 1579
1580 9188
1581 9187
1582 9186
1583 9185
1584 1585
1586 9182
1587 9181
1588 11925
1589 11924
1590 11923
1591 1592
1593 11920
1594 11919
1595 11918
1596 11917
1597 11916
1598 1599
1600 11913
1601 11912
1602 11911
1603 11910
1604 1605
1606 11907
1607 11906
1608 10790
1609 10789
1610 10788
1611 1612
1613 10785
1614 10784
1615 10783
1616 10782
1617 1618
1619 10779
1620 10778
1621 11981
1622 11980
1623 11979
1624 1625
1626 11976
1627 11975
1628 11974
1629 11973
1630 1631
1632 11970
1633 11969
1634 11968
1635 11967
1636 11966
1637 1638
1639 9237
1640 9236
1641 9235
1642 9234
1643 9233
1644 1645
1646 9230
1647 9229
1648 9228
1649 9227
1650 9226
1651 1652
1653 9223
1654 9222
1655 10171
1656 10170
1657 1658
1659 10167
1660 10166
1661 10165
1662 10164
1663 10163
1664 1665
1666 10160
1667 7585
1668 7584
1669 7583
1670 1671
1672 7580
1673 7579
1674 10202
1675 10201
1676 10200
1677 1678
1679 10197
1680 10196
1681 10195
1682 10857
1683 10856
1684 1685
1686 10853
1687 10852
1688 10851
1689 10850
1690 10849
1691 10848
1692 10847
1693 10846
1694 10845
1695 10256
1696 1697
1698 10253
1699 10252
1700 10251
1701 10250
1702 1703
1704 10247
1705 10246
1706 10245
1707 10244
1708 10243
1709 1710
1711 10240
1712 10239
1713 10238
1714 10237
1715 1716
1717 10234
1718 10233
1719 10232
1720 9298
1721 9297
1722 1723
1724 9294
1725 9293
1726 9292
1727 9291
1728 1729
1730 9288
1731 9287
1732 9286
1733 9285
1734 10330
1735 1736
1737 10327
1738 10326
1739 10325
1740 10324
1741 1742
1743 10321
1744 10320
1745 10319
1746 10318
1747 10317
1748 10352
1749 10351
1750 10350
1751 10349
1752 10348
1753 1754
1755 10345
1756 10344
1757 10343
1758 10342
1759 10392
1760 1761
1762 10389
1763 10388
1764 10387
1765 10386
1766 1767
1768 10383
1769 10382
1770 8451
1771 8450
1772 8449
1773 1774
1775 8446
1776 8445
1777 8444
1778 8443
1779 1780
1781 8440
1782 8439
1783 8438
1784 8437
1785 8436
1786 1787
1792 1793
1799 1800
1805 1806
1808 10452
1809 10451
1810 10450
1811 10449
1812 1813
1814 10446
1815 10445
1816 10444
1817 10443
1818 1819
1820 10440
1821 10476
1822 10475
1823 10474
1824 1825
1826 10471
1827 10470
1828 10469
1829 10468
1830 1831
1832 10465
1833 7964
1834 7963
1835 7962
1836 7961
1837 1838
1839 7958
1840 11408
1841 11407
1842 11406
1843 1844
1845 11403
1846 11402
1847 11401
1848 11400
1849 1850
1851 11397
1852 11396
1853 11395
1854 11394
1855 11393
1856 1857
1858 11390
1859 11389
1860 9407
1861 9406
1862 1863
1864 9403
1865 10548
1866 10547
1867 10546
1868 10545
1869 10544
1870 10543
1871 10542
1872 10541
1873 1874
1875 12788
1876 12787
1877 12786
1878 12785
1879 12784
1880 12783
1881 12782
1882 1883
1884 12779
1885 12778
1886 12777
1887 12776
1888 9418
1889 9417
1890 9416
1891 1892
1893 9413
1894 9412
1895 9411
1896 9410
1897 9409
1898 9408
1899 10607
1900 10606
1901 10605
1902 1903
1904 10602
1905 10601
1906 10600
1907 10599
1908 10598
1909 10597
1910 10596
1911 10595
1912 1913
1914 10592
1915 10591
1916 10590
1917 10612
1918 10611
1919 10610
1920 10609
1921 10608
1926 11514
1927 11513
1928 11512
1929 11511
1930 11510
1931 11509
1932 11508
1933 11507
1934 11506
1935 1936
1937 11503
1938 11502
1939 11501
1940 11500
1941 11499
1942 11498
1943 9435
1944 9434
1945 1946
1947 9431
1948 9430
1949 9429
1950 9428
1951 9427
1952 9426
1953 9425
1954 9424
1955 1956
1957 9421
1958 9420
1959 9419
1960 8035
1961 8034
1962 8033
1963 8032
1964 8031
1965 1966
1967 8028
1968 8027
1969 8026
1970 8025
1971 8024
1972 8023
1973 1974
1975 8020
1976 8019
1977 9366
1978 9365
1979 9364
1980 9363
1981 9362
1982 9361
1983 9402
1984 9401
1985 1986
1987 9398
1988 9397
1989 9396
1990 9395
1991 9394
1992 1993
1994 9391
1995 9390
1996 9389
1997 9388
1998 1999
2000 7979
2001 7978
2002 7977
2003 7976
2004 2005
2006 7973
2007 7972
2008 7971
2009 7970
2010 2011
2012 7967
2013 7966
2014 7965
2015 10464
2016 2017
2018 10461
2019 10460
2020 10459
2021 10458
2022 2023
2024 10455
2025 10454
2026 10453
2027 9347
2028 2029
2030 9344
2031 9343
2032 9342
2033 9341
2034 2035
2036 9338
2037 9337
2038 9336
2039 9335
2040 7924
2041 7923
2042 7922
2043 2044
2045 7919
2046 7918
2047 7917
2048 7916
2049 2050
2051 7901
2052 7900
2053 7899
2054 7898
2055 2056
2057 7895
2058 7894
2059 7893
2060 7892
2061 7881
2062 2063
2064 7878
2065 7877
2066 7876
2067 7875
2068 2069
2070 7872
2071 8458
2072 8457
2073 8456
2074 2075
2076 8453
2077 8452
2078 10381
2079 10380
2080 10379
2081 2082
2083 10376
2084 10375
2085 10374
2086 10373
2087 2088
2089 10370
2090 7849
2091 7848
2092 7847
2093 2094
2095 7844
2096 7843
2097 7842
2098 7841
2099 7840
2100 7839
2101 2102
2103 7786
2104 7785
2105 7784
2106 7783
2107 2108
2109 7780
2110 7779
2111 7778
2112 7777
2113 2114
2115 7742
2116 7741
2117 9310
2118 9309
2119 9308
2120 2121
2122 9305
2123 9304
2124 9303
2125 9302
2126 2127
2128 9299
2129 10231
2130 10230
2131 10229
2132 2133
2134 10226
2135 10225
2136 10224
2137 10223
2138 2139
2140 10220
2141 10219
2142 10218
2143 10217
2144 10216
2145 2146
2147 7711
2148 7710
2149 7709
2150 7708
2151 2152
2153 7699
2154 7698
2155 7697
2156 7696
2157 7695
2158 7694
2159 2160
2161 7691
2162 7690
2163 7689
2164 7688
2165 7687
2166 2167
2168 7635
2169 7634
2170 7633
2171 7632
2172 2173
2174 7629
2175 7628
2176 7592
2177 7591
2178 7590
2179 2180
2181 7587
2182 7586
2183 7627
2184 7626
2185 2186
2187 7623
2188 7622
2189 7621
2190 7620
2191 2192
2193 7617
2194 7616
2195 7615
2196 7614
2197 9255
2198 2199
2200 9252
2201 9251
2202 9250
2203 9249
2204 2205
2206 9246
2207 9245
2208 9244
2209 9243
2210 9242
2211 2212
2213 7578
2214 7577
2215 7576
2216 7575
2217 7574
2218 2219
2220 7537
2221 7536
2222 7535
2223 7534
2224 7533
2225 2226
2227 7530
2228 7529
2229 7528
2230 7527
2231 2232
2233 7524
2234 7523
2235 7522
2236 7521
2237 9553
2238 2239
2240 9550
2241 9549
2242 9548
2243 9547
2244 2245
2246 9544
2247 9543
2248 9542
2249 9541
2250 7510
2251 2252
2253 7507
2254 7506
2255 7505
2256 7504
2257 2258
2259 7501
2260 8205
2261 8204
2262 8203
2263 8202
2264 2265
2266 8199
2267 8198
2268 8197
2269 8196
2270 2271
2272 8193
2273 9197
2274 9196
2275 9195
2279 2280
2285 2286
2291 2292
2297 2298
2300 9142
2301 9141
2302 9140
2303 2304
2305 9137
2306 9136
2307 9135
2308 9134
2309 2310
2311 9131
2312 9130
2313 9129
2314 9128
2315 2316
2317 9125
2318 10104
2319 10103
2320 10102
2321 2322
2323 10099
2324 7427
2325 7426
2326 7425
2327 7424
2328 2329
2330 7421
2331 7420
2332 7419
2333 7418
2334 8705
2335 8704
2336 8703
2337 8702
2338 8701
2339 8700
2340 8699
2341 2342
2343 8696
2344 8695
2345 8694
2346 8693
2347 8692
2348 8691
2349 9078
2350 2351
2352 9075
2353 9074
2354 9073
2355 9072
2356 9071
2357 9070
2358 9069
2359 2360
2361 9066
2362 9065
2363 9064
2364 9063
2365 7336
2366 7335
2367 7334
2368 7333
2369 2370
2371 7330
2372 7329
2373 7328
2374 7327
2375 7326
2376 8112
2377 8111
2378 8110
2379 2380
2381 8107
2382 8106
2383 8105
2384 8104
2385 8103
2386 8102
2387 8101
2388 8100
2391 8125
2392 8124
2393 8123
2394 8122
2395 8121
2396 8120
2397 8119
2398 2399
2400 8116
2401 8115
2402 8114
2403 8113
2404 7347
2405 7346
2406 7345
2407 7344
2408 2409
2410 7341
2411 7340
2412 7339
2413 7338
2414 7337
2415 9062
2416 9061
2417 9060
2418 2419
2420 9057
2421 9056
2422 9055
2423 9054
2424 9053
2425 9052
2426 7369
2427 7368
2428 2429
2430 7365
2431 7364
2432 7363
2433 7362
2434 7361
2435 7360
2436 2437
2438 8713
2439 8712
2440 8711
2441 8710
2442 8709
2443 8708
2444 8707
2445 8706
2446 7417
2447 7416
2448 7415
2449 7414
2450 2451
2452 7411
2453 7410
2454 7409
2455 7408
2456 7407
2457 2458
2459 7404
2460 7403
2461 7402
2462 7401
2463 2464
2465 8765
2466 8764
2467 8763
2468 8762
2469 2470
2471 8759
2472 8758
2473 8757
2474 8756
2475 2476
2477 8753
2478 8752
2479 8751
2480 7479
2481 2482
2483 7476
2484 7475
2485 7474
2486 2487
2488 7471
2489 7470
2490 7469
2491 7468
2492 2493
2494 7465
2495 7464
2496 7463
2497 7462
2498 2499
2500 7500
2501 7499
2502 7498
2503 7497
2504 7496
2505 7495
2506 7494
2507 7493
2508 2509
2510 7490
2511 8214
2512 8213
2513 8212
2514 2515
2516 8209
2517 8208
2518 8207
2519 8206
2520 2521
2522 7518
2523 7517
2524 7516
2525 7515
2526 7514
2527 2528
2529 7511
2530 9540
2531 9539
2532 9538
2533 2534
2535 9535
2536 9534
2537 9533
2538 9532
2539 9531
2540 2541
2542 9528
2543 9527
2544 9526
2545 9525
2546 2547
2548 9522
2549 7549
2550 7548
2551 7547
2552 7546
2553 2554
2555 7543
2556 7542
2557 7541
2558 7540
2559 2560
2561 7571
2562 7570
2563 7569
2564 7568
2565 7567
2566 7566
2567 2568
2569 7563
2570 7562
2571 7561
2572 7560
2573 7559
2574 2575
2576 7556
2577 7555
2578 7554
2579 7553
2580 2581
2582 7550
2583 7613
2584 7612
2585 7611
2586 2587
2588 7608
2589 7607
2590 7606
2591 7605
2592 2593
2594 7602
2595 7601
2596 7600
2597 7599
2598 7598
2599 2600
2601 7595
2602 7594
2603 7593
2604 7647
2605 2606
2607 7644
2608 7643
2609 7642
2610 7641
2611 2612
2613 7638
2614 7686
2615 7685
2616 7684
2617 7683
2618 2619
2620 7680
2621 7679
2622 7678
2623 7725
2624 7724
2625 7723
2626 7722
2627 2628
2629 7719
2630 7718
2631 7717
2632 7716
2633 2634
2635 7776
2636 7775
2637 7774
2638 7773
2639 2640
2641 7770
2642 7769
2643 7768
2644 7767
2645 2646
2647 7764
2648 7763
2649 7762
2650 7761
2651 7760
2652 2653
2654 7757
2655 7756
2656 7755
2657 7754
2658 2659
2660 7751
2661 7750
2662 7749
2663 7748
2664 2665
2666 7745
2667 7800
2668 7799
2669 7798
2670 2671
2672 7795
2673 7794
2674 7793
2675 7792
2676 2677
2678 7789
2679 7838
2680 7837
2681 7836
2682 7835
2683 7834
2684 7833
2685 2686
2687 7869
2688 7868
2689 7867
2690 7866
2691 2692
2693 7863
2694 7862
2695 7861
2696 7860
2697 2698
2699 8468
2700 8467
2701 8466
2702 8465
2703 2704
2705 8462
2706 8461
2707 8460
2708 8459
2709 2710
2711 7889
2712 7888
2713 7887
2714 7886
2715 2716
2717 7883
2718 7882
2719 7915
2720 7914
2721 2722
2723 7911
2724 7910
2725 7909
2726 7908
2727 7907
2728 2729
2730 7904
2731 7933
2732 7932
2733 7931
2734 2735
2736 7928
2737 7927
2738 7926
2739 7925
2740 9334
2741 9333
2742 9332
2743 9331
2744 2745
2746 9328
2747 9327
2748 9326
2749 9325
2750 2751
2752 9322
2753 9321
2754 9320
2755 9319
2756 2757
2758 9316
2759 7957
2760 7956
2761 7955
2762 2763
2764 7952
2765 7951
2766 7950
2767 2768
2769 7947
2770 7946
2771 7945
2772 7991
2773 2774
2775 7988
2776 7987
2777 7986
2778 7985
2779 2780
2781 7982
2782 9387
2783 9386
2784 9385
2785 2786
2787 9382
2788 9381
2789 9380
2790 9379
2791 2792
2793 9376
2794 9375
2795 9374
2796 9373
2797 9372
2798 9371
2799 9370
2800 9369
2801 9368
2802 9367
2803 8018
2804 8017
2805 2806
2807 8014
2808 8013
2809 8012
2810 8011
2811 8010
2812 8009
2813 2814
2815 8006
2816 8005
2817 8004
2818 8003
2819 8002
2820 8084
2821 8083
2822 2823
2824 8080
2825 8079
2826 8078
2827 8077
2828 8076
2829 8075
2830 8074
2831 8073
2832 2833
2834 8070
2835 8069
2836 8068
2837 8067
2838 8066
2839 8065
2840 8064
2841 8063
2842 2843
2844 8996
2845 8995
2846 8994
2847 8993
2848 8992
2849 8991
2850 8990
2851 8989
2852 8988
2853 8987
2858 9006
2859 9005
2860 9004
2861 9003
2862 9002
2863 9001
2864 9000
2865 8999
2866 8998
2867 8997
2868 8060
2869 8059
2870 8058
2871 8057
2872 8056
2873 8055
2874 8054
2875 8053
2876 8052
2877 8051
2878 8050
2879 8049
2880 8048
2881 8047
2882 8046
2883 8954
2884 8953
2885 8952
2886 8951
2887 8950
2888 8949
2889 8948
2890 8947
2891 8946
2892 9909
2893 9908
2894 9907
2895 9906
2896 9905
2897 9904
2898 9903
2899 9902
2900 9901
2901 9900
2902 9899
2903 9898
2904 9897
2905 8602
2906 8601
2907 8600
2908 8599
2909 8598
2910 8597
2911 8596
2912 8595
2913 8594
2914 8593
2915 8592
2916 9780
2917 9779
2918 9778
2919 9777
2920 9776
2921 8001
2922 8000
2923 7999
2924 7998
2925 7997
2926 7996
2927 7995
2928 7994
2929 7993
2930 7992
2931 7944
2932 7943
2933 7942
2934 7941
2935 7940
2936 7939
2937 7938
2938 7937
2939 7936
2940 7935
2941 7934
2942 9315
2943 9314
2944 9313
2945 9312
2946 9311
2947 8591
2948 8590
2949 8589
2950 8588
2951 8587
2952 8586
2953 8585
2954 8584
2955 8583
2956 8582
2957 8581
2958 8580
2959 8579
2960 8578
2961 8577
2962 8576
2963 8575
2964 8574
2965 8573
2966 8572
2967 8571
2968 8531
2969 8530
2970 8529
2971 8528
2972 8527
2973 8526
2974 8490
2975 8489
2976 8488
2977 8487
2978 8486
2979 8485
2980 8484
2981 8483
2982 8482
2983 8481
2984 8480
2985 8479
2986 8478
2987 8477
2988 8476
2989 8475
2990 8474
2991 8473
2992 8472
2993 8471
2994 7859
2995 7858
2996 7857
2997 7856
2998 7855
2999 7854
3000 7853
3001 7852
3002 7851
3003 7850
3004 7832
3005 7831
3006 7830
3007 7829
3008 7828
3009 7827
3010 7826
3011 7825
3012 7824
3013 7823
3014 7822
3015 7821
3016 7820
3017 7819
3018 8435
3019 8434
3020 8433
3021 8432
3022 8431
3023 8430
3024 8429
3025 8428
3026 8427
3027 8426
3028 8425
3029 8424
3030 8423
3031 8422
3032 8421
3033 8420
3034 8419
3035 8418
3036 8417
3037 8416
3038 8415
3039 8414
3040 8413
3041 8412
3042 7740
3043 7739
3044 7738
3045 7737
3046 7736
3047 7735
3048 7734
3049 7733
3050 7732
3051 7731
3052 7730
3053 7729
3054 7728
3055 7727
3056 7726
3057 7677
3058 7676
3059 7675
3060 7674
3061 7673
3062 7672
3063 7671
3064 8382
3065 8381
3066 8380
3067 8379
3068 8378
3069 8377
3070 8376
3071 8375
3072 8374
3073 8373
3074 8372
3075 8371
3076 8370
3077 8369
3078 8368
3079 8367
3080 8366
3081 8337
3082 8336
3083 8335
3084 8334
3085 8333
3086 8332
3087 8331
3088 8330
3089 8329
3090 8328
3091 8327
3092 8326
3093 8325
3094 8324
3095 8323
3096 8322
3097 8321
3098 8320
3099 8319
3100 8318
3101 8317
3102 8316
3103 8315
3104 8314
3105 9577
3106 9576
3107 9575
3108 9574
3109 9573
3110 9572
3111 9571
3112 9570
3113 9569
3114 9568
3115 9567
3116 9566
3117 9565
3118 9564
3119 9563
3120 9521
3121 9520
3122 9519
3123 9518
3124 9517
3125 9516
3126 9515
3127 9514
3128 9513
3129 9512
3130 9511
3131 9510
3132 9509
3133 9508
3134 9507
3135 9506
3136 9505
3137 9504
3138 9503
3139 8290
3140 8289
3141 8288
3142 8224
3143 8223
3144 8222
3145 8221
3146 8220
3147 8219
3148 8218
3149 8217
3150 8216
3151 8215
3152 7489
3153 7488
3154 7487
3155 7486
3156 7485
3157 7484
3158 7483
3159 7482
3160 7481
3161 7480
3162 7459
3163 7458
3164 7457
3165 7456
3166 7455
3167 7454
3168 7453
3169 7452
3170 7451
3171 7450
3172 7449
3173 7448
3174 7447
3175 7446
3176 7445
3177 7444
3178 7443
3179 8777
3180 8776
3181 8775
3182 8774
3183 8773
3184 8772
3185 8771
3186 8770
3187 8769
3188 8768
3189 8767
3190 8766
3191 7398
3192 7397
3193 7396
3194 7395
3195 7394
3196 7393
3197 7392
3198 7391
3199 7390
3200 7389
3201 7388
3202 8726
3203 8725
3204 8724
3205 8723
3206 8722
3207 8721
3208 8720
3209 8719
3210 8718
3211 8717
3212 8716
3213 8715
3214 8714
3215 7357
3216 7356
3217 7355
3218 7354
3219 7353
3220 7352
3221 7351
3222 7350
3223 7349
3224 7348
3225 9051
3226 9050
3227 9049
3228 9048
3229 9047
3230 9046
3231 9045
3232 9044
3233 9043
3234 9042
3235 9041
3236 9040
3237 9039
3238 9038
3239 9037
3240 9036
3241 8177
3242 8176
3243 8175
3244 8174
3245 8173
3246 8172
3247 8140
3248 8139
3249 8138
3250 8137
3251 8136
3252 8135
3253 8134
3254 8133
3255 8132
3256 8131
3259 8192
3260 8191
3261 8190
3262 8189
3263 8188
3264 8187
3265 8186
3266 8185
3267 8184
3268 8183
3269 8182
3270 8181
3271 8180
3272 8179
3273 8178
3274 8670
3275 8669
3276 8668
3277 8667
3278 8666
3279 8665
3280 8664
3281 8663
3282 8662
3283 8690
3284 8689
3285 8688
3286 8687
3287 8686
3288 8685
3289 8684
3290 8683
3291 8682
3292 8681
3293 8741
3294 8740
3295 8739
3296 8738
3297 8737
3298 8736
3299 8735
3300 8734
3301 8733
3302 8732
3303 8731
3304 8730
3305 8729
3306 8728
3307 8727
3308 7387
3309 7386
3310 7385
3311 7384
3312 7383
3313 7382
3314 8790
3315 8789
3316 8788
3317 8787
3318 8786
3319 8785
3320 8784
3321 8783
3322 8782
3323 8781
3324 8780
3325 8779
3326 8778
3327 7442
3328 7441
3329 7440
3330 7439
3331 7438
3332 7437
3333 7436
3334 7435
3335 8244
3336 8243
3337 8854
3338 8853
3339 8852
3340 8851
3341 8850
3342 8849
3343 8848
3344 8847
3345 8846
3346 8845
3347 8844
3348 8843
3349 8842
3350 8841
3351 8840
3352 8839
3353 8838
3354 8837
3355 8836
3356 8835
3357 8834
3358 8833
3359 8832
3360 8831
3361 8830
3362 8829
3363 8828
3364 8827
3365 8826
3366 8825
3367 8824
3368 8823
3369 8822
3370 8821
3371 8820
3372 8819
3373 8818
3374 8817
3375 8816
3376 8815
3377 8814
3378 9589
3379 9588
3380 9587
3381 9586
3382 9585
3383 9584
3384 9583
3385 9582
3386 9581
3387 9580
3388 9579
3389 9578
3390 8313
3391 8312
3392 8311
3393 8310
3394 8309
3395 8308
3396 8307
3397 8306
3398 8305
3399 8304
3400 8303
3401 8302
3402 8301
3403 8300
3404 8299
3405 8298
3406 8297
3407 8296
3408 8295
3409 11233
3410 11232
3411 11231
3412 11230
3413 11229
3414 11228
3415 11227
3416 11226
3417 11225
3418 11224
3419 11223
3420 11222
3421 11221
3422 11220
3423 11219
3424 7670
3425 7669
3426 7668
3427 7667
3428 7666
3429 7665
3430 8867
3431 8866
3432 8865
3433 8864
3434 8863
3435 8862
3436 8861
3437 8860
3438 8859
3439 8858
3440 8857
3441 8856
3442 8855
3443 8411
3444 8410
3445 8409
3446 8408
3447 8407
3448 8406
3449 8405
3450 8404
3451 8403
3452 8402
3453 8401
3454 8400
3455 8399
3456 8398
3457 8397
3458 8396
3459 8395
3460 8394
3461 8393
3462 8392
3463 8391
3464 8390
3465 8389
3466 8388
3467 8387
3468 8386
3469 8385
3470 8384
3471 8383
3472 9750
3473 9749
3474 9748
3475 9747
3476 9746
3477 9745
3478 9744
3479 9743
3480 9742
3481 9741
3482 9740
3483 9739
3484 9738
3485 9737
3486 9736
3487 9735
3488 9734
3489 9733
3490 9732
3491 9731
3492 9730
3493 9729
3494 9728
3495 9727
3496 9726
3497 9725
3498 9724
3499 9723
3500 9722
3501 9721
3502 9720
3503 9719
3504 9718
3505 8570
3506 8569
3507 8568
3508 8567
3509 8566
3510 8565
3511 8564
3512 8563
3513 8562
3514 8925
3515 8924
3516 8923
3517 8922
3518 8921
3519 8920
3520 8919
3521 8918
3522 8917
3523 8916
3524 8915
3525 8945
3526 8944
3527 8943
3528 8942
3529 8941
3530 8940
3531 8939
3532 8938
3533 8937
3534 8936
3535 9793
3536 9792
3537 9791
3538 9790
3539 9789
3540 9788
3541 9787
3542 9786
3543 9785
3544 9784
3545 9783
3546 9782
3547 9781
3548 8612
3549 8611
3550 8610
3551 8609
3552 8608
3553 8607
3554 8606
3555 8605
3556 8604
3557 8603
3558 9896
3559 9895
3560 9894
3561 9893
3562 9892
3563 9891
3564 9890
3565 9889
3566 9888
3567 8965
3568 8964
3569 8963
3570 8962
3571 8961
3572 8960
3573 8959
3574 8958
3575 8957
3576 8956
3577 8955
3578 8045
3579 8044
3580 8043
3581 8042
3582 8041
3583 8040
3584 8039
3585 8038
3586 8037
3587 8036
3588 9023
3589 9022
3590 9021
3591 9020
3592 9019
3593 9018
3594 9017
3595 9016
3596 9015
3597 9014
3598 9013
3599 9012
3604 9035
3605 9034
3606 9033
3607 9032
3608 9031
3609 9030
3610 9029
3611 9028
3612 9027
3613 9026
3614 9025
3615 9024
3616 8986
3617 8985
3618 8984
3619 8983
3620 8982
3621 8981
3622 8980
3623 8979
3624 8978
3625 8977
3626 8976
3627 8975
3628 8974
3629 8973
3630 8972
3631 8971
3632 8970
3633 8969
3634 8968
3635 8967
3636 8966
3637 9887
3638 9886
3639 9885
3640 9884
3641 9883
3642 9882
3643 9881
3644 9880
3645 9879
3646 9878
3647 9877
3648 9876
3649 9875
3650 9874
3651 9873
3652 9872
3653 9871
3654 9870
3655 9869
3656 9868
3657 9867
3658 9866
3659 9865
3660 9802
3661 9801
3662 9800
3663 9799
3664 9798
3665 9797
3666 9796
3667 9795
3668 9794
3669 8935
3670 8934
3671 8933
3672 8932
3673 8931
3674 8930
3675 8929
3676 8928
3677 8927
3678 8926
3679 8914
3680 8913
3681 8912
3682 8911
3683 8910
3684 12115
3685 12114
3686 12113
3687 12112
3688 12111
3689 12110
3690 8561
3691 8560
3692 8559
3693 8558
3694 8557
3695 8556
3696 8555
3697 8554
3698 8553
3699 8552
3700 8551
3701 8550
3702 8549
3703 8548
3704 8547
3705 8546
3706 8545
3707 8544
3708 8543
3709 8542
3710 8541
3711 8540
3712 8539
3713 9769
3714 9768
3715 9767
3716 9766
3717 9765
3718 9764
3719 9763
3720 9762
3721 9761
3722 9760
3723 9759
3724 9758
3725 9757
3726 9756
3727 9755
3728 9754
3729 9753
3730 9752
3731 9751
3732 9717
3733 9716
3734 9715
3735 9714
3736 9713
3737 9712
3738 9711
3739 9710
3740 9709
3741 9708
3742 9707
3743 9706
3744 9705
3745 9704
3746 9703
3747 9702
3748 9701
3749 9700
3750 9699
3751 9698
3752 9697
3753 9696
3754 9695
3755 9694
3756 9693
3757 9692
3758 9691
3759 9690
3760 9689
3761 9688
3762 9687
3763 9686
3764 9685
3765 8876
3766 8875
3767 8874
3768 8873
3769 8872
3770 8871
3771 8870
3772 8869
3773 8868
3774 7664
3775 7663
3776 7662
3777 7661
3778 7660
3779 7659
3780 7658
3781 7657
3782 7656
3783 7655
3784 7654
3785 7653
3786 7652
3787 7651
3788 7650
3789 11239
3790 11238
3791 11237
3792 11236
3793 11235
3794 11234
3795 8294
3796 8293
3797 8292
3798 8291
3799 9671
3800 9670
3801 9669
3802 9668
3803 9667
3804 9666
3805 9665
3806 9664
3807 9663
3808 9662
3809 9661
3810 9660
3811 9659
3812 9658
3813 9657
3814 9656
3815 9655
3816 9654
3817 9653
3818 9597
3819 9596
3820 9595
3821 9594
3822 9593
3823 9592
3824 9591
3825 9590
3826 8813
3827 8812
3828 8811
3829 8810
3830 8809
3831 8808
3832 8807
3833 9562
3834 9561
3835 9560
3836 8276
3837 8275
3838 8274
3839 8273
3840 8272
3841 8271
3842 8270
3843 8269
3844 8268
3845 8267
3846 8266
3847 8265
3848 8264
3849 8263
3850 8262
3851 8261
3852 8260
3853 8259
3854 8258
3855 8257
3856 8256
3857 8255
3858 8254
3859 8253
3860 8252
3861 8251
3862 8250
3863 8249
3864 8248
3865 8247
3866 8246
3867 8245
3868 7434
3869 7433
3870 7432
3871 7431
3872 7430
3873 8806
3874 8805
3875 8804
3876 8803
3877 8802
3878 8801
3879 8800
3880 8799
3881 8798
3882 8797
3883 8796
3884 8795
3885 8794
3886 8793
3887 8792
3888 8791
3889 7381
3890 7380
3891 7379
3892 7378
3893 7377
3894 7376
3895 7375
3896 7374
3897 7373
3898 7372
3899 7371
3900 7370
3901 8750
3902 8749
3903 8748
3904 8747
3905 8746
3906 8745
3907 8744
3908 8743
3909 8742
3910 8680
3911 8679
3912 8678
3913 8677
3914 8676
3915 8675
3916 8674
3917 8673
3918 8672
3919 8671
3920 8661
3921 8660
3922 8659
3923 8658
3924 8657
3925 8656
3926 8655
3927 8654
3928 8653
3929 8652
3930 8651
3931 8650
3932 8649
3933 8648
3934 8647
3935 8646
3936 8645
3937 8644
3938 8643
3939 8642
3940 8641
3941 8640
3942 8639
3943 8638
3946 8094
3947 8093
3948 8092
3949 8091
3950 8090
3951 8089
3952 8088
3953 8087
3954 8086
3955 8085
3956 8171
3957 8170
3958 8169
3959 8168
3960 8167
3961 8166
3962 8165
3963 8164
3964 8163
3965 8162
3966 8161
3967 8160
3968 8159
3969 8158
3970 8157
3971 8156
3972 8155
3973 8154
3974 8153
3975 8152
3976 8151
3977 8150
3978 8149
3979 8148
3980 10037
3981 10036
3982 10035
3983 10034
3984 10033
3985 10032
3986 10031
3987 10030
3988 10029
3989 10028
3990 10027
3991 10026
3992 10025
3993 10024
3994 10023
3995 10022
3996 10021
3997 10020
3998 10019
3999 10018
4000 10017
4001 10016
4002 10015
4003 10014
4004 10013
4005 10012
4006 10011
4007 10010
4008 10009
4009 10008
4010 10007
4011 10006
4012 10005
4013 10004
4014 10003
4015 10002
4016 10001
4017 10000
4018 9999
4019 9998
4020 9997
4021 9146
4022 9145
4023 9144
4024 9143
4025 9502
4026 9501
4027 9500
4028 9499
4029 9498
4030 9497
4031 9496
4032 9495
4033 9494
4034 9493
4035 9492
4036 9491
4037 9490
4038 9489
4039 9488
4040 9487
4041 9486
4042 9485
4043 8242
4044 8241
4045 8240
4046 8239
4047 8238
4048 8237
4049 8236
4050 8235
4051 8234
4052 8233
4053 8232
4054 8231
4055 8230
4056 8229
4057 8228
4058 8227
4059 8226
4060 8225
4061 8287
4062 8286
4063 8285
4064 8284
4065 8283
4066 8282
4067 8281
4068 8280
4069 8279
4070 8278
4071 8277
4072 9559
4073 9558
4074 9557
4075 9556
4076 9555
4077 9554
4078 9613
4079 9612
4080 9611
4081 9610
4082 9609
4083 9608
4084 9607
4085 9606
4086 9605
4087 9604
4088 9603
4089 9602
4090 9601
4091 9600
4092 9599
4093 9598
4094 9652
4095 9651
4096 9650
4097 9649
4098 9648
4099 9647
4100 9646
4101 9645
4102 9644
4103 9643
4104 9642
4105 9641
4106 9213
4107 9212
4108 9211
4109 9210
4110 9209
4111 9208
4112 9207
4113 9206
4114 9205
4115 9204
4116 9203
4117 9202
4118 9201
4119 9200
4120 9199
4121 9198
4122 8365
4123 8364
4124 8363
4125 8362
4126 8361
4127 8360
4128 8359
4129 8358
4130 8357
4131 8356
4132 8355
4133 8354
4134 8353
4135 8352
4136 8351
4137 8350
4138 8349
4139 8348
4140 8347
4141 8346
4142 8345
4143 8344
4144 8343
4145 8342
4146 8341
4147 8340
4148 8339
4149 8338
4150 7705
4151 7704
4152 7703
4153 7702
4154 7701
4155 7700
4156 9684
4157 9683
4158 9682
4159 9681
4160 9680
4161 9679
4162 9678
4163 9677
4164 9676
4165 9675
4166 9674
4167 9673
4168 9672
4169 9271
4170 9270
4171 9269
4172 9268
4173 9267
4174 9266
4175 9265
4176 9264
4177 9263
4178 9262
4179 9261
4180 9260
4181 9259
4182 9258
4183 9257
4184 9256
4185 7818
4186 7817
4187 7816
4188 7815
4189 7814
4190 7813
4191 7812
4192 7811
4193 7810
4194 7809
4195 7808
4196 7807
4197 7806
4198 7805
4199 7804
4200 7803
4201 7802
4202 7801
4203 10369
4204 10368
4205 10367
4206 10366
4207 10365
4208 10364
4209 10363
4210 10362
4211 10361
4212 10360
4213 9775
4214 9774
4215 9773
4216 9772
4217 9771
4218 9770
4219 8538
4220 8537
4221 8536
4222 8535
4223 8534
4224 8533
4225 8532
4226 8493
4227 8492
4228 8491
4229 8525
4230 8524
4231 8523
4232 8522
4233 8521
4234 8520
4235 8519
4236 8518
4237 8517
4238 8516
4239 8515
4240 8514
4241 8513
4242 8512
4243 9360
4244 9359
4245 9358
4246 9357
4247 9356
4248 9355
4249 9354
4250 9353
4251 9352
4252 9351
4253 9350
4254 9349
4255 9348
4256 9828
4257 9827
4258 9826
4259 9825
4260 9824
4261 9823
4262 9822
4263 9821
4264 9820
4265 9819
4266 9818
4267 9817
4268 9816
4269 9815
4270 9814
4271 9813
4272 9812
4273 9811
4274 9810
4275 9809
4276 9808
4277 9807
4278 9806
4279 9805
4280 9804
4281 9803
4282 9864
4283 9863
4284 9862
4285 9861
4286 9860
4287 9859
4288 9858
4289 9857
4290 9856
4291 9855
4292 9854
4293 9853
4294 9852
4295 9925
4296 9924
4297 9923
4298 9922
4299 9921
4300 9920
4301 9919
4302 9918
4303 9917
4304 9916
4305 9915
4306 9914
4307 9913
4308 9912
4309 9911
4310 9910
4311 9453
4312 9452
4313 9451
4314 9450
4315 9449
4316 9448
4317 9447
4318 9446
4319 9445
4320 9444
4321 9443
4322 9442
4323 9441
4324 9440
4325 9439
4326 9438
4327 9437
4328 9436
4329 9961
4330 9960
4331 9959
4332 9958
4333 9957
4334 9956
4335 9955
4336 9954
4337 9953
4338 9952
4339 11525
4340 11524
4341 11523
4342 11522
4343 11521
4344 11520
4349 11531
4350 11530
4351 11529
4352 11528
4353 11527
4354 11526
4355 9951
4356 9950
4357 9949
4358 9948
4359 9947
4360 9946
4361 9945
4362 9944
4363 9943
4364 9942
4365 11053
4366 11052
4367 11051
4368 11050
4369 11049
4370 11048
4371 11047
4372 11046
4373 11045
4374 11044
4375 11043
4376 11042
4377 11041
4378 11040
4379 11039
4380 11038
4381 11037
4382 11036
4383 9941
4384 9940
4385 9939
4386 9938
4387 9937
4388 9936
4389 9935
4390 9934
4391 9933
4392 9932
4393 9931
4394 9930
4395 9929
4396 9928
4397 9927
4398 9926
4399 9851
4400 9850
4401 9849
4402 9848
4403 9847
4404 9846
4405 9845
4406 9844
4407 11423
4408 11422
4409 11421
4410 11420
4411 11419
4412 11418
4413 11417
4414 11416
4415 11415
4416 11414
4417 11413
4418 11412
4419 11411
4420 11410
4421 11409
4422 11035
4423 11034
4424 11033
4425 11032
4426 11031
4427 11030
4428 8899
4429 8898
4430 8897
4431 8896
4432 8895
4433 8894
4434 8893
4435 8892
4436 8891
4437 8890
4438 8889
4439 8888
4440 8887
4441 8886
4442 8885
4443 8884
4444 8883
4445 8882
4446 8881
4447 8880
4448 8879
4449 8878
4450 8877
4451 8511
4452 8510
4453 8509
4454 8508
4455 8507
4456 8506
4457 8505
4458 8504
4459 8503
4460 8502
4461 8501
4462 8500
4463 8499
4464 8498
4465 8497
4466 8496
4467 8495
4468 8494
4469 12035
4470 12034
4471 12033
4472 12032
4473 12031
4474 12030
4475 12029
4476 12028
4477 12027
4478 12026
4479 12025
4480 12024
4481 10359
4482 10358
4483 10357
4484 10356
4485 10355
4486 10354
4487 10353
4488 10959
4489 10958
4490 10957
4491 10956
4492 10955
4493 10954
4494 11293
4495 11292
4496 11291
4497 11290
4498 11289
4499 11288
4500 11287
4501 11286
4502 11285
4503 11284
4504 11283
4505 11282
4506 11281
4507 11280
4508 11279
4509 11278
4510 11277
4511 11276
4512 9284
4513 9283
4514 9282
4515 9281
4516 9280
4517 9279
4518 9278
4519 9277
4520 9276
4521 9275
4522 9274
4523 9273
4524 9272
4525 10926
4526 10925
4527 10924
4528 10923
4529 10922
4530 10921
4531 10920
4532 10919
4533 10918
4534 10917
4535 10916
4536 10915
4537 10914
4538 10913
4539 10912
4540 10911
4541 10910
4542 10909
4543 10871
4544 10870
4545 10869
4546 10868
4547 10867
4548 10866
4549 10865
4550 10864
4551 10863
4552 10862
4553 10861
4554 10860
4555 10859
4556 10858
4557 10194
4558 10193
4559 10192
4560 10191
4561 10190
4562 10189
4563 10188
4564 10187
4565 10186
4566 10185
4567 10184
4568 10183
4569 10182
4570 10181
4571 10180
4572 10179
4573 10178
4574 10177
4575 10176
4576 10175
4577 10174
4578 10173
4579 10172
4580 9221
4581 9220
4582 9219
4583 9218
4584 9217
4585 9216
4586 9215
4587 9214
4588 9640
4589 9639
4590 9638
4591 9637
4592 9636
4593 9635
4594 9634
4595 9633
4596 9632
4597 9631
4598 9630
4599 9629
4600 9628
4601 9627
4602 9626
4603 9625
4604 9624
4605 9623
4606 10804
4607 10803
4608 10802
4609 10801
4610 10800
4611 10799
4612 10798
4613 10797
4614 10796
4615 10795
4616 10794
4617 10793
4618 10792
4619 10791
4651 9484
4652 9483
4653 9482
4654 9481
4655 9480
4656 9479
4657 9478
4658 9477
4659 9476
4660 9475
4661 9474
4662 9473
4663 9472
4664 10150
4665 10149
4666 10148
4667 10147
4668 10146
4669 10145
4670 10144
4671 10143
4672 9109
4673 9108
4674 9107
4675 9106
4676 9105
4677 9104
4678 9103
4679 9102
4680 9101
4681 9100
4682 10735
4683 10734
4684 10733
4685 10732
4686 10098
4687 10097
4688 10096
4689 10095
4690 10094
4691 10093
4692 10092
4693 10091
4694 10090
4695 10089
4696 10088
4697 10087
4698 10086
4699 10085
4700 10084
4701 10083
4702 10082
4703 10081
4704 10080
4705 10079
4706 10045
4707 10044
4708 10043
4709 10042
4710 10041
4711 10040
4712 10039
4713 10038
4714 8147
4715 8146
4716 8145
4717 8144
4718 8143
4719 8142
4720 8141
4721 10731
4722 10730
4723 10729
4724 10728
4725 10727
4726 10726
4727 10725
4728 10724
4729 10723
4730 10722
4731 10721
4732 8617
4733 8616
4734 8615
4735 8614
4736 8613
4737 10677
4738 10676
4739 10675
4740 10674
4741 10673
4742 10672
4743 10671
4744 10670
4745 10669
4746 10668
4747 10667
4750 8632
4751 8631
4752 8630
4753 8629
4754 8628
4755 8627
4756 8626
4757 8625
4758 8624
4759 8623
4760 8622
4761 8621
4762 8620
4763 8619
4764 8618
4765 10720
4766 10719
4767 10718
4768 10717
4769 10716
4770 10715
4771 10714
4772 10713
4773 10712
4774 11121
4775 11120
4776 11119
4777 11118
4778 11117
4779 11116
4780 11115
4781 11114
4782 11113
4783 11112
4784 10759
4785 10758
4786 10757
4787 10756
4788 10755
4789 10754
4790 10753
4791 10752
4792 10751
4793 10750
4794 10749
4795 10748
4796 10747
4797 10746
4798 10745
4799 10744
4800 10743
4801 10742
4802 10741
4803 10740
4804 10739
4805 10738
4806 10737
4807 10736
4808 9099
4809 9098
4810 9097
4811 9096
4812 9095
4813 9094
4814 9093
4815 9092
4816 9091
4817 9090
4818 9089
4819 9088
4820 9087
4821 7429
4822 7428
4823 11158
4824 11157
4825 11156
4826 11155
4827 11154
4828 11153
4829 11152
4830 11151
4831 11150
4832 11149
4833 11148
4834 11147
4835 11146
4836 11145
4837 11144
4838 11143
4839 11142
4840 11141
4841 11140
4842 11139
4843 11138
4844 11137
4845 11136
4846 11135
4847 11170
4848 11169
4849 11168
4850 11167
4851 11166
4852 11165
4853 11164
4854 11163
4855 11162
4856 11161
4857 11160
4858 11159
4859 10816
4860 10815
4861 10814
4862 10813
4863 10812
4864 10811
4865 10810
4866 10809
4867 10808
4868 10807
4869 10806
4870 10805
4871 9622
4872 9621
4873 9620
4874 9619
4875 9618
4876 9617
4877 9616
4878 9615
4879 9614
4880 13145
4881 13144
4882 13143
4883 13142
4884 11218
4885 11217
4886 11216
4887 11215
4888 11214
4889 11213
4890 11212
4891 11211
4892 11210
4893 11209
4894 11208
4895 11207
4896 11206
4897 11205
4898 11204
4899 11203
4900 11244
4901 11243
4902 11242
4903 11241
4904 11240
4905 7649
4906 7648
4907 11275
4908 11274
4909 11273
4910 11272
4911 11271
4912 11270
4913 11269
4914 11268
4915 11267
4916 11266
4917 11265
4918 11264
4919 10876
4920 10875
4921 10874
4922 10873
4923 10872
4924 10908
4925 10907
4926 10906
4927 10905
4928 10904
4929 10903
4930 10902
4931 10901
4932 10900
4933 10899
4934 10898
4935 10897
4936 10896
4937 10895
4938 10894
4939 10893
4940 10892
4941 10891
4942 11316
4943 11315
4944 11314
4945 11313
4946 11312
4947 11311
4948 11310
4949 11309
4950 11308
4951 11307
4952 11306
4953 11305
4954 11304
4955 11303
4956 11302
4957 11301
4958 11300
4959 11299
4960 11298
4961 11297
4962 11296
4963 11295
4964 11294
4965 10953
4966 10952
4967 10951
4968 10950
4969 10949
4970 10948
4971 10947
4972 10946
4973 10945
4974 12047
4975 12046
4976 12045
4977 12044
4978 12043
4979 12042
4980 12041
4981 12040
4982 12039
4983 12038
4984 12037
4985 12036
4986 11388
4987 11387
4988 11386
4989 11385
4990 11384
4991 11383
4992 11382
4993 11381
4994 11380
4995 12130
4996 12129
4997 12128
4998 12127
4999 12126
5000 12125
5001 12124
5002 12123
5003 12122
5004 12121
5005 12120
5006 12119
5007 12118
5008 12117
5009 12116
5010 8909
5011 8908
5012 8907
5013 8906
5014 8905
5015 8904
5016 8903
5017 8902
5018 8901
5019 8900
5020 11029
5021 11028
5022 11027
5023 11026
5024 11025
5025 11024
5026 11435
5027 11434
5028 11433
5029 11432
5030 11431
5031 11430
5032 11429
5033 11428
5034 11427
5035 11426
5036 11425
5037 11424
5038 9843
5039 9842
5040 9841
5041 9840
5042 9839
5043 9838
5044 9837
5045 9836
5046 9835
5047 9834
5048 9833
5049 9832
5050 9831
5051 9830
5052 9829
5053 11497
5054 11496
5055 11495
5056 11494
5057 11493
5058 11069
5059 11068
5060 11067
5061 11066
5062 11065
5063 11064
5064 11063
5065 11062
5066 11061
5067 11060
5068 11059
5069 11058
5070 11057
5071 11056
5072 11055
5073 11054
5074 11551
5075 11550
5076 11549
5077 11548
5078 11547
5079 11546
5080 11545
5081 11544
5082 11543
5083 11542
5084 11541
5085 11540
5086 11539
5087 11538
5088 11537
5093 12887
5094 12886
5095 12885
5096 12884
5097 12883
5098 12882
5099 12881
5100 12880
5101 12879
5102 12878
5103 12877
5104 12876
5105 12875
5106 12874
5107 12873
5108 12872
5109 12871
5110 12870
5111 12869
5112 12868
5113 12867
5114 12866
5115 12865
5116 12864
5117 12863
5118 12862
5119 12861
5120 12860
5121 12859
5122 12858
5123 12857
5124 11492
5125 11491
5126 11490
5127 11489
5128 11488
5129 11487
5130 11486
5131 11485
5132 11484
5133 11483
5134 11482
5135 11481
5136 10510
5137 10509
5138 10508
5139 10507
5140 10506
5141 10505
5142 10504
5143 10503
5144 10502
5145 10501
5146 10500
5147 10499
5148 10498
5149 10497
5150 10496
5151 10495
5152 10494
5153 10493
5154 11437
5155 11436
5156 11023
5157 11022
5158 11021
5159 11020
5160 11019
5161 11018
5162 11017
5163 11016
5164 11015
5165 11014
5166 12150
5167 12149
5168 12148
5169 12147
5170 12146
5171 12145
5172 12144
5173 12143
5174 12142
5175 12141
5176 12140
5177 12139
5178 12138
5179 12137
5180 12136
5181 12135
5182 12134
5183 12133
5184 12132
5185 12131
5186 11379
5187 11378
5188 11377
5189 11376
5190 11375
5191 12109
5192 12108
5193 12107
5194 12106
5195 12105
5196 12104
5197 12103
5198 12102
5199 12055
5200 12054
5201 12053
5202 12052
5203 12051
5204 12050
5205 12049
5206 12048
5207 10944
5208 10943
5209 10942
5210 10941
5211 10940
5212 10939
5213 10938
5214 10937
5215 10936
5216 10935
5217 10934
5218 10933
5219 10932
5220 10931
5221 10930
5222 10929
5223 11332
5224 11331
5225 11330
5226 11329
5227 11328
5228 11327
5229 11326
5230 11325
5231 11324
5232 11323
5233 11322
5234 11321
5235 11320
5236 11319
5237 11318
5238 11317
5239 10890
5240 10889
5241 10888
5242 10887
5243 10886
5244 10885
5245 10884
5246 10883
5247 10882
5248 10881
5249 10880
5250 10879
5251 10878
5252 10877
5253 13198
5254 13197
5255 13196
5256 13195
5257 13194
5258 13193
5259 13192
5260 13191
5261 13190
5262 11263
5263 11262
5264 11261
5265 11260
5266 11259
5267 11258
5268 11257
5269 11256
5270 11255
5271 11254
5272 11253
5273 11252
5274 11251
5275 11250
5276 11249
5277 11248
5278 11247
5279 11246
5280 11245
5281 11202
5282 11201
5283 11200
5284 11199
5285 11198
5286 11197
5287 11196
5288 11195
5289 11194
5290 11193
5291 11192
5292 11191
5293 11190
5294 11189
5295 11188
5296 13150
5297 13149
5298 13148
5299 13147
5300 13146
5301 12023
5302 12022
5303 12021
5304 12020
5305 12019
5306 12018
5307 12017
5308 12016
5309 12015
5310 12014
5311 12013
5312 12012
5313 12011
5314 10761
5315 10760
5316 11187
5317 11186
5318 11185
5319 11184
5320 11183
5321 11182
5322 11181
5323 11180
5324 11179
5325 11178
5326 11177
5327 11176
5328 11175
5329 11174
5330 11173
5331 11172
5332 11171
5333 11134
5334 11133
5335 11132
5336 11131
5337 11130
5338 11129
5339 11128
5340 11127
5341 11126
5342 11125
5343 11124
5344 11123
5345 11122
5346 12291
5347 12290
5348 12289
5349 12288
5350 12287
5351 12286
5352 12285
5353 12284
5354 12283
5355 12282
5356 12281
5357 12280
5358 12279
5359 12278
5360 12277
5361 12276
5362 12275
5363 12274
5364 12273
5365 12272
5366 12271
5367 12270
5368 12269
5369 12268
5370 12267
5371 12266
5372 12265
5373 12264
5374 12263
5375 12262
5376 12261
5377 12260
5378 12259
5379 12258
5380 11085
5381 11084
5382 11083
5383 11082
5384 11081
5385 11080
5386 11079
5387 11078
5388 11077
5389 11076
5390 11075
5391 11074
5392 11073
5393 11072
5394 11071
5395 11070
5396 11111
5397 11110
5398 11109
5399 11108
5400 11107
5401 11853
5402 11852
5403 11851
5404 11850
5405 11849
5406 10711
5407 10710
5408 10709
5409 10708
5410 10707
5411 10706
5412 10705
5413 10704
5414 10703
5415 10702
5416 10701
5417 10700
5418 10699
5419 10698
5420 10697
5421 10696
5422 10695
5423 10694
5424 10693
5425 10692
5426 10691
5427 10690
5428 10689
5429 10688
5432 10630
5433 10629
5434 10628
5435 10627
5436 10626
5437 10625
5438 10624
5439 10623
5440 10622
5441 10621
5442 10620
5443 10619
5444 10618
5445 13266
5446 13265
5447 13264
5448 13263
5449 13262
5450 13261
5451 13260
5452 13259
5453 13258
5454 13257
5455 13256
5456 13255
5457 13254
5458 13253
5459 13252
5460 13251
5461 13250
5462 13249
5463 13248
5464 13247
5465 13246
5466 11611
5467 11610
5468 11609
5469 11905
5470 11904
5471 11903
5472 11902
5473 11901
5474 11900
5475 11899
5476 11898
5477 11897
5478 11896
5479 11895
5480 11894
5481 11893
5482 11892
5483 11891
5484 11890
5485 11889
5486 11888
5487 13012
5488 13011
5489 13010
5490 13009
5491 13008
5492 13007
5493 13006
5494 13005
5495 13004
5496 13003
5497 13002
5498 13001
5499 13000
5500 12999
5501 12998
5502 12997
5503 12996
5504 12995
5505 12994
5506 12993
5507 12992
5508 12991
5509 12990
5510 12989
5511 11633
5512 11632
5513 11631
5514 11630
5515 11629
5516 11628
5517 11627
5518 11626
5519 11625
5520 11624
5521 9154
5522 9153
5523 9152
5524 9151
5525 9150
5526 9149
5527 9148
5528 9147
5529 12371
5530 12370
5531 12369
5532 12368
5533 12367
5534 12366
5535 12365
5536 12364
5537 11965
5538 11964
5539 11963
5540 11962
5541 11961
5542 11960
5543 11959
5544 11958
5545 11957
5546 11956
5547 11955
5548 11954
5549 11953
5550 11952
5551 11951
5552 13367
5553 13366
5554 13365
5555 13364
5556 13363
5557 13362
5558 13361
5559 13360
5560 13359
5561 13358
5562 13357
5563 10767
5564 10766
5565 10765
5566 10764
5567 10763
5568 10762
5569 12010
5570 12009
5571 12008
5572 12007
5573 12006
5574 12005
5575 12004
5576 12003
5577 12002
5578 12001
5579 12000
5580 11999
5581 11998
5582 11997
5583 11996
5584 11667
5585 11666
5586 11665
5587 11664
5588 11663
5589 11662
5590 11661
5591 11660
5592 11659
5593 11658
5594 11657
5595 11656
5596 11655
5597 11654
5598 11653
5599 11652
5600 11651
5601 11650
5602 11649
5603 11648
5604 11647
5605 11738
5606 11737
5607 11736
5608 11735
5609 11734
5610 11733
5611 11732
5612 11731
5613 14203
5614 14202
5615 14201
5616 14200
5617 14199
5618 14198
5619 14197
5620 14196
5621 14195
5622 14194
5623 14193
5624 14192
5625 14191
5626 14190
5627 10836
5628 10835
5629 10834
5630 10833
5631 10832
5632 10831
5633 10830
5634 10829
5635 10828
5636 10827
5637 10826
5638 10825
5639 10824
5640 10823
5641 10822
5642 10821
5643 10820
5644 10819
5645 10818
5646 10817
5647 11772
5648 11771
5649 11770
5650 11769
5651 11768
5652 11767
5653 11766
5654 11765
5655 11764
5656 11763
5657 11762
5658 11761
5659 11760
5660 11759
5661 11758
5662 11757
5663 11756
5664 11755
5665 11754
5666 11753
5667 11752
5668 10302
5669 10301
5670 10300
5671 10299
5672 10298
5673 10297
5674 10296
5675 10295
5676 10975
5677 10974
5678 10973
5679 10972
5680 10971
5681 10970
5682 10969
5683 10968
5684 10967
5685 10966
5686 10965
5687 10964
5688 10963
5689 10962
5690 10961
5691 10960
5692 12069
5693 12068
5694 12067
5695 12066
5696 12065
5697 12064
5698 12063
5699 12062
5700 12061
5701 12060
5702 12059
5703 12058
5704 12057
5705 12056
5706 12101
5707 12100
5708 12099
5709 12098
5710 12097
5711 12096
5712 12095
5713 12094
5714 12093
5715 12092
5716 12091
5717 12090
5718 12089
5719 12088
5720 12700
5721 12699
5722 12698
5723 12697
5724 12696
5725 12695
5726 12694
5727 12693
5728 12692
5729 12691
5730 12167
5731 12166
5732 12165
5733 12164
5734 12163
5735 12162
5736 12161
5737 12160
5738 12159
5739 12158
5740 12157
5741 12156
5742 12155
5743 12154
5744 12153
5745 12152
5746 12151
5747 11013
5748 11012
5749 11011
5750 11010
5751 11009
5752 11008
5753 11007
5754 11006
5755 11005
5756 11004
5757 11003
5758 11002
5759 11001
5760 12207
5761 12206
5762 12205
5763 12204
5764 12203
5765 12202
5766 12201
5767 12200
5768 12199
5769 12198
5770 12197
5771 12196
5772 12195
5773 10520
5774 10519
5775 10518
5776 10517
5777 10516
5778 10515
5779 10514
5780 10513
5781 10512
5782 10511
5783 11480
5784 11479
5785 11478
5786 11477
5787 11476
5788 11475
5789 11474
5790 11473
5791 11472
5792 11471
5793 11470
5794 11469
5795 11468
5796 11467
5797 11466
5798 11465
5799 11464
5800 11463
5801 11462
5802 12252
5803 12251
5804 12250
5805 12249
5806 12248
5807 12247
5808 12246
5809 12245
5810 12244
5811 12243
5812 12242
5813 12241
5814 12240
5815 12239
5816 12238
5817 12237
5818 12236
5819 12235
5820 12234
5821 12233
5822 12232
5823 12231
5824 12230
5825 12898
5826 12897
5827 12896
5828 12895
5829 12894
5830 12893
5848 12904
5849 12903
5850 12902
5851 12901
5852 12900
5853 12899
5854 12229
5855 12228
5856 12227
5857 12226
5858 12225
5859 12224
5860 12223
5861 12222
5862 12221
5863 12220
5864 14457
5865 14456
5866 14455
5867 14454
5868 14453
5869 14452
5870 14451
5871 14450
5872 14449
5873 14448
5874 14447
5875 14446
5876 14445
5877 11461
5878 11460
5879 11459
5880 11458
5881 11457
5882 11456
5883 11455
5884 11454
5885 11453
5886 11452
5887 11451
5888 11450
5889 11449
5890 12759
5891 12758
5892 12757
5893 12756
5894 12755
5895 12754
5896 12753
5897 12752
5898 12751
5899 12750
5900 12749
5901 12748
5902 12747
5903 12746
5904 12745
5905 12744
5906 12743
5907 12219
5908 12218
5909 12217
5910 12216
5911 12215
5912 12214
5913 12213
5914 12212
5915 12211
5916 12210
5917 12209
5918 12208
5919 11000
5920 10999
5921 10998
5922 10997
5923 10996
5924 10995
5925 10994
5926 10993
5927 10992
5928 10991
5929 10990
5930 10989
5931 10988
5932 10987
5933 10986
5934 10985
5935 10984
5936 10983
5937 14352
5938 14351
5939 14350
5940 14349
5941 14348
5942 14347
5943 14346
5944 14345
5945 14344
5946 14343
5947 14342
5948 14341
5949 12690
5950 12689
5951 12688
5952 12687
5953 12686
5954 12685
5955 12684
5956 13888
5957 13887
5958 13886
5959 13885
5960 13884
5961 13883
5962 13882
5963 13881
5964 12683
5965 12682
5966 12681
5967 12680
5968 12679
5969 12678
5970 12677
5971 12676
5972 12675
5973 12674
5974 12633
5975 12632
5976 12631
5977 12630
5978 12629
5979 12628
5980 12627
5981 12626
5982 12625
5983 12624
5984 12623
5985 12622
5986 12621
5987 13516
5988 13515
5989 13514
5990 13513
5991 13512
5992 13511
5993 13510
5994 13509
5995 13508
5996 13507
5997 13506
5998 13505
5999 13504
6000 13503
6001 13502
6002 13501
6003 10294
6004 10293
6005 10292
6006 10291
6007 10290
6008 10289
6009 10288
6010 10287
6011 10286
6012 10285
6013 10284
6014 10283
6015 10282
6016 10281
6017 10280
6018 10279
6019 13245
6020 13244
6021 13243
6022 13242
6023 13241
6024 13240
6025 13239
6026 13238
6027 13237
6028 13236
6029 13235
6030 13234
6031 13233
6032 13232
6033 13231
6034 13230
6035 13229
6036 13228
6037 13227
6038 13226
6039 13225
6040 13224
6041 13223
6042 13222
6043 13221
6044 13220
6045 13219
6046 13218
6047 13217
6048 13216
6049 13215
6050 13214
6051 13213
6052 13212
6053 14216
6054 14215
6055 14214
6056 14213
6057 14212
6058 14211
6059 14210
6060 14209
6061 14208
6062 14207
6063 14206
6064 14205
6065 14204
6066 11730
6067 11729
6068 11728
6069 11727
6070 11726
6071 11725
6072 11724
6073 11723
6074 11722
6075 11721
6076 11720
6077 11719
6078 11718
6079 11717
6080 11716
6081 11715
6082 11714
6083 11713
6084 11712
6085 11711
6086 11710
6087 11709
6088 11708
6089 11707
6090 11706
6091 11705
6092 11704
6093 11703
6094 11702
6095 11701
6096 11700
6097 11699
6098 11698
6099 11697
6100 13189
6101 13188
6102 13187
6103 13186
6104 13185
6105 13184
6106 13183
6107 13182
6108 13181
6109 13180
6110 13179
6111 13178
6112 13177
6113 13176
6114 13175
6115 13174
6116 13378
6117 13377
6118 13376
6119 13375
6120 13374
6121 13373
6122 13372
6123 13371
6124 13370
6125 13369
6126 13368
6127 11950
6128 11949
6129 11948
6130 11947
6131 11946
6132 11945
6133 11944
6134 11943
6135 11942
6136 11941
6137 12384
6138 12383
6139 12382
6140 12381
6141 12380
6142 12379
6143 12378
6144 12377
6145 12376
6146 12375
6147 12374
6148 12373
6149 12372
6150 12363
6151 12362
6152 12361
6153 12360
6154 12359
6155 12358
6156 12357
6157 12356
6158 12355
6159 12354
6160 12353
6161 12352
6162 12351
6163 13141
6164 13140
6165 13139
6166 13138
6167 13137
6168 13136
6169 13085
6170 13084
6171 13083
6172 13082
6173 13081
6174 13080
6175 13079
6176 13028
6177 13027
6178 13026
6179 13025
6180 13024
6181 13023
6182 13022
6183 13021
6184 13020
6185 13019
6186 13018
6187 13017
6188 13016
6189 13015
6190 13014
6191 13013
6192 11887
6193 11886
6194 11885
6195 11884
6196 11883
6197 11882
6198 11881
6199 11880
6200 11879
6201 11878
6202 11877
6203 11876
6204 11875
6205 11874
6206 11873
6207 11872
6208 11871
6209 11870
6210 11869
6211 11868
6212 11867
6213 11866
6214 11865
6215 11864
6216 11863
6217 11862
6218 11861
6219 11860
6220 11859
6221 13279
6222 13278
6223 13277
6224 13276
6225 13275
6226 13274
6227 13273
6228 13272
6229 13271
6230 13270
6231 13269
6232 13268
6233 13267
6234 12980
6235 12979
6236 12978
6237 12977
6238 12976
6239 12975
6240 12974
6241 12973
6242 12951
6243 12950
6244 12949
6245 12948
6246 12947
6249 10682
6250 10681
6251 10680
6252 10679
6253 10678
6254 12972
6255 12971
6256 12970
6257 12969
6258 12968
6259 12967
6260 12966
6261 12965
6262 13290
6263 13289
6264 13288
6265 13287
6266 13286
6267 13285
6268 13284
6269 13283
6270 13282
6271 13281
6272 13280
6273 11858
6274 11857
6275 11856
6276 11855
6277 11854
6278 11106
6279 11105
6280 11104
6281 11103
6282 11102
6283 11101
6284 11100
6285 11099
6286 11098
6287 11097
6288 11096
6289 11095
6290 11094
6291 11093
6292 11092
6293 11091
6294 11090
6295 11089
6296 11088
6297 11087
6298 11086
6299 12257
6300 12256
6301 12255
6302 12254
6303 12253
6304 13098
6305 13097
6306 13096
6307 13095
6308 13094
6309 13093
6310 13092
6311 13091
6312 13090
6313 13089
6314 13088
6315 13087
6316 13086
6317 13135
6318 13134
6319 13133
6320 13132
6321 13131
6322 13130
6323 13129
6324 13128
6325 13319
6326 13318
6327 13317
6328 13316
6329 13315
6330 13314
6331 13313
6332 13312
6333 13311
6334 13310
6335 13309
6336 13308
6337 13307
6338 13306
6339 13305
6340 13304
6341 13303
6342 13302
6343 13301
6344 13300
6345 13299
6346 13392
6347 13391
6348 13390
6349 13389
6350 13388
6351 13387
6352 13386
6353 13385
6354 13384
6355 13383
6356 13382
6357 13381
6358 13380
6359 13379
6360 13173
6361 13172
6362 13171
6363 13170
6364 13169
6365 13168
6366 13167
6367 13166
6368 13165
6369 13164
6370 13163
6371 13162
6372 13161
6373 13160
6374 13159
6375 13158
6376 13157
6377 13156
6378 13155
6379 13154
6380 13153
6381 13152
6382 13151
6383 13440
6384 13439
6385 13438
6386 13437
6387 13436
6388 13435
6389 13434
6390 13433
6391 13432
6392 13431
6393 13430
6394 13429
6395 13428
6396 13427
6397 13426
6398 13425
6399 14229
6400 14228
6401 14227
6402 14226
6403 14225
6404 14224
6405 14223
6406 14222
6407 14221
6408 14220
6409 14219
6410 14218
6411 14217
6412 13211
6413 13210
6414 13209
6415 13208
6416 13207
6417 13206
6418 13205
6419 13204
6420 13203
6421 13202
6422 13201
6423 13200
6424 13199
6425 13500
6426 13499
6427 13498
6428 13497
6429 13496
6430 14294
6431 14293
6432 14292
6433 14291
6434 14290
6435 14289
6436 14288
6437 14287
6438 14286
6439 14285
6440 14284
6441 14283
6442 14282
6443 14281
6444 14280
6445 14279
6446 14278
6447 14277
6448 14276
6449 14275
6450 14274
6451 14273
6452 14272
6453 14271
6454 14270
6455 10928
6456 10927
6457 13551
6458 13550
6459 13549
6460 13548
6461 13547
6462 13546
6463 13545
6464 13544
6465 13543
6466 13542
6467 13541
6468 13540
6469 13539
6470 13538
6471 13537
6472 11346
6473 11345
6474 11344
6475 11343
6476 11342
6477 11341
6478 11340
6479 11339
6480 11338
6481 11337
6482 11336
6483 11335
6484 11334
6485 11333
6486 11374
6487 11373
6488 11372
6489 11371
6490 11370
6491 11369
6492 11368
6493 14366
6494 14365
6495 14364
6496 14363
6497 14362
6498 14361
6499 14360
6500 14359
6501 14358
6502 14357
6503 14356
6504 14355
6505 14354
6506 14353
6507 10982
6508 10981
6509 10980
6510 10979
6511 10978
6512 10977
6513 10976
6514 13995
6515 13994
6516 13601
6517 13600
6518 13599
6519 13598
6520 13597
6521 13596
6522 13595
6523 13594
6524 13593
6525 13592
6526 13591
6527 13590
6528 13589
6529 13588
6530 13587
6531 13586
6532 13585
6533 13584
6534 13583
6535 13582
6536 13581
6537 13580
6538 13579
6539 13578
6540 13577
6541 13576
6542 13575
6543 13574
6544 13573
6545 13572
6546 13571
6547 13570
6548 13569
6549 13568
6550 13567
6551 13566
6552 13565
6553 13564
6554 13563
6555 13562
6556 14470
6557 14469
6558 14468
6559 14467
6560 14466
6561 14465
6562 14464
6563 14463
6564 14462
6565 14461
6566 14460
6567 14459
6568 14458
6569 13661
6570 13660
6571 13659
6572 13658
6573 13657
6574 13656
6575 13655
6576 13654
6577 13608
6578 13607
6579 13606
6580 13605
6581 13604
6582 13603
6583 13602
6588 13615
6589 13614
6590 13613
6591 13612
6592 13611
6593 13610
6594 13609
6595 13653
6596 13652
6597 13651
6598 13650
6599 13649
6600 13648
6601 13647
6602 13646
6603 13645
6604 13644
6605 13643
6606 13642
6607 14479
6608 14478
6609 14477
6610 14476
6611 14475
6612 14474
6613 14473
6614 14472
6615 14471
6616 13561
6617 13560
6618 13559
6619 13558
6620 13557
6621 13556
6622 13555
6623 13554
6624 13553
6625 13552
6626 14027
6627 14026
6628 14025
6629 14024
6630 14023
6631 14022
6632 14021
6633 14020
6634 14019
6635 14018
6636 14017
6637 14016
6638 14015
6639 14014
6640 14013
6641 14012
6642 14011
6643 14010
6644 14009
6645 14008
6646 14007
6647 14006
6648 14005
6649 14004
6650 14003
6651 14002
6652 14001
6653 14000
6654 13999
6655 13998
6656 13997
6657 13996
6658 14444
6659 14443
6660 14442
6661 14441
6662 14440
6663 14439
6664 14438
6665 14437
6666 14436
6667 14435
6668 14434
6669 14376
6670 14375
6671 14374
6672 14373
6673 14372
6674 14371
6675 14370
6676 14369
6677 14368
6678 14367
6679 11367
6680 11366
6681 11365
6682 11364
6683 11363
6684 11362
6685 11361
6686 11360
6687 11359
6688 11358
6689 11357
6690 11356
6691 11355
6692 11354
6693 11353
6694 11352
6695 11351
6696 11350
6697 11349
6698 11348
6699 11347
6700 13536
6701 13535
6702 13534
6703 13533
6704 13532
6705 13531
6706 13530
6707 13529
6708 13528
6709 13527
6710 13526
6711 13525
6712 14330
6713 14329
6714 14328
6715 14327
6716 14326
6717 14325
6718 14324
6719 14323
6720 14322
6721 14315
6722 14314
6723 14313
6724 14312
6725 14311
6726 14310
6727 14309
6728 14308
6729 14307
6730 14306
6731 14305
6732 14304
6733 14303
6734 14302
6735 14301
6736 14300
6737 14299
6738 14298
6739 14297
6740 14296
6741 14295
6742 13495
6743 13494
6744 13493
6745 13492
6746 13491
6747 13490
6748 13489
6749 13488
6750 13487
6751 13486
6752 13485
6753 13484
6754 13483
6755 14258
6756 14257
6757 14256
6758 14255
6759 14254
6760 14253
6761 14252
6762 14251
6763 14250
6764 14238
6765 14237
6766 14236
6767 14235
6768 14234
6769 14233
6770 14232
6771 14231
6772 14230
6773 13424
6774 13423
6775 13422
6776 13421
6777 13420
6778 13419
6779 13418
6780 13417
6781 13416
6782 13415
6783 13414
6784 13413
6785 13412
6786 14189
6787 14188
6788 14187
6789 14186
6790 14185
6791 14184
6792 14183
6793 14182
6794 14181
6795 14180
6796 14179
6797 14178
6798 14177
6799 14176
6800 14175
6801 14174
6802 14173
6803 14172
6804 14171
6805 14170
6806 14169
6807 14121
6808 14120
6809 14119
6810 14118
6811 14117
6812 14116
6813 14115
6814 14114
6815 14113
6816 13779
6817 13778
6818 13777
6819 13776
6820 13775
6821 13774
6822 13773
6823 13395
6824 13394
6825 13393
6826 13340
6827 13339
6828 13338
6829 13337
6830 13336
6831 13335
6832 13334
6833 13333
6834 13332
6835 13331
6836 13330
6837 13329
6838 13328
6839 13327
6840 13326
6841 13325
6842 13324
6843 13323
6844 13322
6845 13321
6846 13320
6847 13127
6848 13126
6849 13125
6850 13124
6851 13123
6852 13122
6853 13121
6854 13120
6855 13119
6856 13118
6857 13117
6858 13116
6859 13115
6860 13114
6861 13113
6862 13112
6863 13111
6864 13110
6865 13109
6866 13108
6867 13107
6868 13106
6869 13105
6870 13104
6871 13103
6872 13102
6873 13101
6874 13100
6875 13099
6876 14112
6877 14111
6878 14110
6879 14109
6880 14108
6881 14107
6882 14106
6883 14105
6884 14104
6885 14103
6886 14102
6887 14101
6888 14100
6889 14099
6890 14098
6891 14062
6892 14061
6893 14060
6894 14059
6895 14058
6896 14057
6897 14056
6898 14055
6899 14054
6900 14053
6901 14052
6902 13298
6903 13297
6904 13296
6905 13295
6906 13294
6907 13293
6908 13292
6909 13291
6910 12964
6911 12963
6912 12962
6913 12961
6914 12960
6915 12959
6916 12958
6917 12957
6918 12956
6919 12955
6920 12954
6921 12953
6922 12952
6925 13672
6926 13671
6927 13670
6928 13669
6929 13668
6930 13667
6931 13666
6932 13665
6933 13664
6934 13663
6935 13662
6936 13697
6937 13696
6938 13695
6939 13694
6940 14083
6941 14082
6942 14081
6943 14080
6944 14079
6945 14078
6946 14077
6947 14076
6948 14075
6949 14074
6950 14073
6951 14072
6952 14071
6953 14070
6954 14069
6955 14068
6956 14067
6957 14066
6958 14065
6959 14064
6960 14063
6961 14097
6962 14096
6963 14095
6964 14094
6965 14093
6966 14092
6967 14091
6968 14090
6969 14089
6970 14088
6971 14087
6972 14086
6973 14085
6974 14084
6975 13750
6976 13749
6977 13748
6978 13747
6979 13746
6980 13745
6981 13744
6982 13743
6983 13742
6984 13741
6985 13740
6986 13038
6987 13037
6988 13036
6989 13035
6990 13034
6991 13033
6992 13032
6993 13031
6994 13030
6995 13029
6996 13078
6997 13077
6998 13076
6999 13075
7000 13074
7001 13073
7002 13072
7003 13071
7004 13772
7005 13771
7006 13770
7007 13769
7008 13768
7009 13767
7010 13766
7011 13765
7012 13764
7013 13763
7014 12330
7015 12329
7016 12328
7017 12327
7018 12326
7019 12325
7020 12324
7021 12323
7022 12322
7023 12321
7024 12320
7025 12319
7026 12318
7027 12317
7028 12316
7029 12315
7030 12314
7031 12313
7032 12312
7033 13797
7034 13796
7035 13795
7036 13794
7037 13793
7038 13792
7039 13791
7040 13790
7041 13789
7042 13788
7043 13787
7044 13786
7045 13785
7046 13784
7047 13783
7048 13782
7049 13781
7050 13780
7051 14132
7052 14131
7053 14130
7054 14129
7055 14128
7056 14127
7057 14126
7058 14125
7059 14124
7060 14123
7061 14122
7062 14168
7063 14167
7064 14166
7065 14165
7066 14164
7067 14163
7068 14162
7069 14161
7070 14160
7071 14159
7072 14158
7073 14157
7074 14156
7075 14155
7076 14154
7077 12480
7078 12479
7079 12478
7080 12477
7081 12476
7082 12475
7083 12474
7084 12473
7085 12472
7086 12471
7087 13411
7088 13410
7089 13409
7090 13408
7091 13407
7092 13406
7093 13405
7094 13404
7095 13403
7096 13402
7097 13401
7098 13400
7099 13399
7100 13398
7101 13397
7102 13396
7103 14249
7104 14248
7105 14247
7106 14246
7107 14245
7108 14244
7109 14243
7110 14242
7111 14241
7112 14240
7113 14239
7114 14269
7115 14268
7116 14267
7117 14266
7118 14265
7119 14264
7120 14263
7121 14262
7122 14261
7123 14260
7124 14259
7125 13482
7126 13481
7127 13480
7128 13479
7129 13478
7130 13477
7131 13476
7132 13475
7133 13474
7134 13473
7135 13472
7136 13471
7137 13470
7138 13469
7139 13468
7140 13821
7141 13820
7142 13819
7143 13818
7144 13817
7145 13816
7146 13815
7147 13814
7148 13813
7149 13812
7150 13811
7151 13810
7152 13809
7153 10278
7154 10277
7155 10276
7156 10275
7157 10274
7158 10273
7159 10272
7160 10271
7161 14321
7162 14320
7163 14319
7164 14318
7165 14317
7166 14316
7167 14340
7168 14339
7169 14338
7170 14337
7171 14336
7172 14335
7173 14334
7174 14333
7175 14332
7176 14331
7177 13524
7178 13523
7179 13522
7180 13521
7181 13520
7182 13519
7183 13518
7184 13517
7185 12620
7186 12619
7187 12618
7188 12617
7189 12616
7190 12615
7191 12614
7192 12613
7193 12612
7194 12611
7195 12610
7196 12609
7197 13880
7198 13879
7199 13878
7200 13877
7201 13876
7202 13875
7203 13874
7204 13900
7205 13899
7206 13898
7207 13897
7208 13896
7209 13895
7210 13894
7211 13893
7212 13892
7213 13891
7214 13890
7215 13889
7216 14390
7217 14389
7218 14388
7219 14387
7220 14386
7221 14385
7222 14384
7223 14383
7224 14382
7225 14381
7226 14380
7227 14379
7228 14378
7229 14377
7230 14433
7231 14432
7232 14431
7233 14430
7234 14429
7235 14428
7236 14427
7237 14426
7238 14425
7239 14424
7240 14423
7241 14422
7242 14421
7243 14420
7244 14419
7245 14418
7246 14417
7247 13963
7248 13962
7249 13961
7250 13960
7251 13959
7252 13958
7253 13957
7254 13956
7255 13955
7256 13954
7257 13953
7258 13952
7259 13951
7260 13950
7261 13949
7262 13948
7263 13947
7264 13946
7265 13945
7266 13993
7267 13992
7268 13991
7269 13990
7270 13989
7271 13988
7272 13987
7273 13986
7274 13985
7275 13984
7276 14033
7277 14032
7278 14031
7279 14030
7280 14029
7281 14028
7282 14500
7283 14499
7284 14498
7285 14497
7286 14496
7287 14495
7288 14494
7289 14493
7290 14492
7291 14491
7292 14490
7293 14489
7294 14488
7295 14487
7296 14486
7297 14485
7298 14484
7299 14483
7300 14482
7301 14481
7302 14480
7303 13641
7304 13640
7305 13639
7306 13638
7307 13637
7308 13636
7309 13635
7310 13634
7311 13633
7312 13632
7313 13631
7314 13630
7315 13629
7316 13628
7317 13627
7318 13626
7319 13625
7320 13624
7321 13623
7322 13622
7323 13621
