0 12748
1 12747
2 12746
3 12745
4 12744
5 12743
6 12742
7 12741
8 12740
9 12739
10 12738
11 12737
12 12736
13 12735
14 12734
15 12733
16 12732
17 12731
18 12004
19 12003
20 12002
21 12001
22 12000
23 11999
24 11998
25 11997
26 11523
27 11522
28 11521
29 11520
30 11519
31 11518
32 11517
33 11516
34 11649
35 11648
36 11647
37 11646
38 11645
39 11644
40 11643
41 11642
42 11641
43 11640
44 11639
45 11638
46 11637
47 11636
48 11635
49 11634
50 11633
51 11632
52 11631
53 11630
54 11629
55 11628
56 11627
57 11626
58 11684
59 11683
60 11682
61 11681
62 11680
63 11679
64 11678
65 11677
66 11088
67 11087
68 11086
69 11085
70 11084
71 11083
72 11082
73 11081
74 11080
75 11079
76 11078
77 11077
78 11076
79 11075
80 11074
81 11073
82 10952
83 10951
84 10950
85 10949
86 10948
87 10947
88 10946
89 10945
90 10944
91 10943
92 10942
93 10941
94 10940
95 10939
96 10938
97 10937
98 10936
99 10935
100 10934
101 10933
102 10932
103 10931
104 10930
105 10929
106 10928
107 10927
108 10926
109 10925
110 10924
111 10923
112 10922
113 10305
114 10304
115 10303
116 10302
117 10301
118 10300
119 10299
120 10298
121 9765
122 9764
123 9763
124 9762
125 9761
126 9760
127 9759
128 9758
129 9513
130 9512
131 9511
132 9510
133 9509
134 9508
135 9507
136 9506
137 9505
138 9504
139 9503
140 9502
141 9501
142 9500
143 9499
144 9498
145 9497
146 9496
147 9495
148 9494
149 9493
150 9492
151 9491
152 9490
153 9548
154 9547
155 9546
156 9545
157 9544
158 9543
159 9542
160 9541
161 9387
162 9386
163 9385
164 9384
165 9383
166 9382
167 9381
168 9380
169 9379
170 9378
171 9377
172 9376
173 9375
174 9374
175 9373
176 9372
177 9317
178 9316
179 9315
180 9314
181 9313
182 9312
183 9311
184 9310
185 9309
186 9308
187 9307
188 9306
189 9305
190 9304
191 9303
192 9302
193 9301
194 9300
195 9299
196 9298
197 9297
198 9296
199 9295
200 9294
201 9293
202 9292
203 9291
204 9290
205 9289
206 9288
207 9287
208 8606
209 8605
210 8604
211 8603
212 8602
213 8601
214 8600
215 8599
216 8368
217 8367
218 8366
219 8365
220 8364
221 8363
222 8362
223 8361
224 8360
225 8359
226 8358
227 8357
228 8356
229 8355
230 8354
231 8353
232 8003
233 8002
234 8001
235 8000
236 7999
237 7998
238 7997
239 7996
240 8121
241 8120
242 8119
243 8118
244 8117
245 8116
246 8115
247 8114
248 7771
249 7770
250 7769
251 7768
252 7767
253 7766
254 7765
255 7764
256 7134
257 7133
258 7132
259 7131
260 7130
261 7129
262 7128
263 7127
264 7126
265 7125
266 7124
267 7123
268 7122
269 7121
270 7120
271 7119
272 6937
273 6936
274 6935
275 6934
276 6933
277 6932
278 6931
279 7093
280 7092
281 7091
282 7090
283 7089
284 7088
285 7087
286 7086
287 7085
288 6908
289 6907
290 6906
291 6905
292 6904
293 6903
294 6902
295 6901
296 6900
297 6899
298 6898
299 6897
300 6896
301 6895
302 6894
303 6893
304 6892
305 6891
306 6890
307 6889
308 6888
309 6887
310 6886
311 6885
312 6783
313 6782
314 6781
315 6780
316 6779
317 6778
318 6777
319 6776
320 7615
321 7614
322 7613
323 7612
324 7611
325 7610
326 7609
327 7608
330 7618
331 7617
332 7616
333 6775
334 6774
335 6773
336 6772
337 6771
338 6770
339 6769
340 6768
341 6767
342 6766
343 6765
344 6764
345 6763
346 6762
347 6761
348 6760
349 6759
350 6758
351 6757
352 6756
353 6755
354 6754
355 6753
356 6752
357 6915
358 6914
359 6913
360 6912
361 6911
362 6910
363 6909
364 7084
365 7083
366 7082
367 7081
368 7080
369 7079
370 7078
371 7077
372 7076
373 7075
374 7074
375 7073
376 7072
377 7071
378 7070
379 7069
380 7068
381 7067
382 7066
383 7065
384 7141
385 7140
386 7139
387 7138
388 7137
389 7136
390 7135
391 7763
392 7762
393 7761
394 7760
395 7759
396 7758
397 7757
398 7756
399 7755
400 7754
401 7753
402 7752
403 7751
404 7750
405 7749
406 7748
407 7747
408 7746
409 7745
410 7744
411 7743
412 7742
413 7985
414 7984
415 7983
416 7982
417 7981
418 7980
419 7979
420 7978
421 7977
422 7976
423 7975
424 7974
425 7973
426 7972
427 7971
428 7970
429 7969
430 7968
431 7967
432 7966
433 7965
434 7964
435 7963
436 7962
437 7961
438 7960
439 7959
440 7958
441 7957
442 8644
443 8643
444 8642
445 8641
446 8640
447 8639
448 8638
449 8637
450 8636
451 8635
452 8634
453 8633
454 8632
455 9009
456 9008
457 9007
458 9006
459 9005
460 9004
461 9003
462 9002
463 9001
464 9000
465 8999
466 8998
467 8997
468 8996
469 8995
470 9016
471 9015
472 9014
473 9013
474 9012
475 9011
476 9010
477 9540
478 9539
479 9538
480 9537
481 9536
482 9535
483 9534
484 9533
485 9532
486 9531
487 9530
488 9529
489 9528
490 9527
491 9526
492 9525
493 9524
494 9523
495 9522
496 9521
497 9520
498 9519
499 9518
500 9517
501 9516
502 9515
503 9514
504 9757
505 9756
506 9755
507 9754
508 9753
509 9752
510 9751
511 9750
512 9749
513 9748
514 9747
515 9746
516 9745
517 9744
518 9743
519 9742
520 9741
521 9740
522 9739
523 9738
524 9737
525 9736
526 9735
527 9734
528 10343
529 10342
530 10341
531 10340
532 10339
533 10338
534 10337
535 10336
536 10335
537 10334
538 10333
539 10661
540 10660
541 10659
542 10658
543 10657
544 10656
545 10655
546 10654
547 10653
548 10652
549 10651
550 10650
551 10649
552 10648
553 10647
554 10646
555 10645
556 10668
557 10667
558 10666
559 10665
560 10664
561 10663
562 10662
563 11676
564 11675
565 11674
566 11673
567 11672
568 11671
569 11670
570 11669
571 11668
572 11667
573 11666
574 11665
575 11664
576 11663
577 11662
578 11661
579 11660
580 11659
581 11658
582 11657
583 11656
584 11655
585 11654
586 11653
587 11652
588 11651
589 11650
590 11515
591 11514
592 11513
593 11512
594 11511
595 11510
596 11509
597 11508
598 11507
599 11506
600 11505
601 11504
602 11503
603 11502
604 11501
605 11500
606 11499
607 11498
608 11497
609 11496
610 11495
611 11494
612 11493
613 11492
614 12937
615 12936
616 12935
617 12934
618 12933
619 12932
620 12931
621 12930
622 12929
623 12928
624 12927
625 12926
626 12925
627 12924
628 12923
629 12922
630 12921
631 12920
632 12919
633 12918
634 12917
635 12916
636 12915
637 12914
638 12913
639 12912
640 12911
641 12910
642 12477
643 12476
644 12475
645 12474
646 12473
647 12472
648 12471
649 12041
650 12040
651 12039
652 12038
653 12037
654 12036
655 12035
656 12034
659 12493
660 12492
661 12491
662 12490
663 12489
664 12488
665 12487
666 12486
667 12485
668 12484
669 12483
670 12482
671 12481
672 12480
673 12479
674 12478
675 12909
676 12908
677 12907
678 12906
679 12905
680 12904
681 12903
682 12902
683 12956
684 12955
685 12954
686 12953
687 12952
688 12951
689 12950
690 12949
691 12948
692 12947
693 12946
694 12945
695 12944
696 12943
697 12942
698 12941
699 12940
700 12939
701 12938
702 11491
703 11490
704 11489
705 11488
706 11487
707 11486
708 11485
709 11484
710 11988
711 11987
712 11986
713 11985
714 11984
715 11983
716 11982
717 11981
718 11269
719 11268
720 11267
721 11266
722 11265
723 11264
724 11263
725 11262
726 11261
727 11260
728 11259
729 11258
730 11257
731 11256
732 11255
733 11254
734 11253
735 11252
736 11251
737 11250
738 11249
739 11248
740 11247
741 11246
742 11245
743 11244
744 11243
745 11242
746 10684
747 10683
748 10682
749 10681
750 10680
751 10679
752 10678
753 10677
754 10676
755 10675
756 10674
757 10673
758 10672
759 10671
760 10670
761 10669
762 10644
763 10643
764 10642
765 10641
766 10640
767 10639
768 10638
769 10637
770 10362
771 10361
772 10360
773 10359
774 10358
775 10357
776 10356
777 10355
778 10354
779 10353
780 10352
781 10351
782 10350
783 10349
784 10348
785 10347
786 10346
787 10345
788 10344
789 9733
790 9732
791 9731
792 9730
793 9729
794 9728
795 9727
796 9726
797 10289
798 10288
799 10287
800 10286
801 10285
802 10284
803 10283
804 10282
805 10037
806 10036
807 10035
808 10034
809 10033
810 10032
811 10031
812 10030
813 10029
814 10028
815 10027
816 10026
817 10025
818 10024
819 10023
820 10022
821 10021
822 10020
823 10019
824 10018
825 10017
826 10016
827 10015
828 10014
829 10013
830 10012
831 10011
832 10010
833 9032
834 9031
835 9030
836 9029
837 9028
838 9027
839 9026
840 9025
841 9024
842 9023
843 9022
844 9021
845 9020
846 9019
847 9018
848 9017
849 8994
850 8993
851 8992
852 8991
853 8990
854 8989
855 8988
856 8987
857 8663
858 8662
859 8661
860 8660
861 8659
862 8658
863 8657
864 8656
865 8655
866 8654
867 8653
868 8652
869 8651
870 8650
871 8649
872 8648
873 8647
874 8646
875 8645
876 7956
877 7955
878 7954
879 7953
880 7952
881 7951
882 7950
883 7949
884 8590
885 8589
886 8588
887 8587
888 8586
889 8585
890 8584
891 8583
892 8017
893 8016
894 8015
895 8014
896 8013
897 8012
898 8011
899 8010
900 8009
901 8008
902 8007
903 8006
904 8005
905 8004
906 8352
907 8351
908 8350
909 8349
910 8348
911 8347
912 8346
913 8345
914 8344
915 8343
916 8342
917 8341
918 8340
919 8339
920 7157
921 7156
922 7155
923 7154
924 7153
925 7152
926 7151
927 7150
928 7149
929 7148
930 7147
931 7146
932 7145
933 7144
934 7143
935 7142
936 7064
937 7063
938 7062
939 7061
940 7060
941 7059
942 7058
943 7057
944 7056
945 7055
946 7054
947 7053
948 7052
949 6930
950 6929
951 6928
952 6927
953 6926
954 6925
955 6924
956 6923
957 6922
958 6921
959 6920
960 6919
961 6918
962 6917
963 6916
964 6751
965 6750
966 6749
967 6748
968 6747
969 6746
970 6745
971 6744
972 6876
973 6875
974 6874
975 6873
976 6872
977 6871
978 6870
979 6869
980 6671
981 6670
982 6669
983 6668
984 6667
985 6666
986 6665
987 6664
988 6663
989 6662
992 6794
993 6793
994 6792
995 6791
996 6790
997 6789
998 6788
999 6787
1000 6786
1001 6785
1002 6784
1003 6884
1004 6883
1005 6882
1006 6881
1007 6880
1008 6879
1009 6878
1010 6877
1011 6743
1012 6742
1013 6741
1014 6740
1015 6739
1016 6738
1017 6737
1018 6736
1019 6979
1020 6978
1021 6977
1022 6976
1023 6975
1024 6974
1025 6973
1026 7627
1027 7626
1028 7625
1029 7624
1030 7623
1031 7622
1032 7621
1033 7620
1034 7619
1035 7686
1036 7685
1037 7684
1038 7683
1039 7682
1040 7681
1041 7680
1042 7679
1043 7678
1044 7677
1045 7676
1046 7675
1047 7674
1048 7673
1049 7672
1050 8159
1051 8158
1052 8157
1053 8156
1054 8155
1055 8154
1056 8153
1057 7779
1058 7778
1059 7777
1060 7776
1061 7775
1062 7774
1063 7773
1064 7772
1065 8113
1066 8112
1067 8111
1068 8110
1069 8109
1070 8108
1071 8107
1072 8106
1073 8105
1074 8104
1075 8103
1076 8102
1077 8101
1078 8100
1079 8099
1080 8098
1081 8097
1082 8096
1083 8095
1084 8094
1085 8093
1086 8092
1087 8091
1088 8376
1089 8375
1090 8374
1091 8373
1092 8372
1093 8371
1094 8370
1095 8369
1096 8598
1097 8597
1098 8596
1099 8595
1100 8594
1101 8593
1102 8592
1103 8591
1104 7948
1105 7947
1106 7946
1107 7945
1108 7944
1109 7943
1110 7942
1111 7941
1112 8704
1113 8703
1114 8702
1115 8701
1116 8700
1117 8699
1118 8698
1119 8697
1120 9335
1121 9334
1122 9333
1123 9332
1124 9331
1125 9330
1126 9329
1127 8672
1128 8671
1129 8670
1130 8669
1131 8668
1132 8667
1133 8666
1134 8665
1135 8664
1136 8986
1137 8985
1138 8984
1139 8983
1140 8982
1141 8981
1142 8980
1143 8979
1144 9811
1145 9810
1146 9809
1147 9808
1148 9807
1149 9806
1150 9805
1151 9556
1152 9555
1153 9554
1154 9553
1155 9552
1156 9551
1157 9550
1158 9549
1159 9489
1160 9488
1161 9487
1162 9486
1163 9485
1164 9484
1165 9483
1166 9482
1167 9481
1168 9480
1169 9479
1170 9478
1171 9477
1172 9476
1173 9475
1174 9474
1175 9473
1176 9472
1177 9471
1178 9470
1179 9469
1180 9468
1181 9467
1182 9395
1183 9394
1184 9393
1185 9392
1186 9391
1187 9390
1188 9389
1189 9388
1190 10297
1191 10296
1192 10295
1193 10294
1194 10293
1195 10292
1196 10291
1197 10290
1198 9725
1199 9724
1200 9723
1201 9722
1202 9721
1203 9720
1204 9719
1205 9718
1206 10978
1207 10977
1208 10976
1209 10975
1210 10974
1211 10973
1212 10972
1213 10971
1214 10970
1215 10969
1216 10968
1217 10967
1218 10966
1219 10373
1220 10372
1221 10371
1222 10370
1223 10369
1224 10368
1225 10367
1226 10366
1227 10365
1228 10364
1229 10363
1230 10636
1231 10635
1232 10634
1233 10633
1234 10632
1235 10631
1236 10630
1237 10629
1238 11699
1239 11698
1240 11697
1241 11696
1242 11695
1243 11694
1244 11693
1245 11692
1246 11691
1247 11690
1248 11689
1249 11688
1250 11687
1251 11686
1252 11685
1253 11625
1254 11624
1255 11623
1256 11622
1257 11621
1258 11620
1259 11619
1260 11618
1261 11617
1262 11616
1263 11615
1264 11614
1265 11613
1266 11612
1267 11611
1268 11610
1269 11609
1270 11608
1271 11607
1272 11606
1273 11605
1274 11604
1275 11603
1276 11531
1277 11530
1278 11529
1279 11528
1280 11527
1281 11526
1282 11525
1283 11524
1284 11996
1285 11995
1286 11994
1287 11993
1288 11992
1289 11991
1290 11990
1291 11989
1292 11483
1293 11482
1294 11481
1295 11480
1296 11479
1297 11478
1298 11477
1299 11476
1300 12980
1301 12979
1302 12978
1303 12977
1304 12976
1305 12975
1306 12974
1307 12973
1308 12972
1309 12971
1310 12970
1311 12969
1312 12968
1313 12967
1314 12966
1315 12965
1316 12964
1317 12963
1318 12962
1319 12961
1320 12960
1321 12959
1322 12958
1323 12957
1324 12901
1325 12900
1326 12899
1327 12898
1328 12897
1329 12896
1330 12895
1331 12894
1332 12184
1333 12183
1334 12182
1335 12181
1336 12180
1337 12179
1338 12178
1339 12057
1340 12056
1341 12055
1342 12054
1343 12053
1344 12052
1345 12051
1346 12050
1349 12509
1350 12508
1351 12507
1352 12506
1353 12505
1354 12504
1355 12503
1356 12502
1357 12192
1358 12191
1359 12190
1360 12189
1361 12188
1362 12187
1363 12186
1364 12185
1365 12893
1366 12892
1367 12891
1368 12890
1369 12889
1370 12888
1371 12887
1372 12886
1373 13003
1374 13002
1375 13001
1376 13000
1377 12999
1378 12998
1379 12997
1380 12996
1381 12995
1382 12994
1383 12993
1384 12992
1385 12991
1386 12990
1387 12989
1388 12988
1389 12987
1390 12986
1391 12985
1392 12984
1393 12983
1394 12982
1395 12981
1396 11475
1397 11474
1398 11473
1399 11472
1400 11471
1401 11470
1402 11469
1403 11468
1404 12698
1405 12697
1406 12696
1407 12695
1408 12694
1409 12693
1410 12692
1411 12691
1412 11096
1413 11095
1414 11094
1415 11093
1416 11092
1417 11091
1418 11090
1419 11089
1420 11222
1421 11221
1422 11220
1423 11219
1424 11218
1425 11217
1426 11216
1427 11215
1428 11214
1429 11213
1430 11212
1431 11211
1432 11210
1433 11209
1434 11208
1435 11207
1436 11206
1437 11205
1438 11204
1439 11203
1440 11202
1441 11201
1442 11200
1443 11199
1444 10700
1445 10699
1446 10698
1447 10697
1448 10696
1449 10695
1450 10694
1451 10693
1452 11707
1453 11706
1454 11705
1455 11704
1456 11703
1457 11702
1458 11701
1459 11700
1460 10628
1461 10627
1462 10626
1463 10625
1464 10624
1465 10623
1466 10622
1467 10621
1468 11001
1469 11000
1470 10999
1471 10998
1472 10997
1473 10996
1474 10995
1475 10994
1476 10993
1477 10992
1478 10991
1479 10990
1480 10989
1481 10988
1482 10987
1483 10986
1484 10985
1485 10984
1486 10983
1487 10982
1488 10981
1489 10980
1490 10979
1491 9717
1492 9716
1493 9715
1494 9714
1495 9713
1496 9712
1497 9711
1498 9710
1499 10889
1500 10888
1501 10887
1502 10886
1503 10885
1504 10884
1505 10883
1506 10882
1507 10053
1508 10052
1509 10051
1510 10050
1511 10049
1512 10048
1513 10047
1514 10046
1515 9990
1516 9989
1517 9988
1518 9987
1519 9986
1520 9985
1521 9984
1522 9983
1523 9982
1524 9981
1525 10169
1526 10168
1527 10167
1528 10166
1529 10165
1530 10164
1531 10163
1532 10162
1533 10161
1534 10160
1535 10159
1536 10158
1537 10157
1538 10156
1539 9048
1540 9047
1541 9046
1542 9045
1543 9044
1544 9043
1545 9042
1546 9041
1547 9819
1548 9818
1549 9817
1550 9816
1551 9815
1552 9814
1553 9813
1554 9812
1555 8978
1556 8977
1557 8976
1558 8975
1559 8974
1560 8973
1561 8972
1562 8971
1563 8727
1564 8726
1565 8725
1566 8724
1567 8723
1568 8722
1569 8721
1570 8720
1571 8719
1572 8718
1573 8717
1574 8716
1575 8715
1576 8714
1577 8713
1578 8712
1579 8711
1580 8710
1581 8709
1582 8708
1583 8707
1584 8706
1585 8705
1586 7940
1587 7939
1588 7938
1589 7937
1590 7936
1591 7935
1592 7934
1593 7933
1594 9254
1595 9253
1596 9252
1597 9251
1598 9250
1599 9249
1600 9248
1601 9247
1602 8435
1603 8434
1604 8433
1605 8432
1606 8431
1607 8430
1608 8429
1609 8428
1610 8427
1611 8426
1612 8425
1613 8424
1614 8423
1615 8422
1616 8421
1617 8420
1618 8419
1619 8418
1620 8417
1621 8416
1622 8415
1623 8414
1624 8413
1625 8412
1626 8054
1627 8053
1628 8052
1629 8051
1630 8050
1631 8049
1632 8048
1633 8047
1634 7173
1635 7172
1636 7171
1637 7170
1638 7169
1639 7168
1640 7167
1641 7166
1642 8167
1643 8166
1644 8165
1645 8164
1646 8163
1647 8162
1648 8161
1649 8160
1650 7671
1651 7670
1652 7669
1653 7668
1654 7667
1655 7666
1656 7665
1657 7664
1658 7329
1659 7328
1660 7327
1661 7326
1662 7325
1663 7324
1664 7323
1665 7051
1666 7050
1667 7049
1668 7048
1669 7047
1670 7046
1671 7045
1672 7044
1673 7043
1674 6987
1675 6986
1676 6985
1677 6984
1678 6983
1679 6982
1680 6981
1681 6980
1682 6735
1683 6734
1684 6733
1685 6732
1686 6731
1687 6730
1688 6729
1689 6728
1690 7548
1691 7547
1692 7546
1693 7545
1694 7544
1695 7543
1696 7542
1697 7541
1698 6687
1699 6686
1700 6685
1701 6684
1702 6683
1703 6682
1704 6681
1705 6680
1706 6648
1707 6647
1710 6651
1711 6650
1712 6649
1713 6679
1714 6678
1715 6677
1716 6676
1717 6675
1718 6674
1719 6673
1720 6672
1721 6868
1722 6867
1723 6866
1724 6865
1725 6864
1726 6863
1727 6862
1728 6861
1729 6860
1730 6859
1731 6858
1732 6857
1733 6856
1734 6855
1735 6854
1736 6853
1737 6994
1738 6993
1739 6992
1740 6991
1741 6990
1742 6989
1743 6988
1744 7042
1745 7041
1746 7040
1747 7039
1748 7038
1749 7037
1750 7036
1751 7035
1752 7034
1753 7033
1754 7032
1755 7031
1756 7030
1757 7029
1758 7028
1759 7027
1760 7026
1761 7025
1762 7024
1763 7023
1764 8174
1765 8173
1766 8172
1767 8171
1768 8170
1769 8169
1770 8168
1771 7165
1772 7164
1773 7163
1774 7162
1775 7161
1776 7160
1777 7159
1778 7158
1779 8338
1780 8337
1781 8336
1782 8335
1783 8334
1784 8333
1785 8332
1786 8331
1787 8330
1788 8329
1789 8328
1790 8327
1791 8326
1792 8325
1793 8030
1794 8029
1795 8028
1796 8027
1797 8026
1798 8025
1799 8024
1800 8023
1801 8022
1802 8021
1803 8020
1804 8019
1805 8018
1806 8582
1807 8581
1808 8580
1809 8579
1810 8578
1811 8577
1812 8576
1813 8575
1814 8574
1815 8573
1816 8572
1817 8571
1818 8570
1819 8569
1820 8568
1821 8567
1822 8899
1823 8898
1824 8897
1825 8896
1826 8895
1827 8894
1828 8893
1829 8892
1830 8891
1831 8890
1832 8889
1833 8888
1834 8887
1835 8886
1836 8885
1837 8884
1838 8883
1839 8882
1840 8881
1841 8880
1842 8879
1843 8878
1844 8877
1845 8876
1846 8875
1847 8874
1848 8873
1849 8872
1850 9826
1851 9825
1852 9824
1853 9823
1854 9822
1855 9821
1856 9820
1857 9040
1858 9039
1859 9038
1860 9037
1861 9036
1862 9035
1863 9034
1864 9033
1865 10009
1866 10008
1867 10007
1868 10006
1869 10005
1870 10004
1871 10003
1872 10002
1873 10001
1874 10000
1875 9999
1876 9998
1877 9997
1878 9996
1879 9995
1880 9994
1881 9993
1882 9992
1883 9991
1884 10045
1885 10044
1886 10043
1887 10042
1888 10041
1889 10040
1890 10039
1891 10038
1892 10281
1893 10280
1894 10279
1895 10278
1896 10277
1897 10276
1898 10275
1899 10274
1900 10273
1901 10272
1902 10271
1903 10270
1904 10269
1905 10268
1906 10267
1907 10266
1908 10532
1909 10531
1910 10530
1911 10529
1912 10528
1913 10527
1914 10526
1915 10525
1916 10524
1917 10523
1918 10522
1919 10521
1920 10520
1921 10519
1922 10518
1923 10517
1924 10516
1925 10515
1926 10514
1927 10513
1928 10512
1929 10511
1930 10510
1931 10509
1932 10508
1933 10507
1934 10506
1935 10505
1936 11714
1937 11713
1938 11712
1939 11711
1940 11710
1941 11709
1942 11708
1943 10692
1944 10691
1945 10690
1946 10689
1947 10688
1948 10687
1949 10686
1950 10685
1951 11241
1952 11240
1953 11239
1954 11238
1955 11237
1956 11236
1957 11235
1958 11234
1959 11233
1960 11232
1961 11231
1962 11230
1963 11229
1964 11228
1965 11227
1966 11226
1967 11225
1968 11224
1969 11223
1970 11277
1971 11276
1972 11275
1973 11274
1974 11273
1975 11272
1976 11271
1977 11270
1978 11980
1979 11979
1980 11978
1981 11977
1982 11976
1983 11975
1984 11974
1985 11973
1986 11972
1987 11971
1988 11970
1989 11969
1990 11968
1991 11967
1992 11966
1993 11965
1994 12294
1995 12293
1996 12292
1997 12291
1998 12290
1999 12289
2000 12288
2001 12287
2002 12286
2003 12460
2004 12459
2005 12458
2006 12457
2007 12456
2008 12455
2009 12454
2010 12453
2011 12452
2012 12451
2013 12450
2014 12449
2015 12448
2016 12447
2017 12446
2018 12445
2019 12444
2020 12443
2021 12442
2022 12199
2023 12198
2024 12197
2025 12196
2026 12195
2027 12194
2028 12193
2029 12501
2030 12500
2031 12499
2032 12498
2033 12497
2034 12496
2035 12495
2036 12494
2039 12215
2040 12214
2041 12213
2042 12212
2043 12211
2044 12210
2045 12209
2046 12208
2047 12207
2048 12206
2049 12205
2050 12204
2051 12203
2052 12202
2053 12201
2054 12200
2055 12441
2056 12440
2057 12439
2058 12438
2059 12437
2060 12436
2061 12435
2062 12434
2063 12313
2064 12312
2065 12311
2066 12310
2067 12309
2068 12308
2069 12307
2070 12306
2071 12305
2072 12304
2073 12303
2074 12302
2075 12301
2076 12300
2077 12299
2078 12298
2079 12297
2080 12296
2081 12295
2082 11964
2083 11963
2084 11962
2085 11961
2086 11960
2087 11959
2088 11958
2089 11957
2090 12682
2091 12681
2092 12680
2093 12679
2094 12678
2095 12677
2096 12676
2097 12675
2098 11884
2099 11883
2100 11882
2101 11881
2102 11880
2103 11879
2104 11878
2105 11877
2106 11876
2107 11875
2108 11874
2109 11873
2110 11872
2111 11871
2112 11870
2113 11869
2114 11868
2115 11867
2116 11866
2117 11865
2118 11864
2119 11863
2120 11862
2121 11861
2122 11860
2123 11859
2124 11858
2125 11857
2126 11730
2127 11729
2128 11728
2129 11727
2130 11726
2131 11725
2132 11724
2133 11723
2134 11722
2135 11721
2136 11720
2137 11719
2138 11718
2139 11717
2140 11716
2141 11715
2142 10504
2143 10503
2144 10502
2145 10501
2146 10500
2147 10499
2148 10498
2149 10497
2150 10551
2151 10550
2152 10549
2153 10548
2154 10547
2155 10546
2156 10545
2157 10544
2158 10543
2159 10542
2160 10541
2161 10540
2162 10539
2163 10538
2164 10537
2165 10536
2166 10535
2167 10534
2168 10533
2169 10265
2170 10264
2171 10263
2172 10262
2173 10261
2174 10260
2175 10259
2176 10258
2177 10873
2178 10872
2179 10871
2180 10870
2181 10869
2182 10868
2183 10867
2184 10866
2185 10185
2186 10184
2187 10183
2188 10182
2189 10181
2190 10180
2191 10179
2192 10178
2193 10177
2194 10176
2195 10175
2196 10174
2197 10173
2198 10172
2199 10171
2200 10170
2201 9980
2202 9979
2203 9978
2204 9977
2205 9976
2206 9975
2207 9974
2208 9973
2209 9972
2210 9971
2211 9970
2212 9969
2213 9842
2214 9841
2215 9840
2216 9839
2217 9838
2218 9837
2219 9836
2220 9835
2221 9834
2222 9833
2223 9832
2224 9831
2225 9830
2226 9829
2227 9828
2228 9827
2229 8871
2230 8870
2231 8869
2232 8868
2233 8867
2234 8866
2235 8865
2236 8864
2237 8918
2238 8917
2239 8916
2240 8915
2241 8914
2242 8913
2243 8912
2244 8911
2245 8910
2246 8909
2247 8908
2248 8907
2249 8906
2250 8905
2251 8904
2252 8903
2253 8902
2254 8901
2255 8900
2256 8566
2257 8565
2258 8564
2259 8563
2260 8562
2261 8561
2262 8560
2263 8559
2264 9238
2265 9237
2266 9236
2267 9235
2268 9234
2269 9233
2270 9232
2271 9231
2272 7728
2273 7727
2274 7726
2275 7725
2276 7724
2277 7723
2278 7722
2279 7721
2280 7720
2281 7719
2282 7718
2283 7717
2284 7716
2285 7715
2286 7714
2287 7713
2288 7712
2289 7711
2290 7710
2291 7709
2292 7708
2293 7707
2294 7706
2295 7705
2296 7704
2297 7703
2298 7702
2299 7701
2300 8190
2301 8189
2302 8188
2303 8187
2304 8186
2305 8185
2306 8184
2307 8183
2308 8182
2309 8181
2310 8180
2311 8179
2312 8178
2313 8177
2314 8176
2315 8175
2316 7022
2317 7021
2318 7020
2319 7019
2320 7018
2321 7017
2322 7016
2323 7015
2324 7014
2325 7013
2326 7012
2327 7011
2328 7010
2329 7009
2330 7008
2331 7007
2332 7006
2333 7005
2334 7004
2335 7003
2336 7002
2337 7001
2338 7000
2339 6999
2340 6998
2341 6997
2342 6996
2343 6995
2344 6852
2345 6851
2346 6850
2347 6849
2348 6848
2349 6847
2350 6846
2351 6845
2352 7532
2353 7531
2354 7530
2355 7529
2356 7528
2357 7527
2358 7526
2359 7525
2360 6563
2361 6562
2362 6561
2363 6560
2364 6559
2365 6558
2366 6557
2367 6556
2368 6555
2369 6554
2372 6646
2373 6645
2374 6644
2375 6643
2376 6642
2377 6641
2378 6640
2379 6639
2380 6638
2381 6695
2382 6694
2383 6693
2384 6692
2385 6691
2386 6690
2387 6689
2388 6688
2389 7540
2390 7539
2391 7538
2392 7537
2393 7536
2394 7535
2395 7534
2396 7533
2397 6844
2398 6843
2399 6842
2400 6841
2401 6840
2402 6839
2403 6838
2404 6837
2405 7371
2406 7370
2407 7369
2408 7368
2409 7367
2410 7366
2411 7365
2412 7311
2413 7310
2414 7309
2415 7308
2416 7307
2417 7306
2418 7305
2419 7304
2420 7303
2421 7302
2422 7301
2423 7300
2424 7299
2425 7298
2426 7297
2427 7296
2428 7295
2429 7294
2430 7293
2431 7292
2432 7291
2433 7290
2434 7289
2435 7288
2436 7817
2437 7816
2438 7815
2439 7814
2440 7813
2441 7812
2442 7811
2443 7181
2444 7180
2445 7179
2446 7178
2447 7177
2448 7176
2449 7175
2450 7174
2451 8046
2452 8045
2453 8044
2454 8043
2455 8042
2456 8041
2457 8040
2458 8039
2459 8038
2460 8037
2461 8036
2462 8035
2463 8034
2464 8033
2465 8032
2466 8031
2467 8324
2468 8323
2469 8322
2470 8321
2471 8320
2472 8319
2473 8318
2474 8443
2475 8442
2476 8441
2477 8440
2478 8439
2479 8438
2480 8437
2481 8436
2482 9246
2483 9245
2484 9244
2485 9243
2486 9242
2487 9241
2488 9240
2489 9239
2490 8558
2491 8557
2492 8556
2493 8555
2494 8554
2495 8553
2496 8552
2497 8551
2498 8770
2499 8769
2500 8768
2501 8767
2502 8766
2503 8765
2504 8764
2505 8763
2506 8934
2507 8933
2508 8932
2509 8931
2510 8930
2511 8929
2512 8928
2513 8927
2514 8926
2515 8925
2516 8924
2517 8923
2518 8922
2519 8921
2520 8920
2521 8919
2522 8863
2523 8862
2524 8861
2525 8860
2526 8859
2527 8858
2528 8857
2529 8856
2530 9594
2531 9593
2532 9592
2533 9591
2534 9590
2535 9589
2536 9588
2537 9056
2538 9055
2539 9054
2540 9053
2541 9052
2542 9051
2543 9050
2544 9049
2545 10155
2546 10154
2547 10153
2548 10152
2549 10151
2550 10150
2551 10149
2552 10148
2553 10147
2554 10146
2555 10145
2556 10144
2557 10143
2558 10142
2559 10141
2560 10140
2561 10139
2562 10138
2563 10137
2564 10136
2565 10135
2566 10134
2567 10133
2568 10061
2569 10060
2570 10059
2571 10058
2572 10057
2573 10056
2574 10055
2575 10054
2576 10881
2577 10880
2578 10879
2579 10878
2580 10877
2581 10876
2582 10875
2583 10874
2584 10257
2585 10256
2586 10255
2587 10254
2588 10253
2589 10252
2590 10251
2591 10250
2592 10386
2593 10385
2594 10384
2595 10383
2596 10382
2597 10381
2598 10380
2599 10379
2600 10378
2601 10377
2602 10376
2603 10375
2604 10374
2605 10562
2606 10561
2607 10560
2608 10559
2609 10558
2610 10557
2611 10556
2612 10555
2613 10554
2614 10553
2615 10552
2616 10496
2617 10495
2618 10494
2619 10493
2620 10492
2621 10491
2622 10490
2623 10489
2624 11352
2625 11351
2626 11350
2627 11349
2628 11348
2629 11347
2630 11346
2631 10708
2632 10707
2633 10706
2634 10705
2635 10704
2636 10703
2637 10702
2638 10701
2639 11198
2640 11197
2641 11196
2642 11195
2643 11194
2644 11193
2645 11192
2646 11191
2647 11190
2648 11189
2649 11188
2650 11187
2651 11186
2652 11185
2653 11184
2654 11183
2655 11182
2656 11181
2657 11180
2658 11179
2659 11178
2660 11177
2661 11176
2662 11104
2663 11103
2664 11102
2665 11101
2666 11100
2667 11099
2668 11098
2669 11097
2670 12690
2671 12689
2672 12688
2673 12687
2674 12686
2675 12685
2676 12684
2677 12683
2678 11956
2679 11955
2680 11954
2681 11953
2682 11952
2683 11951
2684 11950
2685 11949
2686 12337
2687 12336
2688 12335
2689 12334
2690 12333
2691 12332
2692 12331
2693 12330
2694 12329
2695 12328
2696 12327
2697 12326
2698 12325
2699 12324
2700 12323
2701 12322
2702 12321
2703 12320
2704 12319
2705 12318
2706 12317
2707 12316
2708 12315
2709 12314
2710 12433
2711 12432
2712 12431
2713 12430
2714 12429
2715 12428
2716 12427
2717 12426
2718 12095
2719 12094
2720 12093
2721 12092
2722 12091
2723 12090
2724 12089
2725 12517
2726 12516
2727 12515
2728 12514
2729 12513
2730 12512
2731 12511
2732 12510
2735 12231
2736 12230
2737 12229
2738 12228
2739 12227
2740 12226
2741 12225
2742 12224
2743 12103
2744 12102
2745 12101
2746 12100
2747 12099
2748 12098
2749 12097
2750 12096
2751 12425
2752 12424
2753 12423
2754 12422
2755 12421
2756 12420
2757 12419
2758 12418
2759 12853
2760 12852
2761 12851
2762 12850
2763 12849
2764 12848
2765 12847
2766 12846
2767 12845
2768 12844
2769 12843
2770 12842
2771 12841
2772 12347
2773 12346
2774 12345
2775 12344
2776 12343
2777 12342
2778 12341
2779 12340
2780 12339
2781 12338
2782 11948
2783 11947
2784 11946
2785 11945
2786 11944
2787 11943
2788 11942
2789 11941
2790 11435
2791 11434
2792 11433
2793 11432
2794 11431
2795 11430
2796 11429
2797 11428
2798 11900
2799 11899
2800 11898
2801 11897
2802 11896
2803 11895
2804 11894
2805 11893
2806 11788
2807 11787
2808 11786
2809 11785
2810 11784
2811 11783
2812 11782
2813 11781
2814 11780
2815 11779
2816 11778
2817 11777
2818 11821
2819 11820
2820 11819
2821 11818
2822 11817
2823 11816
2824 11815
2825 11814
2826 11813
2827 11812
2828 11811
2829 11810
2830 11746
2831 11745
2832 11744
2833 11743
2834 11742
2835 11741
2836 11740
2837 11739
2838 11360
2839 11359
2840 11358
2841 11357
2842 11356
2843 11355
2844 11354
2845 11353
2846 10488
2847 10487
2848 10486
2849 10485
2850 10484
2851 10483
2852 10482
2853 10481
2854 10409
2855 10408
2856 10407
2857 10406
2858 10405
2859 10404
2860 10403
2861 10402
2862 10401
2863 10400
2864 10399
2865 10398
2866 10397
2867 10396
2868 10395
2869 10394
2870 10393
2871 10392
2872 10391
2873 10390
2874 10389
2875 10388
2876 10387
2877 10249
2878 10248
2879 10247
2880 10246
2881 10245
2882 10244
2883 10243
2884 10242
2885 9677
2886 9676
2887 9675
2888 9674
2889 9673
2890 9672
2891 9671
2892 9670
2893 10201
2894 10200
2895 10199
2896 10198
2897 10197
2898 10196
2899 10195
2900 10194
2901 9900
2902 9899
2903 9898
2904 9897
2905 9896
2906 9895
2907 9894
2908 9893
2909 9892
2910 9891
2911 9935
2912 9934
2913 9933
2914 9932
2915 9931
2916 9930
2917 9929
2918 9928
2919 9927
2920 9926
2921 9925
2922 9924
2923 9923
2924 9922
2925 9858
2926 9857
2927 9856
2928 9855
2929 9854
2930 9853
2931 9852
2932 9851
2933 9602
2934 9601
2935 9600
2936 9599
2937 9598
2938 9597
2939 9596
2940 9595
2941 8855
2942 8854
2943 8853
2944 8852
2945 8851
2946 8850
2947 8849
2948 8848
2949 8793
2950 8792
2951 8791
2952 8790
2953 8789
2954 8788
2955 8787
2956 8786
2957 8785
2958 8784
2959 8783
2960 8782
2961 8781
2962 8780
2963 8779
2964 8778
2965 8777
2966 8776
2967 8775
2968 8774
2969 8773
2970 8772
2971 8771
2972 8550
2973 8549
2974 8548
2975 8547
2976 8546
2977 8545
2978 8544
2979 8543
2980 7900
2981 7899
2982 7898
2983 7897
2984 7896
2985 7895
2986 7894
2987 7893
2988 8502
2989 8501
2990 8500
2991 8499
2992 8498
2993 8497
2994 8496
2995 8495
2996 8494
2997 8493
2998 8492
2999 8491
3000 8490
3001 8489
3002 8488
3003 8487
3004 8486
3005 8485
3006 8484
3007 8483
3008 8482
3009 8481
3010 8480
3011 8479
3012 8281
3013 8280
3014 8279
3015 8278
3016 8277
3017 8276
3018 8275
3019 8274
3020 8206
3021 8205
3022 8204
3023 8203
3024 8202
3025 8201
3026 8200
3027 8199
3028 7825
3029 7824
3030 7823
3031 7822
3032 7821
3033 7820
3034 7819
3035 7818
3036 7287
3037 7286
3038 7285
3039 7284
3040 7283
3041 7282
3042 7281
3043 7280
3044 7450
3045 7449
3046 7448
3047 7447
3048 7446
3049 7445
3050 7444
3051 7443
3052 7442
3053 7441
3054 7440
3055 7439
3056 7438
3057 7437
3058 7436
3059 7435
3060 7379
3061 7378
3062 7377
3063 7376
3064 7375
3065 7374
3066 7373
3067 7372
3068 6836
3069 6835
3070 6834
3071 6833
3072 6832
3073 6831
3074 6830
3075 6829
3076 6608
3077 6607
3078 6606
3079 6605
3080 6604
3081 6603
3082 6602
3083 6601
3084 6548
3085 6547
3086 6546
3087 6545
3088 6544
3091 6574
3092 6573
3093 6572
3094 6571
3095 6570
3096 6569
3097 6568
3098 6567
3099 6566
3100 6565
3101 6564
3102 7524
3103 7523
3104 7522
3105 7521
3106 7520
3107 7519
3108 7518
3109 7517
3110 7516
3111 7515
3112 7514
3113 7513
3114 7512
3115 7511
3116 7510
3117 7509
3118 7386
3119 7385
3120 7384
3121 7383
3122 7382
3123 7381
3124 7380
3125 7434
3126 7433
3127 7432
3128 7431
3129 7430
3130 7429
3131 7428
3132 7427
3133 7426
3134 7425
3135 7424
3136 7423
3137 7422
3138 7421
3139 7420
3140 7419
3141 7418
3142 7417
3143 7416
3144 7415
3145 7832
3146 7831
3147 7830
3148 7829
3149 7828
3150 7827
3151 7826
3152 8198
3153 8197
3154 8196
3155 8195
3156 8194
3157 8193
3158 8192
3159 8191
3160 7700
3161 7699
3162 7698
3163 7697
3164 7696
3165 7695
3166 7694
3167 7693
3168 7692
3169 7691
3170 7690
3171 7689
3172 7688
3173 7687
3174 7741
3175 7740
3176 7739
3177 7738
3178 7737
3179 7736
3180 7735
3181 7734
3182 7733
3183 7732
3184 7731
3185 7730
3186 7729
3187 9230
3188 9229
3189 9228
3190 9227
3191 9226
3192 9225
3193 9224
3194 9223
3195 9222
3196 9221
3197 9220
3198 9219
3199 9218
3200 9217
3201 9216
3202 9215
3203 9138
3204 9137
3205 9136
3206 9135
3207 9134
3208 9133
3209 9132
3210 9131
3211 9130
3212 9129
3213 9128
3214 9127
3215 9126
3216 9125
3217 9124
3218 9123
3219 9122
3220 9121
3221 9120
3222 9119
3223 9118
3224 9117
3225 9116
3226 9115
3227 9114
3228 9113
3229 9112
3230 9111
3231 9609
3232 9608
3233 9607
3234 9606
3235 9605
3236 9604
3237 9603
3238 9850
3239 9849
3240 9848
3241 9847
3242 9846
3243 9845
3244 9844
3245 9843
3246 9968
3247 9967
3248 9966
3249 9965
3250 9964
3251 9963
3252 9962
3253 9961
3254 9960
3255 9959
3256 9958
3257 9957
3258 9907
3259 9906
3260 9905
3261 9904
3262 9903
3263 9902
3264 9901
3265 10193
3266 10192
3267 10191
3268 10190
3269 10189
3270 10188
3271 10187
3272 10186
3273 10865
3274 10864
3275 10863
3276 10862
3277 10861
3278 10860
3279 10859
3280 10858
3281 10857
3282 10856
3283 10855
3284 10854
3285 10853
3286 10852
3287 10851
3288 10850
3289 10790
3290 10789
3291 10788
3292 10787
3293 10786
3294 10785
3295 10784
3296 10783
3297 10782
3298 10781
3299 10780
3300 10779
3301 10778
3302 10777
3303 10776
3304 10775
3305 10774
3306 10773
3307 10772
3308 10771
3309 10770
3310 10769
3311 10768
3312 10767
3313 10766
3314 10765
3315 10764
3316 10763
3317 11367
3318 11366
3319 11365
3320 11364
3321 11363
3322 11362
3323 11361
3324 11738
3325 11737
3326 11736
3327 11735
3328 11734
3329 11733
3330 11732
3331 11731
3332 11856
3333 11855
3334 11854
3335 11853
3336 11852
3337 11851
3338 11850
3339 11849
3340 11848
3341 11847
3342 11797
3343 11796
3344 11795
3345 11794
3346 11793
3347 11792
3348 11791
3349 11790
3350 11789
3351 11892
3352 11891
3353 11890
3354 11889
3355 11888
3356 11887
3357 11886
3358 11885
3359 12674
3360 12673
3361 12672
3362 12671
3363 12670
3364 12669
3365 12668
3366 12667
3367 12666
3368 12665
3369 12664
3370 12663
3371 12662
3372 12661
3373 12660
3374 12659
3375 12599
3376 12598
3377 12597
3378 12596
3379 12595
3380 12594
3381 12593
3382 12592
3383 12591
3384 12590
3385 12589
3386 12588
3387 12587
3388 12586
3389 12585
3390 12584
3391 12583
3392 12582
3393 12581
3394 12580
3395 12579
3396 12578
3397 12577
3398 12576
3399 12575
3400 12574
3401 12573
3402 12572
3403 12110
3404 12109
3405 12108
3406 12107
3407 12106
3408 12105
3409 12104
3410 12223
3411 12222
3412 12221
3413 12220
3414 12219
3415 12218
3416 12217
3417 12216
3420 12126
3421 12125
3422 12124
3423 12123
3424 12122
3425 12121
3426 12120
3427 12119
3428 12118
3429 12117
3430 12116
3431 12115
3432 12114
3433 12113
3434 12112
3435 12111
3436 12571
3437 12570
3438 12569
3439 12568
3440 12567
3441 12566
3442 12565
3443 12564
3444 12618
3445 12617
3446 12616
3447 12615
3448 12614
3449 12613
3450 12612
3451 12611
3452 12610
3453 12609
3454 12608
3455 12607
3456 12606
3457 12605
3458 12604
3459 12603
3460 12602
3461 12601
3462 12600
3463 12658
3464 12657
3465 12656
3466 12655
3467 12654
3468 12653
3469 12652
3470 12651
3471 11419
3472 11418
3473 11417
3474 11416
3475 11415
3476 11414
3477 11413
3478 11412
3479 11411
3480 11410
3481 11409
3482 11408
3483 11407
3484 11406
3485 11405
3486 11404
3487 11403
3488 11402
3489 11401
3490 11400
3491 11399
3492 11398
3493 11397
3494 11396
3495 11395
3496 11394
3497 11393
3498 11392
3499 11391
3500 11390
3501 11389
3502 11388
3503 11387
3504 11386
3505 11385
3506 11384
3507 11383
3508 11382
3509 11381
3510 11380
3511 11379
3512 11378
3513 11377
3514 11376
3515 11375
3516 11374
3517 11373
3518 11372
3519 11371
3520 11370
3521 11369
3522 11368
3523 10762
3524 10761
3525 10760
3526 10759
3527 10758
3528 10757
3529 10756
3530 10755
3531 10809
3532 10808
3533 10807
3534 10806
3535 10805
3536 10804
3537 10803
3538 10802
3539 10801
3540 10800
3541 10799
3542 10798
3543 10797
3544 10796
3545 10795
3546 10794
3547 10793
3548 10792
3549 10791
3550 10849
3551 10848
3552 10847
3553 10846
3554 10845
3555 10844
3556 10843
3557 10842
3558 9661
3559 9660
3560 9659
3561 9658
3562 9657
3563 9656
3564 9655
3565 9654
3566 9653
3567 9652
3568 9651
3569 9650
3570 9649
3571 9648
3572 9647
3573 9646
3574 9645
3575 9644
3576 9643
3577 9642
3578 9641
3579 9640
3580 9639
3581 9638
3582 9637
3583 9636
3584 9635
3585 9634
3586 9633
3587 9632
3588 9631
3589 9630
3590 9629
3591 9628
3592 9627
3593 9626
3594 9625
3595 9624
3596 9623
3597 9622
3598 9621
3599 9620
3600 9619
3601 9618
3602 9617
3603 9616
3604 9615
3605 9614
3606 9613
3607 9612
3608 9611
3609 9610
3610 9110
3611 9109
3612 9108
3613 9107
3614 9106
3615 9105
3616 9104
3617 9103
3618 9157
3619 9156
3620 9155
3621 9154
3622 9153
3623 9152
3624 9151
3625 9150
3626 9149
3627 9148
3628 9147
3629 9146
3630 9145
3631 9144
3632 9143
3633 9142
3634 9141
3635 9140
3636 9139
3637 9214
3638 9213
3639 9212
3640 9211
3641 9210
3642 9209
3643 9208
3644 9207
3645 7884
3646 7883
3647 7882
3648 7881
3649 7880
3650 7879
3651 7878
3652 7877
3653 7876
3654 7875
3655 7874
3656 7873
3657 7872
3658 7871
3659 7870
3660 7869
3661 7868
3662 7867
3663 7866
3664 7865
3665 7864
3666 7863
3667 7862
3668 7861
3669 7860
3670 7859
3671 7858
3672 7857
3673 7856
3674 7855
3675 7854
3676 7853
3677 7852
3678 7851
3679 7850
3680 7849
3681 7848
3682 7847
3683 7846
3684 7845
3685 7844
3686 7843
3687 7842
3688 7841
3689 7840
3690 7839
3691 7838
3692 7837
3693 7836
3694 7835
3695 7834
3696 7833
3697 7414
3698 7413
3699 7412
3700 7411
3701 7410
3702 7409
3703 7408
3704 7407
3705 7406
3706 7405
3707 7404
3708 7403
3709 7402
3710 7401
3711 7400
3712 7399
3713 7398
3714 7397
3715 7396
3716 7395
3717 7394
3718 7393
3719 7392
3720 7391
3721 7390
3722 7389
3723 7388
3724 7387
3725 7508
3726 7507
3727 7506
3728 7505
3729 7504
3730 7503
3731 7502
3732 7501
3733 6592
3734 6591
3735 6590
3736 6589
3737 6588
3738 6587
3739 6586
3740 6585
3741 6584
3742 6583
3743 6582
3744 6581
3745 6580
3746 6579
3747 6578
3748 6577
3749 6576
3750 6575
3753 6553
3754 6552
3755 6551
3756 6550
3757 6549
3758 6600
3759 6599
3760 6598
3761 6597
3762 6596
3763 6595
3764 6594
3765 6593
3766 7500
3767 7499
3768 7498
3769 7497
3770 7496
3771 7495
3772 7494
3773 7493
3774 7492
3775 7491
3776 7490
3777 7489
3778 7488
3779 7487
3780 7486
3781 7243
3782 7242
3783 7241
3784 7240
3785 7239
3786 7238
3787 7237
3788 7236
3789 7235
3790 7234
3791 7233
3792 7232
3793 7231
3794 7230
3795 7229
3796 7228
3797 7227
3798 7226
3799 7225
3800 7224
3801 7223
3802 7222
3803 7221
3804 7220
3805 7219
3806 7218
3807 7217
3808 7216
3809 7215
3810 7214
3811 7213
3812 8214
3813 8213
3814 8212
3815 8211
3816 8210
3817 8209
3818 8208
3819 8207
3820 8273
3821 8272
3822 8271
3823 8270
3824 8269
3825 8268
3826 8267
3827 8266
3828 8265
3829 8264
3830 8263
3831 8262
3832 8261
3833 8260
3834 8259
3835 8258
3836 8257
3837 8256
3838 8255
3839 8254
3840 8253
3841 8252
3842 8251
3843 8510
3844 8509
3845 8508
3846 8507
3847 8506
3848 8505
3849 8504
3850 8503
3851 7892
3852 7891
3853 7890
3854 7889
3855 7888
3856 7887
3857 7886
3858 7885
3859 9206
3860 9205
3861 9204
3862 9203
3863 9202
3864 9201
3865 9200
3866 9199
3867 9198
3868 9197
3869 9196
3870 9195
3871 9194
3872 9193
3873 9192
3874 9191
3875 8811
3876 8810
3877 8809
3878 8808
3879 8807
3880 8806
3881 8805
3882 9166
3883 9165
3884 9164
3885 9163
3886 9162
3887 9161
3888 9160
3889 9159
3890 9158
3891 9102
3892 9101
3893 9100
3894 9099
3895 9098
3896 9097
3897 9096
3898 9095
3899 9094
3900 9093
3901 9092
3902 9091
3903 9090
3904 9089
3905 9088
3906 9866
3907 9865
3908 9864
3909 9863
3910 9862
3911 9861
3912 9860
3913 9859
3914 9921
3915 9920
3916 9919
3917 9918
3918 9917
3919 9916
3920 9915
3921 9914
3922 9913
3923 9912
3924 9911
3925 9910
3926 9909
3927 9908
3928 9956
3929 9955
3930 9954
3931 9953
3932 9952
3933 9951
3934 9950
3935 9949
3936 9948
3937 10209
3938 10208
3939 10207
3940 10206
3941 10205
3942 10204
3943 10203
3944 10202
3945 9669
3946 9668
3947 9667
3948 9666
3949 9665
3950 9664
3951 9663
3952 9662
3953 10841
3954 10840
3955 10839
3956 10838
3957 10837
3958 10836
3959 10835
3960 10834
3961 10833
3962 10832
3963 10831
3964 10830
3965 10829
3966 10828
3967 10827
3968 10826
3969 10825
3970 10824
3971 10823
3972 10822
3973 10821
3974 10820
3975 10819
3976 10818
3977 10817
3978 10816
3979 10815
3980 10814
3981 10813
3982 10812
3983 10811
3984 10810
3985 10754
3986 10753
3987 10752
3988 10751
3989 10750
3990 10749
3991 10748
3992 10747
3993 10746
3994 10745
3995 10744
3996 10743
3997 10742
3998 10741
3999 10740
4000 11754
4001 11753
4002 11752
4003 11751
4004 11750
4005 11749
4006 11748
4007 11747
4008 11809
4009 11808
4010 11807
4011 11806
4012 11805
4013 11804
4014 11803
4015 11802
4016 11801
4017 11800
4018 11799
4019 11798
4020 11846
4021 11845
4022 11844
4023 11843
4024 11842
4025 11841
4026 11840
4027 11839
4028 11838
4029 11837
4030 11836
4031 11908
4032 11907
4033 11906
4034 11905
4035 11904
4036 11903
4037 11902
4038 11901
4039 11427
4040 11426
4041 11425
4042 11424
4043 11423
4044 11422
4045 11421
4046 11420
4047 12650
4048 12649
4049 12648
4050 12647
4051 12646
4052 12645
4053 12644
4054 12643
4055 12642
4056 12641
4057 12640
4058 12639
4059 12638
4060 12637
4061 12636
4062 12635
4063 12634
4064 12633
4065 12632
4066 12631
4067 12630
4068 12629
4069 12628
4070 12627
4071 12626
4072 12625
4073 12624
4074 12623
4075 12622
4076 12621
4077 12620
4078 12619
4079 12563
4080 12562
4081 12561
4082 12560
4083 12559
4084 12558
4085 12557
4086 12556
4087 12555
4088 12554
4089 12553
4090 12552
4091 12551
4092 12550
4093 12549
4094 12239
4095 12238
4096 12237
4097 12236
4098 12235
4099 12234
4100 12233
4101 12232
4102 12275
4103 12274
4104 12273
4105 12272
4106 12271
4107 12270
4108 12269
4109 12268
4110 12267
4111 12266
4112 12265
4113 12264
4114 12263
4117 12262
4118 12261
4119 12260
4120 12259
4121 12258
4122 12257
4123 12256
4124 12255
4125 12254
4126 12253
4127 12252
4128 12251
4129 12250
4130 12249
4131 12248
4132 12247
4133 12246
4134 12245
4135 12244
4136 12243
4137 12242
4138 12241
4139 12240
4140 12548
4141 12547
4142 12546
4143 12545
4144 12544
4145 12543
4146 12542
4147 12541
4148 12409
4149 12408
4150 12407
4151 12406
4152 12405
4153 12404
4154 12403
4155 12402
4156 12401
4157 12400
4158 12399
4159 12398
4160 12397
4161 12396
4162 12395
4163 12394
4164 12393
4165 12392
4166 12391
4167 12390
4168 12389
4169 12388
4170 12387
4171 12386
4172 12385
4173 12384
4174 12383
4175 12382
4176 12381
4177 12380
4178 12379
4179 12378
4180 12377
4181 12376
4182 12375
4183 11932
4184 11931
4185 11930
4186 11929
4187 11928
4188 11927
4189 11926
4190 11925
4191 11924
4192 11923
4193 11922
4194 11921
4195 11920
4196 11919
4197 11918
4198 11917
4199 11916
4200 11915
4201 11914
4202 11913
4203 11912
4204 11911
4205 11910
4206 11909
4207 11835
4208 11834
4209 11833
4210 11832
4211 11831
4212 11830
4213 11829
4214 11828
4215 11827
4216 11826
4217 11825
4218 11824
4219 11823
4220 11822
4221 11776
4222 11775
4223 11774
4224 11773
4225 11772
4226 11771
4227 11770
4228 11769
4229 11768
4230 11767
4231 11766
4232 11765
4233 11764
4234 11763
4235 11762
4236 11761
4237 11760
4238 11759
4239 11758
4240 11757
4241 11756
4242 11755
4243 10739
4244 10738
4245 10737
4246 10736
4247 10735
4248 10734
4249 10733
4250 10732
4251 10472
4252 10471
4253 10470
4254 10469
4255 10468
4256 10467
4257 10466
4258 10465
4259 10464
4260 10463
4261 10462
4262 10461
4263 10460
4264 10459
4265 10458
4266 10457
4267 10456
4268 10455
4269 10454
4270 10453
4271 10452
4272 10451
4273 10450
4274 10449
4275 10448
4276 10447
4277 10446
4278 10445
4279 10444
4280 10443
4281 10442
4282 10441
4283 10440
4284 10439
4285 10438
4286 10233
4287 10232
4288 10231
4289 10230
4290 10229
4291 10228
4292 10227
4293 10226
4294 10225
4295 10224
4296 10223
4297 10222
4298 10221
4299 10220
4300 10219
4301 10218
4302 10217
4303 10216
4304 10215
4305 10214
4306 10213
4307 10212
4308 10211
4309 10210
4310 9947
4311 9946
4312 9945
4313 9944
4314 9943
4315 9942
4316 9941
4317 9940
4318 9939
4319 9938
4320 9937
4321 9936
4322 9890
4323 9889
4324 9888
4325 9887
4326 9886
4327 9885
4328 9884
4329 9883
4330 9882
4331 9881
4332 9880
4333 9879
4334 9878
4335 9877
4336 9876
4337 9875
4338 9874
4339 9873
4340 9872
4341 9871
4342 9870
4343 9869
4344 9868
4345 9867
4346 9087
4347 9086
4348 9085
4349 9084
4350 9083
4351 9082
4352 9081
4353 9080
4354 8839
4355 8838
4356 8837
4357 8836
4358 8835
4359 8834
4360 8833
4361 8832
4362 8831
4363 8830
4364 8829
4365 8828
4366 8827
4367 8826
4368 8825
4369 8824
4370 8823
4371 8822
4372 8821
4373 8820
4374 8819
4375 8818
4376 8817
4377 8816
4378 8815
4379 8814
4380 8813
4381 8812
4382 9190
4383 9189
4384 9188
4385 9187
4386 9186
4387 9185
4388 9184
4389 8534
4390 8533
4391 8532
4392 8531
4393 8530
4394 8529
4395 8528
4396 8527
4397 8526
4398 8525
4399 8524
4400 8523
4401 8522
4402 8521
4403 8520
4404 8519
4405 8518
4406 8517
4407 8516
4408 8515
4409 8514
4410 8513
4411 8512
4412 8511
4413 8250
4414 8249
4415 8248
4416 8247
4417 8246
4418 8245
4419 8244
4420 8243
4421 8242
4422 8241
4423 8240
4424 8239
4425 8238
4426 8237
4427 8236
4428 8235
4429 8234
4430 8233
4431 8232
4432 8231
4433 8230
4434 8229
4435 8228
4436 8227
4437 8226
4438 8225
4439 8224
4440 8223
4441 8222
4442 8221
4443 8220
4444 8219
4445 8218
4446 8217
4447 8216
4448 8215
4449 7212
4450 7211
4451 7210
4452 7209
4453 7208
4454 7207
4455 7206
4456 7205
4457 7271
4458 7270
4459 7269
4460 7268
4461 7267
4462 7266
4463 7265
4464 7264
4465 7263
4466 7262
4467 7261
4468 7260
4469 7259
4470 7258
4471 7257
4472 7256
4473 7255
4474 7254
4475 7253
4476 7252
4477 7251
4478 7250
4479 7249
4480 7248
4481 7247
4482 7246
4483 7245
4484 7244
4485 7485
4486 7484
4487 7483
4488 7482
4489 7481
4490 7480
4491 7479
4492 7478
4493 6820
4494 6819
4495 6818
4496 6817
4497 6816
4498 6815
4499 6814
4500 6813
4501 6812
4502 6811
4503 6810
4504 6809
4505 6808
4506 6807
4507 6806
4508 6805
4509 6804
4510 6803
4511 6802
4512 6801
4513 6800
4514 6799
4515 6798
4516 6797
4517 6796
4518 6795
4521 6627
4522 6626
4523 6625
4524 6624
4525 6623
4526 6622
4527 6621
4528 6620
4529 6619
4530 6618
4531 6617
4532 6616
4533 6615
4534 6614
4535 6613
4536 6612
4537 6611
4538 6610
4539 6609
4540 6828
4541 6827
4542 6826
4543 6825
4544 6824
4545 6823
4546 6822
4547 6821
4548 7477
4549 7476
4550 7475
4551 7474
4552 7473
4553 7472
4554 7471
4555 7470
4556 7469
4557 7468
4558 7467
4559 7466
4560 7465
4561 7464
4562 7463
4563 7462
4564 7461
4565 7460
4566 7459
4567 7458
4568 7457
4569 7456
4570 7455
4571 7454
4572 7453
4573 7452
4574 7451
4575 7279
4576 7278
4577 7277
4578 7276
4579 7275
4580 7274
4581 7273
4582 7272
4583 7204
4584 7203
4585 7202
4586 7201
4587 7200
4588 7199
4589 7198
4590 7197
4591 7196
4592 7195
4593 7194
4594 7193
4595 7192
4596 7191
4597 7190
4598 8289
4599 8288
4600 8287
4601 8286
4602 8285
4603 8284
4604 8283
4605 8282
4606 8478
4607 8477
4608 8476
4609 8475
4610 8474
4611 8473
4612 8472
4613 8471
4614 8470
4615 8469
4616 8468
4617 8467
4618 8466
4619 8465
4620 8464
4621 8463
4622 8462
4623 8461
4624 8460
4625 8459
4626 8458
4627 8457
4628 8456
4629 8455
4630 8454
4631 8453
4632 8452
4633 7908
4634 7907
4635 7906
4636 7905
4637 7904
4638 7903
4639 7902
4640 7901
4641 8542
4642 8541
4643 8540
4644 8539
4645 8538
4646 8537
4647 8536
4648 8535
4649 9183
4650 9182
4651 9181
4652 9180
4653 9179
4654 9178
4655 9177
4656 9176
4657 9175
4658 9174
4659 9173
4660 9172
4661 9171
4662 9170
4663 9169
4664 9168
4665 9167
4666 8804
4667 8803
4668 8802
4669 8801
4670 8800
4671 8799
4672 8798
4673 8797
4674 8796
4675 8795
4676 8794
4677 8847
4678 8846
4679 8845
4680 8844
4681 8843
4682 8842
4683 8841
4684 8840
4685 9079
4686 9078
4687 9077
4688 9076
4689 9075
4690 9074
4691 9073
4692 9072
4693 9071
4694 9070
4695 9069
4696 9068
4697 9067
4698 9066
4699 9065
4700 10104
4701 10103
4702 10102
4703 10101
4704 10100
4705 10099
4706 10098
4707 10097
4708 10096
4709 10095
4710 10094
4711 10093
4712 10092
4713 10091
4714 10090
4715 10089
4716 10088
4717 10087
4718 10086
4719 10085
4720 10084
4721 10083
4722 10082
4723 10081
4724 10080
4725 10079
4726 10078
4727 10077
4728 10076
4729 10075
4730 10074
4731 10073
4732 10072
4733 10071
4734 10070
4735 9685
4736 9684
4737 9683
4738 9682
4739 9681
4740 9680
4741 9679
4742 9678
4743 10241
4744 10240
4745 10239
4746 10238
4747 10237
4748 10236
4749 10235
4750 10234
4751 10437
4752 10436
4753 10435
4754 10434
4755 10433
4756 10432
4757 10431
4758 10430
4759 10429
4760 10428
4761 10427
4762 10426
4763 10425
4764 10424
4765 10423
4766 10422
4767 10421
4768 10420
4769 10419
4770 10418
4771 10417
4772 10416
4773 10415
4774 10414
4775 10413
4776 10412
4777 10411
4778 10410
4779 10480
4780 10479
4781 10478
4782 10477
4783 10476
4784 10475
4785 10474
4786 10473
4787 10731
4788 10730
4789 10729
4790 10728
4791 10727
4792 10726
4793 10725
4794 10724
4795 10723
4796 10722
4797 10721
4798 10720
4799 10719
4800 10718
4801 10717
4802 11147
4803 11146
4804 11145
4805 11144
4806 11143
4807 11142
4808 11141
4809 11140
4810 11139
4811 11138
4812 11137
4813 11136
4814 11135
4815 11134
4816 11133
4817 11132
4818 11131
4819 11130
4820 11129
4821 11128
4822 11127
4823 11126
4824 11125
4825 11124
4826 11123
4827 11122
4828 11121
4829 11120
4830 11119
4831 11118
4832 11117
4833 11116
4834 11115
4835 11114
4836 11113
4837 11443
4838 11442
4839 11441
4840 11440
4841 11439
4842 11438
4843 11437
4844 11436
4845 11940
4846 11939
4847 11938
4848 11937
4849 11936
4850 11935
4851 11934
4852 11933
4853 12374
4854 12373
4855 12372
4856 12371
4857 12370
4858 12369
4859 12368
4860 12367
4861 12366
4862 12365
4863 12364
4864 12363
4865 12362
4866 12361
4867 12360
4868 12359
4869 12358
4870 12357
4871 12356
4872 12355
4873 12861
4874 12860
4875 12859
4876 12858
4877 12857
4878 12856
4879 12855
4880 12854
4881 12417
4882 12416
4883 12415
4884 12414
4885 12413
4886 12412
4887 12411
4888 12410
4889 12540
4890 12539
4891 12538
4892 12537
4893 12536
4894 12535
4895 12534
4896 12533
4897 12532
4898 12531
4899 12530
4900 12529
4901 12528
4902 12527
4903 12526
4904 12280
4905 12279
4906 12278
4907 12277
4908 12276
4911 12285
4912 12284
4913 12283
4914 12282
4915 12281
4916 12525
4917 12524
4918 12523
4919 12522
4920 12521
4921 12520
4922 12519
4923 12518
4924 12088
4925 12087
4926 12086
4927 12085
4928 12084
4929 12083
4930 12082
4931 12081
4932 12877
4933 12876
4934 12875
4935 12874
4936 12873
4937 12872
4938 12871
4939 12870
4940 12869
4941 12868
4942 12867
4943 12866
4944 12865
4945 12864
4946 12863
4947 12862
4948 12354
4949 12353
4950 12352
4951 12351
4952 12350
4953 12349
4954 12348
4955 12840
4956 12839
4957 12838
4958 12837
4959 12836
4960 12835
4961 12834
4962 12833
4963 12832
4964 12831
4965 12830
4966 12829
4967 11459
4968 11458
4969 11457
4970 11456
4971 11455
4972 11454
4973 11453
4974 11452
4975 11451
4976 11450
4977 11449
4978 11448
4979 11447
4980 11446
4981 11445
4982 11444
4983 11112
4984 11111
4985 11110
4986 11109
4987 11108
4988 11107
4989 11106
4990 11105
4991 11175
4992 11174
4993 11173
4994 11172
4995 11171
4996 11170
4997 11169
4998 11168
4999 11167
5000 11166
5001 11165
5002 11164
5003 11163
5004 11162
5005 11161
5006 11160
5007 11159
5008 11158
5009 11157
5010 11156
5011 11155
5012 11154
5013 11153
5014 11152
5015 11151
5016 11150
5017 11149
5018 11148
5019 10716
5020 10715
5021 10714
5022 10713
5023 10712
5024 10711
5025 10710
5026 10709
5027 11345
5028 11344
5029 11343
5030 11342
5031 11341
5032 11340
5033 11339
5034 11338
5035 10612
5036 10611
5037 10610
5038 10609
5039 10608
5040 10607
5041 10606
5042 10605
5043 10604
5044 10603
5045 10602
5046 10601
5047 10600
5048 10599
5049 10598
5050 10597
5051 10596
5052 10595
5053 10594
5054 10593
5055 10592
5056 10591
5057 10590
5058 10589
5059 10588
5060 10587
5061 10586
5062 10585
5063 10584
5064 10583
5065 10582
5066 10581
5067 10580
5068 10579
5069 10578
5070 9701
5071 9700
5072 9699
5073 9698
5074 9697
5075 9696
5076 9695
5077 9694
5078 9693
5079 9692
5080 9691
5081 9690
5082 9689
5083 9688
5084 9687
5085 9686
5086 10069
5087 10068
5088 10067
5089 10066
5090 10065
5091 10064
5092 10063
5093 10062
5094 10132
5095 10131
5096 10130
5097 10129
5098 10128
5099 10127
5100 10126
5101 10125
5102 10124
5103 10123
5104 10122
5105 10121
5106 10120
5107 10119
5108 10118
5109 10117
5110 10116
5111 10115
5112 10114
5113 10113
5114 10112
5115 10111
5116 10110
5117 10109
5118 10108
5119 10107
5120 10106
5121 10105
5122 9064
5123 9063
5124 9062
5125 9061
5126 9060
5127 9059
5128 9058
5129 9057
5130 9587
5131 9586
5132 9585
5133 9584
5134 9583
5135 9582
5136 9581
5137 9580
5138 8962
5139 8961
5140 8960
5141 8959
5142 8958
5143 8957
5144 8956
5145 8955
5146 8954
5147 8953
5148 8952
5149 8951
5150 8950
5151 8949
5152 8948
5153 8947
5154 8946
5155 8945
5156 8944
5157 8943
5158 8942
5159 8941
5160 8940
5161 8939
5162 8938
5163 8937
5164 8936
5165 8935
5166 8762
5167 8761
5168 8760
5169 8759
5170 8758
5171 8757
5172 8756
5173 7924
5174 7923
5175 7922
5176 7921
5177 7920
5178 7919
5179 7918
5180 7917
5181 7916
5182 7915
5183 7914
5184 7913
5185 7912
5186 7911
5187 7910
5188 7909
5189 8451
5190 8450
5191 8449
5192 8448
5193 8447
5194 8446
5195 8445
5196 8444
5197 8317
5198 8316
5199 8315
5200 8314
5201 8313
5202 8312
5203 8311
5204 8310
5205 8309
5206 8308
5207 8307
5208 8306
5209 8305
5210 8304
5211 8303
5212 8302
5213 8301
5214 8300
5215 8299
5216 8298
5217 8297
5218 8296
5219 8295
5220 8294
5221 8293
5222 8292
5223 8291
5224 8290
5225 7189
5226 7188
5227 7187
5228 7186
5229 7185
5230 7184
5231 7183
5232 7182
5233 7810
5234 7809
5235 7808
5236 7807
5237 7806
5238 7805
5239 7804
5240 7803
5241 7655
5242 7654
5243 7653
5244 7652
5245 7651
5246 7650
5247 7649
5248 7648
5249 7647
5250 7646
5251 7645
5252 7644
5253 7643
5254 7642
5255 7641
5256 7640
5257 7639
5258 7322
5259 7321
5260 7320
5261 7319
5262 7318
5263 7317
5264 7316
5265 7315
5266 7314
5267 7313
5268 7312
5269 7364
5270 7363
5271 7362
5272 7361
5273 7360
5274 7359
5275 7358
5276 7357
5277 6719
5278 6718
5279 6717
5280 6716
5281 6715
5282 6714
5283 6713
5284 6712
5285 6711
5286 6710
5287 6709
5288 6708
5289 6707
5290 6706
5291 6705
5292 6704
5293 6703
5294 6702
5295 6701
5296 6700
5297 6699
5298 6698
5299 6697
5300 6696
5301 6637
5302 6636
5303 6635
5304 6634
5305 6633
5306 6632
5307 6631
5308 6630
5309 6629
5310 6628
5313 6661
5314 6660
5315 6659
5316 6658
5317 6657
5318 7556
5319 7555
5320 7554
5321 7553
5322 7552
5323 7551
5324 7550
5325 7549
5326 6727
5327 6726
5328 6725
5329 6724
5330 6723
5331 6722
5332 6721
5333 6720
5334 7356
5335 7355
5336 7354
5337 7353
5338 7352
5339 7351
5340 7350
5341 7349
5342 7348
5343 7347
5344 7346
5345 7345
5346 7344
5347 7343
5348 7342
5349 7341
5350 7340
5351 7339
5352 7338
5353 7337
5354 7336
5355 7335
5356 7334
5357 7333
5358 7332
5359 7331
5360 7330
5361 7663
5362 7662
5363 7661
5364 7660
5365 7659
5366 7658
5367 7657
5368 7656
5369 7802
5370 7801
5371 7800
5372 7799
5373 7798
5374 7797
5375 7796
5376 7795
5377 7794
5378 7793
5379 7792
5380 7791
5381 7790
5382 7789
5383 7788
5384 8062
5385 8061
5386 8060
5387 8059
5388 8058
5389 8057
5390 8056
5391 8055
5392 8411
5393 8410
5394 8409
5395 8408
5396 8407
5397 8406
5398 8405
5399 8404
5400 8403
5401 8402
5402 8401
5403 8400
5404 8399
5405 8398
5406 8397
5407 8396
5408 8395
5409 8394
5410 8393
5411 8392
5412 8391
5413 8390
5414 8389
5415 8388
5416 8387
5417 8386
5418 8385
5419 9262
5420 9261
5421 9260
5422 9259
5423 9258
5424 9257
5425 9256
5426 9255
5427 7932
5428 7931
5429 7930
5430 7929
5431 7928
5432 7927
5433 7926
5434 7925
5435 8755
5436 8754
5437 8753
5438 8752
5439 8751
5440 8750
5441 8749
5442 8748
5443 8747
5444 8746
5445 8745
5446 8744
5447 8743
5448 8742
5449 8741
5450 8740
5451 8739
5452 8738
5453 8737
5454 8736
5455 8735
5456 8734
5457 8733
5458 8732
5459 8731
5460 8730
5461 8729
5462 8728
5463 8970
5464 8969
5465 8968
5466 8967
5467 8966
5468 8965
5469 8964
5470 8963
5471 9579
5472 9578
5473 9577
5474 9576
5475 9575
5476 9574
5477 9573
5478 9572
5479 9571
5480 9570
5481 9569
5482 9568
5483 9567
5484 9566
5485 9565
5486 9438
5487 9437
5488 9436
5489 9435
5490 9434
5491 9433
5492 9432
5493 9431
5494 9430
5495 9429
5496 9428
5497 9427
5498 9426
5499 9425
5500 9424
5501 9423
5502 9422
5503 9421
5504 9420
5505 9419
5506 9418
5507 9417
5508 9416
5509 9415
5510 9414
5511 9413
5512 9412
5513 9411
5514 9410
5515 9409
5516 9408
5517 9407
5518 9406
5519 9405
5520 9404
5521 10897
5522 10896
5523 10895
5524 10894
5525 10893
5526 10892
5527 10891
5528 10890
5529 9709
5530 9708
5531 9707
5532 9706
5533 9705
5534 9704
5535 9703
5536 9702
5537 10577
5538 10576
5539 10575
5540 10574
5541 10573
5542 10572
5543 10571
5544 10570
5545 10569
5546 10568
5547 10567
5548 10566
5549 10565
5550 10564
5551 10563
5552 11014
5553 11013
5554 11012
5555 11011
5556 11010
5557 11009
5558 11008
5559 11007
5560 11006
5561 11005
5562 11004
5563 11003
5564 11002
5565 10620
5566 10619
5567 10618
5568 10617
5569 10616
5570 10615
5571 10614
5572 10613
5573 11337
5574 11336
5575 11335
5576 11334
5577 11333
5578 11332
5579 11331
5580 11330
5581 11329
5582 11328
5583 11327
5584 11326
5585 11325
5586 11324
5587 11323
5588 11574
5589 11573
5590 11572
5591 11571
5592 11570
5593 11569
5594 11568
5595 11567
5596 11566
5597 11565
5598 11564
5599 11563
5600 11562
5601 11561
5602 11560
5603 11559
5604 11558
5605 11557
5606 11556
5607 11555
5608 11554
5609 11553
5610 11552
5611 11551
5612 11550
5613 11549
5614 11548
5615 11547
5616 11546
5617 11545
5618 11544
5619 11543
5620 11542
5621 11541
5622 11540
5623 12706
5624 12705
5625 12704
5626 12703
5627 12702
5628 12701
5629 12700
5630 12699
5631 11467
5632 11466
5633 11465
5634 11464
5635 11463
5636 11462
5637 11461
5638 11460
5639 12828
5640 12827
5641 12826
5642 12825
5643 12824
5644 12823
5645 12822
5646 12821
5647 12820
5648 12819
5649 12818
5650 12817
5651 12816
5652 12815
5653 12814
5654 12813
5655 12812
5656 12811
5657 12810
5658 12809
5659 13011
5660 13010
5661 13009
5662 13008
5663 13007
5664 13006
5665 13005
5666 13004
5667 12885
5668 12884
5669 12883
5670 12882
5671 12881
5672 12880
5673 12879
5674 12878
5675 12080
5676 12079
5677 12078
5678 12077
5679 12076
5680 12075
5681 12074
5682 12073
5683 12072
5684 12071
5685 12070
5686 12069
5687 12068
5688 12067
5689 12066
5690 12465
5691 12464
5692 12463
5693 12462
5694 12461
5697 12470
5698 12469
5699 12468
5700 12467
5701 12466
5702 12065
5703 12064
5704 12063
5705 12062
5706 12061
5707 12060
5708 12059
5709 12058
5710 12177
5711 12176
5712 12175
5713 12174
5714 12173
5715 12172
5716 12171
5717 12170
5718 13027
5719 13026
5720 13025
5721 13024
5722 13023
5723 13022
5724 13021
5725 13020
5726 13019
5727 13018
5728 13017
5729 13016
5730 13015
5731 13014
5732 13013
5733 13012
5734 12808
5735 12807
5736 12806
5737 12805
5738 12804
5739 12803
5740 12802
5741 12801
5742 12800
5743 12799
5744 12798
5745 12797
5746 12796
5747 12795
5748 12794
5749 12793
5750 12792
5751 12791
5752 12790
5753 12722
5754 12721
5755 12720
5756 12719
5757 12718
5758 12717
5759 12716
5760 12715
5761 12714
5762 12713
5763 12712
5764 12711
5765 12710
5766 12709
5767 12708
5768 12707
5769 11539
5770 11538
5771 11537
5772 11536
5773 11535
5774 11534
5775 11533
5776 11532
5777 11602
5778 11601
5779 11600
5780 11599
5781 11598
5782 11597
5783 11596
5784 11595
5785 11594
5786 11593
5787 11592
5788 11591
5789 11590
5790 11589
5791 11588
5792 11587
5793 11586
5794 11585
5795 11584
5796 11583
5797 11582
5798 11581
5799 11580
5800 11579
5801 11578
5802 11577
5803 11576
5804 11575
5805 11322
5806 11321
5807 11320
5808 11319
5809 11318
5810 11317
5811 11316
5812 11315
5813 11314
5814 11313
5815 11312
5816 11311
5817 11310
5818 11309
5819 11308
5820 11307
5821 11064
5822 11063
5823 11062
5824 11061
5825 11060
5826 11059
5827 11058
5828 11057
5829 11056
5830 11055
5831 11054
5832 11053
5833 11052
5834 11051
5835 11050
5836 11049
5837 11048
5838 11047
5839 11046
5840 11045
5841 11044
5842 11043
5843 11042
5844 11041
5845 11040
5846 11039
5847 11038
5848 11037
5849 11036
5850 11035
5851 11034
5852 11033
5853 11032
5854 11031
5855 11030
5856 10913
5857 10912
5858 10911
5859 10910
5860 10909
5861 10908
5862 10907
5863 10906
5864 10905
5865 10904
5866 10903
5867 10902
5868 10901
5869 10900
5870 10899
5871 10898
5872 9403
5873 9402
5874 9401
5875 9400
5876 9399
5877 9398
5878 9397
5879 9396
5880 9466
5881 9465
5882 9464
5883 9463
5884 9462
5885 9461
5886 9460
5887 9459
5888 9458
5889 9457
5890 9456
5891 9455
5892 9454
5893 9453
5894 9452
5895 9451
5896 9450
5897 9449
5898 9448
5899 9447
5900 9446
5901 9445
5902 9444
5903 9443
5904 9442
5905 9441
5906 9440
5907 9439
5908 9564
5909 9563
5910 9562
5911 9561
5912 9560
5913 9559
5914 9558
5915 9557
5916 9804
5917 9803
5918 9802
5919 9801
5920 9800
5921 9799
5922 9798
5923 9797
5924 9363
5925 9362
5926 9361
5927 9360
5928 9359
5929 9358
5930 9357
5931 9356
5932 9355
5933 9354
5934 9353
5935 9352
5936 9351
5937 9350
5938 9349
5939 9348
5940 9347
5941 9346
5942 9345
5943 9344
5944 9343
5945 9342
5946 9341
5947 9340
5948 9339
5949 9338
5950 9337
5951 9336
5952 8696
5953 8695
5954 8694
5955 8693
5956 8692
5957 8691
5958 8690
5959 9278
5960 9277
5961 9276
5962 9275
5963 9274
5964 9273
5965 9272
5966 9271
5967 9270
5968 9269
5969 9268
5970 9267
5971 9266
5972 9265
5973 9264
5974 9263
5975 8384
5976 8383
5977 8382
5978 8381
5979 8380
5980 8379
5981 8378
5982 8377
5983 8090
5984 8089
5985 8088
5986 8087
5987 8086
5988 8085
5989 8084
5990 8083
5991 8082
5992 8081
5993 8080
5994 8079
5995 8078
5996 8077
5997 8076
5998 8075
5999 8074
6000 8073
6001 8072
6002 8071
6003 8070
6004 8069
6005 8068
6006 8067
6007 8066
6008 8065
6009 8064
6010 8063
6011 7787
6012 7786
6013 7785
6014 7784
6015 7783
6016 7782
6017 7781
6018 7780
6019 8152
6020 8151
6021 8150
6022 8149
6023 8148
6024 8147
6025 8146
6026 8145
6027 7110
6028 7109
6029 7108
6030 7107
6031 7106
6032 7105
6033 7104
6034 7103
6035 7102
6036 7101
6037 7100
6038 7099
6039 7098
6040 7097
6041 7096
6042 7095
6043 7094
6044 7638
6045 7637
6046 7636
6047 7635
6048 7634
6049 7633
6050 7632
6051 7631
6052 7630
6053 7629
6054 7628
6055 6972
6056 6971
6057 6970
6058 6969
6059 6968
6060 6967
6061 6966
6062 6965
6063 7572
6064 7571
6065 7570
6066 7569
6067 7568
6068 7567
6069 7566
6070 7565
6071 7564
6072 7563
6073 7562
6074 7561
6075 7560
6076 7559
6077 7558
6078 7557
6079 6656
6080 6655
6081 6654
6082 6653
6083 6652
6086 7607
6087 7606
6088 7605
6089 7604
6090 7603
6091 7602
6092 7601
6093 7600
6094 7599
6095 7598
6096 7597
6097 7596
6098 7595
6099 7594
6100 7593
6101 7592
6102 7591
6103 7590
6104 7589
6105 7588
6106 7587
6107 7586
6108 7585
6109 7584
6110 7583
6111 7582
6112 7581
6113 7580
6114 7579
6115 7578
6116 7577
6117 7576
6118 7575
6119 7574
6120 7573
6121 6964
6122 6963
6123 6962
6124 6961
6125 6960
6126 6959
6127 6958
6128 6957
6129 6956
6130 6955
6131 6954
6132 6953
6133 6952
6134 6951
6135 6950
6136 6949
6137 6948
6138 6947
6139 6946
6140 6945
6141 6944
6142 6943
6143 6942
6144 6941
6145 6940
6146 6939
6147 6938
6148 7118
6149 7117
6150 7116
6151 7115
6152 7114
6153 7113
6154 7112
6155 7111
6156 8144
6157 8143
6158 8142
6159 8141
6160 8140
6161 8139
6162 8138
6163 8137
6164 8136
6165 8135
6166 8134
6167 8133
6168 8132
6169 8131
6170 8130
6171 8129
6172 8128
6173 8127
6174 8126
6175 8125
6176 8124
6177 8123
6178 8122
6179 7995
6180 7994
6181 7993
6182 7992
6183 7991
6184 7990
6185 7989
6186 7988
6187 7987
6188 7986
6189 8631
6190 8630
6191 8629
6192 8628
6193 8627
6194 8626
6195 8625
6196 8624
6197 8623
6198 8622
6199 8621
6200 8620
6201 8619
6202 8618
6203 8617
6204 8616
6205 8615
6206 8614
6207 8613
6208 8612
6209 8611
6210 8610
6211 8609
6212 8608
6213 8607
6214 9286
6215 9285
6216 9284
6217 9283
6218 9282
6219 9281
6220 9280
6221 9279
6222 8689
6223 8688
6224 8687
6225 8686
6226 8685
6227 8684
6228 8683
6229 8682
6230 8681
6231 8680
6232 8679
6233 8678
6234 8677
6235 8676
6236 8675
6237 8674
6238 8673
6239 9328
6240 9327
6241 9326
6242 9325
6243 9324
6244 9323
6245 9322
6246 9321
6247 9320
6248 9319
6249 9318
6250 9371
6251 9370
6252 9369
6253 9368
6254 9367
6255 9366
6256 9365
6257 9364
6258 9796
6259 9795
6260 9794
6261 9793
6262 9792
6263 9791
6264 9790
6265 9789
6266 9788
6267 9787
6268 9786
6269 9785
6270 9784
6271 9783
6272 9782
6273 9781
6274 9780
6275 9779
6276 9778
6277 9777
6278 9776
6279 9775
6280 9774
6281 9773
6282 9772
6283 9771
6284 9770
6285 9769
6286 9768
6287 9767
6288 9766
6289 10332
6290 10331
6291 10330
6292 10329
6293 10328
6294 10327
6295 10326
6296 10325
6297 10324
6298 10323
6299 10322
6300 10321
6301 10320
6302 10319
6303 10318
6304 10317
6305 10316
6306 10315
6307 10314
6308 10313
6309 10312
6310 10311
6311 10310
6312 10309
6313 10308
6314 10307
6315 10306
6316 10921
6317 10920
6318 10919
6319 10918
6320 10917
6321 10916
6322 10915
6323 10914
6324 11029
6325 11028
6326 11027
6327 11026
6328 11025
6329 11024
6330 11023
6331 11022
6332 11021
6333 11020
6334 11019
6335 11018
6336 11017
6337 11016
6338 11015
6339 10965
6340 10964
6341 10963
6342 10962
6343 10961
6344 10960
6345 10959
6346 10958
6347 10957
6348 10956
6349 10955
6350 10954
6351 10953
6352 11072
6353 11071
6354 11070
6355 11069
6356 11068
6357 11067
6358 11066
6359 11065
6360 11306
6361 11305
6362 11304
6363 11303
6364 11302
6365 11301
6366 11300
6367 11299
6368 11298
6369 11297
6370 11296
6371 11295
6372 11294
6373 11293
6374 11292
6375 11291
6376 11290
6377 11289
6378 11288
6379 11287
6380 11286
6381 11285
6382 11284
6383 11283
6384 11282
6385 11281
6386 11280
6387 11279
6388 11278
6389 12033
6390 12032
6391 12031
6392 12030
6393 12029
6394 12028
6395 12027
6396 12026
6397 12025
6398 12024
6399 12023
6400 12022
6401 12021
6402 12020
6403 12019
6404 12018
6405 12017
6406 12016
6407 12015
6408 12014
6409 12013
6410 12012
6411 12011
6412 12010
6413 12009
6414 12008
6415 12007
6416 12006
6417 12005
6418 12730
6419 12729
6420 12728
6421 12727
6422 12726
6423 12725
6424 12724
6425 12723
6426 12789
6427 12788
6428 12787
6429 12786
6430 12785
6431 12784
6432 12783
6433 12782
6434 12781
6435 12780
6436 12779
6437 12778
6438 12777
6439 12776
6440 12775
6441 12774
6442 12773
6443 12772
6444 12771
6445 12770
6446 12769
6447 12768
6448 12767
6449 12766
6450 12765
6451 12764
6452 12763
6453 12762
6454 13035
6455 13034
6456 13033
6457 13032
6458 13031
6459 13030
6460 13029
6461 13028
6462 12169
6463 12168
6464 12167
6465 12166
6466 12165
6467 12164
6468 12163
6469 12162
6470 12161
6471 12160
6472 12159
6473 12158
6474 12157
6475 12156
6476 12155
6477 12154
6478 12153
6479 12152
6480 12151
6481 12150
6482 12149
6483 12148
6484 12147
6485 12146
6486 12145
6487 12144
6488 12143
6489 12142
6490 12141
6491 12140
6494 12139
6495 12138
6496 12137
6497 12136
6498 12135
6499 12134
6500 12133
6501 12132
6502 12131
6503 12130
6504 12129
6505 12128
6506 12127
6507 12049
6508 12048
6509 12047
6510 12046
6511 12045
6512 12044
6513 12043
6514 12042
6515 13051
6516 13050
6517 13049
6518 13048
6519 13047
6520 13046
6521 13045
6522 13044
6523 13043
6524 13042
6525 13041
6526 13040
6527 13039
6528 13038
6529 13037
6530 13036
6531 12761
6532 12760
6533 12759
6534 12758
6535 12757
6536 12756
6537 12755
6538 12754
6539 12753
6540 12752
6541 12751
6542 12750
6543 12749
