4
-9.632869830930487, 2.044705500558223, 23.629921054950596
-12.629525261311414, 10.295827163903656, 20.160528288619705
-22.212268141172295, 12.96459188047874, 16.73022096573469
-31.732152484624837, 6.243530873648219, 13.201677958097674
-32.76467441665591, -7.05284758547573, 9.581077738977083
-21.68539045651999, -17.35191887425644, 5.859564369891656
-5.151069742323228, -14.516906460995479, 2.2087391673438805
3.4809506204824086, 1.47711852520133, -1.3870889036269405
-4.207509485459368, 19.3604145652191, -4.962055338953794
-24.194809697336638, 24.607051689754833, -8.445091341644417
-41.70939796494534, 11.656244951760408, -11.98784210295296
-42.432908197195815, -11.273262401370665, -15.504964637155636
-24.168503392370397, -27.03699068938149, -19.09602205283258
1.012800035079723, -22.405709438376874, -22.78183945816743
13.465448896025046, 0.8160896502281849, -26.33567355617162
3
-12.117799889306886, 1.7706206722979698, 23.629586547826555
-14.54713017744981, 8.712588764009224, 20.41771995781133
-22.14075587488139, 10.52496759920739, 17.27162595463042
-29.843706522215577, 4.8128546128470315, 13.999761464906374
-30.608137049364935, -6.585048957252284, 10.756029238788875
-20.744725587956488, -15.603035422599861, 7.378299461200271
-5.885214175774391, -12.783790349067102, 3.8541389647812503
1.702605265495677, 1.9539642510371802, 0.30409587402132093
-5.659827494134465, 18.25692429534004, -3.252353135071424
-24.182472961315742, 22.705296503579923, -6.822385263267567
-40.177378432822664, 10.494895192206787, -10.389660983936919
-40.51639345232376, -10.757500991492213, -13.984779977067204
-23.42012339995809, -25.234609230876178, -17.533540544144163
0.0763589335954491, -20.830335917316074, -21.081464107666424
11.811223650894014, 1.6134442645532225, -24.639276062249355
5
-9.539194044277338, 1.1982831557966653, 21.279433007484016
-12.262304140324979, 9.472272519700379, 17.828810810812268
-21.453512706135506, 12.4697321314331, 14.400112809752091
-30.694496255246904, 6.345694469313026, 10.92949131317741
-31.809306430963353, -6.1336067207200795, 7.461580571138201
-21.62150261049387, -15.73293554250261, 3.9556706452753336
-6.4083321397665065, -13.333187184658396, 0.4009504798023296
1.7342743406568513, 1.2593976820430663, -3.162397217117644
-5.1465365792198625, 17.86038436347736, -6.727880220148515
-23.62075173494696, 23.02984176622399, -10.29789092954723
-40.14572022544925, 11.133041329099566, -13.866982836437018
-41.11872523194964, -10.4177573988001, -17.452022500813904
-23.999968547827738, -25.443460145261376, -21.014942689839554
-0.2678077699765618, -21.22870237407468, -24.57758387768031
11.770480469122958, 1.1458910198817498, -28.143521195874616
2
-12.024124102653737, 0.9241983275364124, 21.279098500359975
-14.179909056463375, 7.889034119805946, 18.08600248000389
-21.382000439844603, 10.030107850161748, 14.941517798647823
-28.80605029283764, 4.915018208511837, 11.727574819986112
-29.65276906367238, -5.665808092496634, 8.636532070949993
-20.680837741930368, -13.984052090846033, 5.4744057365839485
-7.142476573217668, -11.60007107273002, 2.046350277239701
-0.04407101432988014, 1.7362434078789166, -1.4712124394693828
-6.5988545878949605, 16.7568940935983, -5.018178016266145
-23.60841499892606, 21.128086580049075, -8.67518485117038
-38.61370069332659, 9.971691569545941, -12.268801717420974
-39.20221048707758, -9.901995988921646, -15.931837840725473
-23.25158855541543, -23.641078686756074, -19.452461181151136
-1.204248871460836, -19.653328853013882, -22.877208527179306
10.11625522399193, 1.9432456342067863, -26.44712370195235
10
-4.47565814087139, 0.9000304675556134, 18.929613974265518
-8.059873187061752, 11.815194675285966, 14.982709994621576
-20.837781803680528, 16.854120944930163, 10.987194675978031
-33.433731950687495, 9.309210586580207, 7.061137654639745
-35.167013179852745, -6.149963112411322, 2.992180403675737
-23.438944501594754, -17.611719114061938, -0.98569326195822
-6.19730567030746, -15.615700132178066, -4.697637802613963
3.544288770804758, 0.0879853872131025, -8.320075085904872
-3.180927655630162, 18.56733470149374, -11.91310950910798
-23.071367244599077, 25.256142215042967, -15.396102674203744
-41.64608155019852, 12.93253722554597, -18.942485807953158
-43.63757175644757, -10.593775215986444, -22.439449684649034
-25.3281936881097, -27.45469251815188, -26.05882634422337
0.3244666279357019, -23.202442351894078, -29.774078998195208
13.383962532482933, -0.11901683911476002, -33.34416382342215
9
-6.9605881992477885, 0.6259456392953608, 18.929279467141477
-9.977478103200147, 10.231956275391532, 15.239901663813203
-20.766269537389626, 14.414496663658811, 11.528599664873761
-31.54528598827823, 7.87853432577902, 7.859221161448447
-33.01047581256177, -5.682164484187876, 4.16713190348753
-22.498279633031252, -15.86283566240536, 0.5330418293503951
-6.931450103758622, -13.882584020249691, -3.0522380051765925
1.765943415818026, 0.5648311130489526, -6.62889030825661
-4.63324566430526, 17.46384443161468, -10.203407305225609
-23.05903050857818, 23.354387028868054, -13.773396595826894
-40.114062018075856, 11.771187465992345, -17.344304688937115
-41.72105701157551, -10.078013806107988, -20.9192650245606
-24.579813695697393, -25.65231105964658, -24.496344835534952
-0.6119744735485724, -21.62706883083328, -28.073703647694202
11.7297372873519, 0.678337775210277, -31.647766329499884
6
-9.445518257624187, 0.35186081103510786, 18.928944960017432
-11.895083019338545, 8.648717875497102, 15.49709333300483
-20.694757271098723, 11.97487238238746, 12.070004653769494
-29.656840025868966, 6.447858064977831, 8.657304668257147
-30.8539384452708, -5.214365855964429, 5.342083403299321
-21.55761476446775, -14.11395221074878, 2.05177692065901
-7.665594537209785, -12.149467908321316, -1.4068382077392212
-0.0124019391687058, 1.0416768388848026, -4.93770553060835
-6.085563672980358, 16.36035416173562, -8.493705101343238
-23.04669377255728, 21.45263184269314, -12.150690517450045
-38.58204248595318, 10.60983770643872, -15.746123569921075
-39.80454226670345, -9.562252396229534, -19.39908036447217
-23.831433703285082, -23.84992960114127, -22.93386332684653
-1.548415575032847, -20.051695309772487, -26.373328297193197
10.075512042220872, 1.475692389535314, -29.951368835577615
1
-11.930448316000586, 0.07777598277485487, 18.92861045289339
-13.812687935476939, 7.065479475602669, 15.754285002196456
-20.623245004807817, 9.535248101116109, 12.611409642665224
-27.768394063459702, 5.017181804176643, 9.455388175065847
-28.697401077979823, -4.746567227740983, 6.517034903111112
-20.616949895904252, -12.365068759092201, 3.570512011967625
-8.399738970660946, -10.416351796392938, 0.23856158969815017
-1.7907472941554377, 1.5185225647206526, -3.2465207529600884
-7.537881681655456, 15.256863891856558, -6.784002897460866
-23.034357036536385, 19.55087665651823, -10.527984439073194
-37.050022953830506, 9.448487946885098, -14.147942450905031
-37.888027521831404, -9.04649098635108, -17.87889570438374
-23.083053710872775, -22.04754814263596, -21.37138181815811
-2.484856676517121, -18.476321788711687, -24.672952946692188
8.421286797089842, 2.273047003860351, -28.254971341655345
11
-4.38198235421824, 0.05360812279405658, 16.579125926798937
-7.692652066075317, 10.991640031082689, 12.650992516814139
-20.079026368643742, 16.359261195884525, 8.657086519995435
-32.39607572130956, 9.411374182245014, 4.788951009719483
-34.21164519416019, -5.230722247655671, 0.8726832358368567
-23.375056655568635, -15.992735782308108, -2.889586986574543
-7.4545680677507375, -14.431980855840985, -6.505426490155513
1.797612490979202, -0.12973545594516114, -10.095383399395576
-4.119954749390658, 17.067304499752, -13.6789343903027
-22.497309282209397, 23.67893229151212, -17.248902262106558
-40.082403810702445, 12.409333602885123, -20.82162654143721
-42.32338879120139, -9.738270213415877, -24.3865075483073
-25.15965884356704, -25.861161974031774, -27.977746981230343
-0.9561411771205827, -22.025435287591886, -31.569823417708093
11.688994105580843, 0.21078453053880453, -35.15201146312515
8
-6.8669124125946395, -0.22047670546619647, 16.578791419674896
-9.610256982213713, 9.408401631188255, 12.908184186005766
-20.007514102352836, 13.919636914613172, 9.198491508891165
-30.507629758900297, 7.980697921443825, 5.587034516528183
-32.05510782686922, -4.762923619432225, 2.0476347356486486
-22.434391787005133, -14.24385233065153, -1.3708518952659274
-8.1887125012019, -12.698864743912608, -4.860026692718143
0.019267135992469653, 0.3471102698906888, -8.404198621747316
-5.572272758065756, 15.963814229872941, -11.96923218642033
-22.4849725461885, 21.77717710533721, -15.626196183729707
-38.55038427857977, 11.247983843331502, -19.22344542242117
-40.406874046329335, -9.222508803537423, -22.86632288821887
-24.411278851154734, -24.058780515526465, -26.415265472541925
-1.8925822786048576, -20.450061766531086, -29.869448067207085
10.034768860449814, 1.0081391448638417, -33.45561396920288
7
-9.351842470971038, -0.4945615337264495, 16.578456912550852
-11.527861898352107, 7.825163231293825, 13.165375855197393
-19.936001836061934, 11.480012633341822, 9.739896497786894
-28.61918379649103, 6.5500216606426385, 6.385118023336884
-29.898570459578245, -4.295124991208779, 3.2225862354604398
-21.49372691844163, -12.49496887899495, 0.14788319604268718
-8.922856934653062, -10.965748631984233, -3.2146268952807717
-1.7590782189942624, 0.8239559957265385, -6.713013844099055
-7.024590766740853, 14.86032395999388, -10.25952998253796
-22.472635810167606, 19.8754219191623, -14.003490105352858
-37.018364746457095, 10.086634083777877, -17.625264303405128
-38.490359301457275, -8.706747393658967, -21.34613822813044
-23.66289885874243, -22.256399057021163, -24.852783963853504
-2.8290233800891316, -18.87468824547029, -28.169072716706076
8.380543615318784, 1.8054937591888787, -31.75921647528061
0
-11.836772529347437, -0.7686463619867024, 16.57812240542681
-13.445466814490505, 6.241924831399391, 13.422567524389018
-19.86448956977103, 9.04038835207047, 10.281301486682626
-26.730737834081765, 5.119345399841449, 7.1832015301455865
-27.742033092287265, -3.827326362985333, 4.3975377352722305
-20.553062049878132, -10.746085427338372, 1.666618287351302
-9.657001368104224, -9.232632520055859, -1.5692270978434009
-3.537423573980994, 1.3008017215623888, -5.0218290664507945
-8.47690877541595, 13.756833690114819, -8.549827778655589
-22.460299074146704, 17.973666732987382, -12.38078402697601
-35.48634521433443, 8.925284324224252, -16.027083184389085
-36.57384455658522, -8.190985983780513, -19.825953568042006
-22.91451886633012, -20.454017598515854, -23.290302455165087
-3.7654644815734057, -17.299314724409495, -26.46869736620507
6.726318370187753, 2.602848373513916, -30.062818981358344
