1, 0, 1, 0.2
2, 3, 2, 0.2
3, 5, 4, 0.2
4, 2, 1, 0.2
5, 3, 4, 0.2
6, 0, 5, 0.3
7, 2, 1, 1.8
8, 3, 4, 0.6
9, 0, 1, 0.5
10, 5, 0, 0.6
11, 2, 3, 0.5
12, 2, 1, 0.2
14, 3, 4, 0.2
15, 0, 1, 0.6
16, 2, 3, 0.6
17, 5, 0, 0.9
19, 2, 3, 2.1
20, 4, 5, 0.6
21, 1, 0, 1.7
23, 3, 4, 1.2
24, 0, 5, 0.6
25, 2, 3, 2.6
26, 1, 0, 2.3
27, 4, 3, 1.7
29, 5, 0, 0.6
30, 2, 3, 0.2
34, 4, 3, 3.0
35, 5, 0, 3.0
36, 2, 3, 2.4
37, 1, 2, 1.2
40, 2, 3, 0.5
41, 1, 2, 0.6
42, 0, 5, 0.5
45, 4, 5, 1.8
46, 2, 3, 1.2
50, 3, 4, 1.1
51, 0, 5, 1.2
52, 2, 3, 1.8
56, 4, 5, 1.2
58, 2, 1, 1.8
59, 3, 4, 0.9
62, 3, 4, 1.8
64, 2, 3, 2.3
65, 5, 0, 2.4
67, 4, 5, 2.4
69, 0, 1, 2.1
71, 2, 3, 2.1
13, 4, 5, 0.2, LOOP
18, 2, 1, 0.2, LOOP
22, 2, 1, 0.2, LOOP
28, 2, 1, 0.2, LOOP
31, 1, 0, 0.5, LOOP
32, 4, 5, 0.2, LOOP
33, 2, 1, 0.2, LOOP
38, 4, 5, 0.5, LOOP
39, 1, 0, 0.9, LOOP
43, 4, 3, 0.5, LOOP
44, 1, 0, 1.2, LOOP
47, 1, 0, 1.2, LOOP
48, 2, 1, 0.2, LOOP
49, 4, 5, 0.6, LOOP
53, 1, 2, 0.5, LOOP
54, 0, 1, 1.5, LOOP
55, 2, 3, 0.3, LOOP
57, 1, 0, 1.8, LOOP
60, 0, 5, 0.6, LOOP
61, 2, 1, 0.6, LOOP
63, 0, 1, 1.8, LOOP
66, 2, 1, 1.1, LOOP
68, 3, 2, 0.5, LOOP
70, 4, 3, 1.2, LOOP
72, 0, 1, 2.1, LOOP
73, 5, 4, 1.8, LOOP
74, 2, 1, 1.2, LOOP
Helix 0 has an average crossover density of 24/369 = 0.0650 (1/bp). Target is 0.0700 (1/bp).
Helix 1 has an average crossover density of 29/432 = 0.0671 (1/bp). Target is 0.0700 (1/bp).
Helix 2 has an average crossover density of 29/436 = 0.0665 (1/bp). Target is 0.0700 (1/bp).
Helix 3 has an average crossover density of 25/371 = 0.0674 (1/bp). Target is 0.0700 (1/bp).
Helix 4 has an average crossover density of 21/309 = 0.0680 (1/bp). Target is 0.0700 (1/bp).
Helix 5 has an average crossover density of 20/303 = 0.0660 (1/bp). Target is 0.0700 (1/bp).
