1 2959
2 2958
3 2957
4 2956
5 2955
6 2954
7 2953
8 2952
9 2951
10 2950
11 2949
12 2948
13 2947
14 2946
15 2945
16 2944
17 2943
18 2942
19 2941
20 2940
21 2939
22 2938
23 2937
24 2936
25 2935
26 2934
27 2933
28 2932
29 2931
30 2930
31 2929
32 2928
33 2927
34 2926
35 2925
36 2924
37 2923
38 2922
39 2921
40 2920
41 2919
42 2918
43 2917
44 2916
45 2915
46 2914
47 2395
48 2394
49 2393
50 2392
51 2391
52 2390
53 2389
54 2388
55 2387
56 2765
57 2764
58 2763
59 2762
60 2761
61 2760
62 2759
63 2758
64 2757
65 2756
66 2755
67 2754
68 2753
69 2752
70 2751
71 2750
72 2749
73 2748
74 2747
75 2746
76 2745
77 2744
78 2743
79 2742
80 2741
81 2740
82 2739
83 2738
84 2737
85 2736
86 2735
87 2734
88 2733
89 2732
90 2488
91 2487
92 2486
93 2485
94 2484
95 2483
96 2482
97 2481
98 3195
99 3194
100 3193
101 3192
102 3191
103 3190
104 3189
105 3188
106 3187
107 3186
108 2532
109 2531
110 2530
111 2529
112 2528
113 2527
114 2526
115 2525
116 2524
117 2523
118 2522
119 2521
120 2520
121 4315
122 4314
123 4313
124 4312
125 4311
126 4310
127 4309
128 4308
129 4307
130 4306
131 4305
132 4304
133 4303
134 4302
135 4301
136 4300
137 4299
138 4298
139 4297
140 4296
141 4295
142 4189
143 4188
144 4187
145 4186
146 4185
147 4184
148 4183
149 4160
150 4159
151 4158
152 4157
153 4156
154 4155
155 4154
156 4153
157 4152
158 4151
159 4150
160 4149
161 4148
162 4147
163 2281
164 2280
165 2279
166 2278
167 2277
168 2276
169 2275
170 2274
171 2273
172 2272
173 2271
174 3978
175 3977
176 3976
177 3975
178 3974
179 3973
180 3972
181 3971
182 3946
183 3945
184 3944
185 3943
186 3942
187 3941
188 3940
189 3939
190 3938
191 3937
192 3936
193 3935
194 3934
195 3933
196 3932
197 3931
198 3930
199 3929
200 3928
201 3927
202 3864
203 3863
204 3862
205 3861
206 3860
207 3859
208 3858
209 3857
210 3856
211 3855
212 3854
213 3853
214 3852
215 3851
216 2259
217 2258
218 2257
219 2256
220 2255
221 2254
222 2253
223 2252
224 2251
225 2250
226 2249
227 3571
228 3570
229 3569
230 3568
231 3567
232 3566
233 3565
234 3564
235 3563
236 3562
237 3561
238 3560
239 3559
240 3558
241 3557
242 3556
243 3533
244 3532
245 3531
246 3530
247 3529
248 3528
249 3527
250 3526
251 3525
252 3524
253 3523
254 3522
255 3521
256 3520
257 3519
258 3391
259 3390
260 3389
261 3388
262 3387
263 3386
264 3385
265 3384
266 3356
267 3355
268 3354
269 3353
270 3352
271 3351
272 3350
273 3349
274 3348
275 3347
276 3346
277 3345
278 3344
279 3283
280 3282
281 3281
282 3280
283 3279
284 3278
285 3277
286 3276
287 3113
288 3112
289 3111
290 3110
291 3109
292 3108
293 3107
294 3106
295 3105
296 3104
297 3103
298 3102
299 3101
300 3100
301 3099
302 3098
303 3097
304 3096
305 3095
306 3094
307 3093
310 2248
311 2247
312 2246
313 2245
314 2244
315 2243
316 2242
317 2241
318 2240
319 2239
320 2238
321 2237
322 2236
323 2235
324 3298
325 3297
326 3296
327 3295
328 3294
329 3293
330 3292
331 3291
332 3290
333 3289
334 3288
335 3287
336 3286
337 3285
338 3284
339 3343
340 3342
341 3341
342 3340
343 3339
344 3338
345 3337
346 3336
347 3335
348 3334
349 3333
350 3332
351 3331
352 3399
353 3398
354 3397
355 3396
356 3395
357 3394
358 3393
359 3392
360 3518
361 3517
362 3516
363 3515
364 3514
365 3513
366 3512
367 3511
368 3594
369 3593
370 3592
371 3591
372 3590
373 3589
374 3588
375 3587
376 3586
377 3585
378 3584
379 3583
380 3582
381 3581
382 3580
383 3579
384 3578
385 3577
386 3576
387 3575
388 3574
389 3573
390 3572
391 2270
392 2269
393 2268
394 2267
395 2266
396 2265
397 2264
398 2263
399 2262
400 2261
401 2260
402 3850
403 3849
404 3848
405 3847
406 3846
407 3845
408 3844
409 3778
410 3777
411 3776
412 3775
413 3774
414 3773
415 3772
416 3771
417 3770
418 3769
419 3768
420 3767
421 3766
422 3765
423 3764
424 3763
425 3762
426 3761
427 3760
428 3993
429 3992
430 3991
431 3990
432 3989
433 3988
434 3987
435 3986
436 3985
437 3984
438 3983
439 3982
440 3981
441 3980
442 3979
443 2292
444 2291
445 2290
446 2289
447 2288
448 2287
449 2286
450 2285
451 2284
452 2283
453 2282
454 4146
455 4145
456 4144
457 4143
458 4142
459 4141
460 4140
461 4202
462 4201
463 4200
464 4199
465 4198
466 4197
467 4196
468 4195
469 4194
470 4193
471 4192
472 4191
473 4190
474 4294
475 4293
476 4292
477 4291
478 4290
479 4289
480 4288
481 4287
482 4286
483 4285
484 4284
485 4324
486 4323
487 4322
488 4321
489 4320
490 4319
491 4318
492 4317
493 4316
494 2519
495 2518
496 2517
497 2516
498 2515
499 2514
500 2513
501 2512
502 2511
503 2510
504 2509
505 2508
506 2507
507 2506
508 2505
509 2504
510 2503
511 2502
512 2501
513 2500
514 2499
515 2498
516 2497
517 2496
518 2495
519 2494
520 2493
521 2492
522 2491
523 2490
524 2489
525 2731
526 2730
527 2729
528 2728
529 2727
530 2726
531 2725
532 2724
533 2723
534 2722
535 2721
536 2720
537 2719
538 2718
539 2717
540 2716
541 2715
542 2714
543 2713
544 2712
545 2711
546 2416
547 2415
548 2414
549 2413
550 2412
551 2411
552 2410
553 2409
554 2408
555 2407
556 2406
557 2405
558 2404
559 2403
560 2402
561 2401
562 2400
563 2399
564 2398
565 2397
566 2396
567 2913
568 2912
569 2911
570 2910
571 2909
572 2908
573 2907
574 2906
575 2905
576 2904
577 2903
578 2902
579 2901
580 2900
581 2899
582 2898
583 2897
584 2896
585 2895
586 2894
587 2893
588 2979
589 2978
590 2977
591 2976
592 2975
593 2974
594 2973
595 2972
596 2971
597 2993
598 2992
599 2991
600 2990
601 2989
602 2988
603 2987
604 2986
605 2985
606 2984
607 2983
608 2982
609 2981
610 2980
613 3009
614 3008
615 3007
616 3006
617 3005
618 3004
619 3003
620 3002
621 3001
622 3000
623 2999
624 2998
625 2997
626 2996
627 2995
628 2994
629 2970
630 2969
631 2968
632 2967
633 2966
634 2965
635 2964
636 2963
637 2962
638 2961
639 2960
640 2892
641 2891
642 2890
643 2889
644 2888
645 2887
646 2886
647 2885
648 2884
649 2883
650 2882
651 2881
652 2880
653 2879
654 2878
655 2877
656 2876
657 2875
658 2874
659 2873
660 2872
661 2871
662 2870
663 2869
664 2868
665 2867
666 2866
667 2865
668 2864
669 2863
670 2862
671 2861
672 2860
673 2859
674 2858
675 3080
676 3079
677 3078
678 3077
679 3076
680 3075
681 3074
682 3073
683 3072
684 3071
685 2423
686 2422
687 2421
688 2420
689 2419
690 2418
691 2417
692 2710
693 2709
694 2708
695 2707
696 2706
697 2705
698 2704
699 2703
700 2702
701 2701
702 2700
703 2639
704 2638
705 2637
706 2636
707 2635
708 2634
709 2633
710 2632
711 2631
712 2630
713 2629
714 2628
715 2627
716 2626
717 2625
718 2624
719 2623
720 2622
721 2621
722 2620
723 2619
724 2618
725 2617
726 2616
727 2615
728 3058
729 3057
730 3056
731 3055
732 3054
733 3053
734 3052
735 3051
736 3050
737 3049
738 3037
739 3036
740 3035
741 3034
742 3033
743 3032
744 3031
745 3030
746 3029
747 3018
748 3017
749 3016
750 3015
751 3014
752 3013
753 3012
754 3011
755 3010
756 4335
757 4334
758 4333
759 4332
760 4331
761 4330
762 4329
763 4328
764 4327
765 4326
766 4325
767 4283
768 4282
769 4281
770 4280
771 4279
772 4278
773 4277
774 4276
775 4275
776 4274
777 4273
778 4272
779 4271
780 4219
781 4218
782 4217
783 4216
784 4215
785 4214
786 4213
787 4212
788 4211
789 4210
790 4209
791 4208
792 4207
793 4206
794 4205
795 4204
796 4203
797 4139
798 4138
799 4137
800 4136
801 4135
802 4134
803 4133
804 4132
805 4131
806 4130
807 4129
808 4128
809 4127
810 4022
811 4021
812 4020
813 4019
814 4018
815 4017
816 4016
817 4015
818 4014
819 4013
820 4012
821 4011
822 4010
823 4009
824 4008
825 4007
826 4006
827 4005
828 4004
829 4003
830 4002
831 4001
832 4000
833 3999
834 3998
835 3997
836 3996
837 3995
838 3994
839 3759
840 3758
841 3757
842 3756
843 3755
844 3754
845 3753
846 3752
847 3751
848 3750
849 3749
850 3748
851 3747
852 3746
853 3745
854 3785
855 3784
856 3783
857 3782
858 3781
859 3780
860 3779
861 3843
862 3842
863 3841
864 3840
865 3839
866 3838
867 3837
868 3836
869 3835
870 3834
871 3833
872 3686
873 3685
874 3684
875 3683
876 3682
877 3681
878 3680
879 3679
880 3678
881 3677
882 3676
883 3675
884 3674
885 3673
886 3672
887 3671
888 3670
889 3669
890 3668
891 3667
892 3666
893 3665
894 3664
895 3612
896 3611
897 3610
898 3609
899 3608
900 3607
901 3606
902 3605
903 3604
904 3603
905 3602
906 3601
907 3600
908 3599
909 3598
910 3597
911 3596
912 3595
913 3510
914 3509
915 3508
916 3507
917 3506
918 3505
919 3504
920 3503
921 3502
922 3501
923 3500
924 3408
925 3407
926 3406
927 3405
928 3404
929 3403
930 3402
931 3401
932 3400
933 3330
934 3329
935 3328
936 3327
937 3326
938 3325
939 3324
940 3323
941 3322
942 3321
943 3320
944 3319
945 3318
946 3317
947 3316
948 3315
949 3314
950 3313
951 3312
952 3311
953 3310
954 3309
955 3308
956 3307
957 3306
958 3305
959 3304
960 3303
961 3302
962 3301
963 3300
964 3299
965 2234
966 2233
967 2232
968 2231
969 2230
970 2229
971 2228
972 2227
973 2226
974 2225
975 2224
976 2223
977 2222
978 2221
979 2220
982 3165
983 3164
984 3163
985 3162
986 3161
987 3160
988 3159
989 990
991 3156
992 3155
993 3154
994 3153
995 3152
996 3151
997 3150
998 999
1000 3147
1001 3146
1002 3145
1003 3144
1004 3143
1005 3142
1006 3141
1007 1008
1009 3138
1010 3137
1011 3257
1012 3256
1013 3255
1014 3254
1015 1016
1017 3251
1018 3250
1019 3249
1020 3248
1021 3247
1022 3246
1023 1024
1025 3243
1026 3242
1027 3241
1028 3240
1029 3239
1030 1031
1032 3422
1033 3421
1034 3420
1035 3419
1036 3418
1037 3417
1038 1039
1040 3414
1041 3413
1042 3412
1043 3411
1044 1045
1046 3499
1047 3498
1048 3497
1049 1050
1051 3494
1052 3493
1053 3466
1054 3465
1055 1056
1057 3462
1058 3461
1059 3460
1060 3459
1061 1062
1063 3456
1064 3455
1065 3454
1066 1067
1068 3451
1069 3450
1070 3449
1071 3448
1072 1073
1074 3619
1075 3618
1076 3617
1077 1078
1079 3614
1080 3613
1081 3663
1082 3662
1083 1084
1085 3659
1086 3658
1087 3657
1088 3656
1089 3655
1090 3654
1091 3653
1092 1093
1094 3650
1095 3699
1096 3698
1097 3697
1098 1099
1100 3694
1101 3693
1102 3692
1103 3691
1104 1105
1106 3688
1107 3687
1108 3832
1109 3831
1110 1111
1112 3828
1113 3827
1114 3826
1115 3800
1116 1117
1118 3797
1119 3796
1120 3795
1121 3794
1122 1123
1124 3791
1125 3790
1126 3789
1127 3788
1128 1129
1130 3744
1131 3743
1132 3742
1133 3741
1134 1135
1136 3738
1137 3906
1138 3905
1139 3904
1140 1141
1142 3901
1143 3900
1144 3899
1145 3898
1146 3897
1147 3896
1148 1149
1150 3893
1151 3892
1152 3891
1153 3890
1154 1155
1156 3887
1157 3886
1158 3185
1159 3184
1160 1161
1162 3181
1163 3180
1164 3179
1165 3178
1166 1167
1168 4036
1169 4035
1170 4034
1171 4033
1172 1173
1174 4030
1175 4029
1176 4028
1177 4027
1178 1179
1180 4024
1181 4023
1182 4126
1183 4125
1184 4124
1185 1186
1187 4121
1188 4120
1189 4119
1190 4118
1191 1192
1193 4115
1194 4114
1195 4113
1196 4112
1197 4111
1198 4110
1199 4109
1200 4108
1201 4107
1202 1203
1204 4104
1205 4103
1206 4102
1207 4101
1208 1209
1210 4226
1211 4225
1212 4224
1213 4223
1214 1215
1216 4220
1217 4270
1218 4269
1219 4268
1220 4267
1221 1222
1223 4264
1224 4263
1225 4262
1226 4261
1227 1228
1229 4258
1230 4350
1231 4349
1232 4348
1233 1234
1235 4345
1236 4344
1237 4343
1238 4342
1239 1240
1241 4339
1242 4338
1243 4337
1244 4336
1245 1246
1247 3026
1248 3025
1249 3024
1250 3023
1251 3022
1252 3021
1253 3020
1254 3019
1255 3048
1256 1257
1258 3045
1259 3044
1260 3043
1261 3042
1262 1263
1264 3039
1265 3038
1266 3070
1267 3069
1268 1269
1270 3066
1271 3065
1272 3064
1273 3063
1274 1275
1276 3060
1277 3059
1278 2614
1279 2613
1280 1281
1282 2610
1283 2609
1284 2608
1285 2607
1286 1287
1288 2604
1289 2603
1290 2602
1291 2601
1292 1293
1294 2653
1295 2652
1296 2651
1297 2650
1298 1299
1300 2647
1301 2646
1302 2645
1303 2644
1304 1305
1306 2641
1307 2640
1308 2699
1309 2698
1310 2697
1311 1312
1313 2694
1314 2693
1315 2692
1316 1317
1318 2689
1319 2688
1320 2687
1321 2686
1322 1323
1324 2429
1325 2428
1326 2427
1327 2426
1328 1329
1330 3092
1331 3091
1332 3090
1333 1334
1335 3087
1336 3086
1337 3085
1338 3084
1339 1340
1341 3081
1342 2857
1343 2856
1344 2855
1345 1346
1347 2852
1348 2851
1349 2850
1350 2849
1351 1352
1353 2846
1354 2845
1355 2844
1356 2843
1357 1358
1359 2840
1360 2839
1361 2838
1362 2837
1363 2836
1364 2835
1365 2834
1366 2833
1367 2832
1368 1369
1370 2829
1371 2828
1372 2827
1373 2826
1374 2825
1375 2824
1376 1377
1378 2326
1379 2325
1380 2324
1381 2323
1382 2322
1383 2321
1384 1385
1386 2318
1387 2317
1388 2316
1389 2315
1390 2314
1391 2313
1392 2312
1393 2311
1394 1395
1396 2308
1397 2307
1398 2306
1399 2305
1400 2304
1401 2303
1402 2302
1403 2301
1404 1405
1406 2298
1407 2297
1408 2296
1409 2295
1410 2294
1411 2293
1414 4427
1415 4426
1416 1417
1418 4423
1419 4422
1420 4421
1421 4420
1422 4419
1423 4418
1424 4417
1425 1426
1427 4414
1428 4413
1429 4412
1430 4411
1431 4410
1432 4409
1433 4408
1434 1435
1436 2339
1437 2338
1438 2337
1439 2336
1440 2335
1441 2334
1442 2333
1443 1444
1445 2330
1446 2329
1447 2328
1448 2327
1449 2821
1450 2820
1451 1452
1453 2817
1454 2816
1455 2815
1456 2814
1457 2813
1458 1459
1460 2810
1461 2809
1462 2808
1463 2807
1464 2806
1465 2805
1466 1467
1468 2802
1469 2801
1470 2800
1471 2799
1472 1473
1474 2796
1475 2795
1476 2794
1477 2793
1478 1479
1480 2790
1481 2789
1482 2788
1483 2787
1484 1485
1486 2784
1487 2783
1488 2782
1489 1490
1491 2779
1492 2778
1493 2777
1494 1495
1496 2774
1497 2436
1498 2435
1499 2434
1500 1501
1502 2431
1503 2430
1504 2683
1505 1506
1507 2680
1508 2679
1509 2678
1510 1511
1512 2675
1513 2674
1514 2673
1515 2672
1516 1517
1518 2669
1519 2668
1520 2667
1521 2666
1522 2665
1523 2664
1524 2663
1525 1526
1527 2660
1528 2659
1529 2658
1530 2657
1531 1532
1533 2654
1534 2598
1535 2597
1536 2596
1537 1538
1539 2593
1540 2592
1541 2591
1542 1543
1544 2588
1545 2587
1546 2586
1547 2585
1548 1549
1550 2582
1551 2581
1552 2580
1553 2579
1554 1555
1556 2576
1557 2575
1558 2574
1559 1560
1561 2571
1562 2570
1563 2569
1564 2568
1565 1566
1567 2565
1568 2564
1569 2563
1570 2562
1571 1572
1573 2559
1574 2558
1575 2557
1576 2556
1577 2555
1578 2554
1579 2553
1580 1581
1582 2550
1583 4366
1584 4365
1585 4364
1586 1587
1588 4361
1589 4360
1590 4359
1591 4358
1592 1593
1594 4355
1595 4354
1596 4353
1597 1598
1599 4257
1600 4256
1601 4255
1602 4254
1603 1604
1605 4251
1606 4250
1607 4249
1608 4248
1609 1610
1611 4234
1612 4233
1613 4232
1614 1615
1616 4229
1617 4228
1618 4227
1619 4182
1620 1621
1622 4179
1623 4178
1624 4177
1625 4176
1626 1627
1628 4173
1629 4172
1630 4171
1631 4170
1632 4169
1633 4088
1634 4087
1635 4086
1636 1637
1638 4083
1639 4082
1640 4081
1641 1642
1643 4078
1644 4054
1645 4053
1646 4052
1647 1648
1649 4049
1650 4048
1651 4047
1652 4046
1653 1654
1655 4043
1656 4042
1657 4041
1658 1659
1660 4038
1661 4037
1662 3175
1663 3174
1664 1665
1666 3171
1667 3170
1668 3169
1669 3168
1670 1671
1672 3970
1673 3969
1674 3968
1675 1676
1677 3965
1678 3964
1679 3963
1680 3962
1681 1682
1683 3959
1684 3958
1685 3914
1686 3913
1687 3912
1688 3911
1689 3910
1690 3909
1691 1692
1693 3885
1694 3884
1695 3883
1696 3882
1697 1698
1699 3879
1700 3878
1701 3877
1702 1703
1704 3874
1705 3873
1706 3872
1707 3807
1708 1709
1710 3804
1711 3803
1712 3802
1713 3801
1714 1715
1716 3823
1717 3822
1718 3821
1719 1720
1721 3713
1722 3712
1723 3711
1724 3710
1725 1726
1727 3707
1728 3706
1729 3705
1730 3704
1731 1732
1733 3701
1734 3700
1735 3649
1736 1737
1738 3646
1739 3645
1740 3644
1741 3643
1742 3642
1743 3641
1744 3640
1745 3639
1746 3638
1747 1748
1749 3626
1750 3625
1751 3624
1752 1753
1754 3621
1755 3620
1756 3555
1757 1758
1759 3552
1760 3551
1761 3550
1762 3549
1763 1764
1765 3546
1766 3545
1767 3544
1768 1769
1770 3473
1771 3472
1772 3471
1773 1774
1775 3468
1776 3467
1777 3492
1778 3491
1779 1780
1781 3488
1782 3487
1783 3486
1784 3436
1785 1786
1787 3433
1788 3432
1789 3431
1790 3430
1791 1792
1793 3427
1794 3426
1795 3425
1796 3424
1797 3423
1798 1799
1800 3381
1801 3380
1802 3379
1803 3378
1804 3377
1805 1806
1807 3374
1808 3373
1809 3372
1810 3371
1811 3265
1812 1813
1814 3262
1815 3261
1816 3260
1817 3259
1818 3258
1819 3136
1820 3135
1821 1822
1823 3132
1824 3131
1825 3130
1826 3129
1827 3128
1828 3127
1829 3126
1830 1831
1832 3123
1833 3222
1834 3221
1835 3220
1836 3219
1837 3218
1838 3217
1839 1840
1841 3214
1842 3213
1843 3212
1844 3211
1845 3210
1846 3209
1847 3208
1850 3236
1851 3235
1852 3234
1853 3233
1854 3232
1855 3231
1856 3230
1857 3229
1858 3228
1859 3227
1860 3226
1861 3225
1862 3224
1863 3223
1864 3122
1865 3121
1866 3120
1867 3119
1868 3118
1869 3117
1870 3116
1871 3115
1872 3114
1873 3275
1874 3274
1875 3273
1876 3272
1877 3271
1878 3270
1879 3269
1880 3268
1881 3267
1882 3266
1883 3370
1884 3369
1885 3368
1886 3367
1887 3366
1888 3365
1889 3364
1890 3363
1891 3362
1892 3361
1893 3360
1894 3359
1895 3358
1896 3357
1897 3445
1898 3444
1899 3443
1900 3442
1901 3441
1902 3440
1903 3439
1904 3438
1905 3437
1906 3485
1907 3484
1908 3483
1909 3482
1910 3481
1911 3480
1912 3479
1913 3478
1914 3477
1915 3476
1916 3475
1917 3474
1918 3541
1919 3540
1920 3539
1921 3538
1922 3537
1923 3536
1924 3535
1925 3534
1926 3635
1927 3634
1928 3633
1929 3632
1930 3631
1931 3630
1932 3629
1933 3628
1934 3627
1935 3737
1936 3736
1937 3735
1938 3734
1939 3733
1940 3732
1941 3731
1942 3730
1943 3729
1944 3728
1945 3727
1946 3726
1947 3725
1948 3724
1949 3723
1950 3722
1951 3721
1952 3720
1953 3719
1954 3718
1955 3717
1956 3716
1957 3715
1958 3714
1959 3818
1960 3817
1961 3816
1962 3815
1963 3814
1964 3813
1965 3812
1966 3811
1967 3810
1968 3809
1969 3808
1970 3871
1971 3870
1972 3869
1973 3868
1974 3867
1975 3866
1976 3865
1977 3926
1978 3925
1979 3924
1980 3923
1981 3922
1982 3921
1983 3920
1984 3919
1985 3918
1986 3917
1987 3916
1988 3915
1989 3957
1990 3956
1991 3955
1992 3954
1993 3953
1994 3952
1995 3951
1996 3950
1997 3949
1998 3948
1999 3947
2000 4077
2001 4076
2002 4075
2003 4074
2004 4073
2005 4072
2006 4071
2007 4070
2008 4069
2009 4068
2010 4067
2011 4066
2012 4065
2013 4064
2014 4063
2015 4062
2016 4061
2017 4060
2018 4059
2019 4058
2020 4057
2021 4056
2022 4055
2023 4098
2024 4097
2025 4096
2026 4095
2027 4094
2028 4093
2029 4092
2030 2031
2032 4089
2033 4168
2034 4167
2035 4166
2036 4165
2037 4164
2038 4163
2039 4162
2040 4161
2041 4245
2042 4244
2043 4243
2044 4242
2045 4241
2046 4240
2047 4239
2048 4238
2049 4237
2050 4236
2051 4235
2052 4389
2053 4388
2054 4387
2055 4386
2056 4385
2057 4384
2058 4383
2059 4382
2060 4381
2061 4380
2062 4379
2063 4378
2064 4377
2065 4376
2066 4375
2067 4374
2068 4373
2069 4372
2070 4371
2071 4370
2072 4369
2073 4368
2074 4367
2075 2549
2076 2548
2077 2547
2078 2079
2080 2544
2081 2543
2082 2542
2083 2541
2084 2540
2085 2539
2086 2538
2087 2537
2088 2536
2089 2535
2090 2534
2091 2533
2092 3207
2093 3206
2094 3205
2095 3204
2096 3203
2097 3202
2098 3201
2099 3200
2100 3199
2101 3198
2102 3197
2103 3196
2104 2480
2105 2479
2106 2478
2107 2477
2108 2476
2109 2475
2110 2474
2111 2473
2112 2472
2113 2471
2114 2470
2115 2469
2116 2468
2117 2467
2118 2466
2119 2465
2120 2464
2121 2463
2122 2462
2123 2461
2124 2460
2125 2459
2126 2458
2127 2457
2128 2456
2129 2455
2130 2454
2131 2453
2132 2452
2133 2451
2134 2450
2135 2449
2136 2448
2137 2447
2138 2446
2139 2445
2140 2444
2141 2443
2142 2442
2143 2441
2144 2440
2145 2439
2146 2438
2147 2437
2148 2773
2149 2772
2150 2771
2151 2770
2152 2769
2153 2768
2154 2767
2155 2766
2156 2386
2157 2385
2158 2384
2159 2383
2160 2382
2161 2381
2162 2380
2163 2379
2164 2378
2165 2377
2166 2376
2167 2375
2168 2374
2169 2373
2170 2372
2171 2371
2172 2370
2173 2369
2174 2368
2175 2367
2176 2366
2177 2365
2178 2364
2179 2363
2180 2362
2181 2361
2182 2360
2183 2359
2184 2358
2185 2357
2186 2356
2187 2355
2188 2354
2189 2353
2190 2352
2191 2351
2192 2350
2193 2349
2194 2348
2195 2347
2196 2346
2197 2345
2198 2344
2199 2343
2200 2342
2201 4407
2202 4406
2203 4405
2204 4404
2205 4403
2206 4402
2207 4401
2208 4400
2209 4399
2210 4398
2211 4397
2212 4396
2213 4395
2214 4394
2215 4393
2216 4392
2217 4391
2218 4390
