1 7808
2 7807
3 7806
4 7805
5 7804
6 7803
7 7802
8 7801
9 7800
10 7799
11 7798
12 7797
13 7796
14 7795
15 7769
16 7768
17 7767
18 7766
19 7765
20 7764
21 7763
22 7762
23 7761
24 7760
25 7759
26 13252
27 13251
28 13250
29 13249
30 13248
31 13247
32 13246
33 13245
34 13244
35 13243
36 13242
37 13241
38 13240
39 13239
40 13238
41 13237
42 13236
43 13057
44 13056
45 13055
46 13054
47 13053
48 13052
49 13051
50 13050
51 13049
52 13048
53 13047
54 13046
55 13045
56 13044
57 13021
58 13020
59 13019
60 13018
61 13017
62 13016
63 13015
64 13014
65 13013
66 13012
67 13011
68 13010
69 13009
70 13008
71 13007
72 13006
73 13005
74 13004
75 7620
76 7619
77 7618
78 7617
79 7616
80 7615
81 7614
82 7613
83 7612
84 7611
85 12781
86 12780
87 12779
88 12778
89 12777
90 12776
91 12775
92 12774
93 12773
94 12772
95 12771
96 12770
97 12769
98 12768
99 12767
100 12875
101 12874
102 12873
103 12872
104 12871
105 12870
106 12869
107 12868
108 12867
109 12866
110 12865
111 12864
112 12863
113 12862
114 12861
115 12860
116 12679
117 12678
118 12677
119 12676
120 12675
121 12674
122 12673
123 12672
124 12671
125 12670
126 12669
127 12668
128 12667
129 12666
130 12665
131 12664
132 12663
133 12662
134 12661
135 12660
136 12659
137 12658
138 12657
139 12656
140 12655
141 12654
142 12653
143 12652
144 12651
145 12650
146 12649
147 12648
148 12647
149 12646
150 12645
151 7747
152 7746
153 7745
154 7744
155 7743
156 7742
157 7741
158 7740
159 7739
160 7738
161 7737
162 7726
163 7725
164 7724
165 7723
166 7722
167 7721
168 7720
169 7719
170 7718
171 7717
172 7716
173 12445
174 12444
175 12443
176 12442
177 12441
178 12440
179 12439
180 12438
181 12437
182 12436
183 12435
184 12434
185 12433
186 12432
187 12431
188 12430
189 12429
190 12492
191 12491
192 12490
193 12489
194 12488
195 12487
196 12486
197 12485
198 12484
199 12483
200 12482
201 12481
202 12480
203 12479
204 12478
205 12224
206 12223
207 12222
208 12221
209 12220
210 12219
211 12218
212 12217
213 12216
214 12215
215 12214
216 12213
217 12212
218 12211
219 12210
220 12209
221 7599
222 7598
223 7597
224 7596
225 7595
226 7594
227 7593
228 7592
229 7591
230 7590
231 7589
232 12100
233 12099
234 12098
235 12097
236 12096
237 12095
238 12094
239 12093
240 12092
241 12091
242 12090
243 12089
244 12088
245 12087
246 12086
247 11972
248 11971
249 11970
250 11969
251 11968
252 11967
253 11966
254 11965
255 11964
256 11963
257 11962
258 11961
259 11960
260 11959
261 11958
262 11957
263 11956
264 11955
265 11954
266 11953
267 11952
268 11951
269 11950
270 11949
271 11948
272 11947
273 11757
274 11756
275 11755
276 11754
277 11753
278 11752
279 11751
280 11750
281 11749
282 11748
283 11747
284 11746
285 11745
286 11744
287 11743
288 11742
289 11741
290 11740
291 11739
292 11738
293 11737
294 11736
295 11735
296 11734
297 11733
298 11732
299 11731
300 11677
301 11676
302 11675
303 11674
304 11673
305 11672
306 11671
307 11670
308 11669
309 11668
310 11667
311 11666
312 11665
313 11664
314 11663
315 11662
316 11661
317 11660
318 11659
319 11658
320 11657
321 11656
322 11655
323 11654
324 11653
325 11652
326 11651
327 11650
328 11649
329 11648
330 11647
331 11646
332 11645
333 11644
334 11643
335 11642
336 11641
337 11471
338 11470
339 11469
340 11468
341 11467
342 11466
343 11465
344 11434
345 11433
346 11432
347 11431
348 11430
349 11429
350 11428
351 11427
352 11426
353 11425
354 11424
355 11423
356 11422
357 11421
358 7576
359 7575
360 7574
361 7573
362 7572
363 7571
364 7570
365 7569
366 7568
367 7567
368 7566
369 7554
370 7553
371 7552
372 7551
373 7550
374 7549
375 7548
376 7547
377 7546
378 7545
379 7534
380 7533
381 7532
382 7531
383 7530
384 7529
385 7528
386 7527
387 7526
388 7525
389 11269
390 11268
391 11267
392 11266
393 11265
394 11264
395 11263
396 8122
397 8121
398 8120
399 8119
400 8118
401 8117
402 8116
403 8115
404 8114
405 8113
406 8112
407 8111
408 8110
409 8169
410 8168
411 8167
412 8166
413 8165
414 8164
415 8163
416 8162
417 8161
418 8160
419 8159
420 8158
421 8157
422 8156
423 8155
424 8154
425 8153
426 11198
427 11197
428 11196
429 11195
430 11194
431 11193
432 11192
433 11191
434 11190
435 11189
436 11188
437 11187
438 11186
439 11185
440 11184
441 11183
442 11182
443 11181
444 11180
445 11179
446 11178
447 11177
448 11176
449 11175
450 11174
451 11173
452 11172
453 11171
454 11170
455 11169
456 11168
457 11167
458 11166
459 11165
460 11164
461 11163
462 11162
463 10895
464 10894
465 10893
466 10892
467 10891
468 10890
469 10889
470 10888
471 10887
472 10886
473 10885
474 10884
475 10883
476 10882
477 10881
478 10880
479 10879
480 10878
481 10857
482 10856
483 10855
484 10854
485 10853
486 10852
487 10851
488 10850
489 10849
490 10848
491 10847
492 10846
493 10845
494 10844
495 10801
496 10800
497 10799
498 10798
499 10797
500 10796
501 10795
502 10709
503 10708
504 10707
505 10706
506 10705
507 10704
508 10703
509 10702
510 10701
511 10700
512 10699
513 10698
514 10697
515 10696
516 10695
517 10694
518 10693
519 10692
520 10691
521 10690
522 10689
523 10688
524 10687
525 7514
526 7513
527 7512
528 7511
529 7510
530 7509
531 7508
532 7507
533 7506
534 7505
535 10571
536 10570
537 10569
538 10568
539 10567
540 10566
541 10565
542 10564
543 10563
544 10527
545 10526
546 10525
547 10524
548 10523
549 10522
550 10521
551 10520
552 10519
553 10518
554 10517
555 10516
556 10515
557 10514
558 10513
559 10512
560 10511
561 10510
562 10509
563 10508
564 10507
565 10506
566 10505
567 10504
568 10503
569 10502
570 10501
571 10500
572 10499
573 10498
574 10497
575 10496
576 10495
577 10494
578 10493
579 10492
580 10491
581 10490
582 10489
583 10488
584 10487
585 10486
586 10485
587 10484
588 10483
589 10482
590 10481
591 10480
592 10479
593 10478
594 10477
595 10476
596 10475
597 10474
598 10473
599 10472
600 10471
601 10470
602 10469
603 10468
604 10467
605 10466
606 10465
607 10464
608 10463
609 10462
610 7493
611 7492
612 7491
613 7490
614 7489
615 7488
616 7487
617 7486
618 7485
619 7484
620 7472
621 7471
622 7470
623 7469
624 7468
625 7467
626 7466
627 7465
628 7464
629 7463
630 7451
631 7450
632 7449
633 7448
634 7447
635 7446
636 7445
637 7444
638 7443
639 7442
640 7431
641 7430
642 7429
643 7428
644 7427
645 7426
646 7425
647 7424
648 7423
649 9763
650 9762
651 9761
652 9760
653 9759
654 9758
655 9757
656 9756
657 9755
658 9754
659 9753
660 9752
661 9751
662 9750
663 9749
664 9748
665 9747
666 9746
667 9745
668 9744
669 9743
670 9742
671 9741
672 9740
673 9739
674 9738
675 9853
676 9852
677 9851
678 9850
679 9849
680 9848
681 9847
682 9846
683 9845
684 9885
685 9884
686 9883
687 9882
688 9881
689 9880
690 9879
691 9878
692 9877
693 9876
694 9875
695 9874
696 7919
697 7918
698 7917
699 7916
700 7915
701 7914
702 7913
703 7912
704 7911
705 7954
706 7953
707 7952
708 7951
709 7950
710 7949
711 7948
712 7947
713 7946
714 7945
715 7944
716 7943
717 7942
718 9707
719 9706
720 9705
721 9704
722 9703
723 9702
724 9701
725 9700
726 9699
727 9698
728 9697
729 9696
730 9695
731 9694
732 9693
733 9692
734 7407
735 7406
736 7405
737 7404
738 7403
739 7402
740 7401
741 7400
742 7399
743 7398
744 7397
745 7396
746 7395
747 7394
748 7393
749 7392
750 7391
751 7390
752 7389
753 7388
754 7387
755 7386
756 7385
757 9479
758 9478
759 9477
760 9476
761 9475
762 9474
763 9473
764 9472
765 9471
766 9470
767 9469
768 9468
769 9467
770 9424
771 9423
772 9422
773 9421
774 9420
775 9419
776 9418
777 9417
778 9416
779 9415
780 9414
781 9413
782 9412
783 9411
784 9410
785 9409
786 9408
787 9407
788 9366
789 9365
790 9364
791 9363
792 9362
793 9361
794 9360
795 9359
796 9358
797 9357
798 9356
799 9355
800 9354
801 9353
802 9352
803 9351
804 9350
805 9349
806 9348
807 9347
808 9346
809 9345
810 9344
811 9343
812 9342
813 9341
814 9340
815 9339
816 9338
817 9103
818 9102
819 9101
820 9100
821 9099
822 9098
823 9097
824 9096
825 9095
826 9094
827 9093
828 9092
829 9091
830 9090
831 9089
832 9088
833 7704
834 7703
835 7702
836 7701
837 7700
838 7699
839 7698
840 7697
841 7696
842 7695
843 7694
844 7683
845 7682
846 7681
847 7680
848 7679
849 7678
850 7677
851 7676
852 7675
853 7674
854 9055
855 9054
856 9053
857 9052
858 9051
859 9050
860 9049
861 9048
862 7320
863 7319
864 7318
865 7317
866 7316
867 7315
868 7314
869 7313
870 7312
871 7311
872 8934
873 8933
874 8932
875 8931
876 8930
877 8929
878 8928
879 8927
880 8926
881 8925
882 8924
883 8923
884 8922
885 8921
886 8892
887 8891
888 8890
889 8889
890 8888
891 8887
892 8886
893 8885
894 8743
895 8742
896 8741
897 8740
898 8739
899 8738
900 8737
901 8736
902 8735
903 8734
904 8733
905 8732
906 8731
907 8699
908 8698
909 8697
910 8696
911 8695
912 8694
913 8693
914 8559
915 8558
916 8557
917 8556
918 8555
919 8554
920 8553
921 8552
922 8551
923 8550
924 8549
925 8548
926 8547
927 8546
928 7662
929 7661
930 7660
931 7659
932 7658
933 7657
934 7656
935 7655
936 7654
937 7653
938 7652
939 7641
940 7640
941 7639
942 7638
943 7637
944 7636
945 7635
946 7634
947 7633
948 7632
949 8525
950 8524
951 8523
952 8522
953 8521
954 8520
955 8519
956 6763
957 6762
958 6761
959 6760
960 6759
961 6758
962 6757
963 6756
964 6755
965 6754
966 6753
967 6752
968 6751
969 6750
970 6695
971 6694
972 6693
973 6692
974 6691
975 6690
976 6689
977 6688
978 6687
979 6686
980 6685
981 6684
982 6683
983 6682
984 6681
985 6680
986 6679
987 6678
988 6677
989 6676
990 6675
991 6674
992 6673
993 6672
994 6671
995 6670
996 6669
997 6668
998 6667
1001 6856
1002 6855
1003 6854
1004 6853
1005 6852
1006 6851
1007 6850
1008 6849
1009 6848
1010 6847
1011 6846
1012 6845
1013 6844
1014 6804
1015 6803
1016 6802
1017 6801
1018 6800
1019 6799
1020 6798
1021 6797
1022 6796
1023 6795
1024 6794
1025 6793
1026 6792
1027 6791
1028 6790
1029 6789
1030 6788
1031 6787
1032 6786
1033 6785
1034 6784
1035 6783
1036 6782
1037 6781
1038 6780
1039 6779
1040 6778
1041 6777
1042 6776
1043 6775
1044 6774
1045 6773
1046 6772
1047 6771
1048 6770
1049 6769
1050 6768
1051 6767
1052 6766
1053 6765
1054 6764
1055 8518
1056 8517
1057 8516
1058 8515
1059 8514
1060 8513
1061 8512
1062 8511
1063 8510
1064 8509
1065 8508
1066 8507
1067 8506
1068 8505
1069 8504
1070 8503
1071 8502
1072 8501
1073 8500
1074 8499
1075 8498
1076 8497
1077 8496
1078 8495
1079 8494
1080 8625
1081 8624
1082 8623
1083 8622
1084 8621
1085 8620
1086 8619
1087 8618
1088 8617
1089 8616
1090 8615
1091 8614
1092 8613
1093 8612
1094 8611
1095 8610
1096 8609
1097 8608
1098 8607
1099 8606
1100 8567
1101 8566
1102 8565
1103 8564
1104 8563
1105 8562
1106 8561
1107 8560
1108 8692
1109 8691
1110 8690
1111 8689
1112 8688
1113 8687
1114 8686
1115 8685
1116 8684
1117 8683
1118 8682
1119 8756
1120 8755
1121 8754
1122 8753
1123 8752
1124 8751
1125 8750
1126 8749
1127 8748
1128 8747
1129 8746
1130 8745
1131 8744
1132 8884
1133 8883
1134 8882
1135 8881
1136 8880
1137 8879
1138 8878
1139 8877
1140 8876
1141 8875
1142 8874
1143 8873
1144 8872
1145 8871
1146 8870
1147 8869
1148 8868
1149 8867
1150 8866
1151 8865
1152 8941
1153 8940
1154 8939
1155 8938
1156 8937
1157 8936
1158 8935
1159 7331
1160 7330
1161 7329
1162 7328
1163 7327
1164 7326
1165 7325
1166 7324
1167 7323
1168 7322
1169 7321
1170 9047
1171 9046
1172 9045
1173 9044
1174 9043
1175 9042
1176 9041
1177 9040
1178 9039
1179 9038
1180 9037
1181 9036
1182 9143
1183 9142
1184 9141
1185 9140
1186 9139
1187 9138
1188 9137
1189 9136
1190 9135
1191 9134
1192 9133
1193 9132
1194 9131
1195 9130
1196 9129
1197 9128
1198 9127
1199 9126
1200 9125
1201 9124
1202 9123
1203 9122
1204 9121
1205 9120
1206 9119
1207 9118
1208 9117
1209 9116
1210 9115
1211 9114
1212 9113
1213 9112
1214 9111
1215 9110
1216 9109
1217 9108
1218 9107
1219 9106
1220 9105
1221 9104
1222 9337
1223 9336
1224 9335
1225 9334
1226 9333
1227 9332
1228 9331
1229 9330
1230 9329
1231 9328
1232 9327
1233 9326
1234 9325
1235 9324
1236 9323
1237 6982
1238 6981
1239 6980
1240 6979
1241 6978
1242 6977
1243 6976
1244 6975
1245 6974
1246 6973
1247 9374
1248 9373
1249 9372
1250 9371
1251 9370
1252 9369
1253 9368
1254 9367
1255 9406
1256 9405
1257 9404
1258 9403
1259 9402
1260 9401
1261 9400
1262 9399
1263 9398
1264 9397
1265 9396
1266 9503
1267 9502
1268 9501
1269 9500
1270 9499
1271 9498
1272 9497
1273 9496
1274 9495
1275 9494
1276 9493
1277 9492
1278 9491
1279 9490
1280 9489
1281 9488
1282 9487
1283 9486
1284 9485
1285 9484
1286 9483
1287 9482
1288 9481
1289 9480
1290 7384
1291 7383
1292 7382
1293 7381
1294 7380
1295 7379
1296 7378
1297 7377
1298 7376
1299 7375
1300 7374
1301 7422
1302 7421
1303 7420
1304 7419
1305 7418
1306 7417
1307 7416
1308 7415
1309 7414
1310 7413
1311 7412
1312 7411
1313 7410
1314 7409
1315 7408
1316 9691
1317 9690
1318 9689
1319 9688
1320 9687
1321 9686
1322 9685
1323 9684
1324 9683
1325 9682
1326 9681
1327 9680
1328 9679
1329 9678
1330 9677
1331 7021
1332 7020
1333 7019
1334 7018
1335 7017
1336 7016
1337 7015
1338 7014
1339 7013
1340 7012
1341 7962
1342 7961
1343 7960
1344 7959
1345 7958
1346 7957
1347 7956
1348 7955
1349 7910
1350 7909
1351 7908
1352 7907
1353 7906
1354 7905
1355 7904
1356 7903
1357 7902
1358 7901
1359 7900
1360 7899
1361 9896
1362 9895
1363 9894
1364 9893
1365 9892
1366 9891
1367 9890
1368 9889
1369 9888
1370 9887
1371 9886
1372 9844
1373 9843
1374 9842
1375 9841
1376 9840
1377 9839
1378 9838
1379 9837
1380 9836
1381 9835
1382 9834
1383 9833
1384 9832
1385 9831
1386 9830
1387 9829
1388 9828
1389 9827
1390 9826
1391 9783
1392 9782
1393 9781
1394 9780
1395 9779
1396 9778
1397 9777
1398 9776
1399 9775
1400 9774
1401 9773
1402 9772
1403 9771
1404 9770
1405 9769
1406 9768
1407 9767
1408 9766
1409 9765
1410 9764
1411 7441
1412 7440
1413 7439
1414 7438
1415 7437
1416 7436
1417 7435
1418 7434
1419 7433
1420 7432
1421 7462
1422 7461
1423 7460
1424 7459
1425 7458
1426 7457
1427 7456
1428 7455
1429 7454
1430 7453
1431 7452
1432 7483
1433 7482
1434 7481
1435 7480
1436 7479
1437 7478
1438 7477
1439 7476
1440 7475
1441 7474
1442 7473
1443 7504
1444 7503
1445 7502
1446 7501
1447 7500
1448 7499
1449 7498
1450 7497
1451 7496
1452 7495
1453 7494
1454 10461
1455 10460
1456 10459
1457 10458
1458 10457
1459 10456
1460 10455
1461 10454
1462 10453
1463 10452
1464 10451
1465 10450
1466 7086
1467 7085
1468 7084
1469 7083
1470 7082
1471 7081
1472 7080
1473 7079
1474 7078
1475 7077
1476 10280
1477 10279
1478 10278
1479 10277
1480 10276
1481 10275
1482 10274
1483 10273
1484 10272
1485 10271
1486 10270
1487 10269
1488 10268
1489 10267
1490 10266
1491 10265
1492 10264
1493 10263
1494 10262
1495 10261
1496 10260
1497 10259
1498 10258
1499 10257
1500 10256
1501 10255
1502 10254
1503 10253
1504 10252
1505 10251
1506 10250
1507 10249
1508 10248
1509 10247
1510 10246
1511 10245
1512 10244
1513 10243
1514 10242
1515 10241
1516 10240
1517 10239
1518 10238
1519 10237
1520 10236
1521 10235
1522 10234
1523 10233
1524 10232
1525 10231
1526 10230
1527 10229
1528 10228
1529 10227
1530 10578
1531 10577
1532 10576
1533 10575
1534 10574
1535 10573
1536 10572
1537 7524
1538 7523
1539 7522
1540 7521
1541 7520
1542 7519
1543 7518
1544 7517
1545 7516
1546 7515
1547 10686
1548 10685
1549 10684
1550 10683
1551 10682
1552 10681
1553 10680
1554 10679
1555 10678
1556 10677
1557 10676
1558 10675
1559 10674
1560 10673
1561 10672
1562 7129
1563 7128
1564 7127
1565 7126
1566 7125
1567 7124
1568 7123
1569 7122
1570 7121
1571 7120
1572 10809
1573 10808
1574 10807
1575 10806
1576 10805
1577 10804
1578 10803
1579 10802
1580 10843
1581 10842
1582 10841
1583 10840
1584 10839
1585 10838
1586 10837
1587 10836
1588 10835
1589 10834
1590 10833
1591 10832
1592 7149
1593 7148
1594 7147
1595 7146
1596 7145
1597 7144
1598 7143
1599 7142
1600 7141
1601 7140
1602 10908
1603 10907
1604 10906
1605 10905
1606 10904
1607 10903
1608 10902
1609 10901
1610 10900
1611 10899
1612 10898
1613 10897
1614 10896
1615 11161
1616 11160
1617 11159
1618 11158
1619 11157
1620 11156
1621 11155
1622 11154
1623 11153
1624 11152
1625 11151
1626 11150
1627 11149
1628 11148
1629 11147
1630 11146
1631 11145
1632 11144
1633 11143
1634 11142
1635 11141
1636 11037
1637 11036
1638 11035
1639 11034
1640 11033
1641 11032
1642 11031
1643 11030
1644 11029
1645 11028
1646 11027
1647 11026
1648 11025
1649 11024
1650 11023
1651 11022
1652 11021
1653 11020
1654 11019
1655 11018
1656 11017
1657 11016
1658 8184
1659 8183
1660 8182
1661 8181
1662 8180
1663 8179
1664 8178
1665 8177
1666 8176
1667 8175
1668 8174
1669 8173
1670 8172
1671 8171
1672 8170
1673 8109
1674 8108
1675 8107
1676 8106
1677 8105
1678 8104
1679 8103
1680 8102
1681 8101
1682 8100
1683 8099
1684 8098
1685 8097
1686 8096
1687 8095
1688 11276
1689 11275
1690 11274
1691 11273
1692 11272
1693 11271
1694 11270
1695 7544
1696 7543
1697 7542
1698 7541
1699 7540
1700 7539
1701 7538
1702 7537
1703 7536
1704 7535
1705 7565
1706 7564
1707 7563
1708 7562
1709 7561
1710 7560
1711 7559
1712 7558
1713 7557
1714 7556
1715 7555
1716 7588
1717 7587
1718 7586
1719 7585
1720 7584
1721 7583
1722 7582
1723 7581
1724 7580
1725 7579
1726 7578
1727 7577
1728 11420
1729 11419
1730 11418
1731 11417
1732 11416
1733 11415
1734 11414
1735 11413
1736 11412
1737 11411
1738 11410
1739 11483
1740 11482
1741 11481
1742 11480
1743 11479
1744 11478
1745 11477
1746 11476
1747 11475
1748 11474
1749 11473
1750 11472
1751 11640
1752 11639
1753 11638
1754 11637
1755 11636
1756 11635
1757 11634
1758 11633
1759 11632
1760 11631
1761 11630
1762 11629
1763 11628
1764 11627
1765 11626
1766 11625
1767 11624
1768 11623
1769 11622
1770 11621
1771 11620
1772 11619
1773 11618
1774 11617
1775 11616
1776 11615
1777 11614
1778 11613
1779 11612
1780 11611
1781 11610
1782 11609
1783 11608
1784 11607
1785 11606
1786 11605
1787 11604
1788 11603
1789 11602
1790 11601
1791 11600
1792 11599
1793 11598
1794 11597
1795 11596
1796 11595
1797 11594
1798 11593
1799 11592
1800 11591
1801 11590
1802 11589
1803 11588
1804 11773
1805 11772
1806 11771
1807 11770
1808 11769
1809 11768
1810 11767
1811 11766
1812 11765
1813 11764
1814 11763
1815 11762
1816 11761
1817 11760
1818 11759
1819 11758
1820 11946
1821 11945
1822 11944
1823 11943
1824 11942
1825 11941
1826 11940
1827 11939
1828 11938
1829 11937
1830 11936
1831 11935
1832 11934
1833 11933
1834 11932
1835 12043
1836 12042
1837 12041
1838 12040
1839 12039
1840 12038
1841 12037
1842 12036
1843 12035
1844 12034
1845 12033
1846 12032
1847 12031
1848 12030
1849 12029
1850 12028
1851 12027
1852 12026
1853 12025
1854 12024
1855 12023
1856 12108
1857 12107
1858 12106
1859 12105
1860 12104
1861 12103
1862 12102
1863 12101
1864 7610
1865 7609
1866 7608
1867 7607
1868 7606
1869 7605
1870 7604
1871 7603
1872 7602
1873 7601
1874 7600
1875 12208
1876 12207
1877 12206
1878 12205
1879 12204
1880 12203
1881 12202
1882 12201
1883 12200
1884 12199
1885 12198
1886 12197
1887 12514
1888 12513
1889 12512
1890 12511
1891 12510
1892 12509
1893 12508
1894 12507
1895 12506
1896 12505
1897 12504
1898 12503
1899 12502
1900 12501
1901 12500
1902 12499
1903 12498
1904 12497
1905 12496
1906 12495
1907 12494
1908 12493
1909 12428
1910 12427
1911 12426
1912 12425
1913 12424
1914 12423
1915 12422
1916 12421
1917 12420
1918 12419
1919 12418
1920 12417
1921 12416
1922 12415
1923 12414
1924 12413
1925 12412
1926 12411
1927 12410
1928 12409
1929 12408
1930 12407
1931 12406
1932 7248
1933 7247
1934 7246
1935 7245
1936 7244
1937 7243
1938 7242
1939 7241
1940 12330
1941 12329
1942 12328
1943 12327
1944 12326
1945 12325
1946 12324
1947 12323
1948 12322
1949 12321
1950 12320
1951 12319
1952 12318
1953 12317
1954 12316
1955 12315
1956 12314
1957 12313
1958 12312
1959 12311
1960 12310
1961 7269
1962 7268
1963 7267
1964 7266
1965 7265
1966 7264
1967 7263
1968 7262
1969 7261
1970 7260
1971 7292
1972 7291
1973 7290
1974 7289
1975 7288
1976 7287
1977 7286
1978 7285
1979 7284
1980 7283
1981 7282
1982 12686
1983 12685
1984 12684
1985 12683
1986 12682
1987 12681
1988 12680
1989 12859
1990 12858
1991 12857
1992 12856
1993 12855
1994 12854
1995 12853
1996 12852
1997 12851
1998 12850
1999 12849
2000 12848
2001 12847
2002 12846
2003 12845
2004 12844
2005 12843
2006 12842
2007 12841
2008 12840
2009 12839
2010 12838
2011 12837
2012 12836
2013 12789
2014 12788
2015 12787
2016 12786
2017 12785
2018 12784
2019 12783
2020 12782
2021 7631
2022 7630
2023 7629
2024 7628
2025 7627
2026 7626
2027 7625
2028 7624
2029 7623
2030 7622
2031 7621
2032 13003
2033 13002
2034 13001
2035 13000
2036 12999
2037 12998
2038 12997
2039 12996
2040 12995
2041 12994
2042 12993
2043 13079
2044 13078
2045 13077
2046 13076
2047 13075
2048 13074
2049 13073
2050 13072
2051 13071
2052 13070
2053 13069
2054 13068
2055 13067
2056 13066
2057 13065
2058 13064
2059 13063
2060 13062
2061 13061
2062 13060
2063 13059
2064 13058
2065 13235
2066 13234
2067 13233
2068 13232
2069 13231
2070 13230
2071 13229
2072 13228
2073 13227
2074 13226
2075 13225
2076 13224
2077 13223
2078 13222
2079 13221
2080 13220
2081 13219
2082 13218
2083 13217
2084 13216
2085 13215
2086 13214
2087 13213
2088 13212
2089 13211
2090 13210
2091 13209
2092 13208
2093 13207
2094 13206
2095 13205
2096 13204
2097 13203
2098 13202
2099 13201
2100 7301
2101 7300
2102 7299
2103 7298
2104 7297
2105 7296
2106 7295
2107 7294
2108 7293
2111 7310
2112 7309
2113 7308
2114 7307
2115 7306
2116 7305
2117 7304
2118 7303
2119 7302
2120 13200
2121 13199
2122 13198
2123 13197
2124 13196
2125 2126
2127 13193
2128 13192
2129 13191
2130 13190
2131 13189
2132 13188
2133 13187
2134 13186
2135 13185
2136 13184
2137 13183
2138 13182
2139 13181
2140 13180
2141 13179
2142 13178
2143 13177
2144 13176
2145 13114
2146 13113
2147 13112
2148 13111
2149 13110
2150 13109
2151 2152
2153 13106
2154 13105
2155 13104
2156 13103
2157 13102
2158 13101
2159 13100
2160 13099
2161 13098
2162 13097
2163 13096
2164 13095
2165 13094
2166 13093
2167 13092
2168 13091
2169 13090
2170 13089
2171 13088
2172 13087
2173 13086
2174 13085
2175 13084
2176 2177
2178 13081
2179 13080
2180 12992
2181 12991
2182 12990
2183 12989
2184 12988
2185 12987
2186 12986
2187 12985
2188 12984
2189 12983
2190 12982
2191 12981
2192 12980
2193 12979
2194 12978
2195 12977
2196 12804
2197 12803
2198 12802
2199 2200
2201 12799
2202 12798
2203 12797
2204 12796
2205 12795
2206 12794
2207 12793
2208 12792
2209 12791
2210 12790
2211 12835
2212 12834
2213 12833
2214 12832
2215 12831
2216 12830
2217 12829
2218 12828
2219 12710
2220 12709
2221 2222
2223 12706
2224 12705
2225 12704
2226 12703
2227 12702
2228 12701
2229 12700
2230 12699
2231 12698
2232 12697
2233 12696
2234 12695
2235 12694
2236 12693
2237 12692
2238 12691
2239 12690
2240 12689
2241 12688
2242 12687
2243 2244
2245 7279
2246 7278
2247 7277
2248 7276
2249 7275
2250 7274
2251 7273
2252 7272
2253 7271
2254 7270
2255 7259
2256 7258
2257 7257
2258 7256
2259 2260
2261 7253
2262 7252
2263 7251
2264 7250
2265 7249
2266 12309
2267 12308
2268 12307
2269 12306
2270 12305
2271 12304
2272 12303
2273 12302
2274 2275
2276 12299
2277 12298
2278 12297
2279 12296
2280 12295
2281 12337
2282 12336
2283 12335
2284 12334
2285 12333
2286 12332
2287 12331
2288 2289
2290 7238
2291 7237
2292 7236
2293 7235
2294 7234
2295 7233
2296 7232
2297 12405
2298 12404
2299 12403
2300 12402
2301 12401
2302 2303
2304 12398
2305 12397
2306 12396
2307 12395
2308 12394
2309 12393
2310 12392
2311 12391
2312 12390
2313 12389
2314 12388
2315 12387
2316 2317
2318 12384
2319 12383
2320 12382
2321 12381
2322 12380
2323 12537
2324 12536
2325 12535
2326 12534
2327 12533
2328 12532
2329 2330
2331 12529
2332 12528
2333 12527
2334 12526
2335 12525
2336 12524
2337 12523
2338 12522
2339 12521
2340 12520
2341 12519
2342 12518
2343 2344
2345 12515
2346 12196
2347 12195
2348 12194
2349 12193
2350 12192
2351 12191
2352 12190
2353 12189
2354 12188
2355 12132
2356 2357
2358 12129
2359 12128
2360 12127
2361 12126
2362 12125
2363 12124
2364 12123
2365 12122
2366 12121
2367 12120
2368 12119
2369 12118
2370 12117
2371 2372
2373 12114
2374 12113
2375 12112
2376 12111
2377 12110
2378 12109
2379 12022
2380 12021
2381 12020
2382 12019
2383 12018
2384 12017
2385 2386
2387 12058
2388 12057
2389 12056
2390 12055
2391 12054
2392 12053
2393 12052
2394 12051
2395 12050
2396 12049
2397 12048
2398 2399
2400 12045
2401 12044
2402 11931
2403 11930
2404 11929
2405 11928
2406 11927
2407 11926
2408 11925
2409 11924
2410 11923
2411 2412
2413 11920
2414 11919
2415 11918
2416 11917
2417 11916
2418 7221
2419 7220
2420 7219
2421 7218
2422 7217
2423 7216
2424 7215
2425 2426
2427 7212
2428 11780
2429 11779
2430 11778
2431 11777
2432 11776
2433 11775
2434 11774
2435 11587
2436 11586
2437 11585
2438 2439
2440 11582
2441 11581
2442 11580
2443 11579
2444 11578
2445 11577
2446 11576
2447 11575
2448 11574
2449 11573
2450 11572
2451 11571
2452 2453
2454 11568
2455 11567
2456 11566
2457 11565
2458 11564
2459 11563
2460 7200
2461 7199
2462 7198
2463 7197
2464 7196
2465 2466
2467 7193
2468 7192
2469 7191
2470 7190
2471 7179
2472 7178
2473 7177
2474 7176
2475 7175
2476 7174
2477 7173
2478 7172
2479 2480
2481 11507
2482 11506
2483 11505
2484 11504
2485 11503
2486 11502
2487 11501
2488 11500
2489 11499
2490 11498
2491 11497
2492 11496
2493 11495
2494 11494
2495 11493
2496 11492
2497 11491
2498 11490
2499 11489
2500 11488
2501 11487
2502 11486
2503 2504
2505 11409
2506 11408
2507 11407
2508 11406
2509 11405
2510 11404
2511 11403
2512 11402
2513 11401
2514 11400
2515 11399
2516 2517
2518 11396
2519 11395
2520 11394
2521 11393
2522 11392
2523 7159
2524 7158
2525 7157
2526 7156
2527 7155
2528 7154
2529 2530
2531 7151
2532 7150
2533 11303
2534 11302
2535 11301
2536 11300
2537 11299
2538 11298
2539 11297
2540 11296
2541 2542
2543 11293
2544 11292
2545 11291
2546 11290
2547 11289
2548 11288
2549 11287
2550 11286
2551 11285
2552 11284
2553 11283
2554 2555
2556 11280
2557 11279
2558 11278
2559 11277
2560 8094
2561 8093
2562 8092
2563 8091
2564 8090
2565 8089
2566 8088
2567 2568
2569 8085
2570 8084
2571 8083
2572 8082
2573 8081
2574 8080
2575 8201
2576 8200
2577 8199
2578 8198
2579 8197
2580 2581
2582 8194
2583 8193
2584 8192
2585 8191
2586 8190
2587 8189
2588 8188
2589 8187
2590 8186
2591 8185
2592 2593
2594 11013
2595 11012
2596 11011
2597 11010
2598 11009
2599 11008
2600 11007
2601 11006
2602 11005
2603 11004
2604 11003
2605 11002
2606 11001
2607 11000
2608 11044
2609 11043
2610 11042
2611 11041
2612 11040
2613 11039
2614 11038
2615 2616
2617 11138
2618 11137
2619 11136
2620 11135
2621 11134
2622 11133
2623 11132
2624 11131
2625 11130
2626 11129
2627 2628
2629 10932
2630 10931
2631 10930
2632 10929
2633 10928
2634 10927
2635 10926
2636 10925
2637 10924
2638 10923
2639 2640
2641 10920
2642 10919
2643 10918
2644 10917
2645 10916
2646 10915
2647 10914
2648 10913
2649 10912
2650 10911
2651 2652
2653 7139
2654 7138
2655 7137
2656 7136
2657 7135
2658 7134
2659 7133
2660 7132
2661 7131
2662 7130
2663 2664
2665 10829
2666 10828
2667 10827
2668 10826
2669 10825
2670 10824
2671 10823
2672 10822
2673 10821
2674 10820
2675 2676
2677 10817
2678 10816
2679 10815
2680 10814
2681 10813
2682 10812
2683 10811
2684 10810
2685 7119
2686 7118
2687 2688
2689 7115
2690 7114
2691 7113
2692 7112
2693 7111
2694 7110
2695 7109
2696 10671
2697 10670
2698 10669
2699 10668
2700 2701
2702 10665
2703 10664
2704 10663
2705 10662
2706 10661
2707 10660
2708 10659
2709 10658
2710 10657
2711 10656
2712 10596
2713 10595
2714 10594
2715 10593
2716 10592
2717 10591
2718 10590
2719 10589
2720 2721
2722 10586
2723 10585
2724 10584
2725 10583
2726 10582
2727 10581
2728 10580
2729 10579
2730 10226
2731 2732
2733 10223
2734 10222
2735 10221
2736 10220
2737 10219
2738 10218
2739 10217
2740 10216
2741 10215
2742 10214
2743 2744
2745 10211
2746 10210
2747 10209
2748 10208
2749 10207
2750 10206
2751 10205
2752 10204
2753 10203
2754 2755
2756 10200
2757 10199
2758 10198
2759 10197
2760 10196
2761 10195
2762 10194
2763 10193
2764 7097
2765 2766
2767 7094
2768 7093
2769 7092
2770 7091
2771 7090
2772 7089
2773 7088
2774 7087
2775 10295
2776 2777
2778 10292
2779 10291
2780 10290
2781 10289
2782 10288
2783 10287
2784 10286
2785 10285
2786 10284
2787 10283
2788 2789
2790 7076
2791 7075
2792 7074
2793 7073
2794 7072
2795 7071
2796 7070
2797 7069
2798 7068
2799 2800
2801 10449
2802 10448
2803 10447
2804 10446
2805 10445
2806 10444
2807 10443
2808 10442
2809 10441
2810 10440
2811 10439
2812 10438
2813 10437
2814 10436
2815 10435
2816 10434
2817 10433
2818 10432
2819 2820
2821 10429
2822 10428
2823 10427
2824 10426
2825 10425
2826 10424
2827 10066
2828 10065
2829 2830
2831 10062
2832 10061
2833 10060
2834 10059
2835 10058
2836 10057
2837 10056
2838 10055
2839 10054
2840 2841
2842 10051
2843 10050
2844 10049
2845 10048
2846 10047
2847 10046
2848 7054
2849 7053
2850 2851
2852 7050
2853 7049
2854 7048
2855 7047
2856 7046
2857 7045
2858 7044
2859 7032
2860 2861
2862 7029
2863 7028
2864 7027
2865 7026
2866 7025
2867 7024
2868 7023
2869 7022
2870 9796
2871 2872
2873 9793
2874 9792
2875 9791
2876 9790
2877 9789
2878 9788
2879 9787
2880 9786
2881 2882
2883 9825
2884 9824
2885 9823
2886 9822
2887 9821
2888 9820
2889 9819
2890 9818
2891 2892
2893 9918
2894 9917
2895 9916
2896 9915
2897 9914
2898 9913
2899 9912
2900 9911
2901 9910
2902 9909
2903 9908
2904 9907
2905 9906
2906 9905
2907 9904
2908 9903
2909 9902
2910 2911
2912 9899
2913 9898
2914 9897
2915 7898
2916 7897
2917 7896
2918 7895
2919 2920
2921 7892
2922 7891
2923 7890
2924 7975
2925 7974
2926 7973
2927 7972
2928 7971
2929 2930
2931 7968
2932 7967
2933 7966
2934 7965
2935 7964
2936 7963
2937 7011
2938 2939
2940 7008
2941 7007
2942 7006
2943 7005
2944 7004
2945 7003
2946 7002
2947 7001
2948 2949
2950 9674
2951 9673
2952 9672
2953 9671
2954 9670
2955 9669
2956 9668
2957 2958
2959 9665
2960 9664
2961 9663
2962 9662
2963 9661
2964 9660
2965 6991
2966 6990
2967 2968
2969 6987
2970 6986
2971 6985
2972 6984
2973 6983
2974 7339
2975 7338
2976 2977
2978 7335
2979 7334
2980 7333
2981 7332
2982 7373
2983 7372
2984 7371
2985 7370
2986 7369
2987 7368
2988 7367
2989 7366
2990 7365
2991 7364
2992 7363
2993 2994
2995 9529
2996 9528
2997 9527
2998 9526
2999 9525
3000 9524
3001 9523
3002 3003
3004 9520
3005 9519
3006 9518
3007 9517
3008 9516
3009 9515
3010 3011
3012 9512
3013 9511
3014 9510
3015 9509
3016 9508
3017 9507
3018 9506
3019 3020
3021 9395
3022 9394
3023 9393
3024 9392
3025 9391
3026 9390
3027 9389
3028 3029
3030 9386
3031 9385
3032 9384
3033 9383
3034 9382
3035 9381
3036 3037
3038 9378
3039 9377
3040 9376
3041 9375
3042 6972
3043 6971
3044 6970
3045 3046
3047 6967
3048 6966
3049 6965
3050 6964
3051 6963
3052 6962
3053 3054
3055 9320
3056 9319
3057 9318
3058 9317
3059 9316
3060 9315
3061 9314
3062 9313
3063 9312
3064 9311
3065 9310
3066 9309
3067 9308
3068 9307
3069 3070
3071 9304
3072 9303
3073 9302
3074 9301
3075 9300
3076 3077
3078 9297
3079 9296
3080 6951
3081 6950
3082 6949
3083 6948
3084 3085
3086 6945
3087 6944
3088 6943
3089 6942
3090 9168
3091 9167
3092 3093
3094 9164
3095 9163
3096 9162
3097 9161
3098 9160
3099 9159
3100 3101
3102 9156
3103 9155
3104 9154
3105 9153
3106 9152
3107 3108
3109 9149
3110 9148
3111 9147
3112 9146
3113 9145
3114 9144
3115 3116
3117 9033
3118 9032
3119 9031
3120 9030
3121 9029
3122 9028
3123 3124
3125 9025
3126 9024
3127 9023
3128 9022
3129 9021
3130 9020
3131 9019
3132 8958
3133 8957
3134 8956
3135 8955
3136 3137
3138 8952
3139 8951
3140 8950
3141 8949
3142 8948
3143 3144
3145 8945
3146 8944
3147 8943
3148 8942
3149 8864
3150 3151
3152 8861
3153 8860
3154 8859
3155 8858
3156 8857
3157 3158
3159 8854
3160 8853
3161 8852
3162 8851
3163 8850
3164 3165
3166 8847
3167 8846
3168 8845
3169 8844
3170 8843
3171 3172
3173 8840
3174 8770
3175 8769
3176 8768
3177 8767
3178 3179
3180 8764
3181 8763
3182 8762
3183 8761
3184 3185
3186 8758
3187 8757
3188 8681
3189 8680
3190 8679
3191 8678
3192 3193
3194 8675
3195 8674
3196 8673
3197 8580
3198 3199
3200 8577
3201 8576
3202 8575
3203 8574
3204 3205
3206 8571
3207 8570
3208 8569
3209 8568
3210 3211
3212 8603
3213 8602
3214 8601
3215 8600
3216 3217
3218 6928
3219 6927
3220 6926
3221 6925
3222 3223
3224 6922
3225 6921
3226 6920
3227 8632
3228 3229
3230 8629
3231 8628
3232 8627
3233 8626
3234 3235
3236 8491
3237 8490
3238 8489
3239 8488
3240 3241
3242 8485
3243 8484
3244 8483
3245 8482
3246 8481
3247 3248
3249 6909
3250 6908
3251 6907
3252 3253
3254 6904
3255 6903
3256 6902
3257 3258
3259 8431
3260 8430
3261 8429
3262 3263
3264 8426
3265 8425
3266 8424
3267 3268
3269 8421
3270 8420
3271 8419
3272 3273
3274 8416
3275 8415
3276 8414
3277 3278
3279 8411
3280 6888
3281 6887
3282 6886
3283 3284
3285 6883
3286 6882
3287 6881
3288 3289
3290 6878
3291 6866
3292 6865
3293 6864
3294 6863
3295 6862
3296 3297
3298 6859
3299 6858
3300 6857
3301 3302
3303 6816
3304 6815
3305 6814
3306 6813
3307 3308
3309 6810
3310 6809
3311 6808
3312 6807
3313 3314
3315 6843
3316 6842
3317 6841
3318 6840
3319 3320
3321 6657
3322 6656
3323 6655
3324 6654
3325 3326
3327 6651
3328 6650
3329 6649
3332 6666
3333 6665
3334 6664
3335 6663
3336 3337
3338 6660
3339 6659
3340 6658
3341 6837
3342 3343
3344 6834
3345 6833
3346 6832
3347 6831
3348 3349
3350 6828
3351 6827
3352 6826
3353 6825
3354 3355
3356 6822
3357 6821
3358 6820
3359 6819
3360 3361
3362 6875
3363 6874
3364 6873
3365 3366
3367 6870
3368 6869
3369 6868
3370 6867
3371 6899
3372 3373
3374 6896
3375 6895
3376 6894
3377 6893
3378 3379
3380 6890
3381 6889
3382 8410
3383 3384
3385 8407
3386 8406
3387 8405
3388 3389
3390 8402
3391 8401
3392 8400
3393 8399
3394 3395
3396 8438
3397 8437
3398 8436
3399 3400
3401 8433
3402 8432
3403 6919
3404 3405
3406 6916
3407 6915
3408 6914
3409 3410
3411 6911
3412 6910
3413 8478
3414 8477
3415 8476
3416 8475
3417 8474
3418 8473
3419 3420
3421 8470
3422 8469
3423 8468
3424 8467
3425 3426
3427 8639
3428 8638
3429 8637
3430 8636
3431 3432
3433 8633
3434 6941
3435 6940
3436 6939
3437 3438
3439 6936
3440 6935
3441 6934
3442 6933
3443 3444
3445 8599
3446 8598
3447 8597
3448 8596
3449 8595
3450 3451
3452 8592
3453 8591
3454 8590
3455 8589
3456 3457
3458 8586
3459 8585
3460 8584
3461 8583
3462 3463
3464 8672
3465 8671
3466 8670
3467 8669
3468 8668
3469 8667
3470 8786
3471 8785
3472 8784
3473 8783
3474 3475
3476 8780
3477 8779
3478 8778
3479 8777
3480 8776
3481 3482
3483 8773
3484 8772
3485 8771
3486 8839
3487 8838
3488 3489
3490 8835
3491 8834
3492 8833
3493 8832
3494 8831
3495 3496
3497 8828
3498 8827
3499 8826
3500 8825
3501 8824
3502 3503
3504 8821
3505 8820
3506 8819
3507 8818
3508 8817
3509 3510
3511 8975
3512 8974
3513 8973
3514 8972
3515 8971
3516 3517
3518 8968
3519 8967
3520 8966
3521 8965
3522 8964
3523 3524
3525 8961
3526 8960
3527 8959
3528 9018
3529 9017
3530 9016
3531 9015
3532 9014
3533 9013
3534 9012
3535 3536
3537 9009
3538 9008
3539 9007
3540 9006
3541 9005
3542 9004
3543 3544
3545 7826
3546 7825
3547 7824
3548 7823
3549 7822
3550 7821
3551 3552
3553 7818
3554 9184
3555 9183
3556 9182
3557 9181
3558 9180
3559 3560
3561 9177
3562 9176
3563 9175
3564 9174
3565 9173
3566 9172
3567 3568
3569 9169
3570 6961
3571 6960
3572 6959
3573 6958
3574 6957
3575 3576
3577 6954
3578 6953
3579 6952
3580 9295
3581 9294
3582 9293
3583 9292
3584 3585
3586 9289
3587 9288
3588 9287
3589 9286
3590 9285
3591 9284
3592 3593
3594 9281
3595 9280
3596 9279
3597 9278
3598 9277
3599 9276
3600 9275
3601 9274
3602 9273
3603 9272
3604 9271
3605 3606
3607 9268
3608 9267
3609 9266
3610 9265
3611 9264
3612 9263
3613 9262
3614 3615
3616 7847
3617 7846
3618 7845
3619 7844
3620 7843
3621 7842
3622 7841
3623 3624
3625 7838
3626 7868
3627 7867
3628 7866
3629 7865
3630 7864
3631 7863
3632 3633
3634 7860
3635 7859
3636 7858
3637 7889
3638 7888
3639 7887
3640 7886
3641 3642
3643 7883
3644 7882
3645 7881
3646 7880
3647 7879
3648 9546
3649 9545
3650 3651
3652 9542
3653 9541
3654 9540
3655 9539
3656 9538
3657 9537
3658 9536
3659 3660
3661 9533
3662 9532
3663 9531
3664 9530
3665 7360
3666 7359
3667 7358
3668 3669
3670 7355
3671 7354
3672 7353
3673 7352
3674 7351
3675 7350
3676 7349
3677 7348
3678 7347
3679 7346
3680 7345
3681 7344
3682 3683
3684 7341
3685 7340
3686 7000
3687 6999
3688 6998
3689 6997
3690 6996
3691 6995
3692 3693
3694 6992
3695 9659
3696 9658
3697 9657
3698 9656
3699 9655
3700 9654
3701 9653
3702 3703
3704 9650
3705 9649
3706 9648
3707 9647
3708 9646
3709 9645
3710 9644
3711 9643
3712 3713
3714 9640
3715 9639
3716 9638
3717 9637
3718 9636
3719 9635
3720 9634
3721 7990
3722 3723
3724 7987
3725 7986
3726 7985
3727 7984
3728 7983
3729 7982
3730 7981
3731 7980
3732 3733
3734 7977
3735 7976
3736 8016
3737 8015
3738 8014
3739 8013
3740 8012
3741 3742
3743 8037
3744 8036
3745 8035
3746 8034
3747 8033
3748 8032
3749 8031
3750 8030
3751 3752
3753 8027
3754 9935
3755 9934
3756 9933
3757 9932
3758 9931
3759 9930
3760 9929
3761 9928
3762 9927
3763 9926
3764 9925
3765 9924
3766 9923
3767 3768
3769 9817
3770 9816
3771 9815
3772 9814
3773 9813
3774 9812
3775 9811
3776 9810
3777 9809
3778 3779
3780 9806
3781 9805
3782 9804
3783 9803
3784 9802
3785 9801
3786 9800
3787 9799
3788 3789
3790 7043
3791 7042
3792 7041
3793 7040
3794 7039
3795 7038
3796 7037
3797 7036
3798 7035
3799 3800
3801 7065
3802 7064
3803 7063
3804 7062
3805 7061
3806 7060
3807 7059
3808 7058
3809 7057
3810 3811
3812 10045
3813 10044
3814 10043
3815 10042
3816 10041
3817 10040
3818 10039
3819 10038
3820 10037
3821 3822
3823 10034
3824 10033
3825 10032
3826 10073
3827 10072
3828 10071
3829 10070
3830 10069
3831 3832
3833 10423
3834 10422
3835 10421
3836 10420
3837 10419
3838 10418
3839 10417
3840 10416
3841 10415
3842 3843
3844 10412
3845 10411
3846 10410
3847 10371
3848 10370
3849 10369
3850 10368
3851 10367
3852 10366
3853 10365
3854 10364
3855 10363
3856 10362
3857 10361
3858 10360
3859 3860
3861 10357
3862 10356
3863 10355
3864 10354
3865 10353
3866 10352
3867 10351
3868 10312
3869 10311
3870 10310
3871 3872
3873 10307
3874 10306
3875 10305
3876 10304
3877 10303
3878 10302
3879 10301
3880 10300
3881 10299
3882 3883
3884 10296
3885 7108
3886 7107
3887 7106
3888 7105
3889 7104
3890 7103
3891 7102
3892 7101
3893 3894
3895 7098
3896 10192
3897 10191
3898 10190
3899 10189
3900 10188
3901 10187
3902 10186
3903 10185
3904 10184
3905 3906
3907 10181
3908 10180
3909 10179
3910 10178
3911 10177
3912 10176
3913 10175
3914 10174
3915 10173
3916 3917
3918 10170
3919 10169
3920 10168
3921 10167
3922 10166
3923 10165
3924 10164
3925 10163
3926 10162
3927 10161
3928 3929
3930 10158
3931 10613
3932 10612
3933 10611
3934 10610
3935 10609
3936 10608
3937 10607
3938 10606
3939 10605
3940 3941
3942 10602
3943 10601
3944 10600
3945 10599
3946 10598
3947 10597
3948 10655
3949 10654
3950 10653
3951 10652
3952 10651
3953 10650
3954 10649
3955 10648
3956 10647
3957 10646
3958 10645
3959 3960
3961 10642
3962 8058
3963 8057
3964 8056
3965 8055
3966 8054
3967 8053
3968 8052
3969 8051
3970 8050
3971 3972
3973 10773
3974 10772
3975 10771
3976 10770
3977 10769
3978 10768
3979 10767
3980 10766
3981 10765
3982 10764
3983 10763
3984 3985
3986 10760
3987 10759
3988 10758
3989 10757
3990 10756
3991 10755
3992 10754
3993 10753
3994 8079
3995 8078
3996 3997
3998 8075
3999 8074
4000 8073
4001 8072
4002 8071
4003 8070
4004 8069
4005 10958
4006 10957
4007 10956
4008 4009
4010 10953
4011 10952
4012 10951
4013 10950
4014 10949
4015 10948
4016 10947
4017 10946
4018 10945
4019 10944
4020 10943
4021 4022
4023 10940
4024 10939
4025 10938
4026 10937
4027 10936
4028 10935
4029 10934
4030 10933
4031 11126
4032 11125
4033 4034
4035 11122
4036 11121
4037 11120
4038 11119
4039 11057
4040 11056
4041 11055
4042 11054
4043 11053
4044 11052
4045 11051
4046 4047
4048 11048
4049 11047
4050 11046
4051 11045
4052 10999
4053 10998
4054 10997
4055 10996
4056 10995
4057 10994
4058 10993
4059 10992
4060 10991
4061 10990
4062 8224
4063 8223
4064 8222
4065 8221
4066 4067
4068 8218
4069 8217
4070 8216
4071 8215
4072 8214
4073 8213
4074 8212
4075 8211
4076 8210
4077 8209
4078 8208
4079 8207
4080 4081
4082 8204
4083 8203
4084 8202
4085 8272
4086 8271
4087 8270
4088 8269
4089 8268
4090 8267
4091 8266
4092 8265
4093 8264
4094 4095
4096 8261
4097 8260
4098 8259
4099 11245
4100 11244
4101 11243
4102 11242
4103 11241
4104 11240
4105 11239
4106 11238
4107 4108
4109 11235
4110 11234
4111 11233
4112 11232
4113 11231
4114 11230
4115 11229
4116 11228
4117 11227
4118 11226
4119 11225
4120 11310
4121 4122
4123 11307
4124 11306
4125 11305
4126 11304
4127 7169
4128 7168
4129 7167
4130 7166
4131 7165
4132 7164
4133 7163
4134 4135
4136 7160
4137 11391
4138 11390
4139 11389
4140 11388
4141 11387
4142 11386
4143 11385
4144 11384
4145 11383
4146 11382
4147 11381
4148 4149
4150 11378
4151 11377
4152 11376
4153 11375
4154 11374
4155 11373
4156 11372
4157 11371
4158 11370
4159 11369
4160 11368
4161 4162
4163 11365
4164 11522
4165 11521
4166 11520
4167 11519
4168 11518
4169 11517
4170 11516
4171 11515
4172 11514
4173 11513
4174 11512
4175 11511
4176 11510
4177 11509
4178 11508
4179 7189
4180 4181
4182 7186
4183 7185
4184 7184
4185 7183
4186 7182
4187 7181
4188 7180
4189 7211
4190 7210
4191 7209
4192 7208
4193 7207
4194 4195
4196 7204
4197 7203
4198 7202
4199 7201
4200 11562
4201 11561
4202 11560
4203 11559
4204 11558
4205 11557
4206 11556
4207 11555
4208 4209
4210 11802
4211 11801
4212 11800
4213 11799
4214 11798
4215 11797
4216 11796
4217 11795
4218 11794
4219 11793
4220 11792
4221 11791
4222 4223
4224 11788
4225 11787
4226 11786
4227 11785
4228 11784
4229 11783
4230 11782
4231 11781
4232 7231
4233 7230
4234 7229
4235 7228
4236 7227
4237 4238
4239 7224
4240 7223
4241 7222
4242 11915
4243 11914
4244 11913
4245 11912
4246 11911
4247 11910
4248 11909
4249 11908
4250 11907
4251 4252
4253 11904
4254 11903
4255 11902
4256 11901
4257 11900
4258 11899
4259 11898
4260 11897
4261 11896
4262 11895
4263 11894
4264 11893
4265 4266
4267 12064
4268 12063
4269 12062
4270 12061
4271 12060
4272 12059
4273 12014
4274 12013
4275 12012
4276 12011
4277 12010
4278 12009
4279 4280
4281 12006
4282 12005
4283 12004
4284 12003
4285 12002
4286 12001
4287 12000
4288 12148
4289 12147
4290 12146
4291 12145
4292 12144
4293 12143
4294 12142
4295 12141
4296 12140
4297 12139
4298 12138
4299 12137
4300 12136
4301 12135
4302 4303
4304 12187
4305 12186
4306 12185
4307 12184
4308 12183
4309 12182
4310 8293
4311 8292
4312 8291
4313 8290
4314 8289
4315 8288
4316 4317
4318 8285
4319 8284
4320 8283
4321 12552
4322 12551
4323 12550
4324 12549
4325 12548
4326 12547
4327 12546
4328 12545
4329 12544
4330 4331
4332 12541
4333 12540
4334 12539
4335 12538
4336 12379
4337 12378
4338 12377
4339 12376
4340 12375
4341 12374
4342 12373
4343 12372
4344 4345
4346 12369
4347 12368
4348 12367
4349 12366
4350 12365
4351 12364
4352 12363
4353 12362
4354 12361
4355 12360
4356 12359
4357 12358
4358 4359
4360 12355
4361 12354
4362 12353
4363 12352
4364 12351
4365 12350
4366 12349
4367 12348
4368 12347
4369 12346
4370 12345
4371 12344
4372 4373
4374 12341
4375 12340
4376 12339
4377 12338
4378 12294
4379 12293
4380 12292
4381 12291
4382 12290
4383 12289
4384 12288
4385 12287
4386 12286
4387 4388
4389 12283
4390 12282
4391 12281
4392 12280
4393 12279
4394 12278
4395 12277
4396 12276
4397 12275
4398 12274
4399 12273
4400 12272
4401 12271
4402 4403
4404 12268
4405 12267
4406 12266
4407 12265
4408 12264
4409 12263
4410 12262
4411 12261
4412 12260
4413 12259
4414 12735
4415 12734
4416 12733
4417 12732
4418 12731
4419 12730
4420 12729
4421 12728
4422 12727
4423 12726
4424 12725
4425 12724
4426 12723
4427 12722
4428 12721
4429 12720
4430 12719
4431 12718
4432 12717
4433 12716
4434 12715
4435 12714
4436 4437
4438 12711
4439 12827
4440 12826
4441 12825
4442 12824
4443 12823
4444 12822
4445 12821
4446 12820
4447 12819
4448 12818
4449 12817
4450 12816
4451 12815
4452 12814
4453 12813
4454 12812
4455 12811
4456 12810
4457 12809
4458 4459
4460 12806
4461 12805
4462 12976
4463 12975
4464 12974
4465 12973
4466 12972
4467 12971
4468 12970
4469 12969
4470 12968
4471 12967
4472 12966
4473 12965
4474 12964
4475 12963
4476 12962
4477 8314
4478 8313
4479 8312
4480 8311
4481 8310
4482 4483
4484 8307
4485 8306
4486 8305
4487 8304
4488 13139
4489 13138
4490 13137
4491 13136
4492 13135
4493 13134
4494 13133
4495 13132
4496 13131
4497 13130
4498 13129
4499 13128
4500 13127
4501 13126
4502 13125
4503 13124
4504 13123
4505 13122
4506 13121
4507 13120
4508 4509
4510 13117
4511 13116
4512 13115
4513 13175
4514 13174
4515 13173
4516 13172
4517 13171
4518 13170
4519 13169
4520 8334
4521 8333
4522 8332
4523 8331
4524 8330
4525 8329
4526 8328
4527 8327
4528 8326
4529 8325
4530 8351
4531 8350
4532 8349
4533 8348
4534 8347
4535 4536
4537 8344
4538 8343
4539 8342
4540 8341
4541 8340
4542 8339
4543 8338
4544 8337
4545 8336
4546 8335
4549 8367
4550 8366
4551 8365
4552 8364
4553 8363
4554 8362
4555 8361
4556 8360
4557 8359
4558 8358
4559 8357
4560 8356
4561 8355
4562 8354
4563 8353
4564 8352
4565 8324
4566 8323
4567 8322
4568 8321
4569 8320
4570 8319
4571 8318
4572 8317
4573 8316
4574 8315
4575 13285
4576 13284
4577 13283
4578 13282
4579 13281
4580 13280
4581 13279
4582 13278
4583 13277
4584 13276
4585 13275
4586 13274
4587 13273
4588 13272
4589 13271
4590 13270
4591 13269
4592 13153
4593 13152
4594 13151
4595 13150
4596 13149
4597 13148
4598 13147
4599 13146
4600 13145
4601 13144
4602 13143
4603 13142
4604 13141
4605 13140
4606 8303
4607 8302
4608 8301
4609 8300
4610 8299
4611 8298
4612 8297
4613 8296
4614 8295
4615 8294
4616 13043
4617 13042
4618 13041
4619 13040
4620 13039
4621 13038
4622 13037
4623 12950
4624 12949
4625 12948
4626 12947
4627 12946
4628 12945
4629 12944
4630 12943
4631 12942
4632 12941
4633 12940
4634 12929
4635 12928
4636 12927
4637 12926
4638 12925
4639 12924
4640 12923
4641 12922
4642 12921
4643 12920
4644 12919
4645 12911
4646 12910
4647 12909
4648 12908
4649 12907
4650 12906
4651 12905
4652 12904
4653 12903
4654 12902
4655 12901
4656 12900
4657 12899
4658 12898
4659 12897
4660 12896
4661 12895
4662 12894
4663 12893
4664 12892
4665 12891
4666 12890
4667 12745
4668 12744
4669 12743
4670 12742
4671 12741
4672 12740
4673 12739
4674 12738
4675 12737
4676 12736
4677 12258
4678 12257
4679 12256
4680 12255
4681 12254
4682 12253
4683 12252
4684 12251
4685 12250
4686 12249
4687 12248
4688 12247
4689 12627
4690 12626
4691 12625
4692 12624
4693 12623
4694 12622
4695 12621
4696 12620
4697 12619
4698 12618
4699 12617
4700 12616
4701 12615
4702 12614
4703 12613
4704 12612
4705 12611
4706 12610
4707 12609
4708 12608
4709 12607
4710 12606
4711 12605
4712 12604
4713 12603
4714 12602
4715 12601
4716 12600
4717 12599
4718 12598
4719 12597
4720 12596
4721 12595
4722 12594
4723 12593
4724 12592
4725 12591
4726 12590
4727 12589
4728 12588
4729 12587
4730 12586
4731 12585
4732 12584
4733 12583
4734 12582
4735 12581
4736 12580
4737 12579
4738 12578
4739 12577
4740 12576
4741 12575
4742 12574
4743 12573
4744 12572
4745 12571
4746 12570
4747 12569
4748 12568
4749 12567
4750 12566
4751 12565
4752 12564
4753 12563
4754 12562
4755 12561
4756 12560
4757 12559
4758 12558
4759 12557
4760 12556
4761 12555
4762 12554
4763 12553
4764 8282
4765 8281
4766 8280
4767 8279
4768 8278
4769 8277
4770 8276
4771 8275
4772 8274
4773 8273
4774 12246
4775 12245
4776 12244
4777 12243
4778 12242
4779 12241
4780 12240
4781 12162
4782 12161
4783 12160
4784 12159
4785 12158
4786 12157
4787 12156
4788 12155
4789 12154
4790 12153
4791 12152
4792 12151
4793 12150
4794 12149
4795 11999
4796 11998
4797 11997
4798 11996
4799 11995
4800 11994
4801 11993
4802 12077
4803 12076
4804 12075
4805 12074
4806 12073
4807 12072
4808 12071
4809 12070
4810 12069
4811 12068
4812 12067
4813 12066
4814 12065
4815 11992
4816 11991
4817 11990
4818 11989
4819 11988
4820 11987
4821 11986
4822 11985
4823 11850
4824 11849
4825 11848
4826 11847
4827 11846
4828 11845
4829 11844
4830 11843
4831 11842
4832 11841
4833 11840
4834 11839
4835 11838
4836 11837
4837 11836
4838 11835
4839 11834
4840 11833
4841 11832
4842 11831
4843 11830
4844 11829
4845 11828
4846 11827
4847 11826
4848 11825
4849 11824
4850 11823
4851 11822
4852 11821
4853 11820
4854 11819
4855 11818
4856 11817
4857 11816
4858 11815
4859 11814
4860 11813
4861 11812
4862 11811
4863 11810
4864 11809
4865 11808
4866 11807
4867 11806
4868 11805
4869 11730
4870 11729
4871 11728
4872 11727
4873 11726
4874 11725
4875 11724
4876 11723
4877 11722
4878 11721
4879 11720
4880 11719
4881 11718
4882 11717
4883 11716
4884 11715
4885 11714
4886 11713
4887 11712
4888 11711
4889 11710
4890 11709
4891 11708
4892 11707
4893 11706
4894 11705
4895 11704
4896 11537
4897 11536
4898 11535
4899 11534
4900 11533
4901 11532
4902 11531
4903 11530
4904 11529
4905 11528
4906 11527
4907 11526
4908 11525
4909 11524
4910 11523
4911 11464
4912 11463
4913 11462
4914 11461
4915 11460
4916 11459
4917 11458
4918 11457
4919 11456
4920 11455
4921 11454
4922 11453
4923 11452
4924 11451
4925 11450
4926 11449
4927 11448
4928 11354
4929 11353
4930 11352
4931 11351
4932 11350
4933 11349
4934 11348
4935 11347
4936 11346
4937 11345
4938 11344
4939 11322
4940 11321
4941 11320
4942 11319
4943 11318
4944 11317
4945 11316
4946 11315
4947 11314
4948 11313
4949 11312
4950 11311
4951 11224
4952 11223
4953 11222
4954 11221
4955 11220
4956 11219
4957 11218
4958 11217
4959 11216
4960 11215
4961 11214
4962 11254
4963 11253
4964 11252
4965 11251
4966 11250
4967 11249
4968 11248
4969 11247
4970 11246
4971 8258
4972 8257
4973 8256
4974 8255
4975 8254
4976 8253
4977 8252
4978 8251
4979 8250
4980 8249
4981 8248
4982 8247
4983 8246
4984 8245
4985 8244
4986 8243
4987 8242
4988 8241
4989 8240
4990 8239
4991 8238
4992 8237
4993 8236
4994 8235
4995 8234
4996 8233
4997 8232
4998 8231
4999 8230
5000 8229
5001 8228
5002 8227
5003 8226
5004 8225
5005 11213
5006 11212
5007 11211
5008 11210
5009 11209
5010 11208
5011 11207
5012 11072
5013 11071
5014 11070
5015 11069
5016 11068
5017 11067
5018 11066
5019 11065
5020 11064
5021 11063
5022 11062
5023 11061
5024 11060
5025 11059
5026 11058
5027 11118
5028 11117
5029 11116
5030 11115
5031 11114
5032 11113
5033 11112
5034 11111
5035 11110
5036 11109
5037 11108
5038 11107
5039 11106
5040 11105
5041 11104
5042 11103
5043 11102
5044 10972
5045 10971
5046 10970
5047 10969
5048 10968
5049 10967
5050 10966
5051 10965
5052 10964
5053 10963
5054 10962
5055 10961
5056 10960
5057 10959
5058 8068
5059 8067
5060 8066
5061 8065
5062 8064
5063 8063
5064 8062
5065 8061
5066 8060
5067 8059
5068 10877
5069 10876
5070 10875
5071 10874
5072 10873
5073 10872
5074 10871
5075 10870
5076 10785
5077 10784
5078 10783
5079 10782
5080 10781
5081 10780
5082 10779
5083 10778
5084 10777
5085 10776
5086 10775
5087 10774
5088 8047
5089 8046
5090 8045
5091 8044
5092 8043
5093 8042
5094 8041
5095 8040
5096 8039
5097 8038
5098 10752
5099 10751
5100 10750
5101 10749
5102 10748
5103 10747
5104 10746
5105 10745
5106 10744
5107 10743
5108 10742
5109 10741
5110 10740
5111 10739
5112 10738
5113 10737
5114 10736
5115 10625
5116 10624
5117 10623
5118 10622
5119 10621
5120 10620
5121 10619
5122 10618
5123 10617
5124 10616
5125 10615
5126 10614
5127 10562
5128 10561
5129 10560
5130 10559
5131 10558
5132 10557
5133 10556
5134 10555
5135 10554
5136 10553
5137 10552
5138 10551
5139 10550
5140 10549
5141 10548
5142 10547
5143 10546
5144 10545
5145 10544
5146 10543
5147 10542
5148 10147
5149 10146
5150 10145
5151 10144
5152 10143
5153 10142
5154 10141
5155 10140
5156 10139
5157 10138
5158 10137
5159 10125
5160 10124
5161 10123
5162 10122
5163 10121
5164 10120
5165 10119
5166 10118
5167 10117
5168 10116
5169 10115
5170 10114
5171 10325
5172 10324
5173 10323
5174 10322
5175 10321
5176 10320
5177 10319
5178 10318
5179 10317
5180 10316
5181 10315
5182 10314
5183 10313
5184 10350
5185 10349
5186 10348
5187 10347
5188 10346
5189 10345
5190 10344
5191 10384
5192 10383
5193 10382
5194 10381
5195 10380
5196 10379
5197 10378
5198 10377
5199 10376
5200 10375
5201 10374
5202 10373
5203 10372
5204 10409
5205 10408
5206 10407
5207 10406
5208 10405
5209 10404
5210 10403
5211 10085
5212 10084
5213 10083
5214 10082
5215 10081
5216 10080
5217 10079
5218 10078
5219 10077
5220 10076
5221 10075
5222 10074
5223 10031
5224 10030
5225 10029
5226 10028
5227 10027
5228 10026
5229 10025
5230 10024
5231 10023
5232 10022
5233 10021
5234 10020
5235 10019
5236 10018
5237 10017
5238 10016
5239 10015
5240 10014
5241 10013
5242 10012
5243 10001
5244 10000
5245 9999
5246 9998
5247 9997
5248 9996
5249 9995
5250 9994
5251 9993
5252 9992
5253 9991
5254 9980
5255 9979
5256 9978
5257 9977
5258 9976
5259 9975
5260 9974
5261 9973
5262 9972
5263 9971
5264 9970
5265 9959
5266 9958
5267 9957
5268 9956
5269 9955
5270 9954
5271 9953
5272 9952
5273 9951
5274 9950
5275 9949
5276 9948
5277 9947
5278 9946
5279 9945
5280 9944
5281 9943
5282 9942
5283 9941
5284 9940
5285 9939
5286 9938
5287 9937
5288 9936
5289 8026
5290 8025
5291 8024
5292 8023
5293 8022
5294 8021
5295 8020
5296 8019
5297 8018
5298 8017
5299 8009
5300 8008
5301 8007
5302 8006
5303 8005
5304 8004
5305 8003
5306 8002
5307 8001
5308 8000
5309 7999
5310 7998
5311 7997
5312 7996
5313 7995
5314 7994
5315 7993
5316 7992
5317 7991
5318 9737
5319 9736
5320 9735
5321 9734
5322 9733
5323 9732
5324 9731
5325 9730
5326 9729
5327 9728
5328 9727
5329 9726
5330 9725
5331 9724
5332 9723
5333 9722
5334 9721
5335 9720
5336 9719
5337 9623
5338 9622
5339 9621
5340 9620
5341 9619
5342 9618
5343 9617
5344 9616
5345 9615
5346 9614
5347 9613
5348 9602
5349 9601
5350 9600
5351 9599
5352 9598
5353 9597
5354 9596
5355 9595
5356 9594
5357 9593
5358 9592
5359 9571
5360 9570
5361 9569
5362 9568
5363 9567
5364 9566
5365 9565
5366 9564
5367 9563
5368 9562
5369 9561
5370 9560
5371 9559
5372 9558
5373 9557
5374 9556
5375 9555
5376 9554
5377 9553
5378 9552
5379 9551
5380 9550
5381 9549
5382 9548
5383 9547
5384 7878
5385 7877
5386 7876
5387 7875
5388 7874
5389 7873
5390 7872
5391 7871
5392 7870
5393 7869
5394 7857
5395 7856
5396 7855
5397 7854
5398 7853
5399 7852
5400 7851
5401 7850
5402 7849
5403 7848
5404 7837
5405 7836
5406 7835
5407 7834
5408 7833
5409 7832
5410 7831
5411 7830
5412 7829
5413 9466
5414 9465
5415 9464
5416 9463
5417 9462
5418 9461
5419 9460
5420 9459
5421 9249
5422 9248
5423 9247
5424 9246
5425 9245
5426 9244
5427 9243
5428 9242
5429 9241
5430 9240
5431 9239
5432 9238
5433 9219
5434 9218
5435 9217
5436 9216
5437 9215
5438 9214
5439 9213
5440 9212
5441 9211
5442 9210
5443 9209
5444 9208
5445 9207
5446 9206
5447 9205
5448 9204
5449 9203
5450 9202
5451 9201
5452 9200
5453 9199
5454 9198
5455 9197
5456 9196
5457 9195
5458 9194
5459 9193
5460 9192
5461 9191
5462 9190
5463 9189
5464 9188
5465 9187
5466 9186
5467 9185
5468 7817
5469 7816
5470 7815
5471 7814
5472 7813
5473 7812
5474 7811
5475 7810
5476 7809
5477 9087
5478 9086
5479 9085
5480 9084
5481 9083
5482 9082
5483 9081
5484 9080
5485 9079
5486 9078
5487 9077
5488 9076
5489 9075
5490 9074
5491 9073
5492 9072
5493 9071
5494 9070
5495 8986
5496 8985
5497 8984
5498 8983
5499 8982
5500 8981
5501 8980
5502 8979
5503 8978
5504 8977
5505 8976
5506 8920
5507 8919
5508 8918
5509 8917
5510 8916
5511 8915
5512 8914
5513 8913
5514 8912
5515 8911
5516 8910
5517 8909
5518 8908
5519 8907
5520 8906
5521 8905
5522 8904
5523 8903
5524 8902
5525 8901
5526 8801
5527 8800
5528 8799
5529 8798
5530 8797
5531 8796
5532 8795
5533 8794
5534 8793
5535 8792
5536 8791
5537 8790
5538 8789
5539 8788
5540 8787
5541 8730
5542 8729
5543 8728
5544 8727
5545 8726
5546 8725
5547 8724
5548 8723
5549 8722
5550 8721
5551 8720
5552 8719
5553 8718
5554 8717
5555 8716
5556 8715
5557 8714
5558 8659
5559 8658
5560 8657
5561 8656
5562 8655
5563 8654
5564 8653
5565 8652
5566 8651
5567 8650
5568 8649
5569 8648
5570 8647
5571 8646
5572 8645
5573 8644
5574 8643
5575 8642
5576 8641
5577 8640
5578 8464
5579 8463
5580 8462
5581 8461
5582 8460
5583 8459
5584 8458
5585 8457
5586 8456
5587 8455
5588 8454
5589 8453
5590 8452
5591 8451
5592 8450
5593 8449
5594 8448
5595 8447
5596 8446
5597 8445
5598 8444
5599 8443
5600 8442
5601 8441
5602 8440
5603 8439
5604 8545
5605 8544
5606 8543
5607 8542
5608 8541
5609 8540
5610 8539
5611 6741
5612 6740
5613 6739
5614 6738
5615 6737
5616 6736
5617 6735
5618 6734
5619 6733
5620 6732
5621 6731
5622 6730
5623 6729
5624 6728
5625 6727
5626 6726
5627 6725
5628 6724
5629 6723
5630 6722
5631 6721
5632 6720
5633 6719
5634 6718
5635 6717
5636 6716
5637 6715
5638 6714
5639 6713
5640 6712
5641 8383
5642 8382
5643 8381
5644 8380
5645 8379
5646 8378
5647 8377
5648 8376
5649 8375
5650 8374
5651 8373
5652 8372
5653 8371
5654 8370
5655 8369
5656 8368
5659 8396
5660 8395
5661 8394
5662 8393
5663 8392
5664 8391
5665 8390
5666 8389
5667 8388
5668 8387
5669 8386
5670 8385
5671 8384
5672 6711
5673 6710
5674 6709
5675 6708
5676 6707
5677 6706
5678 6705
5679 6704
5680 6703
5681 6702
5682 6701
5683 6700
5684 6699
5685 6698
5686 6697
5687 6696
5688 6749
5689 6748
5690 6747
5691 6746
5692 6745
5693 6744
5694 6743
5695 6742
5696 8538
5697 8537
5698 8536
5699 8535
5700 8534
5701 8533
5702 8532
5703 8531
5704 8530
5705 8529
5706 8528
5707 8527
5708 8526
5709 7651
5710 7650
5711 7649
5712 7648
5713 7647
5714 7646
5715 7645
5716 7644
5717 7643
5718 7642
5719 7673
5720 7672
5721 7671
5722 7670
5723 7669
5724 7668
5725 7667
5726 7666
5727 7665
5728 7664
5729 7663
5730 8666
5731 8665
5732 8664
5733 8663
5734 8662
5735 8661
5736 8660
5737 8713
5738 8712
5739 8711
5740 8710
5741 8709
5742 8708
5743 8707
5744 8706
5745 8705
5746 8704
5747 8703
5748 8702
5749 8701
5750 8700
5751 8814
5752 8813
5753 8812
5754 8811
5755 8810
5756 8809
5757 8808
5758 8807
5759 8806
5760 8805
5761 8804
5762 8803
5763 8802
5764 8900
5765 8899
5766 8898
5767 8897
5768 8896
5769 8895
5770 8894
5771 8893
5772 9003
5773 9002
5774 9001
5775 9000
5776 8999
5777 8998
5778 8997
5779 8996
5780 8995
5781 8994
5782 8993
5783 8992
5784 8991
5785 8990
5786 8989
5787 8988
5788 8987
5789 9069
5790 9068
5791 9067
5792 9066
5793 9065
5794 9064
5795 9063
5796 9062
5797 9061
5798 9060
5799 9059
5800 9058
5801 9057
5802 9056
5803 7693
5804 7692
5805 7691
5806 7690
5807 7689
5808 7688
5809 7687
5810 7686
5811 7685
5812 7684
5813 7715
5814 7714
5815 7713
5816 7712
5817 7711
5818 7710
5819 7709
5820 7708
5821 7707
5822 7706
5823 7705
5824 9237
5825 9236
5826 9235
5827 9234
5828 9233
5829 9232
5830 9231
5831 9230
5832 9229
5833 9228
5834 9227
5835 9226
5836 9225
5837 9224
5838 9223
5839 9222
5840 9221
5841 9220
5842 9259
5843 9258
5844 9257
5845 9256
5846 9255
5847 9254
5848 9253
5849 9252
5850 9251
5851 9250
5852 9458
5853 9457
5854 9456
5855 9455
5856 9454
5857 9453
5858 9452
5859 9451
5860 9450
5861 9449
5862 9448
5863 9447
5864 9446
5865 9445
5866 9444
5867 9443
5868 9442
5869 9441
5870 9440
5871 9439
5872 9438
5873 9437
5874 9436
5875 9435
5876 9434
5877 9433
5878 9432
5879 9431
5880 9430
5881 9429
5882 9428
5883 9427
5884 9426
5885 9425
5886 9591
5887 9590
5888 9589
5889 9588
5890 9587
5891 9586
5892 9585
5893 9584
5894 9583
5895 9582
5896 9581
5897 9580
5898 9579
5899 9578
5900 9577
5901 9576
5902 9575
5903 9574
5904 9573
5905 9572
5906 9612
5907 9611
5908 9610
5909 9609
5910 9608
5911 9607
5912 9606
5913 9605
5914 9604
5915 9603
5916 9633
5917 9632
5918 9631
5919 9630
5920 9629
5921 9628
5922 9627
5923 9626
5924 9625
5925 9624
5926 9718
5927 9717
5928 9716
5929 9715
5930 9714
5931 9713
5932 9712
5933 9711
5934 9710
5935 9709
5936 9708
5937 7941
5938 7940
5939 7939
5940 7938
5941 7937
5942 7936
5943 7935
5944 7934
5945 7933
5946 7932
5947 7931
5948 7930
5949 7929
5950 7928
5951 7927
5952 7926
5953 7925
5954 7924
5955 7923
5956 7922
5957 7921
5958 7920
5959 9873
5960 9872
5961 9871
5962 9870
5963 9869
5964 9868
5965 9867
5966 9866
5967 9865
5968 9864
5969 9863
5970 9862
5971 9861
5972 9860
5973 9859
5974 9858
5975 9857
5976 9856
5977 9855
5978 9854
5979 9969
5980 9968
5981 9967
5982 9966
5983 9965
5984 9964
5985 9963
5986 9962
5987 9961
5988 9960
5989 9990
5990 9989
5991 9988
5992 9987
5993 9986
5994 9985
5995 9984
5996 9983
5997 9982
5998 9981
5999 10011
6000 10010
6001 10009
6002 10008
6003 10007
6004 10006
6005 10005
6006 10004
6007 10003
6008 10002
6009 10113
6010 10112
6011 10111
6012 10110
6013 10109
6014 10108
6015 10107
6016 10106
6017 10105
6018 10104
6019 10103
6020 10102
6021 10101
6022 10100
6023 10099
6024 10098
6025 10097
6026 10096
6027 10095
6028 10094
6029 10093
6030 10092
6031 10091
6032 10090
6033 10089
6034 10088
6035 10087
6036 10086
6037 10402
6038 10401
6039 10400
6040 10399
6041 10398
6042 10397
6043 10396
6044 10395
6045 10394
6046 10393
6047 10392
6048 10391
6049 10390
6050 10389
6051 10388
6052 10387
6053 10386
6054 10385
6055 10343
6056 10342
6057 10341
6058 10340
6059 10339
6060 10338
6061 10337
6062 10336
6063 10335
6064 10334
6065 10333
6066 10332
6067 10331
6068 10330
6069 10329
6070 10328
6071 10327
6072 10326
6073 10136
6074 10135
6075 10134
6076 10133
6077 10132
6078 10131
6079 10130
6080 10129
6081 10128
6082 10127
6083 10126
6084 10157
6085 10156
6086 10155
6087 10154
6088 10153
6089 10152
6090 10151
6091 10150
6092 10149
6093 10148
6094 10541
6095 10540
6096 10539
6097 10538
6098 10537
6099 10536
6100 10535
6101 10534
6102 10533
6103 10532
6104 10531
6105 10530
6106 10529
6107 10528
6108 10641
6109 10640
6110 10639
6111 10638
6112 10637
6113 10636
6114 10635
6115 10634
6116 10633
6117 10632
6118 10631
6119 10630
6120 10629
6121 10628
6122 10627
6123 10626
6124 10735
6125 10734
6126 10733
6127 10732
6128 10731
6129 10730
6130 10729
6131 10728
6132 10727
6133 10726
6134 10725
6135 10724
6136 10723
6137 10722
6138 10721
6139 10720
6140 10719
6141 10718
6142 10717
6143 10716
6144 10715
6145 10714
6146 10713
6147 10712
6148 10711
6149 10710
6150 10794
6151 10793
6152 10792
6153 10791
6154 10790
6155 10789
6156 10788
6157 10787
6158 10786
6159 10869
6160 10868
6161 10867
6162 10866
6163 10865
6164 10864
6165 10863
6166 10862
6167 10861
6168 10860
6169 10859
6170 10858
6171 10989
6172 10988
6173 10987
6174 10986
6175 10985
6176 10984
6177 10983
6178 10982
6179 10981
6180 10980
6181 10979
6182 10978
6183 10977
6184 10976
6185 10975
6186 10974
6187 10973
6188 11101
6189 11100
6190 11099
6191 11098
6192 11097
6193 11096
6194 11095
6195 11094
6196 11093
6197 11092
6198 11091
6199 11090
6200 11089
6201 11088
6202 11087
6203 11086
6204 11085
6205 11084
6206 11083
6207 11082
6208 11081
6209 11080
6210 11079
6211 11078
6212 11077
6213 11076
6214 11075
6215 11074
6216 11073
6217 11206
6218 11205
6219 11204
6220 11203
6221 11202
6222 11201
6223 11200
6224 11199
6225 8152
6226 8151
6227 8150
6228 8149
6229 8148
6230 8147
6231 8146
6232 8145
6233 8144
6234 8143
6235 8142
6236 8141
6237 8140
6238 8139
6239 8138
6240 8137
6241 8136
6242 8135
6243 8134
6244 8133
6245 8132
6246 8131
6247 8130
6248 8129
6249 8128
6250 8127
6251 8126
6252 8125
6253 8124
6254 8123
6255 11262
6256 11261
6257 11260
6258 11259
6259 11258
6260 11257
6261 11256
6262 11255
6263 11343
6264 11342
6265 11341
6266 11340
6267 11339
6268 11338
6269 11337
6270 11336
6271 11335
6272 11334
6273 11333
6274 11332
6275 11331
6276 11330
6277 11329
6278 11328
6279 11327
6280 11326
6281 11325
6282 11324
6283 11323
6284 11364
6285 11363
6286 11362
6287 11361
6288 11360
6289 11359
6290 11358
6291 11357
6292 11356
6293 11355
6294 11447
6295 11446
6296 11445
6297 11444
6298 11443
6299 11442
6300 11441
6301 11440
6302 11439
6303 11438
6304 11437
6305 11436
6306 11435
6307 11554
6308 11553
6309 11552
6310 11551
6311 11550
6312 11549
6313 11548
6314 11547
6315 11546
6316 11545
6317 11544
6318 11543
6319 11542
6320 11541
6321 11540
6322 11539
6323 11538
6324 11703
6325 11702
6326 11701
6327 11700
6328 11699
6329 11698
6330 11697
6331 11696
6332 11695
6333 11694
6334 11693
6335 11692
6336 11691
6337 11690
6338 11689
6339 11688
6340 11687
6341 11686
6342 11685
6343 11684
6344 11683
6345 11682
6346 11681
6347 11680
6348 11679
6349 11678
6350 11890
6351 11889
6352 11888
6353 11887
6354 11886
6355 11885
6356 11884
6357 11883
6358 11882
6359 11881
6360 11880
6361 11879
6362 11878
6363 11877
6364 11876
6365 11875
6366 11874
6367 11873
6368 11872
6369 11871
6370 11870
6371 11869
6372 11868
6373 11867
6374 11866
6375 11865
6376 11864
6377 11863
6378 11862
6379 11861
6380 11860
6381 11859
6382 11858
6383 11857
6384 11856
6385 11855
6386 11854
6387 11853
6388 11852
6389 11851
6390 11984
6391 11983
6392 11982
6393 11981
6394 11980
6395 11979
6396 11978
6397 11977
6398 11976
6399 11975
6400 11974
6401 11973
6402 12085
6403 12084
6404 12083
6405 12082
6406 12081
6407 12080
6408 12079
6409 12078
6410 12181
6411 12180
6412 12179
6413 12178
6414 12177
6415 12176
6416 12175
6417 12174
6418 12173
6419 12172
6420 12171
6421 12170
6422 12169
6423 12168
6424 12167
6425 12166
6426 12165
6427 12164
6428 12163
6429 12239
6430 12238
6431 12237
6432 12236
6433 12235
6434 12234
6435 12233
6436 12232
6437 12231
6438 12230
6439 12229
6440 12228
6441 12227
6442 12226
6443 12225
6444 12477
6445 12476
6446 12475
6447 12474
6448 12473
6449 12472
6450 12471
6451 12470
6452 12469
6453 12468
6454 12467
6455 12466
6456 12465
6457 12464
6458 12463
6459 12462
6460 12461
6461 12460
6462 12459
6463 12458
6464 12457
6465 12456
6466 12455
6467 12454
6468 12453
6469 12452
6470 12451
6471 12450
6472 12449
6473 12448
6474 12447
6475 12446
6476 7736
6477 7735
6478 7734
6479 7733
6480 7732
6481 7731
6482 7730
6483 7729
6484 7728
6485 7727
6486 7758
6487 7757
6488 7756
6489 7755
6490 7754
6491 7753
6492 7752
6493 7751
6494 7750
6495 7749
6496 7748
6497 12644
6498 12643
6499 12642
6500 12641
6501 12640
6502 12639
6503 12638
6504 12637
6505 12636
6506 12635
6507 12634
6508 12633
6509 12632
6510 12631
6511 12630
6512 12629
6513 12628
6514 12766
6515 12765
6516 12764
6517 12763
6518 12762
6519 12761
6520 12760
6521 12759
6522 12758
6523 12757
6524 12756
6525 12755
6526 12754
6527 12753
6528 12752
6529 12751
6530 12750
6531 12749
6532 12748
6533 12747
6534 12746
6535 12889
6536 12888
6537 12887
6538 12886
6539 12885
6540 12884
6541 12883
6542 12882
6543 12881
6544 12880
6545 12879
6546 12878
6547 12877
6548 12876
6549 12918
6550 12917
6551 12916
6552 12915
6553 12914
6554 12913
6555 12912
6556 12939
6557 12938
6558 12937
6559 12936
6560 12935
6561 12934
6562 12933
6563 12932
6564 12931
6565 12930
6566 12961
6567 12960
6568 12959
6569 12958
6570 12957
6571 12956
6572 12955
6573 12954
6574 12953
6575 12952
6576 12951
6577 13036
6578 13035
6579 13034
6580 13033
6581 13032
6582 13031
6583 13030
6584 13029
6585 13028
6586 13027
6587 13026
6588 13025
6589 13024
6590 13023
6591 13022
6592 13168
6593 13167
6594 13166
6595 13165
6596 13164
6597 13163
6598 13162
6599 13161
6600 13160
6601 13159
6602 13158
6603 13157
6604 13156
6605 13155
6606 13154
6607 13268
6608 13267
6609 13266
6610 13265
6611 13264
6612 13263
6613 13262
6614 13261
6615 13260
6616 13259
6617 13258
6618 13257
6619 13256
6620 13255
6621 13254
6622 13253
6623 7779
6624 7778
6625 7777
6626 7776
6627 7775
6628 7774
6629 7773
6630 7772
6631 7771
6632 7770
6633 7794
6634 7793
6635 7792
6636 7791
6637 7790
6638 7789
6639 7788
6640 7787
6641 7786
6642 7785
6643 7784
6644 7783
6645 7782
6646 7781
6647 7780
