1, 0, 1, 0.2
2, 3, 2, 0.3
3, 7, 6, 0.2
4, 5, 4, 0.2
5, 11, 10, 0.2
6, 12, 13, 0.2
7, 9, 8, 0.2
8, 9, 10, 0.2
9, 8, 7, 0.2
10, 6, 5, 0.5
11, 4, 3, 0.5
12, 11, 12, 0.3
13, 2, 1, 0.2
14, 13, 0, 0.2
15, 9, 8, 0.5
16, 6, 7, 0.3
17, 4, 3, 0.6
18, 10, 11, 0.6
19, 5, 6, 1.5
20, 12, 13, 1.2
21, 2, 1, 0.6
22, 0, 13, 0.2
23, 9, 10, 0.2
26, 11, 2, 0.2
27, 5, 4, 0.3
29, 1, 0, 0.6
31, 6, 7, 0.5
32, 10, 5, 0.2
37, 6, 5, 1.8
38, 4, 3, 2.1
39, 10, 11, 2.1
40, 7, 8, 0.3
42, 2, 1, 1.2
43, 0, 13, 0.5
44, 9, 10, 1.8
45, 6, 7, 1.8
46, 4, 5, 1.2
47, 11, 12, 0.5
48, 3, 2, 0.3
49, 1, 0, 2.1
53, 10, 11, 0.6
54, 5, 6, 2.1
55, 12, 13, 2.1
56, 2, 1, 2.1
57, 0, 13, 1.2
58, 9, 10, 0.8
59, 8, 7, 1.2
60, 4, 5, 1.8
61, 11, 12, 0.8
62, 3, 2, 2.4
67, 10, 11, 1.2
68, 5, 6, 1.2
69, 12, 13, 2.7
70, 2, 1, 0.6
71, 0, 13, 0.2
72, 9, 10, 1.2
73, 8, 7, 1.8
75, 11, 12, 3.0
76, 5, 4, 0.3
77, 2, 1, 2.7
78, 0, 1, 1.7
80, 6, 5, 1.8
81, 10, 11, 1.2
82, 7, 8, 0.8
83, 3, 4, 1.2
84, 12, 13, 1.4
85, 2, 11, 0.2
86, 0, 13, 2.7
90, 5, 4, 0.8
92, 1, 0, 2.4
93, 9, 8, 1.8
94, 6, 5, 1.5
95, 10, 9, 0.3
96, 7, 8, 0.6
98, 12, 13, 2.4
99, 1, 2, 1.8
102, 4, 3, 1.8
103, 10, 11, 1.8
104, 5, 6, 2.7
107, 9, 8, 1.8
108, 4, 3, 2.1
109, 10, 5, 0.3
112, 2, 1, 2.7
115, 6, 7, 1.5
116, 4, 5, 1.5
117, 11, 12, 1.1
118, 3, 2, 0.5
119, 1, 0, 0.5
120, 9, 8, 2.1
121, 6, 5, 2.7
122, 4, 5, 2.1
123, 10, 11, 2.1
124, 7, 8, 2.7
125, 3, 2, 1.1
126, 12, 13, 2.4
127, 1, 2, 2.7
132, 11, 12, 1.2
134, 9, 8, 2.7
137, 10, 11, 2.4
138, 5, 6, 2.4
139, 12, 13, 2.7
140, 2, 11, 0.3
141, 1, 2, 2.4
142, 0, 13, 0.5
145, 10, 5, 0.5
146, 7, 8, 0.5
150, 6, 7, 2.1
152, 5, 6, 2.1
153, 12, 13, 2.7
154, 2, 1, 2.7
158, 10, 11, 2.7
159, 7, 6, 1.8
160, 5, 4, 1.2
162, 2, 3, 0.5
163, 1, 0, 2.6
164, 9, 10, 2.0
165, 8, 7, 1.1
166, 5, 4, 1.2
168, 2, 11, 0.3
171, 6, 7, 1.2
172, 10, 5, 0.9
173, 3, 4, 2.6
175, 2, 11, 0.9
178, 6, 5, 2.7
179, 10, 9, 0.6
180, 7, 8, 2.7
181, 3, 4, 2.7
183, 2, 1, 2.7
184, 0, 13, 0.6
185, 6, 5, 3.0
186, 10, 11, 2.7
187, 7, 6, 1.8
192, 4, 3, 2.4
193, 10, 5, 1.1
196, 2, 1, 2.4
200, 4, 3, 2.7
201, 11, 12, 1.7
202, 5, 4, 0.8
203, 2, 11, 1.8
204, 1, 0, 2.7
207, 10, 5, 1.4
208, 3, 2, 2.4
209, 12, 13, 2.4
213, 4, 5, 1.8
214, 10, 11, 2.7
221, 10, 5, 2.4
222, 11, 2, 1.4
228, 10, 9, 0.6
229, 11, 2, 1.8
230, 5, 6, 2.1
233, 8, 9, 2.7
235, 10, 9, 1.8
237, 11, 2, 1.8
238, 5, 6, 2.6
242, 10, 5, 2.9
244, 11, 2, 2.4
249, 10, 9, 2.1
250, 11, 2, 2.6
251, 5, 6, 2.4
253, 1, 2, 2.4
254, 0, 13, 2.4
24, 8, 7, 0.2, LOOP
25, 4, 3, 0.6, LOOP
28, 12, 11, 0.5, LOOP
30, 9, 8, 0.6, LOOP
33, 3, 2, 0.3, LOOP
34, 12, 13, 0.5, LOOP
35, 1, 0, 0.2, LOOP
36, 9, 8, 0.6, LOOP
41, 12, 13, 0.6, LOOP
50, 9, 8, 0.6, LOOP
51, 6, 7, 0.3, LOOP
52, 4, 3, 0.6, LOOP
63, 1, 0, 0.3, LOOP
64, 9, 8, 0.6, LOOP
65, 6, 7, 0.6, LOOP
66, 4, 3, 0.6, LOOP
74, 4, 3, 1.2, LOOP
79, 9, 8, 0.6, LOOP
87, 9, 10, 0.2, LOOP
88, 6, 7, 0.6, LOOP
89, 3, 2, 0.3, LOOP
91, 12, 11, 0.5, LOOP
97, 3, 2, 0.5, LOOP
100, 0, 13, 0.3, LOOP
101, 6, 7, 0.6, LOOP
105, 12, 11, 0.5, LOOP
106, 1, 0, 0.5, LOOP
110, 7, 8, 0.5, LOOP
111, 12, 13, 1.2, LOOP
113, 0, 13, 0.3, LOOP
114, 9, 10, 0.3, LOOP
128, 0, 13, 0.3, LOOP
129, 9, 10, 0.5, LOOP
130, 6, 7, 0.6, LOOP
131, 4, 3, 1.2, LOOP
133, 1, 0, 0.5, LOOP
135, 6, 7, 0.8, LOOP
136, 4, 3, 1.2, LOOP
143, 9, 8, 1.2, LOOP
144, 4, 3, 1.8, LOOP
147, 12, 11, 0.6, LOOP
148, 1, 0, 0.6, LOOP
149, 9, 10, 0.6, LOOP
151, 4, 3, 1.8, LOOP
155, 0, 13, 0.5, LOOP
156, 9, 8, 1.2, LOOP
157, 4, 3, 1.8, LOOP
161, 12, 11, 0.9, LOOP
167, 12, 13, 1.8, LOOP
169, 1, 0, 0.6, LOOP
170, 9, 8, 1.2, LOOP
174, 12, 13, 1.8, LOOP
176, 1, 0, 0.8, LOOP
177, 9, 8, 1.2, LOOP
182, 12, 13, 1.8, LOOP
188, 3, 2, 0.5, LOOP
189, 12, 11, 1.1, LOOP
190, 1, 0, 1.4, LOOP
191, 9, 8, 1.4, LOOP
194, 7, 8, 0.8, LOOP
195, 12, 13, 1.8, LOOP
197, 0, 13, 0.9, LOOP
198, 9, 10, 0.6, LOOP
199, 6, 7, 0.9, LOOP
205, 9, 8, 1.4, LOOP
206, 6, 7, 0.9, LOOP
210, 1, 0, 1.5, LOOP
211, 9, 8, 1.8, LOOP
212, 6, 7, 0.9, LOOP
215, 3, 2, 0.9, LOOP
216, 12, 13, 2.0, LOOP
217, 1, 0, 1.7, LOOP
218, 9, 8, 1.8, LOOP
219, 6, 7, 1.2, LOOP
220, 4, 3, 1.8, LOOP
223, 12, 13, 2.4, LOOP
224, 1, 0, 1.8, LOOP
225, 9, 8, 2.4, LOOP
226, 6, 7, 1.2, LOOP
227, 4, 3, 1.8, LOOP
231, 12, 13, 2.4, LOOP
232, 1, 0, 2.1, LOOP
234, 4, 3, 2.0, LOOP
236, 7, 8, 0.9, LOOP
239, 12, 13, 2.7, LOOP
240, 1, 0, 2.3, LOOP
241, 4, 3, 2.4, LOOP
243, 7, 8, 2.3, LOOP
245, 12, 13, 2.7, LOOP
246, 1, 0, 2.7, LOOP
247, 6, 7, 1.2, LOOP
248, 4, 3, 2.4, LOOP
252, 12, 13, 2.7, LOOP
Helix 0 has an average crossover density of 36/543 = 0.0663 (1/bp). Target is 0.0700 (1/bp).
Helix 1 has an average crossover density of 36/544 = 0.0662 (1/bp). Target is 0.0700 (1/bp).
Helix 2 has an average crossover density of 37/546 = 0.0678 (1/bp). Target is 0.0700 (1/bp).
Helix 3 has an average crossover density of 36/547 = 0.0658 (1/bp). Target is 0.0700 (1/bp).
Helix 4 has an average crossover density of 36/549 = 0.0656 (1/bp). Target is 0.0700 (1/bp).
Helix 5 has an average crossover density of 36/547 = 0.0658 (1/bp). Target is 0.0700 (1/bp).
Helix 6 has an average crossover density of 37/550 = 0.0673 (1/bp). Target is 0.0700 (1/bp).
Helix 7 has an average crossover density of 36/548 = 0.0657 (1/bp). Target is 0.0700 (1/bp).
Helix 8 has an average crossover density of 36/552 = 0.0652 (1/bp). Target is 0.0700 (1/bp).
Helix 9 has an average crossover density of 37/552 = 0.0670 (1/bp). Target is 0.0700 (1/bp).
Helix 10 has an average crossover density of 36/549 = 0.0656 (1/bp). Target is 0.0700 (1/bp).
Helix 11 has an average crossover density of 36/548 = 0.0657 (1/bp). Target is 0.0700 (1/bp).
Helix 12 has an average crossover density of 36/547 = 0.0658 (1/bp). Target is 0.0700 (1/bp).
Helix 13 has an average crossover density of 37/545 = 0.0679 (1/bp). Target is 0.0700 (1/bp).
