0 12845
1 12844
2 12843
3 12842
4 12841
5 12840
6 12839
7 12838
8 12837
9 12836
10 12835
11 12834
12 12833
13 12832
14 12831
15 12830
16 12829
17 12828
18 12158
19 12157
20 12156
21 12155
22 12154
23 12153
24 12152
25 12151
26 11583
27 11582
28 11581
29 11580
30 11579
31 11578
32 11577
33 11576
34 11335
35 11334
36 11333
37 11332
38 11331
39 11330
40 11329
41 11328
42 11327
43 11326
44 11325
45 11324
46 11323
47 11322
48 11321
49 11320
50 11319
51 11318
52 11317
53 11316
54 11315
55 11314
56 11313
57 11312
58 11368
59 11367
60 11366
61 11365
62 11364
63 11363
64 11362
65 11361
66 11236
67 11235
68 11234
69 11233
70 11232
71 11231
72 11230
73 11229
74 11228
75 11227
76 11226
77 11225
78 11224
79 11223
80 11222
81 11221
82 11145
83 11144
84 11143
85 11142
86 11141
87 11140
88 11139
89 11138
90 11137
91 11136
92 11135
93 11134
94 11133
95 11132
96 11131
97 11130
98 11129
99 11128
100 11127
101 11126
102 11125
103 11124
104 11123
105 11122
106 11121
107 11120
108 11119
109 11118
110 11117
111 11116
112 11115
113 10452
114 10451
115 10450
116 10449
117 10448
118 10447
119 10446
120 10445
121 10102
122 10101
123 10100
124 10099
125 10098
126 10097
127 10096
128 10095
129 9319
130 9318
131 9317
132 9316
133 9315
134 9314
135 9313
136 9312
137 9311
138 9310
139 9072
140 9071
141 9070
142 9069
143 9068
144 9067
145 9066
146 9065
147 9064
148 9063
149 9062
150 9061
151 9060
152 9059
153 9352
154 9351
155 9350
156 9349
157 9348
158 9347
159 9346
160 9345
161 9879
162 9878
163 9877
164 9876
165 9875
166 9874
167 9873
168 9872
169 9871
170 9870
171 9869
172 9868
173 9867
174 9866
175 9865
176 9864
177 8988
178 8987
179 8986
180 8985
181 8984
182 8983
183 8982
184 8981
185 8980
186 9835
187 9834
188 9833
189 9832
190 9831
191 9830
192 9829
193 9828
194 9827
195 9826
196 9825
197 9824
198 9823
199 9822
200 9821
201 9820
202 9819
203 9818
204 9817
205 9816
206 9815
207 9814
208 8532
209 8531
210 8530
211 8529
212 8528
213 8527
214 8526
215 8525
216 7112
217 7111
218 7110
219 7109
220 7108
221 7107
222 7106
223 7105
224 7104
225 7103
226 7102
227 7101
228 7100
229 7099
230 7098
231 7097
232 8578
233 8577
234 8576
235 8575
236 8574
237 8573
238 8572
239 8571
240 8673
241 8672
242 8671
243 8670
244 8669
245 8668
246 8667
247 8666
248 8315
249 8314
250 8313
251 8312
252 8311
253 8310
254 8309
255 8308
256 6952
257 6951
258 6950
259 6949
260 6948
261 6947
262 6946
263 6945
264 6944
265 6943
266 6942
267 6941
268 6940
269 6939
270 6938
271 6937
272 8095
273 8094
274 8093
275 8092
276 8091
277 8090
278 8089
279 6910
280 6909
281 6908
282 6907
283 6906
284 6905
285 6904
286 6903
287 6902
288 6901
289 6900
290 6899
291 6898
292 6897
293 6896
294 6895
295 6894
296 6893
297 6892
298 6891
299 6890
300 6889
301 6888
302 6887
303 6886
304 7648
305 7647
306 7646
307 7645
308 7644
309 7643
310 7642
311 7641
312 7480
313 7479
314 7478
315 7477
316 7476
317 7475
318 7474
319 7473
320 7472
321 7471
322 7470
323 7469
324 7468
325 7467
326 7466
327 7465
328 7464
331 7603
332 7602
333 7601
334 7600
335 7599
336 7598
337 7597
338 7596
339 7595
340 7594
341 7593
342 7592
343 7591
344 7590
345 7589
346 7588
347 8074
348 8073
349 8072
350 8071
351 8070
352 8069
353 8068
354 8067
355 8066
356 8065
357 8064
358 8063
359 8062
360 8061
361 8060
362 8059
363 8058
364 8057
365 8056
366 8055
367 8054
368 8053
369 8052
370 8051
371 8050
372 6959
373 6958
374 6957
375 6956
376 6955
377 6954
378 6953
379 8307
380 8306
381 8305
382 8304
383 8303
384 8302
385 8301
386 8300
387 8299
388 8298
389 8297
390 8296
391 8295
392 8294
393 8293
394 8292
395 8291
396 8290
397 8289
398 8288
399 8287
400 8286
401 8285
402 8284
403 8283
404 8282
405 8281
406 8280
407 8279
408 8278
409 8277
410 8276
411 8275
412 8274
413 8273
414 8272
415 8271
416 8270
417 8269
418 8268
419 8267
420 8266
421 8265
422 8264
423 8263
424 8262
425 8261
426 8260
427 8259
428 8258
429 8968
430 8967
431 8966
432 8965
433 8964
434 8963
435 8962
436 8961
437 8960
438 8959
439 8958
440 8957
441 8956
442 8955
443 8954
444 8953
445 8952
446 8951
447 8950
448 8949
449 8948
450 8947
451 8946
452 8945
453 8944
454 8943
455 9886
456 9885
457 9884
458 9883
459 9882
460 9881
461 9880
462 9344
463 9343
464 9342
465 9341
466 9340
467 9339
468 9338
469 9337
470 9336
471 9335
472 9334
473 9333
474 9332
475 9331
476 9330
477 9329
478 9328
479 9327
480 9326
481 9325
482 9324
483 9323
484 9322
485 9321
486 9320
487 10094
488 10093
489 10092
490 10091
491 10090
492 10089
493 10088
494 10087
495 10086
496 10085
497 10084
498 10083
499 10082
500 10081
501 10080
502 10079
503 10078
504 10077
505 10076
506 10075
507 10074
508 10073
509 10072
510 10071
511 10528
512 10527
513 10526
514 10525
515 10524
516 10523
517 10522
518 10521
519 10520
520 10519
521 10858
522 10857
523 10856
524 10855
525 10854
526 10853
527 10852
528 10851
529 10850
530 10849
531 10848
532 10847
533 10846
534 10845
535 10844
536 10843
537 10865
538 10864
539 10863
540 10862
541 10861
542 10860
543 10859
544 11360
545 11359
546 11358
547 11357
548 11356
549 11355
550 11354
551 11353
552 11352
553 11351
554 11350
555 11349
556 11348
557 11347
558 11346
559 11345
560 11344
561 11343
562 11342
563 11341
564 11340
565 11339
566 11338
567 11337
568 11336
569 11575
570 11574
571 11573
572 11572
573 11571
574 11570
575 11569
576 11568
577 11567
578 11566
579 11565
580 11564
581 11563
582 11562
583 11561
584 11560
585 11559
586 11558
587 11557
588 11556
589 11555
590 11554
591 11553
592 11552
593 13143
594 13142
595 13141
596 13140
597 13139
598 13138
599 13137
600 13136
601 13135
602 13134
603 13133
604 13132
605 13131
606 13130
607 13129
608 13128
609 13127
610 13126
611 13125
612 13124
613 13123
614 13122
615 13121
616 13120
617 13119
618 13118
619 13117
620 13116
621 13115
622 13114
623 13113
624 13112
625 13111
626 13089
627 13088
628 13087
629 13086
630 13085
631 13084
632 13083
633 13082
634 13081
635 13080
636 13079
637 13078
638 13077
639 13076
640 13075
641 13074
642 13073
643 13072
646 13049
647 13048
648 13047
649 13046
650 13045
651 13023
652 13022
653 13021
654 13020
655 13019
656 13018
657 13017
658 13016
659 13015
660 13014
661 13013
662 13012
663 13011
664 13010
665 13009
666 13008
667 13007
668 13006
669 13005
670 13004
671 13003
672 13002
673 13001
674 13000
675 13160
676 13159
677 13158
678 13157
679 13156
680 13155
681 13154
682 13153
683 13152
684 13151
685 13150
686 13149
687 13148
688 13147
689 13146
690 13145
691 13144
692 11551
693 11550
694 11549
695 11548
696 11547
697 11546
698 11545
699 11544
700 12142
701 12141
702 12140
703 12139
704 12138
705 12137
706 12136
707 12135
708 11937
709 11936
710 11935
711 11934
712 11933
713 11932
714 11931
715 11930
716 11929
717 11928
718 11927
719 11926
720 11925
721 11924
722 11923
723 11922
724 11921
725 11920
726 11919
727 11918
728 11917
729 11916
730 11915
731 11914
732 11913
733 11912
734 10881
735 10880
736 10879
737 10878
738 10877
739 10876
740 10875
741 10874
742 10873
743 10872
744 10871
745 10870
746 10869
747 10868
748 10867
749 10866
750 10842
751 10841
752 10840
753 10839
754 10838
755 10837
756 10836
757 10835
758 10545
759 10544
760 10543
761 10542
762 10541
763 10540
764 10539
765 10538
766 10537
767 10536
768 10535
769 10534
770 10533
771 10532
772 10531
773 10530
774 10529
775 10070
776 10069
777 10068
778 10067
779 10066
780 10065
781 10064
782 10063
783 10436
784 10435
785 10434
786 10433
787 10432
788 10431
789 10430
790 10429
791 9087
792 9086
793 9085
794 9084
795 9083
796 9082
797 9081
798 9080
799 9079
800 9078
801 9077
802 9076
803 9075
804 9074
805 9073
806 9022
807 9021
808 9020
809 9019
810 9018
811 9017
812 9016
813 9015
814 9014
815 9013
816 9012
817 9902
818 9901
819 9900
820 9899
821 9898
822 9897
823 9896
824 9895
825 9894
826 9893
827 9892
828 9891
829 9890
830 9889
831 9888
832 9887
833 8942
834 8941
835 8940
836 8939
837 8938
838 8937
839 8936
840 8935
841 8934
842 8933
843 8932
844 8931
845 8930
846 8929
847 8979
848 8978
849 8977
850 8976
851 8975
852 8974
853 8973
854 8972
855 8971
856 8970
857 8969
858 8257
859 8256
860 8255
861 8254
862 8253
863 8252
864 8251
865 8250
866 8516
867 8515
868 8514
869 8513
870 8512
871 8511
872 8510
873 8509
874 8591
875 8590
876 8589
877 8588
878 8587
879 8586
880 8585
881 8584
882 8583
883 8582
884 8581
885 8580
886 8579
887 8630
888 8629
889 8628
890 8627
891 8626
892 8625
893 8624
894 8623
895 8622
896 8621
897 8620
898 8619
899 8618
900 6975
901 6974
902 6973
903 6972
904 6971
905 6970
906 6969
907 6968
908 6967
909 6966
910 6965
911 6964
912 6963
913 6962
914 6961
915 6960
916 8049
917 8048
918 8047
919 8046
920 8045
921 8044
922 8043
923 8042
924 8041
925 8040
926 8039
927 8038
928 8088
929 8087
930 8086
931 8085
932 8084
933 8083
934 8082
935 8081
936 8080
937 8079
938 8078
939 8077
940 8076
941 8075
942 7587
943 7586
944 7585
945 7584
946 7583
947 7582
948 7581
949 7580
950 7632
951 7631
952 7630
953 7629
954 7628
955 7627
956 7626
957 7625
960 7624
961 7623
962 7622
963 7621
964 7620
965 7619
966 7618
967 7617
968 7616
969 7488
970 7487
971 7486
972 7485
973 7484
974 7483
975 7482
976 7481
977 7640
978 7639
979 7638
980 7637
981 7636
982 7635
983 7634
984 7633
985 7579
986 7578
987 7577
988 7576
989 7575
990 7574
991 7573
992 7572
993 7761
994 7760
995 7759
996 7758
997 7757
998 7756
999 7755
1000 8025
1001 8024
1002 8023
1003 8022
1004 8021
1005 8020
1006 8019
1007 8018
1008 8017
1009 8016
1010 8015
1011 8014
1012 8013
1013 8012
1014 8011
1015 8010
1016 8009
1017 8008
1018 8007
1019 8006
1020 8005
1021 8004
1022 8003
1023 8002
1024 8330
1025 8329
1026 8328
1027 8327
1028 8326
1029 8325
1030 8324
1031 8323
1032 8322
1033 8321
1034 8320
1035 8319
1036 8318
1037 8317
1038 8316
1039 8665
1040 8664
1041 8663
1042 8662
1043 8661
1044 8660
1045 8659
1046 8658
1047 8657
1048 8656
1049 8655
1050 8654
1051 8653
1052 8652
1053 8651
1054 8650
1055 8649
1056 8648
1057 8647
1058 8646
1059 8645
1060 8644
1061 8643
1062 8642
1063 7120
1064 7119
1065 7118
1066 7117
1067 7116
1068 7115
1069 7114
1070 7113
1071 8524
1072 8523
1073 8522
1074 8521
1075 8520
1076 8519
1077 8518
1078 8517
1079 8249
1080 8248
1081 8247
1082 8246
1083 8245
1084 8244
1085 8243
1086 8242
1087 8241
1088 8240
1089 8239
1090 8238
1091 8237
1092 8236
1093 8235
1094 8234
1095 9593
1096 9592
1097 9591
1098 9590
1099 9589
1100 9588
1101 9587
1102 9586
1103 9585
1104 9584
1105 9583
1106 9582
1107 9581
1108 9580
1109 9579
1110 9578
1111 9577
1112 9576
1113 9575
1114 9574
1115 9573
1116 9572
1117 9571
1118 9570
1119 10149
1120 10148
1121 10147
1122 10146
1123 10145
1124 10144
1125 10143
1126 9360
1127 9359
1128 9358
1129 9357
1130 9356
1131 9355
1132 9354
1133 9353
1134 9058
1135 9057
1136 9056
1137 9055
1138 9054
1139 9053
1140 9052
1141 9051
1142 9050
1143 9049
1144 9048
1145 9047
1146 9046
1147 9045
1148 9239
1149 9238
1150 9237
1151 9236
1152 9235
1153 9234
1154 9233
1155 9232
1156 9231
1157 9247
1158 9246
1159 9245
1160 9244
1161 9243
1162 9242
1163 9241
1164 9240
1165 10444
1166 10443
1167 10442
1168 10441
1169 10440
1170 10439
1171 10438
1172 10437
1173 10062
1174 10061
1175 10060
1176 10059
1177 10058
1178 10057
1179 10056
1180 10055
1181 10569
1182 10568
1183 10567
1184 10566
1185 10565
1186 10564
1187 10563
1188 10562
1189 10561
1190 10560
1191 10559
1192 10558
1193 10557
1194 10556
1195 10555
1196 10554
1197 10553
1198 10552
1199 10551
1200 10550
1201 10549
1202 10548
1203 10547
1204 10546
1205 10834
1206 10833
1207 10832
1208 10831
1209 10830
1210 10829
1211 10828
1212 10827
1213 11766
1214 11765
1215 11764
1216 11763
1217 11762
1218 11761
1219 11760
1220 11376
1221 11375
1222 11374
1223 11373
1224 11372
1225 11371
1226 11370
1227 11369
1228 11311
1229 11310
1230 11309
1231 11308
1232 11307
1233 11306
1234 11305
1235 11304
1236 11303
1237 11302
1238 11301
1239 11300
1240 11299
1241 11298
1242 11297
1243 11296
1244 11295
1245 11294
1246 11293
1247 11292
1248 11291
1249 11290
1250 11289
1251 11591
1252 11590
1253 11589
1254 11588
1255 11587
1256 11586
1257 11585
1258 11584
1259 12150
1260 12149
1261 12148
1262 12147
1263 12146
1264 12145
1265 12144
1266 12143
1267 11543
1268 11542
1269 11541
1270 11540
1271 11539
1272 11538
1273 11537
1274 11536
1275 13184
1276 13183
1277 13182
1278 13181
1279 13180
1280 13179
1281 13178
1282 13177
1283 13176
1284 13175
1285 13174
1286 13173
1287 13172
1288 13171
1289 13170
1290 13169
1291 13168
1292 13167
1293 13166
1294 13165
1295 13164
1296 13163
1297 13162
1298 13161
1299 12999
1300 12998
1301 12997
1302 12996
1303 12995
1304 12994
1305 12993
1306 12992
1307 12387
1308 12386
1309 12385
1310 12384
1311 12383
1312 12382
1313 12381
1314 12227
1315 12226
1316 12225
1317 12224
1318 12223
1319 12222
1320 12221
1321 12220
1324 13039
1325 13038
1326 13037
1327 13036
1328 13035
1329 13034
1330 13033
1331 13032
1332 12395
1333 12394
1334 12393
1335 12392
1336 12391
1337 12390
1338 12389
1339 12388
1340 12991
1341 12990
1342 12989
1343 12988
1344 12987
1345 12986
1346 12985
1347 12984
1348 13207
1349 13206
1350 13205
1351 13204
1352 13203
1353 13202
1354 13201
1355 13200
1356 13199
1357 13198
1358 13197
1359 13196
1360 13195
1361 13194
1362 13193
1363 13192
1364 13191
1365 13190
1366 13189
1367 13188
1368 13187
1369 13186
1370 13185
1371 11535
1372 11534
1373 11533
1374 11532
1375 11531
1376 11530
1377 11529
1378 11528
1379 12795
1380 12794
1381 12793
1382 12792
1383 12791
1384 12790
1385 12789
1386 12788
1387 11953
1388 11952
1389 11951
1390 11950
1391 11949
1392 11948
1393 11947
1394 11946
1395 11675
1396 11674
1397 11673
1398 11672
1399 11671
1400 11670
1401 11669
1402 11668
1403 11667
1404 11666
1405 11665
1406 11664
1407 11707
1408 11706
1409 11705
1410 11704
1411 11703
1412 11702
1413 11701
1414 11700
1415 11699
1416 11698
1417 11697
1418 11696
1419 10897
1420 10896
1421 10895
1422 10894
1423 10893
1424 10892
1425 10891
1426 10890
1427 11774
1428 11773
1429 11772
1430 11771
1431 11770
1432 11769
1433 11768
1434 11767
1435 10826
1436 10825
1437 10824
1438 10823
1439 10822
1440 10821
1441 10820
1442 10819
1443 10592
1444 10591
1445 10590
1446 10589
1447 10588
1448 10587
1449 10586
1450 10585
1451 10584
1452 10583
1453 10582
1454 10581
1455 10580
1456 10579
1457 10578
1458 10577
1459 10576
1460 10575
1461 10574
1462 10573
1463 10572
1464 10571
1465 10570
1466 10054
1467 10053
1468 10052
1469 10051
1470 10050
1471 10049
1472 10048
1473 10047
1474 11082
1475 11081
1476 11080
1477 11079
1478 11078
1479 11077
1480 11076
1481 11075
1482 9103
1483 9102
1484 9101
1485 9100
1486 9099
1487 9098
1488 9097
1489 9096
1490 9183
1491 9182
1492 9181
1493 9180
1494 9179
1495 9178
1496 9177
1497 9176
1498 9175
1499 9174
1500 9217
1501 9216
1502 9215
1503 9214
1504 9213
1505 9212
1506 9211
1507 9210
1508 9209
1509 9208
1510 9207
1511 9206
1512 9205
1513 9204
1514 9918
1515 9917
1516 9916
1517 9915
1518 9914
1519 9913
1520 9912
1521 9911
1522 10157
1523 10156
1524 10155
1525 10154
1526 10153
1527 10152
1528 10151
1529 10150
1530 9569
1531 9568
1532 9567
1533 9566
1534 9565
1535 9564
1536 9563
1537 9562
1538 9612
1539 9611
1540 9610
1541 9609
1542 9608
1543 9607
1544 9606
1545 9605
1546 9604
1547 8877
1548 8876
1549 8875
1550 8874
1551 8873
1552 8872
1553 8871
1554 8870
1555 8869
1556 8868
1557 8867
1558 8866
1559 8865
1560 8864
1561 8863
1562 8862
1563 8861
1564 8860
1565 8859
1566 8858
1567 8857
1568 8856
1569 9781
1570 9780
1571 9779
1572 9778
1573 9777
1574 9776
1575 9775
1576 9774
1577 7182
1578 7181
1579 7180
1580 7179
1581 7178
1582 7177
1583 7176
1584 7175
1585 7174
1586 7173
1587 7172
1588 7171
1589 7170
1590 7169
1591 7168
1592 7167
1593 7166
1594 7165
1595 7164
1596 7163
1597 7162
1598 7161
1599 7160
1600 7159
1601 7069
1602 7068
1603 7067
1604 7066
1605 7065
1606 7064
1607 7063
1608 7062
1609 6991
1610 6990
1611 6989
1612 6988
1613 6987
1614 6986
1615 6985
1616 6984
1617 8338
1618 8337
1619 8336
1620 8335
1621 8334
1622 8333
1623 8332
1624 8331
1625 8001
1626 8000
1627 7999
1628 7998
1629 7997
1630 7996
1631 7995
1632 7994
1633 7785
1634 7784
1635 7783
1636 7782
1637 7781
1638 7780
1639 7779
1640 7778
1641 7777
1642 7776
1643 7775
1644 7774
1645 7773
1646 7772
1647 7771
1648 7770
1649 7769
1650 7768
1651 7767
1652 7766
1653 7765
1654 7764
1655 7763
1656 7762
1657 7571
1658 7570
1659 7569
1660 7568
1661 7567
1662 7566
1663 7565
1664 7564
1665 6853
1666 6852
1667 6851
1668 6850
1669 6849
1670 6848
1671 6847
1672 6846
1673 6779
1674 6778
1675 6777
1676 6776
1677 6775
1678 6774
1679 6773
1680 6772
1681 6771
1682 6770
1683 6769
1684 6768
1685 6767
1686 6766
1687 6765
1688 6764
1689 6763
1692 7451
1693 7450
1694 7449
1695 7448
1696 7447
1697 7446
1698 7445
1699 7444
1700 7443
1701 7442
1702 7441
1703 7440
1704 7439
1705 7438
1706 7437
1707 7436
1708 7435
1709 7434
1710 7433
1711 7432
1712 7431
1713 7430
1714 7429
1715 7428
1716 7427
1717 7426
1718 7425
1719 7424
1720 7423
1721 7422
1722 7908
1723 7907
1724 7906
1725 7905
1726 7904
1727 7903
1728 7902
1729 7901
1730 7900
1731 7899
1732 7898
1733 7897
1734 7896
1735 7946
1736 7945
1737 7944
1738 7943
1739 7942
1740 7941
1741 7940
1742 7939
1743 7938
1744 7937
1745 7936
1746 7935
1747 8345
1748 8344
1749 8343
1750 8342
1751 8341
1752 8340
1753 8339
1754 6983
1755 6982
1756 6981
1757 6980
1758 6979
1759 6978
1760 6977
1761 6976
1762 8617
1763 8616
1764 8615
1765 8614
1766 8613
1767 8612
1768 8611
1769 8610
1770 8609
1771 8608
1772 8607
1773 8606
1774 8605
1775 8604
1776 8603
1777 8602
1778 8601
1779 8600
1780 8599
1781 8598
1782 8597
1783 8596
1784 8595
1785 8594
1786 8593
1787 8592
1788 8508
1789 8507
1790 8506
1791 8505
1792 8504
1793 8503
1794 8502
1795 8501
1796 8500
1797 8499
1798 8498
1799 8497
1800 8496
1801 8495
1802 8494
1803 8493
1804 8917
1805 8916
1806 8915
1807 8914
1808 8913
1809 8912
1810 8911
1811 8910
1812 8909
1813 8908
1814 8907
1815 8906
1816 8905
1817 8904
1818 8903
1819 8902
1820 8901
1821 8900
1822 8899
1823 8898
1824 8897
1825 8896
1826 8895
1827 8894
1828 8893
1829 8892
1830 10164
1831 10163
1832 10162
1833 10161
1834 10160
1835 10159
1836 10158
1837 9910
1838 9909
1839 9908
1840 9907
1841 9906
1842 9905
1843 9904
1844 9903
1845 9011
1846 9010
1847 9009
1848 9008
1849 9007
1850 9006
1851 9005
1852 9004
1853 9003
1854 9002
1855 9001
1856 9189
1857 9188
1858 9187
1859 9186
1860 9185
1861 9184
1862 9095
1863 9094
1864 9093
1865 9092
1866 9091
1867 9090
1868 9089
1869 9088
1870 10428
1871 10427
1872 10426
1873 10425
1874 10424
1875 10423
1876 10422
1877 10421
1878 10420
1879 10419
1880 10418
1881 10417
1882 10416
1883 10415
1884 10414
1885 10413
1886 10490
1887 10489
1888 10488
1889 10487
1890 10486
1891 10485
1892 10484
1893 10483
1894 10482
1895 10481
1896 10757
1897 10756
1898 10755
1899 10754
1900 10753
1901 10752
1902 10751
1903 10750
1904 10749
1905 10748
1906 10747
1907 10746
1908 10745
1909 10744
1910 10743
1911 10742
1912 11781
1913 11780
1914 11779
1915 11778
1916 11777
1917 11776
1918 11775
1919 10889
1920 10888
1921 10887
1922 10886
1923 10885
1924 10884
1925 10883
1926 10882
1927 11911
1928 11910
1929 11909
1930 11908
1931 11907
1932 11906
1933 11905
1934 11904
1935 11903
1936 11683
1937 11682
1938 11681
1939 11680
1940 11679
1941 11678
1942 11677
1943 11676
1944 11945
1945 11944
1946 11943
1947 11942
1948 11941
1949 11940
1950 11939
1951 11938
1952 12134
1953 12133
1954 12132
1955 12131
1956 12130
1957 12129
1958 12128
1959 12127
1960 12126
1961 12125
1962 12124
1963 12123
1964 12122
1965 12121
1966 12120
1967 12119
1968 12698
1969 12697
1970 12696
1971 12695
1972 12694
1973 12693
1974 12692
1975 12691
1976 12690
1977 12689
1978 12688
1979 12687
1980 12686
1981 12685
1982 12684
1983 12683
1984 12682
1985 12681
1986 12680
1987 12679
1988 12678
1989 12677
1990 12676
1991 12675
1992 12674
1993 12673
1994 12402
1995 12401
1996 12400
1997 12399
1998 12398
1999 12397
2000 12396
2001 13031
2002 13030
2003 13029
2004 13028
2005 13027
2006 13026
2007 13025
2008 13024
2009 13044
2010 13043
2011 13042
2012 13041
2013 13040
2016 12444
2017 12443
2018 12442
2019 12441
2020 12440
2021 12418
2022 12417
2023 12416
2024 12415
2025 12414
2026 12413
2027 12412
2028 12411
2029 12410
2030 12409
2031 12408
2032 12407
2033 12406
2034 12405
2035 12404
2036 12403
2037 12672
2038 12671
2039 12670
2040 12669
2041 12668
2042 12667
2043 12666
2044 12665
2045 12715
2046 12714
2047 12713
2048 12712
2049 12711
2050 12710
2051 12709
2052 12708
2053 12707
2054 12706
2055 12705
2056 12704
2057 12703
2058 12702
2059 12701
2060 12700
2061 12699
2062 12118
2063 12117
2064 12116
2065 12115
2066 12114
2067 12113
2068 12112
2069 12111
2070 12779
2071 12778
2072 12777
2073 12776
2074 12775
2075 12774
2076 12773
2077 12772
2078 12038
2079 12037
2080 12036
2081 12035
2082 12034
2083 12033
2084 12032
2085 12031
2086 12030
2087 12029
2088 12028
2089 12027
2090 12026
2091 12025
2092 12024
2093 12023
2094 12022
2095 12021
2096 12020
2097 12019
2098 12018
2099 12017
2100 12016
2101 12015
2102 12014
2103 12013
2104 11797
2105 11796
2106 11795
2107 11794
2108 11793
2109 11792
2110 11791
2111 11790
2112 11789
2113 11788
2114 11787
2115 11786
2116 11785
2117 11784
2118 11783
2119 11782
2120 10741
2121 10740
2122 10739
2123 10738
2124 10737
2125 10736
2126 10735
2127 10734
2128 10507
2129 10506
2130 10505
2131 10504
2132 10503
2133 10502
2134 10501
2135 10500
2136 10499
2137 10498
2138 10497
2139 10496
2140 10495
2141 10494
2142 10493
2143 10492
2144 10491
2145 10412
2146 10411
2147 10410
2148 10409
2149 10408
2150 10407
2151 10406
2152 10405
2153 11066
2154 11065
2155 11064
2156 11063
2157 11062
2158 11061
2159 11060
2160 11059
2161 10332
2162 10331
2163 10330
2164 10329
2165 10328
2166 10327
2167 10326
2168 10325
2169 10324
2170 10323
2171 10322
2172 10321
2173 10320
2174 10319
2175 10318
2176 10317
2177 10316
2178 10315
2179 10314
2180 10313
2181 10312
2182 10311
2183 10310
2184 10309
2185 10308
2186 10307
2187 10180
2188 10179
2189 10178
2190 10177
2191 10176
2192 10175
2193 10174
2194 10173
2195 10172
2196 10171
2197 10170
2198 10169
2199 10168
2200 10167
2201 10166
2202 10165
2203 8891
2204 8890
2205 8889
2206 8888
2207 8887
2208 8886
2209 8885
2210 8884
2211 8883
2212 8882
2213 8881
2214 8880
2215 8879
2216 8878
2217 8928
2218 8927
2219 8926
2220 8925
2221 8924
2222 8923
2223 8922
2224 8921
2225 8920
2226 8919
2227 8918
2228 8492
2229 8491
2230 8490
2231 8489
2232 8488
2233 8487
2234 8486
2235 8485
2236 9765
2237 9764
2238 9763
2239 9762
2240 9761
2241 9760
2242 9759
2243 9758
2244 8144
2245 8143
2246 8142
2247 8141
2248 8140
2249 8139
2250 8138
2251 8137
2252 8136
2253 8135
2254 8134
2255 8133
2256 8132
2257 8131
2258 8130
2259 8129
2260 8128
2261 8127
2262 8126
2263 8125
2264 8124
2265 8123
2266 8122
2267 8121
2268 8120
2269 8119
2270 8361
2271 8360
2272 8359
2273 8358
2274 8357
2275 8356
2276 8355
2277 8354
2278 8353
2279 8352
2280 8351
2281 8350
2282 8349
2283 8348
2284 8347
2285 8346
2286 7934
2287 7933
2288 7932
2289 7931
2290 7930
2291 7929
2292 7928
2293 7927
2294 7926
2295 7925
2296 7924
2297 7923
2298 7922
2299 7921
2300 7920
2301 7919
2302 7918
2303 7917
2304 7916
2305 7915
2306 7914
2307 7913
2308 7912
2309 7911
2310 7910
2311 7909
2312 7421
2313 7420
2314 7419
2315 7418
2316 7417
2317 7416
2318 7415
2319 7414
2320 6837
2321 6836
2322 6835
2323 6834
2324 6833
2325 6832
2326 6831
2327 6830
2328 6829
2329 6828
2330 6827
2331 6826
2332 6825
2333 6824
2334 6823
2335 6822
2336 6821
2337 6820
2338 6819
2339 6818
2340 6817
2341 6816
2344 7463
2345 7462
2346 7461
2347 7460
2348 7459
2349 7458
2350 7457
2351 7456
2352 7455
2353 6787
2354 6786
2355 6785
2356 6784
2357 6783
2358 6782
2359 6781
2360 6780
2361 6845
2362 6844
2363 6843
2364 6842
2365 6841
2366 6840
2367 6839
2368 6838
2369 7413
2370 7412
2371 7411
2372 7410
2373 7409
2374 7408
2375 7407
2376 7406
2377 7829
2378 7828
2379 7827
2380 7826
2381 7825
2382 7824
2383 7823
2384 7955
2385 7954
2386 7953
2387 7952
2388 7951
2389 7950
2390 7949
2391 7948
2392 7947
2393 7895
2394 7894
2395 7893
2396 7892
2397 7891
2398 7890
2399 7889
2400 7888
2401 7887
2402 7886
2403 7885
2404 7884
2405 7883
2406 7882
2407 7881
2408 8742
2409 8741
2410 8740
2411 8739
2412 8738
2413 8737
2414 8736
2415 6999
2416 6998
2417 6997
2418 6996
2419 6995
2420 6994
2421 6993
2422 6992
2423 7061
2424 7060
2425 7059
2426 7058
2427 7057
2428 7056
2429 7055
2430 7054
2431 7053
2432 7052
2433 7051
2434 7050
2435 7049
2436 7048
2437 7047
2438 7046
2439 7045
2440 7044
2441 7043
2442 7042
2443 7041
2444 7040
2445 7039
2446 7038
2447 7190
2448 7189
2449 7188
2450 7187
2451 7186
2452 7185
2453 7184
2454 7183
2455 9773
2456 9772
2457 9771
2458 9770
2459 9769
2460 9768
2461 9767
2462 9766
2463 8484
2464 8483
2465 8482
2466 8481
2467 8480
2468 8479
2469 8478
2470 8477
2471 9657
2472 9656
2473 9655
2474 9654
2475 9653
2476 9652
2477 9651
2478 9650
2479 9523
2480 9522
2481 9521
2482 9520
2483 9519
2484 9518
2485 9517
2486 9516
2487 9515
2488 9514
2489 9513
2490 9512
2491 9511
2492 9510
2493 9509
2494 9508
2495 9507
2496 9506
2497 9505
2498 9504
2499 9503
2500 9502
2501 9501
2502 9500
2503 9933
2504 9932
2505 9931
2506 9930
2507 9929
2508 9928
2509 9927
2510 9926
2511 9925
2512 9924
2513 9923
2514 9922
2515 9921
2516 9920
2517 9919
2518 9203
2519 9202
2520 9201
2521 9200
2522 9199
2523 9198
2524 9197
2525 9196
2526 9195
2527 9194
2528 9193
2529 9192
2530 9191
2531 9190
2532 9044
2533 9043
2534 9042
2535 9041
2536 9040
2537 9039
2538 9038
2539 9037
2540 9036
2541 9111
2542 9110
2543 9109
2544 9108
2545 9107
2546 9106
2547 9105
2548 9104
2549 11074
2550 11073
2551 11072
2552 11071
2553 11070
2554 11069
2555 11068
2556 11067
2557 10404
2558 10403
2559 10402
2560 10401
2561 10400
2562 10399
2563 10398
2564 10397
2565 10619
2566 10618
2567 10617
2568 10616
2569 10615
2570 10614
2571 10613
2572 10612
2573 10611
2574 10610
2575 10609
2576 10608
2577 10607
2578 10518
2579 10517
2580 10516
2581 10515
2582 10514
2583 10513
2584 10512
2585 10511
2586 10510
2587 10509
2588 10508
2589 10733
2590 10732
2591 10731
2592 10730
2593 10729
2594 10728
2595 10727
2596 10726
2597 11414
2598 11413
2599 11412
2600 11411
2601 11410
2602 11409
2603 11408
2604 10905
2605 10904
2606 10903
2607 10902
2608 10901
2609 10900
2610 10899
2611 10898
2612 11695
2613 11694
2614 11693
2615 11692
2616 11691
2617 11690
2618 11689
2619 11688
2620 11687
2621 11686
2622 11685
2623 11684
2624 11633
2625 11632
2626 11631
2627 11630
2628 11629
2629 11628
2630 11627
2631 11626
2632 11625
2633 11624
2634 11623
2635 11961
2636 11960
2637 11959
2638 11958
2639 11957
2640 11956
2641 11955
2642 11954
2643 12787
2644 12786
2645 12785
2646 12784
2647 12783
2648 12782
2649 12781
2650 12780
2651 12110
2652 12109
2653 12108
2654 12107
2655 12106
2656 12105
2657 12104
2658 12103
2659 12928
2660 12927
2661 12926
2662 12925
2663 12924
2664 12923
2665 12922
2666 12921
2667 12920
2668 12919
2669 12918
2670 12728
2671 12727
2672 12726
2673 12725
2674 12724
2675 12723
2676 12722
2677 12721
2678 12720
2679 12719
2680 12718
2681 12717
2682 12716
2683 12664
2684 12663
2685 12662
2686 12661
2687 12660
2688 12659
2689 12658
2690 12657
2691 12265
2692 12264
2693 12263
2694 12262
2695 12261
2696 12260
2697 12259
2698 12474
2699 12473
2700 12472
2701 12471
2702 12470
2703 12469
2704 12468
2705 12467
2708 12434
2709 12433
2710 12432
2711 12431
2712 12430
2713 12429
2714 12428
2715 12427
2716 12273
2717 12272
2718 12271
2719 12270
2720 12269
2721 12268
2722 12267
2723 12266
2724 12656
2725 12655
2726 12654
2727 12653
2728 12652
2729 12651
2730 12650
2731 12649
2732 12951
2733 12950
2734 12949
2735 12948
2736 12947
2737 12946
2738 12945
2739 12944
2740 12943
2741 12942
2742 12941
2743 12940
2744 12939
2745 12938
2746 12937
2747 12936
2748 12935
2749 12934
2750 12933
2751 12932
2752 12931
2753 12930
2754 12929
2755 12102
2756 12101
2757 12100
2758 12099
2759 12098
2760 12097
2761 12096
2762 12095
2763 11495
2764 11494
2765 11493
2766 11492
2767 11491
2768 11490
2769 11489
2770 11488
2771 12054
2772 12053
2773 12052
2774 12051
2775 12050
2776 12049
2777 12048
2778 12047
2779 11272
2780 11271
2781 11270
2782 11269
2783 11268
2784 11267
2785 11266
2786 11265
2787 11264
2788 11263
2789 11262
2790 11261
2791 11260
2792 11259
2793 11258
2794 11257
2795 11256
2796 11255
2797 11254
2798 11253
2799 11252
2800 11251
2801 11250
2802 11249
2803 11813
2804 11812
2805 11811
2806 11810
2807 11809
2808 11808
2809 11807
2810 11806
2811 11422
2812 11421
2813 11420
2814 11419
2815 11418
2816 11417
2817 11416
2818 11415
2819 10725
2820 10724
2821 10723
2822 10722
2823 10721
2824 10720
2825 10719
2826 10718
2827 10642
2828 10641
2829 10640
2830 10639
2831 10638
2832 10637
2833 10636
2834 10635
2835 10634
2836 10633
2837 10632
2838 10631
2839 10630
2840 10629
2841 10628
2842 10627
2843 10626
2844 10625
2845 10624
2846 10623
2847 10622
2848 10621
2849 10620
2850 10396
2851 10395
2852 10394
2853 10393
2854 10392
2855 10391
2856 10390
2857 10389
2858 10014
2859 10013
2860 10012
2861 10011
2862 10010
2863 10009
2864 10008
2865 10007
2866 10348
2867 10347
2868 10346
2869 10345
2870 10344
2871 10343
2872 10342
2873 10341
2874 10239
2875 10238
2876 10237
2877 10236
2878 10235
2879 10234
2880 10233
2881 10232
2882 10231
2883 10230
2884 10273
2885 10272
2886 10271
2887 10270
2888 10269
2889 10268
2890 10267
2891 10266
2892 10265
2893 10264
2894 10263
2895 10262
2896 10261
2897 10260
2898 10196
2899 10195
2900 10194
2901 10193
2902 10192
2903 10191
2904 10190
2905 10189
2906 9941
2907 9940
2908 9939
2909 9938
2910 9937
2911 9936
2912 9935
2913 9934
2914 9499
2915 9498
2916 9497
2917 9496
2918 9495
2919 9494
2920 9493
2921 9492
2922 9680
2923 9679
2924 9678
2925 9677
2926 9676
2927 9675
2928 9674
2929 9673
2930 9672
2931 9671
2932 9670
2933 9669
2934 9668
2935 9667
2936 9666
2937 9665
2938 9664
2939 9663
2940 9662
2941 9661
2942 9660
2943 9659
2944 9658
2945 8476
2946 8475
2947 8474
2948 8473
2949 8472
2950 8471
2951 8470
2952 8469
2953 8823
2954 8822
2955 8821
2956 8820
2957 8819
2958 8818
2959 8817
2960 8816
2961 8428
2962 8427
2963 8426
2964 8425
2965 8424
2966 8423
2967 8422
2968 8421
2969 8420
2970 8419
2971 8418
2972 8417
2973 8416
2974 8415
2975 8414
2976 8413
2977 7236
2978 7235
2979 7234
2980 7233
2981 7232
2982 7231
2983 7230
2984 7229
2985 7279
2986 7278
2987 7277
2988 7276
2989 7275
2990 7274
2991 7273
2992 7272
2993 8377
2994 8376
2995 8375
2996 8374
2997 8373
2998 8372
2999 8371
3000 8370
3001 8750
3002 8749
3003 8748
3004 8747
3005 8746
3006 8745
3007 8744
3008 8743
3009 7880
3010 7879
3011 7878
3012 7877
3013 7876
3014 7875
3015 7874
3016 7873
3017 7360
3018 7359
3019 7358
3020 7357
3021 7356
3022 7355
3023 7354
3024 7846
3025 7845
3026 7844
3027 7843
3028 7842
3029 7841
3030 7840
3031 7839
3032 7838
3033 7837
3034 7836
3035 7835
3036 7834
3037 7833
3038 7832
3039 7831
3040 7830
3041 7405
3042 7404
3043 7403
3044 7402
3045 7401
3046 7400
3047 7399
3048 7398
3049 7531
3050 7530
3051 7529
3052 7528
3053 7527
3054 7526
3055 7525
3056 7524
3057 6662
3058 6661
3059 6660
3060 6659
3061 6658
3062 6657
3063 6656
3064 6655
3065 6654
3066 6653
3067 6652
3068 6651
3069 6650
3070 6649
3071 6648
3072 6647
3073 6646
3076 6741
3077 6740
3078 6739
3079 6738
3080 6737
3081 6736
3082 6735
3083 6734
3084 6733
3085 6732
3086 6731
3087 6730
3088 6729
3089 6728
3090 6727
3091 6726
3092 7689
3093 7688
3094 7687
3095 7686
3096 7685
3097 7684
3098 7683
3099 7682
3100 7681
3101 7680
3102 7679
3103 7678
3104 7677
3105 7727
3106 7726
3107 7725
3108 7724
3109 7723
3110 7722
3111 7721
3112 7720
3113 7719
3114 7718
3115 7717
3116 7716
3117 8757
3118 8756
3119 8755
3120 8754
3121 8753
3122 8752
3123 8751
3124 8369
3125 8368
3126 8367
3127 8366
3128 8365
3129 8364
3130 8363
3131 8362
3132 8118
3133 8117
3134 8116
3135 8115
3136 8114
3137 8113
3138 8112
3139 8111
3140 8110
3141 8109
3142 8108
3143 8107
3144 8106
3145 8157
3146 8156
3147 8155
3148 8154
3149 8153
3150 8152
3151 8151
3152 8150
3153 8149
3154 8148
3155 8147
3156 8146
3157 8145
3158 9757
3159 9756
3160 9755
3161 9754
3162 9753
3163 9752
3164 9751
3165 9750
3166 9749
3167 9748
3168 9747
3169 9746
3170 9745
3171 9744
3172 9743
3173 9742
3174 8169
3175 8168
3176 8167
3177 8166
3178 8165
3179 8164
3180 8163
3181 8162
3182 8161
3183 8160
3184 8159
3185 8158
3186 8208
3187 8207
3188 8206
3189 8205
3190 8204
3191 8203
3192 8202
3193 8201
3194 8200
3195 8199
3196 8198
3197 8197
3198 8196
3199 8195
3200 9948
3201 9947
3202 9946
3203 9945
3204 9944
3205 9943
3206 9942
3207 10188
3208 10187
3209 10186
3210 10185
3211 10184
3212 10183
3213 10182
3214 10181
3215 10306
3216 10305
3217 10304
3218 10303
3219 10302
3220 10301
3221 10300
3222 10299
3223 10298
3224 10297
3225 10296
3226 10245
3227 10244
3228 10243
3229 10242
3230 10241
3231 10240
3232 10340
3233 10339
3234 10338
3235 10337
3236 10336
3237 10335
3238 10334
3239 10333
3240 11058
3241 11057
3242 11056
3243 11055
3244 11054
3245 11053
3246 11052
3247 11051
3248 11050
3249 11049
3250 11048
3251 11047
3252 11046
3253 11045
3254 11044
3255 11043
3256 10985
3257 10984
3258 10983
3259 10982
3260 10981
3261 10980
3262 10979
3263 10978
3264 10977
3265 10976
3266 10975
3267 10974
3268 10973
3269 10972
3270 10971
3271 10970
3272 10969
3273 10968
3274 10967
3275 10966
3276 10965
3277 10964
3278 10963
3279 10962
3280 10961
3281 10960
3282 11429
3283 11428
3284 11427
3285 11426
3286 11425
3287 11424
3288 11423
3289 11805
3290 11804
3291 11803
3292 11802
3293 11801
3294 11800
3295 11799
3296 11798
3297 12012
3298 12011
3299 12010
3300 12009
3301 12008
3302 12007
3303 12006
3304 12005
3305 12004
3306 11280
3307 11279
3308 11278
3309 11277
3310 11276
3311 11275
3312 11274
3313 11273
3314 12046
3315 12045
3316 12044
3317 12043
3318 12042
3319 12041
3320 12040
3321 12039
3322 12771
3323 12770
3324 12769
3325 12768
3326 12767
3327 12766
3328 12765
3329 12764
3330 12763
3331 12762
3332 12761
3333 12760
3334 12759
3335 12758
3336 12757
3337 12756
3338 12189
3339 12188
3340 12187
3341 12186
3342 12185
3343 12184
3344 12183
3345 12182
3346 12546
3347 12545
3348 12544
3349 12543
3350 12542
3351 12541
3352 12540
3353 12539
3354 12538
3355 12537
3356 12536
3357 12535
3358 12534
3359 12533
3360 12532
3361 12531
3362 12530
3363 12529
3364 12280
3365 12279
3366 12278
3367 12277
3368 12276
3369 12275
3370 12274
3371 12426
3372 12425
3373 12424
3374 12423
3375 12422
3376 12421
3377 12420
3378 12419
3379 12439
3380 12438
3381 12437
3382 12436
3383 12435
3386 12306
3387 12305
3388 12304
3389 12303
3390 12302
3391 12301
3392 12300
3393 12299
3394 12298
3395 12297
3396 12296
3397 12295
3398 12294
3399 12293
3400 12292
3401 12291
3402 12290
3403 12289
3404 12288
3405 12287
3406 12286
3407 12285
3408 12284
3409 12283
3410 12282
3411 12281
3412 12528
3413 12527
3414 12526
3415 12525
3416 12524
3417 12523
3418 12522
3419 12521
3420 12206
3421 12205
3422 12204
3423 12203
3424 12202
3425 12201
3426 12200
3427 12199
3428 12198
3429 12197
3430 12196
3431 12195
3432 12194
3433 12193
3434 12192
3435 12191
3436 12190
3437 12755
3438 12754
3439 12753
3440 12752
3441 12751
3442 12750
3443 12749
3444 12748
3445 11479
3446 11478
3447 11477
3448 11476
3449 11475
3450 11474
3451 11473
3452 11472
3453 11471
3454 11470
3455 11469
3456 11468
3457 11467
3458 11466
3459 11465
3460 11464
3461 11463
3462 11462
3463 11461
3464 11460
3465 11459
3466 11458
3467 11457
3468 11456
3469 11455
3470 11454
3471 11453
3472 11452
3473 11451
3474 11450
3475 11449
3476 11448
3477 11447
3478 11446
3479 11445
3480 11444
3481 11443
3482 11442
3483 11441
3484 11440
3485 11439
3486 11438
3487 11437
3488 11436
3489 11435
3490 11434
3491 11433
3492 11432
3493 11431
3494 11430
3495 10959
3496 10958
3497 10957
3498 10956
3499 10955
3500 10954
3501 10953
3502 10952
3503 11002
3504 11001
3505 11000
3506 10999
3507 10998
3508 10997
3509 10996
3510 10995
3511 10994
3512 10993
3513 10992
3514 10991
3515 10990
3516 10989
3517 10988
3518 10987
3519 10986
3520 11042
3521 11041
3522 11040
3523 11039
3524 11038
3525 11037
3526 11036
3527 11035
3528 9998
3529 9997
3530 9996
3531 9995
3532 9994
3533 9993
3534 9992
3535 9991
3536 9990
3537 9989
3538 9988
3539 9987
3540 9986
3541 9985
3542 9984
3543 9983
3544 9982
3545 9981
3546 9980
3547 9979
3548 9978
3549 9977
3550 9976
3551 9975
3552 9974
3553 9973
3554 9972
3555 9971
3556 9970
3557 9969
3558 9968
3559 9967
3560 9966
3561 9965
3562 9964
3563 9963
3564 9962
3565 9961
3566 9960
3567 9959
3568 9958
3569 9957
3570 9956
3571 9955
3572 9954
3573 9953
3574 9952
3575 9951
3576 9950
3577 9949
3578 8194
3579 8193
3580 8192
3581 8191
3582 8190
3583 8189
3584 8188
3585 8187
3586 8186
3587 8185
3588 8184
3589 8183
3590 8182
3591 8181
3592 8180
3593 8179
3594 8178
3595 8177
3596 8176
3597 8175
3598 8174
3599 8173
3600 8172
3601 8171
3602 8170
3603 9741
3604 9740
3605 9739
3606 9738
3607 9737
3608 9736
3609 9735
3610 9734
3611 8807
3612 8806
3613 8805
3614 8804
3615 8803
3616 8802
3617 8801
3618 8800
3619 8799
3620 8798
3621 8797
3622 8796
3623 8795
3624 8794
3625 8793
3626 8792
3627 8791
3628 8790
3629 8789
3630 8788
3631 8787
3632 8786
3633 8785
3634 8784
3635 8783
3636 8782
3637 8781
3638 8780
3639 8779
3640 8778
3641 8777
3642 8776
3643 8775
3644 8774
3645 8773
3646 8772
3647 8771
3648 8770
3649 8769
3650 8768
3651 8767
3652 8766
3653 8765
3654 8764
3655 8763
3656 8762
3657 8761
3658 8760
3659 8759
3660 8758
3661 7715
3662 7714
3663 7713
3664 7712
3665 7711
3666 7710
3667 7709
3668 7708
3669 7707
3670 7706
3671 7705
3672 7704
3673 7703
3674 7702
3675 7701
3676 7700
3677 7699
3678 7698
3679 7697
3680 7696
3681 7695
3682 7694
3683 7693
3684 7692
3685 7691
3686 7690
3687 6725
3688 6724
3689 6723
3690 6722
3691 6721
3692 6720
3693 6719
3694 6718
3695 7515
3696 7514
3697 7513
3698 7512
3699 7511
3700 7510
3701 7509
3702 7508
3705 6762
3706 6761
3707 6760
3708 6759
3709 6758
3710 6757
3711 6756
3712 6755
3713 6754
3714 6670
3715 6669
3716 6668
3717 6667
3718 6666
3719 6665
3720 6664
3721 6663
3722 7523
3723 7522
3724 7521
3725 7520
3726 7519
3727 7518
3728 7517
3729 7516
3730 6717
3731 6716
3732 6715
3733 6714
3734 6713
3735 6712
3736 6711
3737 6710
3738 6709
3739 6708
3740 6707
3741 6706
3742 6705
3743 6704
3744 6703
3745 7341
3746 7340
3747 7339
3748 7338
3749 7337
3750 7336
3751 7335
3752 7334
3753 7333
3754 7332
3755 7331
3756 7330
3757 7329
3758 7328
3759 7327
3760 7326
3761 7325
3762 7324
3763 7323
3764 7322
3765 7321
3766 7320
3767 7319
3768 7318
3769 7317
3770 7316
3771 7315
3772 7314
3773 7313
3774 7312
3775 7311
3776 8385
3777 8384
3778 8383
3779 8382
3780 8381
3781 8380
3782 8379
3783 8378
3784 7271
3785 7270
3786 7269
3787 7268
3788 7267
3789 7266
3790 7265
3791 7264
3792 7263
3793 7262
3794 7261
3795 7260
3796 7259
3797 7258
3798 7257
3799 7256
3800 7255
3801 7254
3802 7253
3803 7252
3804 7251
3805 7250
3806 7249
3807 7248
3808 8436
3809 8435
3810 8434
3811 8433
3812 8432
3813 8431
3814 8430
3815 8429
3816 8815
3817 8814
3818 8813
3819 8812
3820 8811
3821 8810
3822 8809
3823 8808
3824 9733
3825 9732
3826 9731
3827 9730
3828 9729
3829 9728
3830 9727
3831 9726
3832 9725
3833 9724
3834 9723
3835 9722
3836 9721
3837 9720
3838 9719
3839 9718
3840 9453
3841 9452
3842 9451
3843 9450
3844 9449
3845 9448
3846 9447
3847 9446
3848 9445
3849 9444
3850 9443
3851 9442
3852 9441
3853 9440
3854 9439
3855 9438
3856 9437
3857 9436
3858 9435
3859 9434
3860 9433
3861 9432
3862 9431
3863 9430
3864 9429
3865 9428
3866 9427
3867 9426
3868 9425
3869 9424
3870 9423
3871 10204
3872 10203
3873 10202
3874 10201
3875 10200
3876 10199
3877 10198
3878 10197
3879 10259
3880 10258
3881 10257
3882 10256
3883 10255
3884 10254
3885 10253
3886 10252
3887 10251
3888 10250
3889 10249
3890 10248
3891 10247
3892 10246
3893 10295
3894 10294
3895 10293
3896 10292
3897 10291
3898 10290
3899 10289
3900 10288
3901 10287
3902 10356
3903 10355
3904 10354
3905 10353
3906 10352
3907 10351
3908 10350
3909 10349
3910 10006
3911 10005
3912 10004
3913 10003
3914 10002
3915 10001
3916 10000
3917 9999
3918 11034
3919 11033
3920 11032
3921 11031
3922 11030
3923 11029
3924 11028
3925 11027
3926 11026
3927 11025
3928 11024
3929 11023
3930 11022
3931 11021
3932 11020
3933 11019
3934 11018
3935 11017
3936 11016
3937 11015
3938 11014
3939 11013
3940 11012
3941 11011
3942 11010
3943 11009
3944 11008
3945 11007
3946 11006
3947 11005
3948 11004
3949 11003
3950 10951
3951 10950
3952 10949
3953 10948
3954 10947
3955 10946
3956 10945
3957 10944
3958 10943
3959 10942
3960 10941
3961 10940
3962 10939
3963 10938
3964 10937
3965 11821
3966 11820
3967 11819
3968 11818
3969 11817
3970 11816
3971 11815
3972 11814
3973 11248
3974 11247
3975 11246
3976 11245
3977 11244
3978 11243
3979 11242
3980 11241
3981 11240
3982 11239
3983 11238
3984 11237
3985 12003
3986 12002
3987 12001
3988 12000
3989 11999
3990 11998
3991 11997
3992 11996
3993 11995
3994 11994
3995 11993
3996 12062
3997 12061
3998 12060
3999 12059
4000 12058
4001 12057
4002 12056
4003 12055
4004 11487
4005 11486
4006 11485
4007 11484
4008 11483
4009 11482
4010 11481
4011 11480
4012 12747
4013 12746
4014 12745
4015 12744
4016 12743
4017 12742
4018 12741
4019 12740
4020 12739
4021 12738
4022 12737
4023 12736
4024 12735
4025 12734
4026 12733
4027 12732
4028 12731
4029 12730
4030 12729
4031 12219
4032 12218
4033 12217
4034 12216
4035 12215
4036 12214
4037 12213
4038 12212
4039 12211
4040 12210
4041 12209
4042 12208
4043 12207
4044 12520
4045 12519
4046 12518
4047 12517
4048 12516
4049 12515
4050 12514
4051 12513
4052 12512
4053 12511
4054 12510
4055 12509
4056 12508
4057 12507
4058 12506
4059 12327
4060 12326
4061 12325
4062 12324
4063 12323
4064 12322
4065 12321
4066 12320
4067 12319
4068 12318
4069 12317
4070 12316
4071 12315
4072 12314
4073 12313
4074 12312
4075 12311
4076 12310
4077 12309
4078 12308
4079 12307
4082 12346
4083 12345
4084 12344
4085 12343
4086 12342
4087 12341
4088 12340
4089 12339
4090 12338
4091 12337
4092 12336
4093 12335
4094 12334
4095 12333
4096 12332
4097 12331
4098 12330
4099 12329
4100 12328
4101 12505
4102 12504
4103 12503
4104 12502
4105 12501
4106 12500
4107 12499
4108 12498
4109 12640
4110 12639
4111 12638
4112 12637
4113 12636
4114 12635
4115 12634
4116 12633
4117 12632
4118 12631
4119 12630
4120 12629
4121 12628
4122 12627
4123 12626
4124 12625
4125 12624
4126 12623
4127 12622
4128 12621
4129 12620
4130 12619
4131 12618
4132 12617
4133 12616
4134 12615
4135 12614
4136 12613
4137 12612
4138 12611
4139 12610
4140 12609
4141 12608
4142 12607
4143 12606
4144 12605
4145 12604
4146 12086
4147 12085
4148 12084
4149 12083
4150 12082
4151 12081
4152 12080
4153 12079
4154 12078
4155 12077
4156 12076
4157 12075
4158 12074
4159 12073
4160 12072
4161 12071
4162 12070
4163 12069
4164 12068
4165 12067
4166 12066
4167 12065
4168 12064
4169 12063
4170 11992
4171 11991
4172 11990
4173 11989
4174 11988
4175 11987
4176 11986
4177 11985
4178 11851
4179 11850
4180 11849
4181 11848
4182 11847
4183 11846
4184 11845
4185 11844
4186 11843
4187 11842
4188 11841
4189 11840
4190 11839
4191 11838
4192 11837
4193 11836
4194 11835
4195 11834
4196 11833
4197 11832
4198 11831
4199 11830
4200 11829
4201 11828
4202 11827
4203 11826
4204 11825
4205 11824
4206 11823
4207 11822
4208 10936
4209 10935
4210 10934
4211 10933
4212 10932
4213 10931
4214 10930
4215 10929
4216 10709
4217 10708
4218 10707
4219 10706
4220 10705
4221 10704
4222 10703
4223 10702
4224 10701
4225 10700
4226 10699
4227 10698
4228 10697
4229 10696
4230 10695
4231 10694
4232 10693
4233 10692
4234 10691
4235 10690
4236 10689
4237 10688
4238 10687
4239 10686
4240 10685
4241 10684
4242 10683
4243 10682
4244 10681
4245 10680
4246 10679
4247 10678
4248 10677
4249 10676
4250 10675
4251 10674
4252 10673
4253 10380
4254 10379
4255 10378
4256 10377
4257 10376
4258 10375
4259 10374
4260 10373
4261 10372
4262 10371
4263 10370
4264 10369
4265 10368
4266 10367
4267 10366
4268 10365
4269 10364
4270 10363
4271 10362
4272 10361
4273 10360
4274 10359
4275 10358
4276 10357
4277 10286
4278 10285
4279 10284
4280 10283
4281 10282
4282 10281
4283 10280
4284 10279
4285 10278
4286 10277
4287 10276
4288 10275
4289 10274
4290 10229
4291 10228
4292 10227
4293 10226
4294 10225
4295 10224
4296 10223
4297 10222
4298 10221
4299 10220
4300 10219
4301 10218
4302 10217
4303 10216
4304 10215
4305 10214
4306 10213
4307 10212
4308 10211
4309 10210
4310 10209
4311 10208
4312 10207
4313 10206
4314 10205
4315 9422
4316 9421
4317 9420
4318 9419
4319 9418
4320 9417
4321 9416
4322 9415
4323 9483
4324 9482
4325 9481
4326 9480
4327 9479
4328 9478
4329 9477
4330 9476
4331 9475
4332 9474
4333 9473
4334 9472
4335 9471
4336 9470
4337 9469
4338 9468
4339 9467
4340 9466
4341 9465
4342 9464
4343 9463
4344 9462
4345 9461
4346 9460
4347 9459
4348 9458
4349 9457
4350 9456
4351 9455
4352 9454
4353 9717
4354 9716
4355 9715
4356 9714
4357 9713
4358 9712
4359 9711
4360 8460
4361 8459
4362 8458
4363 8457
4364 8456
4365 8455
4366 8454
4367 8453
4368 8452
4369 8451
4370 8450
4371 8449
4372 8448
4373 8447
4374 8446
4375 8445
4376 8444
4377 8443
4378 8442
4379 8441
4380 8440
4381 8439
4382 8438
4383 8437
4384 7247
4385 7246
4386 7245
4387 7244
4388 7243
4389 7242
4390 7241
4391 7240
4392 7239
4393 7238
4394 7237
4395 8412
4396 8411
4397 8410
4398 8409
4399 8408
4400 8407
4401 8406
4402 8405
4403 8404
4404 8403
4405 8402
4406 8401
4407 8400
4408 8399
4409 8398
4410 8397
4411 8396
4412 8395
4413 8394
4414 8393
4415 8392
4416 8391
4417 8390
4418 8389
4419 8388
4420 8387
4421 8386
4422 7310
4423 7309
4424 7308
4425 7307
4426 7306
4427 7305
4428 7304
4429 7303
4430 7864
4431 7863
4432 7862
4433 7861
4434 7860
4435 7859
4436 7858
4437 7857
4438 7856
4439 7855
4440 7854
4441 7853
4442 7852
4443 7851
4444 7850
4445 7849
4446 7848
4447 7847
4448 7353
4449 7352
4450 7351
4451 7350
4452 7349
4453 7348
4454 7347
4455 7346
4456 7345
4457 7344
4458 7343
4459 7342
4460 6702
4461 6701
4462 6700
4463 6699
4464 6698
4465 6697
4466 6696
4467 6695
4468 6694
4469 6693
4470 6692
4471 6691
4472 6690
4473 6689
4474 6688
4475 6687
4476 6686
4477 6685
4478 6684
4479 6683
4480 6682
4481 6681
4482 6680
4483 6679
4484 6678
4485 6677
4486 6676
4487 6675
4488 6674
4489 6673
4490 6672
4491 6671
4492 6753
4493 6752
4494 6751
4495 6750
4496 6749
4497 6748
4498 6747
4499 6746
4500 6745
4501 6744
4502 6743
4503 6742
4506 6815
4507 6814
4508 6813
4509 6812
4510 6811
4511 6810
4512 6809
4513 6808
4514 6807
4515 6806
4516 6805
4517 6804
4518 6803
4519 6802
4520 6801
4521 6800
4522 6799
4523 6798
4524 6797
4525 6796
4526 7539
4527 7538
4528 7537
4529 7536
4530 7535
4531 7534
4532 7533
4533 7532
4534 7397
4535 7396
4536 7395
4537 7394
4538 7393
4539 7392
4540 7391
4541 7390
4542 7389
4543 7388
4544 7387
4545 7386
4546 7385
4547 7384
4548 7383
4549 7382
4550 7381
4551 7380
4552 7379
4553 7378
4554 7377
4555 7376
4556 7375
4557 7374
4558 7373
4559 7372
4560 7371
4561 7370
4562 7369
4563 7368
4564 7367
4565 7366
4566 7365
4567 7364
4568 7363
4569 7362
4570 7361
4571 7872
4572 7871
4573 7870
4574 7869
4575 7868
4576 7867
4577 7866
4578 7865
4579 7302
4580 7301
4581 7300
4582 7299
4583 7298
4584 7297
4585 7296
4586 7295
4587 7294
4588 7293
4589 7292
4590 7291
4591 7290
4592 7289
4593 7288
4594 7287
4595 7286
4596 7285
4597 7284
4598 7283
4599 7282
4600 7281
4601 7280
4602 7228
4603 7227
4604 7226
4605 7225
4606 7224
4607 7223
4608 7222
4609 7221
4610 7220
4611 7219
4612 7218
4613 7217
4614 7216
4615 7215
4616 7214
4617 7213
4618 7212
4619 7211
4620 7210
4621 7209
4622 7208
4623 7207
4624 7206
4625 7205
4626 7204
4627 7203
4628 7202
4629 7201
4630 7200
4631 7199
4632 8831
4633 8830
4634 8829
4635 8828
4636 8827
4637 8826
4638 8825
4639 8824
4640 8468
4641 8467
4642 8466
4643 8465
4644 8464
4645 8463
4646 8462
4647 8461
4648 9710
4649 9709
4650 9708
4651 9707
4652 9706
4653 9705
4654 9704
4655 9703
4656 9702
4657 9701
4658 9700
4659 9699
4660 9698
4661 9697
4662 9696
4663 9695
4664 9694
4665 9693
4666 9692
4667 9691
4668 9690
4669 9689
4670 9688
4671 9687
4672 9686
4673 9685
4674 9684
4675 9683
4676 9682
4677 9681
4678 9491
4679 9490
4680 9489
4681 9488
4682 9487
4683 9486
4684 9485
4685 9484
4686 9414
4687 9413
4688 9412
4689 9411
4690 9410
4691 9409
4692 9408
4693 9407
4694 9406
4695 9405
4696 9404
4697 9403
4698 9402
4699 9401
4700 9400
4701 9156
4702 9155
4703 9154
4704 9153
4705 9152
4706 9151
4707 9150
4708 9149
4709 9148
4710 9147
4711 9146
4712 9145
4713 9144
4714 9143
4715 9142
4716 9141
4717 9140
4718 9139
4719 9138
4720 9137
4721 9136
4722 9135
4723 9134
4724 9133
4725 9132
4726 9131
4727 9130
4728 9129
4729 9128
4730 9127
4731 9126
4732 9125
4733 9124
4734 9123
4735 9122
4736 9121
4737 9120
4738 10022
4739 10021
4740 10020
4741 10019
4742 10018
4743 10017
4744 10016
4745 10015
4746 10388
4747 10387
4748 10386
4749 10385
4750 10384
4751 10383
4752 10382
4753 10381
4754 10672
4755 10671
4756 10670
4757 10669
4758 10668
4759 10667
4760 10666
4761 10665
4762 10664
4763 10663
4764 10662
4765 10661
4766 10660
4767 10659
4768 10658
4769 10657
4770 10656
4771 10655
4772 10654
4773 10653
4774 10652
4775 10651
4776 10650
4777 10649
4778 10648
4779 10647
4780 10646
4781 10645
4782 10644
4783 10643
4784 10717
4785 10716
4786 10715
4787 10714
4788 10713
4789 10712
4790 10711
4791 10710
4792 10928
4793 10927
4794 10926
4795 10925
4796 10924
4797 10923
4798 10922
4799 10921
4800 10920
4801 10919
4802 10918
4803 10917
4804 10916
4805 10915
4806 10914
4807 11873
4808 11872
4809 11871
4810 11870
4811 11869
4812 11868
4813 11867
4814 11866
4815 11865
4816 11864
4817 11863
4818 11862
4819 11861
4820 11860
4821 11859
4822 11858
4823 11857
4824 11856
4825 11855
4826 11854
4827 11853
4828 11852
4829 11984
4830 11983
4831 11982
4832 11981
4833 11980
4834 11979
4835 11978
4836 11977
4837 11976
4838 11975
4839 11974
4840 11973
4841 11972
4842 11971
4843 11970
4844 11503
4845 11502
4846 11501
4847 11500
4848 11499
4849 11498
4850 11497
4851 11496
4852 12094
4853 12093
4854 12092
4855 12091
4856 12090
4857 12089
4858 12088
4859 12087
4860 12603
4861 12602
4862 12601
4863 12600
4864 12599
4865 12598
4866 12597
4867 12596
4868 12595
4869 12594
4870 12593
4871 12592
4872 12591
4873 12590
4874 12589
4875 12588
4876 12587
4877 12586
4878 12585
4879 12584
4880 12583
4881 12582
4882 12959
4883 12958
4884 12957
4885 12956
4886 12955
4887 12954
4888 12953
4889 12952
4890 12648
4891 12647
4892 12646
4893 12645
4894 12644
4895 12643
4896 12642
4897 12641
4898 12497
4899 12496
4900 12495
4901 12494
4902 12493
4903 12492
4904 12491
4905 12490
4906 12489
4907 12488
4908 12487
4909 12486
4910 12485
4911 12484
4912 12483
4913 12455
4914 12454
4915 12453
4916 12452
4917 12451
4918 12450
4919 12449
4920 12448
4921 12447
4922 12446
4923 12445
4926 12466
4927 12465
4928 12464
4929 12463
4930 12462
4931 12461
4932 12460
4933 12459
4934 12458
4935 12457
4936 12456
4937 12482
4938 12481
4939 12480
4940 12479
4941 12478
4942 12477
4943 12476
4944 12475
4945 12258
4946 12257
4947 12256
4948 12255
4949 12254
4950 12253
4951 12252
4952 12251
4953 12975
4954 12974
4955 12973
4956 12972
4957 12971
4958 12970
4959 12969
4960 12968
4961 12967
4962 12966
4963 12965
4964 12964
4965 12963
4966 12962
4967 12961
4968 12960
4969 12581
4970 12580
4971 12579
4972 12578
4973 12577
4974 12576
4975 12575
4976 12574
4977 12573
4978 12572
4979 12571
4980 12570
4981 12569
4982 12568
4983 12567
4984 12566
4985 12565
4986 12564
4987 12563
4988 12562
4989 12561
4990 11519
4991 11518
4992 11517
4993 11516
4994 11515
4995 11514
4996 11513
4997 11512
4998 11511
4999 11510
5000 11509
5001 11508
5002 11507
5003 11506
5004 11505
5005 11504
5006 11969
5007 11968
5008 11967
5009 11966
5010 11965
5011 11964
5012 11963
5013 11962
5014 11622
5015 11621
5016 11620
5017 11619
5018 11618
5019 11617
5020 11616
5021 11615
5022 11895
5023 11894
5024 11893
5025 11892
5026 11891
5027 11890
5028 11889
5029 11888
5030 11887
5031 11886
5032 11885
5033 11884
5034 11883
5035 11882
5036 11881
5037 11880
5038 11879
5039 11878
5040 11877
5041 11876
5042 11875
5043 11874
5044 10913
5045 10912
5046 10911
5047 10910
5048 10909
5049 10908
5050 10907
5051 10906
5052 11407
5053 11406
5054 11405
5055 11404
5056 11403
5057 11402
5058 11401
5059 11400
5060 10810
5061 10809
5062 10808
5063 10807
5064 10806
5065 10805
5066 10804
5067 10803
5068 10802
5069 10801
5070 10800
5071 10799
5072 10798
5073 10797
5074 10796
5075 10795
5076 10794
5077 10793
5078 10792
5079 10791
5080 10790
5081 10789
5082 10788
5083 10787
5084 10786
5085 10785
5086 10784
5087 10783
5088 10782
5089 10781
5090 10780
5091 10779
5092 10778
5093 10777
5094 10776
5095 10775
5096 10774
5097 10038
5098 10037
5099 10036
5100 10035
5101 10034
5102 10033
5103 10032
5104 10031
5105 10030
5106 10029
5107 10028
5108 10027
5109 10026
5110 10025
5111 10024
5112 10023
5113 9119
5114 9118
5115 9117
5116 9116
5117 9115
5118 9114
5119 9113
5120 9112
5121 9035
5122 9034
5123 9033
5124 9032
5125 9031
5126 9030
5127 9029
5128 9028
5129 9027
5130 9026
5131 9025
5132 9024
5133 9023
5134 9173
5135 9172
5136 9171
5137 9170
5138 9169
5139 9168
5140 9167
5141 9166
5142 9165
5143 9164
5144 9163
5145 9162
5146 9161
5147 9160
5148 9159
5149 9158
5150 9157
5151 9399
5152 9398
5153 9397
5154 9396
5155 9395
5156 9394
5157 9393
5158 9392
5159 9391
5160 9390
5161 9389
5162 9388
5163 9387
5164 9386
5165 9385
5166 9384
5167 9553
5168 9552
5169 9551
5170 9550
5171 9549
5172 9548
5173 9547
5174 9546
5175 9545
5176 9544
5177 9543
5178 9542
5179 9541
5180 9540
5181 9539
5182 9538
5183 9537
5184 9536
5185 9535
5186 9534
5187 9533
5188 9532
5189 9531
5190 9530
5191 9529
5192 9528
5193 9527
5194 9526
5195 9525
5196 9524
5197 9649
5198 9648
5199 9647
5200 9646
5201 9645
5202 9644
5203 9643
5204 8847
5205 8846
5206 8845
5207 8844
5208 8843
5209 8842
5210 8841
5211 8840
5212 8839
5213 8838
5214 8837
5215 8836
5216 8835
5217 8834
5218 8833
5219 8832
5220 7198
5221 7197
5222 7196
5223 7195
5224 7194
5225 7193
5226 7192
5227 7191
5228 7037
5229 7036
5230 7035
5231 7034
5232 7033
5233 7032
5234 7031
5235 7030
5236 7029
5237 7028
5238 7027
5239 7026
5240 7025
5241 7024
5242 7023
5243 7022
5244 7021
5245 7020
5246 7019
5247 7018
5248 7017
5249 7016
5250 7015
5251 7014
5252 7013
5253 7012
5254 7011
5255 7010
5256 7009
5257 7008
5258 7007
5259 7006
5260 7005
5261 7004
5262 7003
5263 7002
5264 7001
5265 7000
5266 8735
5267 8734
5268 8733
5269 8732
5270 8731
5271 8730
5272 8729
5273 8728
5274 7985
5275 7984
5276 7983
5277 7982
5278 7981
5279 7980
5280 7979
5281 7978
5282 7977
5283 7976
5284 7975
5285 7974
5286 7973
5287 7972
5288 7971
5289 7970
5290 7969
5291 7968
5292 7967
5293 7966
5294 7965
5295 7964
5296 7963
5297 7962
5298 7961
5299 7960
5300 7959
5301 7958
5302 7957
5303 7956
5304 7822
5305 7821
5306 7820
5307 7819
5308 7818
5309 7817
5310 7816
5311 7815
5312 7555
5313 7554
5314 7553
5315 7552
5316 7551
5317 7550
5318 7549
5319 7548
5320 7547
5321 7546
5322 7545
5323 7544
5324 7543
5325 7542
5326 7541
5327 7540
5328 6795
5329 6794
5330 6793
5331 6792
5332 6791
5333 6790
5334 6789
5335 6788
5336 7454
5337 7453
5338 7452
5341 7507
5342 7506
5343 7505
5344 7504
5345 7503
5346 7502
5347 7501
5348 7500
5349 7499
5350 7498
5351 7497
5352 6861
5353 6860
5354 6859
5355 6858
5356 6857
5357 6856
5358 6855
5359 6854
5360 7563
5361 7562
5362 7561
5363 7560
5364 7559
5365 7558
5366 7557
5367 7556
5368 7814
5369 7813
5370 7812
5371 7811
5372 7810
5373 7809
5374 7808
5375 7807
5376 7806
5377 7805
5378 7804
5379 7803
5380 7802
5381 7801
5382 7800
5383 7799
5384 7798
5385 7797
5386 7796
5387 7795
5388 7794
5389 7793
5390 7792
5391 7791
5392 7790
5393 7789
5394 7788
5395 7787
5396 7786
5397 7993
5398 7992
5399 7991
5400 7990
5401 7989
5402 7988
5403 7987
5404 7986
5405 8727
5406 8726
5407 8725
5408 8724
5409 8723
5410 8722
5411 8721
5412 8720
5413 8719
5414 8718
5415 8717
5416 8716
5417 8715
5418 8714
5419 8713
5420 7077
5421 7076
5422 7075
5423 7074
5424 7073
5425 7072
5426 7071
5427 7070
5428 7158
5429 7157
5430 7156
5431 7155
5432 7154
5433 7153
5434 7152
5435 7151
5436 7150
5437 7149
5438 7148
5439 7147
5440 7146
5441 7145
5442 7144
5443 7143
5444 7142
5445 7141
5446 7140
5447 7139
5448 7138
5449 7137
5450 7136
5451 7135
5452 7134
5453 7133
5454 7132
5455 7131
5456 7130
5457 7129
5458 9789
5459 9788
5460 9787
5461 9786
5462 9785
5463 9784
5464 9783
5465 9782
5466 8855
5467 8854
5468 8853
5469 8852
5470 8851
5471 8850
5472 8849
5473 8848
5474 9642
5475 9641
5476 9640
5477 9639
5478 9638
5479 9637
5480 9636
5481 9635
5482 9634
5483 9633
5484 9632
5485 9631
5486 9630
5487 9629
5488 9628
5489 9627
5490 9626
5491 9625
5492 9624
5493 9623
5494 9622
5495 9621
5496 9620
5497 9619
5498 9618
5499 9617
5500 9616
5501 9615
5502 9614
5503 9613
5504 9561
5505 9560
5506 9559
5507 9558
5508 9557
5509 9556
5510 9555
5511 9554
5512 9383
5513 9382
5514 9381
5515 9380
5516 9379
5517 9378
5518 9377
5519 9376
5520 9375
5521 9374
5522 9373
5523 9372
5524 9371
5525 9370
5526 9369
5527 9292
5528 9291
5529 9290
5530 9289
5531 9288
5532 9287
5533 9286
5534 9285
5535 9284
5536 9283
5537 9282
5538 9281
5539 9280
5540 9279
5541 9278
5542 9277
5543 9276
5544 9275
5545 9274
5546 9273
5547 9272
5548 9271
5549 9270
5550 9269
5551 9268
5552 9267
5553 9266
5554 9265
5555 9264
5556 9263
5557 9262
5558 9261
5559 9260
5560 9259
5561 9258
5562 9257
5563 9256
5564 11090
5565 11089
5566 11088
5567 11087
5568 11086
5569 11085
5570 11084
5571 11083
5572 10046
5573 10045
5574 10044
5575 10043
5576 10042
5577 10041
5578 10040
5579 10039
5580 10773
5581 10772
5582 10771
5583 10770
5584 10769
5585 10768
5586 10767
5587 10766
5588 10765
5589 10764
5590 10763
5591 10762
5592 10761
5593 10760
5594 10759
5595 10758
5596 10606
5597 10605
5598 10604
5599 10603
5600 10602
5601 10601
5602 10600
5603 10599
5604 10598
5605 10597
5606 10596
5607 10595
5608 10594
5609 10593
5610 10818
5611 10817
5612 10816
5613 10815
5614 10814
5615 10813
5616 10812
5617 10811
5618 11399
5619 11398
5620 11397
5621 11396
5622 11395
5623 11394
5624 11393
5625 11392
5626 11391
5627 11390
5628 11389
5629 11388
5630 11387
5631 11386
5632 11385
5633 11648
5634 11647
5635 11646
5636 11645
5637 11644
5638 11643
5639 11642
5640 11641
5641 11640
5642 11639
5643 11638
5644 11637
5645 11636
5646 11635
5647 11634
5648 11902
5649 11901
5650 11900
5651 11899
5652 11898
5653 11897
5654 11896
5655 11614
5656 11613
5657 11612
5658 11611
5659 11610
5660 11609
5661 11608
5662 11607
5663 11606
5664 11605
5665 11604
5666 11603
5667 11602
5668 11601
5669 11600
5670 12803
5671 12802
5672 12801
5673 12800
5674 12799
5675 12798
5676 12797
5677 12796
5678 11527
5679 11526
5680 11525
5681 11524
5682 11523
5683 11522
5684 11521
5685 11520
5686 12560
5687 12559
5688 12558
5689 12557
5690 12556
5691 12555
5692 12554
5693 12553
5694 12552
5695 12551
5696 12550
5697 12549
5698 12548
5699 12547
5700 12917
5701 12916
5702 12915
5703 12914
5704 12913
5705 12912
5706 12911
5707 12910
5708 13215
5709 13214
5710 13213
5711 13212
5712 13211
5713 13210
5714 13209
5715 13208
5716 12983
5717 12982
5718 12981
5719 12980
5720 12979
5721 12978
5722 12977
5723 12976
5724 12250
5725 12249
5726 12248
5727 12247
5728 12246
5729 12245
5730 12244
5731 12243
5732 12242
5733 12241
5734 12240
5735 12239
5736 12238
5737 12237
5738 12236
5739 13060
5740 13059
5741 13058
5742 13057
5743 13056
5744 13055
5745 13054
5746 13053
5747 13052
5748 13051
5749 13050
5752 13071
5753 13070
5754 13069
5755 13068
5756 13067
5757 13066
5758 13065
5759 13064
5760 13063
5761 13062
5762 13061
5763 12235
5764 12234
5765 12233
5766 12232
5767 12231
5768 12230
5769 12229
5770 12228
5771 12380
5772 12379
5773 12378
5774 12377
5775 12376
5776 12375
5777 12374
5778 12373
5779 13231
5780 13230
5781 13229
5782 13228
5783 13227
5784 13226
5785 13225
5786 13224
5787 13223
5788 13222
5789 13221
5790 13220
5791 13219
5792 13218
5793 13217
5794 13216
5795 12909
5796 12908
5797 12907
5798 12906
5799 12905
5800 12904
5801 12903
5802 12902
5803 12901
5804 12900
5805 12899
5806 12898
5807 12897
5808 12896
5809 12895
5810 12894
5811 12893
5812 12892
5813 12891
5814 12890
5815 12889
5816 12819
5817 12818
5818 12817
5819 12816
5820 12815
5821 12814
5822 12813
5823 12812
5824 12811
5825 12810
5826 12809
5827 12808
5828 12807
5829 12806
5830 12805
5831 12804
5832 11599
5833 11598
5834 11597
5835 11596
5836 11595
5837 11594
5838 11593
5839 11592
5840 11288
5841 11287
5842 11286
5843 11285
5844 11284
5845 11283
5846 11282
5847 11281
5848 11714
5849 11713
5850 11712
5851 11711
5852 11710
5853 11709
5854 11708
5855 11663
5856 11662
5857 11661
5858 11660
5859 11659
5860 11658
5861 11657
5862 11656
5863 11655
5864 11654
5865 11653
5866 11652
5867 11651
5868 11650
5869 11649
5870 11384
5871 11383
5872 11382
5873 11381
5874 11380
5875 11379
5876 11378
5877 11377
5878 11759
5879 11758
5880 11757
5881 11756
5882 11755
5883 11754
5884 11753
5885 11752
5886 11212
5887 11211
5888 11210
5889 11209
5890 11208
5891 11207
5892 11206
5893 11205
5894 11204
5895 11203
5896 11202
5897 11201
5898 11200
5899 11199
5900 11198
5901 11197
5902 11196
5903 11195
5904 11194
5905 11193
5906 11192
5907 11191
5908 11190
5909 11189
5910 11188
5911 11187
5912 11186
5913 11185
5914 11184
5915 11183
5916 11182
5917 11181
5918 11180
5919 11179
5920 11178
5921 11177
5922 11176
5923 11106
5924 11105
5925 11104
5926 11103
5927 11102
5928 11101
5929 11100
5930 11099
5931 11098
5932 11097
5933 11096
5934 11095
5935 11094
5936 11093
5937 11092
5938 11091
5939 9255
5940 9254
5941 9253
5942 9252
5943 9251
5944 9250
5945 9249
5946 9248
5947 9230
5948 9229
5949 9228
5950 9227
5951 9226
5952 9225
5953 9224
5954 9223
5955 9222
5956 9221
5957 9220
5958 9219
5959 9218
5960 9309
5961 9308
5962 9307
5963 9306
5964 9305
5965 9304
5966 9303
5967 9302
5968 9301
5969 9300
5970 9299
5971 9298
5972 9297
5973 9296
5974 9295
5975 9294
5976 9293
5977 9368
5978 9367
5979 9366
5980 9365
5981 9364
5982 9363
5983 9362
5984 9361
5985 10142
5986 10141
5987 10140
5988 10139
5989 10138
5990 10137
5991 10136
5992 10135
5993 9855
5994 9854
5995 9853
5996 9852
5997 9851
5998 9850
5999 9849
6000 9848
6001 9847
6002 9846
6003 9845
6004 9844
6005 9843
6006 9842
6007 9841
6008 9840
6009 9839
6010 9838
6011 9837
6012 9836
6013 9603
6014 9602
6015 9601
6016 9600
6017 9599
6018 9598
6019 9597
6020 9596
6021 9595
6022 9594
6023 8233
6024 8232
6025 8231
6026 8230
6027 8229
6028 8228
6029 8227
6030 9805
6031 9804
6032 9803
6033 9802
6034 9801
6035 9800
6036 9799
6037 9798
6038 9797
6039 9796
6040 9795
6041 9794
6042 9793
6043 9792
6044 9791
6045 9790
6046 7128
6047 7127
6048 7126
6049 7125
6050 7124
6051 7123
6052 7122
6053 7121
6054 8641
6055 8640
6056 8639
6057 8638
6058 8637
6059 8636
6060 8635
6061 8634
6062 8633
6063 8632
6064 8631
6065 7096
6066 7095
6067 7094
6068 7093
6069 7092
6070 7091
6071 7090
6072 7089
6073 7088
6074 7087
6075 7086
6076 7085
6077 7084
6078 7083
6079 7082
6080 7081
6081 7080
6082 7079
6083 7078
6084 8712
6085 8711
6086 8710
6087 8709
6088 8708
6089 8707
6090 8706
6091 8705
6092 8704
6093 8703
6094 8702
6095 8701
6096 8700
6097 8699
6098 8698
6099 8697
6100 6928
6101 6927
6102 6926
6103 6925
6104 6924
6105 6923
6106 6922
6107 6921
6108 6920
6109 6919
6110 6918
6111 6917
6112 6916
6113 6915
6114 6914
6115 6913
6116 6912
6117 6911
6118 8037
6119 8036
6120 8035
6121 8034
6122 8033
6123 8032
6124 8031
6125 8030
6126 8029
6127 8028
6128 8027
6129 8026
6130 7754
6131 7753
6132 7752
6133 7751
6134 7750
6135 7749
6136 7748
6137 7747
6138 6877
6139 6876
6140 6875
6141 6874
6142 6873
6143 6872
6144 6871
6145 6870
6146 6869
6147 6868
6148 6867
6149 6866
6150 6865
6151 6864
6152 6863
6153 6862
6154 7496
6155 7495
6156 7494
6157 7493
6158 7492
6159 7491
6160 7490
6161 7489
6162 7615
6163 7614
6164 7613
6165 7612
6166 7611
6167 7610
6168 7609
6169 7608
6170 7607
6171 7606
6172 7605
6173 7604
6176 7676
6177 7675
6178 7674
6179 7673
6180 7672
6181 7671
6182 7670
6183 7669
6184 7668
6185 7667
6186 7666
6187 7665
6188 7664
6189 7663
6190 7662
6191 7661
6192 7660
6193 7659
6194 7658
6195 7657
6196 7656
6197 7655
6198 7654
6199 7653
6200 7652
6201 7651
6202 7650
6203 7649
6204 6885
6205 6884
6206 6883
6207 6882
6208 6881
6209 6880
6210 6879
6211 6878
6212 7746
6213 7745
6214 7744
6215 7743
6216 7742
6217 7741
6218 7740
6219 7739
6220 7738
6221 7737
6222 7736
6223 7735
6224 7734
6225 7733
6226 7732
6227 7731
6228 7730
6229 7729
6230 7728
6231 8105
6232 8104
6233 8103
6234 8102
6235 8101
6236 8100
6237 8099
6238 8098
6239 8097
6240 8096
6241 6936
6242 6935
6243 6934
6244 6933
6245 6932
6246 6931
6247 6930
6248 6929
6249 8696
6250 8695
6251 8694
6252 8693
6253 8692
6254 8691
6255 8690
6256 8689
6257 8688
6258 8687
6259 8686
6260 8685
6261 8684
6262 8683
6263 8682
6264 8681
6265 8680
6266 8679
6267 8678
6268 8677
6269 8676
6270 8675
6271 8674
6272 8570
6273 8569
6274 8568
6275 8567
6276 8566
6277 8565
6278 8564
6279 8563
6280 8562
6281 8561
6282 8560
6283 8559
6284 8558
6285 8557
6286 8556
6287 8555
6288 8554
6289 8553
6290 8552
6291 8551
6292 8550
6293 8549
6294 8548
6295 8547
6296 8546
6297 8545
6298 8544
6299 8543
6300 8542
6301 8541
6302 8540
6303 8539
6304 8538
6305 8537
6306 8536
6307 8535
6308 8534
6309 8533
6310 9813
6311 9812
6312 9811
6313 9810
6314 9809
6315 9808
6316 9807
6317 9806
6318 8226
6319 8225
6320 8224
6321 8223
6322 8222
6323 8221
6324 8220
6325 8219
6326 8218
6327 8217
6328 8216
6329 8215
6330 8214
6331 8213
6332 8212
6333 8211
6334 8210
6335 8209
6336 9000
6337 8999
6338 8998
6339 8997
6340 8996
6341 8995
6342 8994
6343 8993
6344 8992
6345 8991
6346 8990
6347 8989
6348 9863
6349 9862
6350 9861
6351 9860
6352 9859
6353 9858
6354 9857
6355 9856
6356 10134
6357 10133
6358 10132
6359 10131
6360 10130
6361 10129
6362 10128
6363 10127
6364 10126
6365 10125
6366 10124
6367 10123
6368 10122
6369 10121
6370 10120
6371 10119
6372 10118
6373 10117
6374 10116
6375 10115
6376 10114
6377 10113
6378 10112
6379 10111
6380 10110
6381 10109
6382 10108
6383 10107
6384 10106
6385 10105
6386 10104
6387 10103
6388 10480
6389 10479
6390 10478
6391 10477
6392 10476
6393 10475
6394 10474
6395 10473
6396 10472
6397 10471
6398 10470
6399 10469
6400 10468
6401 10467
6402 10466
6403 10465
6404 10464
6405 10463
6406 10462
6407 10461
6408 10460
6409 10459
6410 10458
6411 10457
6412 10456
6413 10455
6414 10454
6415 10453
6416 11114
6417 11113
6418 11112
6419 11111
6420 11110
6421 11109
6422 11108
6423 11107
6424 11175
6425 11174
6426 11173
6427 11172
6428 11171
6429 11170
6430 11169
6431 11168
6432 11167
6433 11166
6434 11165
6435 11164
6436 11163
6437 11162
6438 11161
6439 11160
6440 11159
6441 11158
6442 11157
6443 11156
6444 11155
6445 11154
6446 11153
6447 11152
6448 11151
6449 11150
6450 11149
6451 11148
6452 11147
6453 11146
6454 11220
6455 11219
6456 11218
6457 11217
6458 11216
6459 11215
6460 11214
6461 11213
6462 11751
6463 11750
6464 11749
6465 11748
6466 11747
6467 11746
6468 11745
6469 11744
6470 11743
6471 11742
6472 11741
6473 11740
6474 11739
6475 11738
6476 11737
6477 11736
6478 11735
6479 11734
6480 11733
6481 11732
6482 11731
6483 11730
6484 11729
6485 11728
6486 11727
6487 11726
6488 11725
6489 11724
6490 11723
6491 11722
6492 11721
6493 11720
6494 11719
6495 11718
6496 11717
6497 11716
6498 11715
6499 12181
6500 12180
6501 12179
6502 12178
6503 12177
6504 12176
6505 12175
6506 12174
6507 12173
6508 12172
6509 12171
6510 12170
6511 12169
6512 12168
6513 12167
6514 12166
6515 12165
6516 12164
6517 12163
6518 12162
6519 12161
6520 12160
6521 12159
6522 12827
6523 12826
6524 12825
6525 12824
6526 12823
6527 12822
6528 12821
6529 12820
6530 12888
6531 12887
6532 12886
6533 12885
6534 12884
6535 12883
6536 12882
6537 12881
6538 12880
6539 12879
6540 12878
6541 12877
6542 12876
6543 12875
6544 12874
6545 12873
6546 12872
6547 12871
6548 12870
6549 12869
6550 12868
6551 12867
6552 12866
6553 12865
6554 12864
6555 12863
6556 12862
6557 12861
6558 12860
6559 12859
6560 13239
6561 13238
6562 13237
6563 13236
6564 13235
6565 13234
6566 13233
6567 13232
6568 12372
6569 12371
6570 12370
6571 12369
6572 12368
6573 12367
6574 12366
6575 12365
6576 12364
6577 12363
6578 12362
6579 12361
6580 12360
6581 12359
6582 12358
6583 12357
6584 12356
6585 12355
6586 12354
6587 12353
6588 12352
6589 12351
6590 12350
6591 12349
6592 12348
6593 12347
6596 13110
6597 13109
6598 13108
6599 13107
6600 13106
6601 13105
6602 13104
6603 13103
6604 13102
6605 13101
6606 13100
6607 13099
6608 13098
6609 13097
6610 13096
6611 13095
6612 13094
6613 13093
6614 13092
6615 13091
6616 13090
6617 13255
6618 13254
6619 13253
6620 13252
6621 13251
6622 13250
6623 13249
6624 13248
6625 13247
6626 13246
6627 13245
6628 13244
6629 13243
6630 13242
6631 13241
6632 13240
6633 12858
6634 12857
6635 12856
6636 12855
6637 12854
6638 12853
6639 12852
6640 12851
6641 12850
6642 12849
6643 12848
6644 12847
6645 12846
