0 12906
1 12905
2 12904
3 12903
4 12902
5 12901
6 12900
7 12899
8 12898
9 12897
10 12896
11 12895
12 12894
13 12893
14 12892
15 12891
16 12890
17 12889
18 11771
19 11770
20 11769
21 11768
22 11767
23 11766
24 11765
25 11764
26 12093
27 12092
28 12091
29 12090
30 12089
31 12088
32 12087
33 12086
34 12085
35 12084
36 12083
37 12082
38 12081
39 12080
40 12079
41 12078
42 12077
43 12076
44 12075
45 12074
46 12073
47 12072
48 12071
49 12070
50 12069
51 12068
52 12067
53 12066
54 12065
55 12064
56 12063
57 12062
58 10762
59 10761
60 10760
61 10759
62 10758
63 10757
64 10756
65 10755
66 11704
67 11703
68 11702
69 11701
70 11700
71 11699
72 11698
73 11697
74 11696
75 11695
76 11694
77 11693
78 11692
79 11691
80 11690
81 11689
82 10351
83 10350
84 10349
85 10348
86 10347
87 10346
88 10345
89 10344
90 10343
91 10342
92 10341
93 10340
94 10339
95 10338
96 10337
97 10336
98 10335
99 10334
100 10333
101 10332
102 10331
103 10330
104 10329
105 10328
106 10327
107 10326
108 10325
109 10324
110 10323
111 10322
112 10321
113 11024
114 11023
115 11022
116 11021
117 11020
118 11019
119 11018
120 11017
121 9984
122 9983
123 9982
124 9981
125 9980
126 9979
127 9978
128 9977
129 9976
130 9975
131 9974
132 9973
133 9972
134 9971
135 9970
136 9969
137 9968
138 9967
139 11094
140 11093
141 11092
142 11091
143 11090
144 11089
145 11088
146 11087
147 11086
148 11085
149 11084
150 11083
151 11082
152 11081
153 11374
154 11373
155 11372
156 11371
157 11370
158 11369
159 11368
160 11367
161 9150
162 9149
163 9148
164 9147
165 9146
166 9145
167 9144
168 9143
169 9142
170 9141
171 9140
172 9139
173 9138
174 9137
175 9136
176 9135
177 9593
178 9592
179 9591
180 9590
181 9589
182 9588
183 9587
184 9586
185 9585
186 9481
187 9480
188 9479
189 9478
190 9477
191 9476
192 9475
193 9474
194 9473
195 9472
196 9471
197 9470
198 9469
199 9468
200 9467
201 9466
202 9465
203 9464
204 9463
205 9462
206 9461
207 9460
208 8822
209 8821
210 8820
211 8819
212 8818
213 8817
214 8816
215 8815
216 8602
217 8601
218 8600
219 8599
220 8598
221 8597
222 8596
223 8595
224 8594
225 8593
226 8592
227 8591
228 8590
229 8589
230 8588
231 8587
232 8434
233 8433
234 8432
235 8431
236 8430
237 8429
238 8428
239 8427
240 8041
241 8040
242 8039
243 8038
244 8037
245 8036
246 8035
247 8034
248 7814
249 7813
250 7812
251 7811
252 7810
253 7809
254 7808
255 7807
256 7748
257 7747
258 7746
259 7745
260 7744
261 7743
262 7742
263 7741
264 7740
265 7739
266 7738
267 7737
268 7736
269 7735
270 7734
271 7733
272 7635
273 7634
274 7633
275 7632
276 7631
277 7630
278 7629
279 7703
280 7702
281 7701
282 7700
283 7699
284 7698
285 7697
286 7696
287 7695
288 7694
289 7693
290 7692
291 7691
292 7690
293 7689
294 7688
295 7687
296 7686
297 7685
298 7684
299 7683
300 7682
301 7681
302 7680
303 7679
304 7087
305 7086
306 7085
307 7084
308 7083
309 7082
310 7081
311 7080
312 6929
313 6928
314 6927
315 6926
316 6925
317 6924
318 6923
319 6922
320 6921
321 6920
322 6919
323 6918
324 6917
325 6916
326 6915
327 6914
328 6913
331 7063
332 7062
333 7061
334 7060
335 7059
336 7058
337 7057
338 7056
339 7055
340 7054
341 7053
342 7052
343 7051
344 7050
345 7049
346 7048
347 7191
348 7190
349 7189
350 7188
351 7187
352 7186
353 7185
354 7184
355 7183
356 7182
357 7220
358 7219
359 7218
360 7217
361 7216
362 7215
363 7214
364 7213
365 7212
366 7227
367 7226
368 7225
369 7224
370 7223
371 7222
372 7221
373 7806
374 7805
375 7804
376 7803
377 7802
378 7801
379 7800
380 7799
381 7798
382 7797
383 7796
384 7795
385 7794
386 7793
387 7792
388 7791
389 7790
390 7789
391 8017
392 8016
393 8015
394 8014
395 8013
396 8012
397 8011
398 8010
399 8009
400 8008
401 8007
402 8006
403 8005
404 8004
405 8003
406 8002
407 8001
408 8000
409 7999
410 7998
411 7997
412 7996
413 7995
414 7994
415 7993
416 7992
417 9504
418 9503
419 9502
420 9501
421 9500
422 9499
423 9498
424 9497
425 9496
426 9534
427 9533
428 9532
429 9531
430 9530
431 9529
432 9528
433 9527
434 9526
435 9525
436 9524
437 9157
438 9156
439 9155
440 9154
441 9153
442 9152
443 9151
444 11366
445 11365
446 11364
447 11363
448 11362
449 11361
450 11360
451 11359
452 11358
453 11357
454 11356
455 11355
456 11354
457 11353
458 11352
459 11351
460 11350
461 11349
462 11348
463 11347
464 11346
465 11345
466 11344
467 11343
468 11342
469 11341
470 11340
471 11339
472 11338
473 11337
474 11336
475 11335
476 11334
477 11333
478 11332
479 11331
480 11330
481 11329
482 11328
483 11327
484 11326
485 11325
486 11324
487 11323
488 10077
489 10076
490 10075
491 10074
492 10073
493 10072
494 10071
495 10109
496 10108
497 10107
498 10106
499 10105
500 10104
501 10103
502 10102
503 10101
504 10100
505 10099
506 10098
507 10097
508 11711
509 11710
510 11709
511 11708
512 11707
513 11706
514 11705
515 10754
516 10753
517 10752
518 10751
519 10750
520 10749
521 10748
522 10747
523 10746
524 10745
525 10744
526 10743
527 10742
528 10741
529 10740
530 10739
531 10738
532 10737
533 10736
534 10735
535 10734
536 10733
537 10732
538 10731
539 10730
540 10729
541 10728
542 10727
543 10726
544 10725
545 10724
546 10723
547 10722
548 10721
549 10720
550 10719
551 10718
552 10717
553 10716
554 10715
555 10714
556 10713
557 10712
558 10711
559 10710
560 10709
561 10708
562 10707
563 13110
564 13109
565 13108
566 13107
567 13106
568 13105
569 13104
570 13103
571 13102
572 13101
573 13100
574 13099
575 13098
576 13097
577 13096
578 12702
579 12701
580 12700
581 12699
582 12698
583 12697
584 12696
585 12695
586 12694
587 12693
588 12692
589 12691
590 12690
591 12689
592 12688
593 12687
594 12686
595 12685
596 12684
597 12683
598 12682
599 12681
602 10415
603 10414
604 10413
605 10412
606 10411
607 10410
608 10409
609 12718
610 12717
611 12716
612 12715
613 12714
614 12713
615 12712
616 12711
617 12710
618 12709
619 12708
620 12707
621 12706
622 12705
623 12704
624 12703
625 13095
626 13094
627 13093
628 13092
629 13091
630 13090
631 13089
632 13088
633 12646
634 12645
635 12644
636 12643
637 12642
638 12641
639 12640
640 12639
641 12638
642 12637
643 12636
644 12635
645 12634
646 12633
647 12632
648 12631
649 12630
650 12629
651 12628
652 11755
653 11754
654 11753
655 11752
656 11751
657 11750
658 11749
659 11748
660 11747
661 11746
662 11745
663 11744
664 11743
665 11742
666 11741
667 11740
668 11739
669 11738
670 11737
671 11736
672 11735
673 11734
674 11733
675 11732
676 11731
677 11730
678 11729
679 11728
680 11727
681 11726
682 11725
683 11724
684 11723
685 11722
686 11721
687 11720
688 11719
689 11718
690 11717
691 11716
692 11715
693 11714
694 11713
695 11712
696 10096
697 10095
698 10094
699 10093
700 10092
701 10091
702 10090
703 10089
704 10088
705 10087
706 10086
707 10085
708 10084
709 10083
710 10082
711 10081
712 10080
713 10079
714 10078
715 11322
716 11321
717 11320
718 11319
719 11318
720 11317
721 11316
722 11315
723 11008
724 11007
725 11006
726 11005
727 11004
728 11003
729 11002
730 11001
731 9718
732 9717
733 9716
734 9715
735 9714
736 9713
737 9712
738 9711
739 9710
740 9709
741 9708
742 9707
743 9706
744 9705
745 9704
746 9703
747 9702
748 9701
749 9700
750 9699
751 9173
752 9172
753 9171
754 9170
755 9169
756 9168
757 9167
758 9166
759 9165
760 9164
761 9163
762 9162
763 9161
764 9160
765 9159
766 9158
767 9523
768 9522
769 9521
770 9520
771 9519
772 9518
773 9517
774 9516
775 9515
776 9514
777 9513
778 9512
779 9511
780 9510
781 9509
782 9508
783 9507
784 9506
785 9505
786 7991
787 7990
788 7989
789 7988
790 7987
791 7986
792 7985
793 7984
794 8806
795 8805
796 8804
797 8803
798 8802
799 8801
800 8800
801 8799
802 7778
803 7777
804 7776
805 7775
806 7774
807 7773
808 7772
809 7771
810 7770
811 7769
812 7768
813 7767
814 7766
815 7765
816 7764
817 7763
818 7762
819 7761
820 7760
821 7759
822 7243
823 7242
824 7241
825 7240
826 7239
827 7238
828 7237
829 7236
830 7235
831 7234
832 7233
833 7232
834 7231
835 7230
836 7229
837 7228
838 7211
839 7210
840 7209
841 7208
842 7207
843 7206
844 7205
845 7204
846 7203
847 7202
848 7201
849 7200
850 7199
851 7198
852 7197
853 7196
854 7195
855 7194
856 7193
857 7192
858 7047
859 7046
860 7045
861 7044
862 7043
863 7042
864 7041
865 7040
866 7071
867 7070
868 7069
869 7068
870 7067
871 7066
872 7065
873 7064
876 7128
877 7127
878 7126
879 7125
880 7124
881 7123
882 7122
883 7121
884 7120
885 6937
886 6936
887 6935
888 6934
889 6933
890 6932
891 6931
892 6930
893 7079
894 7078
895 7077
896 7076
897 7075
898 7074
899 7073
900 7072
901 7039
902 7038
903 7037
904 7036
905 7035
906 7034
907 7033
908 7032
909 7577
910 7576
911 7575
912 7574
913 7573
914 7572
915 7571
916 8103
917 8102
918 8101
919 8100
920 8099
921 8098
922 8097
923 8096
924 8095
925 8094
926 8093
927 8092
928 8091
929 8090
930 8089
931 8088
932 8087
933 8086
934 8085
935 8084
936 8083
937 8082
938 8081
939 8080
940 8079
941 8078
942 8077
943 8076
944 8075
945 8074
946 8073
947 7822
948 7821
949 7820
950 7819
951 7818
952 7817
953 7816
954 7815
955 8033
956 8032
957 8031
958 8030
959 8029
960 8028
961 8027
962 8026
963 8025
964 8024
965 8023
966 8022
967 8021
968 8020
969 8019
970 8018
971 8412
972 8411
973 8410
974 8409
975 8408
976 8407
977 8406
978 8405
979 8610
980 8609
981 8608
982 8607
983 8606
984 8605
985 8604
986 8603
987 8814
988 8813
989 8812
990 8811
991 8810
992 8809
993 8808
994 8807
995 7983
996 7982
997 7981
998 7980
999 7979
1000 7978
1001 7977
1002 7976
1003 9570
1004 9569
1005 9568
1006 9567
1007 9566
1008 9565
1009 9564
1010 9563
1011 9308
1012 9307
1013 9306
1014 9305
1015 9304
1016 9303
1017 9302
1018 9301
1019 9300
1020 9299
1021 9298
1022 9297
1023 9296
1024 9295
1025 9294
1026 9293
1027 9292
1028 9291
1029 9290
1030 9289
1031 9288
1032 9287
1033 9286
1034 9285
1035 11160
1036 11159
1037 11158
1038 11157
1039 11156
1040 11155
1041 11154
1042 11382
1043 11381
1044 11380
1045 11379
1046 11378
1047 11377
1048 11376
1049 11375
1050 11080
1051 11079
1052 11078
1053 11077
1054 11076
1055 11075
1056 11074
1057 11073
1058 11072
1059 11071
1060 11070
1061 11069
1062 11068
1063 11067
1064 11066
1065 11065
1066 11064
1067 11063
1068 11062
1069 11061
1070 11060
1071 11059
1072 11058
1073 11057
1074 9992
1075 9991
1076 9990
1077 9989
1078 9988
1079 9987
1080 9986
1081 9985
1082 11016
1083 11015
1084 11014
1085 11013
1086 11012
1087 11011
1088 11010
1089 11009
1090 11314
1091 11313
1092 11312
1093 11311
1094 11310
1095 11309
1096 11308
1097 11307
1098 11633
1099 11632
1100 11631
1101 11630
1102 11629
1103 11628
1104 11627
1105 11626
1106 11625
1107 11624
1108 11623
1109 11622
1110 11621
1111 11620
1112 11619
1113 11618
1114 11617
1115 11616
1116 11615
1117 11614
1118 11613
1119 11612
1120 11611
1121 11610
1122 11609
1123 11608
1124 11607
1125 11606
1126 11605
1127 11604
1128 11603
1129 11602
1130 12247
1131 12246
1132 12245
1133 12244
1134 12243
1135 12242
1136 12241
1137 10770
1138 10769
1139 10768
1140 10767
1141 10766
1142 10765
1143 10764
1144 10763
1145 12061
1146 12060
1147 12059
1148 12058
1149 12057
1150 12056
1151 12055
1152 12054
1153 12053
1154 12052
1155 12051
1156 12050
1157 11813
1158 11812
1159 11811
1160 11810
1161 11809
1162 11808
1163 11807
1164 11806
1165 11805
1166 11804
1167 11803
1168 12101
1169 12100
1170 12099
1171 12098
1172 12097
1173 12096
1174 12095
1175 12094
1176 11763
1177 11762
1178 11761
1179 11760
1180 11759
1181 11758
1182 11757
1183 11756
1184 12627
1185 12626
1186 12625
1187 12624
1188 12623
1189 12622
1190 12621
1191 12620
1192 13322
1193 13321
1194 13320
1195 13319
1196 13318
1197 13317
1198 13316
1199 13315
1200 13314
1201 13313
1202 13312
1203 12659
1204 12658
1205 12657
1206 12656
1207 12655
1208 12654
1209 12653
1210 12652
1211 12651
1212 12650
1213 12649
1214 12648
1215 12647
1216 13087
1217 13086
1218 13085
1219 13084
1220 13083
1221 13082
1222 13081
1223 13080
1224 10546
1225 10545
1226 10544
1227 10543
1228 10542
1229 10541
1230 10540
1231 10436
1232 10435
1233 10434
1234 10433
1235 10432
1236 10431
1237 10430
1238 10429
1239 10428
1240 10427
1241 10426
1242 10425
1243 10424
1244 10423
1245 10422
1246 10421
1247 10420
1248 10419
1249 10418
1250 10417
1251 10416
1254 10401
1255 10400
1256 10399
1257 10398
1258 10397
1259 10396
1260 10395
1261 10394
1262 10393
1263 10392
1264 10391
1265 10390
1266 10389
1267 12734
1268 12733
1269 12732
1270 12731
1271 12730
1272 12729
1273 12728
1274 12727
1275 10554
1276 10553
1277 10552
1278 10551
1279 10550
1280 10549
1281 10548
1282 10547
1283 13079
1284 13078
1285 13077
1286 13076
1287 13075
1288 13074
1289 13073
1290 13072
1291 13345
1292 13344
1293 13343
1294 13342
1295 13341
1296 13340
1297 13339
1298 13338
1299 13337
1300 13336
1301 13335
1302 13334
1303 13333
1304 13332
1305 13331
1306 13330
1307 13329
1308 13328
1309 13327
1310 13326
1311 13325
1312 13324
1313 13323
1314 12619
1315 12618
1316 12617
1317 12616
1318 12615
1319 12614
1320 12613
1321 12612
1322 12856
1323 12855
1324 12854
1325 12853
1326 12852
1327 12851
1328 12850
1329 12849
1330 11867
1331 11866
1332 11865
1333 11864
1334 11863
1335 11862
1336 11861
1337 11860
1338 11859
1339 11858
1340 11857
1341 11856
1342 11855
1343 11854
1344 11853
1345 11852
1346 11851
1347 11850
1348 11849
1349 11848
1350 11847
1351 11846
1352 11845
1353 11844
1354 11843
1355 11842
1356 11841
1357 11840
1358 11839
1359 11838
1360 11837
1361 11836
1362 11835
1363 11834
1364 11833
1365 11832
1366 11831
1367 11830
1368 11829
1369 11828
1370 12255
1371 12254
1372 12253
1373 12252
1374 12251
1375 12250
1376 12249
1377 12248
1378 11601
1379 11600
1380 11599
1381 11598
1382 11597
1383 11596
1384 11595
1385 11594
1386 11656
1387 11655
1388 11654
1389 11653
1390 11652
1391 11651
1392 11650
1393 11649
1394 11648
1395 11647
1396 11646
1397 11645
1398 11644
1399 11643
1400 11642
1401 11641
1402 11640
1403 11639
1404 11638
1405 11637
1406 11636
1407 11635
1408 11634
1409 11306
1410 11305
1411 11304
1412 11303
1413 11302
1414 11301
1415 11300
1416 11299
1417 10288
1418 10287
1419 10286
1420 10285
1421 10284
1422 10283
1423 10282
1424 10281
1425 9776
1426 9775
1427 9774
1428 9773
1429 9772
1430 9771
1431 9770
1432 9769
1433 9768
1434 9767
1435 9766
1436 9765
1437 9764
1438 9763
1439 9762
1440 9761
1441 9760
1442 9759
1443 9758
1444 9757
1445 9756
1446 9755
1447 9754
1448 9753
1449 9752
1450 9751
1451 9750
1452 9749
1453 9748
1454 9747
1455 9746
1456 9745
1457 8895
1458 8894
1459 8893
1460 8892
1461 9185
1462 9184
1463 9183
1464 9182
1465 11168
1466 11167
1467 11166
1468 11165
1469 11164
1470 11163
1471 11162
1472 11161
1473 9284
1474 9283
1475 9282
1476 9281
1477 9280
1478 9279
1479 9278
1480 9277
1481 9102
1482 9101
1483 9100
1484 9099
1485 9098
1486 9097
1487 9096
1488 9095
1489 9094
1490 9584
1491 9583
1492 9582
1493 9581
1494 9580
1495 9579
1496 9578
1497 9577
1498 9576
1499 9575
1500 9574
1501 9573
1502 9572
1503 9571
1504 7975
1505 7974
1506 7973
1507 7972
1508 7971
1509 7970
1510 7969
1511 7968
1512 9427
1513 9426
1514 9425
1515 9424
1516 9423
1517 9422
1518 9421
1519 9420
1520 8450
1521 8449
1522 8448
1523 8447
1524 8446
1525 8445
1526 8444
1527 8443
1528 8442
1529 8441
1530 8440
1531 8439
1532 8438
1533 8437
1534 8436
1535 8435
1536 8662
1537 8661
1538 8660
1539 8659
1540 8658
1541 8657
1542 8656
1543 8655
1544 8556
1545 8555
1546 8554
1547 8553
1548 8552
1549 8551
1550 8550
1551 8549
1552 7259
1553 7258
1554 7257
1555 7256
1556 7255
1557 7254
1558 7253
1559 7252
1560 8237
1561 8236
1562 8235
1563 8234
1564 8233
1565 8232
1566 8231
1567 8230
1568 8229
1569 8228
1570 8227
1571 8226
1572 8225
1573 8224
1574 8223
1575 8222
1576 7601
1577 7600
1578 7599
1579 7598
1580 7597
1581 7596
1582 7595
1583 7594
1584 7593
1585 7592
1586 7591
1587 7590
1588 7589
1589 7588
1590 7587
1591 7586
1592 7585
1593 7584
1594 7583
1595 7582
1596 7581
1597 7580
1598 7579
1599 7578
1600 7031
1601 7030
1602 7029
1603 7028
1604 7027
1605 7026
1606 7025
1607 7024
1608 7538
1609 7537
1610 7536
1611 7535
1612 7534
1613 7533
1614 7532
1615 7531
1616 6873
1617 6872
1618 6871
1619 6870
1620 6869
1621 6868
1622 6867
1623 6866
1624 6865
1625 6864
1626 6863
1627 6862
1628 6861
1629 6860
1630 6859
1631 6858
1632 6857
1635 6856
1636 6855
1637 6854
1638 6853
1639 6852
1640 6851
1641 6850
1642 6849
1643 6848
1644 6847
1645 6846
1646 6845
1647 6844
1648 6843
1649 6842
1650 6841
1651 6840
1652 6839
1653 6838
1654 6837
1655 6836
1656 6835
1657 6834
1658 6833
1659 6832
1660 6831
1661 6830
1662 7152
1663 7151
1664 7150
1665 7149
1666 7148
1667 7147
1668 7146
1669 7145
1670 7144
1671 7143
1672 7181
1673 7180
1674 7179
1675 7178
1676 7177
1677 7176
1678 7175
1679 7174
1680 7173
1681 8244
1682 8243
1683 8242
1684 8241
1685 8240
1686 8239
1687 8238
1688 7251
1689 7250
1690 7249
1691 7248
1692 7247
1693 7246
1694 7245
1695 7244
1696 7758
1697 7757
1698 7756
1699 7755
1700 7754
1701 7753
1702 7752
1703 7751
1704 7750
1705 7749
1706 7788
1707 7787
1708 7786
1709 7785
1710 7784
1711 7783
1712 7782
1713 7781
1714 7780
1715 7779
1716 8798
1717 8797
1718 8796
1719 8795
1720 8794
1721 8793
1722 8792
1723 8791
1724 8790
1725 8789
1726 8788
1727 8787
1728 8786
1729 8785
1730 8784
1731 8783
1732 8861
1733 8860
1734 8859
1735 8858
1736 8857
1737 8856
1738 8855
1739 8854
1740 8853
1741 8891
1742 8890
1743 8889
1744 8888
1745 8887
1746 8886
1747 8885
1748 8884
1749 8883
1750 8882
1751 8881
1752 11175
1753 11174
1754 11173
1755 11172
1756 11171
1757 11170
1758 11169
1759 9181
1760 9180
1761 9179
1762 9178
1763 9177
1764 9176
1765 9175
1766 9174
1767 9698
1768 9697
1769 9696
1770 9695
1771 9694
1772 9693
1773 9692
1774 9691
1775 9730
1776 9729
1777 9728
1778 9727
1779 9726
1780 9725
1781 9724
1782 9723
1783 9722
1784 9721
1785 9720
1786 9719
1787 11000
1788 10999
1789 10998
1790 10997
1791 10996
1792 10995
1793 10994
1794 10993
1795 10992
1796 10991
1797 10990
1798 10989
1799 10988
1800 10987
1801 10986
1802 10985
1803 10038
1804 10037
1805 10036
1806 10035
1807 10034
1808 10033
1809 10032
1810 10070
1811 10069
1812 10068
1813 10067
1814 10066
1815 10065
1816 10064
1817 10063
1818 10062
1819 10061
1820 10060
1821 10059
1822 10058
1823 12262
1824 12261
1825 12260
1826 12259
1827 12258
1828 12257
1829 12256
1830 11827
1831 11826
1832 11825
1833 11824
1834 11823
1835 11822
1836 11821
1837 11820
1838 11819
1839 11818
1840 11817
1841 11816
1842 11815
1843 11814
1844 12477
1845 12476
1846 12475
1847 12474
1848 12473
1849 12472
1850 12471
1851 12470
1852 12469
1853 12468
1854 12467
1855 12466
1856 12465
1857 12464
1858 12463
1859 12462
1860 12461
1861 12460
1862 12459
1863 12458
1864 12457
1865 12456
1866 12455
1867 12454
1868 12453
1869 12452
1870 12451
1871 12450
1872 12449
1873 12448
1874 12447
1875 12446
1876 12445
1877 12444
1878 13311
1879 13310
1880 13309
1881 13308
1882 13307
1883 13306
1884 13305
1885 13304
1886 13303
1887 13302
1888 13301
1889 13300
1890 13299
1891 13298
1892 13297
1893 10561
1894 10560
1895 10559
1896 10558
1897 10557
1898 10556
1899 10555
1900 12726
1901 12725
1902 12724
1903 12723
1904 12722
1905 12721
1906 12720
1907 12719
1908 10408
1909 10407
1910 10406
1911 10405
1912 10404
1913 10403
1914 10402
1917 10375
1918 10374
1919 10373
1920 10372
1921 10371
1922 10370
1923 10369
1924 10577
1925 10576
1926 10575
1927 10574
1928 10573
1929 10572
1930 10571
1931 10570
1932 10569
1933 10568
1934 10567
1935 10566
1936 10565
1937 10564
1938 10563
1939 10562
1940 13296
1941 13295
1942 13294
1943 13293
1944 13292
1945 13291
1946 13290
1947 13289
1948 12430
1949 12429
1950 12428
1951 12427
1952 12426
1953 12425
1954 12424
1955 12423
1956 12422
1957 12421
1958 12420
1959 12419
1960 12418
1961 12417
1962 12416
1963 12415
1964 12414
1965 12413
1966 12412
1967 12840
1968 12839
1969 12838
1970 12837
1971 12836
1972 12835
1973 12834
1974 12833
1975 12298
1976 12297
1977 12296
1978 12295
1979 12294
1980 12293
1981 12292
1982 12291
1983 12290
1984 12289
1985 12288
1986 12287
1987 12286
1988 12285
1989 12284
1990 12283
1991 12282
1992 12281
1993 12280
1994 12279
1995 12278
1996 12277
1997 12276
1998 12275
1999 12274
2000 12273
2001 12272
2002 12271
2003 12270
2004 12269
2005 12268
2006 12267
2007 12266
2008 12265
2009 12264
2010 12263
2011 10057
2012 10056
2013 10055
2014 10054
2015 10053
2016 10052
2017 10051
2018 10050
2019 10049
2020 10048
2021 10047
2022 10046
2023 10045
2024 10044
2025 10043
2026 10042
2027 10041
2028 10040
2029 10039
2030 10984
2031 10983
2032 10982
2033 10981
2034 10980
2035 10979
2036 10978
2037 10977
2038 10272
2039 10271
2040 10270
2041 10269
2042 10268
2043 10267
2044 10266
2045 10265
2046 9636
2047 9635
2048 9634
2049 9633
2050 9632
2051 9631
2052 9630
2053 9629
2054 9628
2055 9627
2056 9626
2057 9625
2058 9624
2059 9623
2060 9622
2061 9621
2062 9620
2063 9619
2064 9618
2065 9617
2066 11191
2067 11190
2068 11189
2069 11188
2070 11187
2071 11186
2072 11185
2073 11184
2074 11183
2075 11182
2076 11181
2077 11180
2078 11179
2079 11178
2080 11177
2081 11176
2082 8880
2083 8879
2084 8878
2085 8877
2086 8876
2087 8875
2088 8874
2089 8873
2090 8872
2091 8871
2092 8870
2093 8869
2094 8868
2095 8867
2096 8866
2097 8865
2098 8864
2099 8863
2100 8862
2101 8782
2102 8781
2103 8780
2104 8779
2105 8778
2106 8777
2107 8776
2108 8775
2109 9411
2110 9410
2111 9409
2112 9408
2113 9407
2114 9406
2115 9405
2116 9404
2117 8672
2118 8671
2119 8670
2120 8669
2121 8668
2122 8667
2123 8666
2124 8665
2125 8664
2126 8663
2127 8702
2128 8701
2129 8700
2130 8699
2131 8698
2132 8697
2133 8696
2134 8695
2135 8694
2136 8693
2137 8260
2138 8259
2139 8258
2140 8257
2141 8256
2142 8255
2143 8254
2144 8253
2145 8252
2146 8251
2147 8250
2148 8249
2149 8248
2150 8247
2151 8246
2152 8245
2153 7172
2154 7171
2155 7170
2156 7169
2157 7168
2158 7167
2159 7166
2160 7165
2161 7164
2162 7163
2163 7162
2164 7161
2165 7160
2166 7159
2167 7158
2168 7157
2169 7156
2170 7155
2171 7154
2172 7153
2173 6829
2174 6828
2175 6827
2176 6826
2177 6825
2178 6824
2179 6823
2180 6822
2181 7522
2182 7521
2183 7520
2184 7519
2185 7518
2186 7517
2187 7516
2188 7515
2189 6737
2190 6736
2191 6735
2192 6734
2193 6733
2194 6732
2195 6731
2196 6730
2197 6729
2198 6728
2199 6727
2202 6912
2203 6911
2204 6910
2205 6909
2206 6908
2207 6907
2208 6906
2209 6905
2210 6904
2211 6881
2212 6880
2213 6879
2214 6878
2215 6877
2216 6876
2217 6875
2218 6874
2219 7530
2220 7529
2221 7528
2222 7527
2223 7526
2224 7525
2225 7524
2226 7523
2227 6821
2228 6820
2229 6819
2230 6818
2231 6817
2232 6816
2233 6815
2234 6814
2235 8141
2236 8140
2237 8139
2238 8138
2239 8137
2240 8136
2241 8135
2242 7444
2243 7443
2244 7442
2245 7441
2246 7440
2247 7439
2248 7438
2249 7437
2250 7436
2251 7396
2252 7395
2253 7394
2254 7393
2255 7392
2256 7391
2257 7390
2258 7389
2259 7388
2260 7387
2261 7386
2262 7385
2263 7384
2264 7383
2265 7382
2266 7860
2267 7859
2268 7858
2269 7857
2270 7856
2271 7855
2272 7854
2273 7267
2274 7266
2275 7265
2276 7264
2277 7263
2278 7262
2279 7261
2280 7260
2281 8548
2282 8547
2283 8546
2284 8545
2285 8544
2286 8543
2287 8542
2288 8541
2289 8540
2290 8539
2291 8538
2292 8537
2293 8536
2294 8535
2295 8534
2296 8533
2297 8532
2298 8531
2299 8530
2300 8529
2301 8528
2302 8527
2303 8526
2304 8525
2305 8458
2306 8457
2307 8456
2308 8455
2309 8454
2310 8453
2311 8452
2312 8451
2313 9419
2314 9418
2315 9417
2316 9416
2317 9415
2318 9414
2319 9413
2320 9412
2321 8774
2322 8773
2323 8772
2324 8771
2325 8770
2326 8769
2327 8768
2328 8767
2329 9221
2330 9220
2331 9219
2332 9218
2333 9217
2334 9216
2335 9215
2336 9214
2337 9080
2338 9079
2339 9078
2340 9077
2341 9076
2342 9075
2343 9074
2344 9073
2345 9072
2346 9071
2347 9070
2348 9069
2349 9068
2350 9067
2351 9066
2352 9065
2353 9064
2354 9063
2355 9062
2356 9061
2357 9060
2358 9059
2359 9058
2360 9057
2361 11420
2362 11419
2363 11418
2364 11417
2365 11416
2366 11415
2367 11414
2368 8903
2369 8902
2370 8901
2371 8900
2372 8899
2373 8898
2374 8897
2375 8896
2376 9744
2377 9743
2378 9742
2379 9741
2380 9740
2381 9739
2382 9738
2383 9737
2384 9736
2385 9735
2386 9734
2387 9733
2388 9732
2389 9731
2390 9690
2391 9689
2392 9688
2393 9687
2394 9686
2395 9685
2396 9684
2397 9683
2398 9682
2399 9681
2400 9784
2401 9783
2402 9782
2403 9781
2404 9780
2405 9779
2406 9778
2407 9777
2408 10280
2409 10279
2410 10278
2411 10277
2412 10276
2413 10275
2414 10274
2415 10273
2416 10976
2417 10975
2418 10974
2419 10973
2420 10972
2421 10971
2422 10970
2423 10969
2424 10968
2425 10967
2426 10966
2427 10965
2428 10964
2429 10963
2430 10962
2431 10961
2432 10960
2433 10959
2434 10958
2435 10957
2436 10956
2437 10955
2438 10954
2439 10953
2440 10952
2441 10951
2442 10950
2443 10949
2444 10948
2445 10947
2446 10946
2447 10945
2448 10944
2449 10943
2450 10942
2451 10941
2452 10940
2453 10939
2454 10938
2455 10937
2456 12504
2457 12503
2458 12502
2459 12501
2460 12500
2461 12499
2462 12498
2463 12497
2464 12496
2465 12495
2466 12494
2467 12493
2468 12492
2469 12491
2470 12490
2471 12489
2472 12488
2473 12487
2474 12486
2475 12485
2476 12484
2477 12483
2478 12482
2479 12481
2480 12480
2481 12479
2482 12478
2483 12143
2484 12142
2485 12141
2486 12140
2487 12139
2488 12138
2489 12137
2490 12136
2491 12135
2492 12134
2493 12133
2494 11875
2495 11874
2496 11873
2497 11872
2498 11871
2499 11870
2500 11869
2501 11868
2502 12848
2503 12847
2504 12846
2505 12845
2506 12844
2507 12843
2508 12842
2509 12841
2510 12411
2511 12410
2512 12409
2513 12408
2514 12407
2515 12406
2516 12405
2517 12404
2518 13176
2519 13175
2520 13174
2521 13173
2522 13172
2523 13171
2524 13170
2525 13169
2526 13168
2527 13167
2528 13166
2529 12443
2530 12442
2531 12441
2532 12440
2533 12439
2534 12438
2535 12437
2536 12436
2537 12435
2538 12434
2539 12433
2540 12432
2541 12431
2542 13288
2543 13287
2544 13286
2545 13285
2546 13284
2547 13283
2548 13282
2549 13281
2550 10474
2551 10473
2552 10472
2553 10471
2554 10470
2555 10469
2556 10468
2557 12742
2558 12741
2559 12740
2560 12739
2561 12738
2562 12737
2563 12736
2564 12735
2565 10388
2566 10387
2567 10386
2568 10385
2569 10384
2570 10383
2571 10382
2572 10381
2573 10380
2574 10379
2575 10378
2576 10377
2577 10376
2580 10654
2581 10653
2582 10652
2583 10651
2584 10650
2585 10649
2586 10648
2587 10647
2588 10646
2589 10645
2590 10644
2591 10643
2592 10642
2593 10593
2594 10592
2595 10591
2596 10590
2597 10589
2598 10588
2599 10587
2600 10586
2601 10482
2602 10481
2603 10480
2604 10479
2605 10478
2606 10477
2607 10476
2608 10475
2609 13280
2610 13279
2611 13278
2612 13277
2613 13276
2614 13275
2615 13274
2616 13273
2617 13039
2618 13038
2619 13037
2620 13036
2621 13035
2622 13034
2623 13033
2624 13032
2625 13031
2626 13030
2627 13029
2628 13028
2629 13027
2630 13186
2631 13185
2632 13184
2633 13183
2634 13182
2635 13181
2636 13180
2637 13179
2638 13178
2639 13177
2640 12403
2641 12402
2642 12401
2643 12400
2644 12399
2645 12398
2646 12397
2647 12396
2648 12579
2649 12578
2650 12577
2651 12576
2652 12575
2653 12574
2654 12573
2655 12572
2656 12355
2657 12354
2658 12353
2659 12352
2660 12351
2661 12350
2662 12349
2663 12348
2664 12347
2665 12346
2666 12345
2667 12344
2668 12343
2669 12342
2670 12341
2671 12340
2672 12339
2673 12338
2674 12337
2675 12336
2676 12335
2677 12334
2678 12333
2679 12332
2680 12331
2681 12330
2682 12329
2683 12328
2684 12327
2685 12326
2686 12325
2687 12324
2688 11939
2689 11938
2690 11937
2691 11936
2692 11935
2693 11934
2694 11933
2695 11932
2696 12512
2697 12511
2698 12510
2699 12509
2700 12508
2701 12507
2702 12506
2703 12505
2704 10936
2705 10935
2706 10934
2707 10933
2708 10932
2709 10931
2710 10930
2711 10929
2712 11561
2713 11560
2714 11559
2715 11558
2716 11557
2717 11556
2718 11555
2719 11554
2720 11553
2721 11552
2722 11551
2723 11550
2724 11549
2725 11548
2726 11547
2727 11546
2728 11545
2729 11544
2730 11543
2731 11542
2732 11541
2733 11540
2734 11539
2735 11538
2736 11537
2737 11536
2738 11535
2739 11534
2740 11533
2741 11532
2742 11531
2743 11266
2744 11265
2745 11264
2746 11263
2747 11262
2748 11261
2749 11260
2750 11259
2751 11490
2752 11489
2753 11488
2754 11487
2755 11486
2756 11485
2757 11484
2758 11483
2759 11482
2760 11481
2761 11480
2762 11479
2763 11478
2764 11477
2765 11476
2766 11475
2767 11474
2768 11473
2769 9854
2770 9853
2771 9852
2772 9851
2773 9850
2774 9849
2775 9848
2776 9847
2777 9846
2778 9845
2779 9844
2780 9843
2781 9842
2782 9841
2783 11436
2784 11435
2785 11434
2786 11433
2787 11432
2788 11431
2789 11430
2790 11429
2791 11428
2792 11427
2793 11426
2794 11425
2795 11424
2796 11423
2797 11422
2798 11421
2799 9056
2800 9055
2801 9054
2802 9053
2803 9052
2804 9051
2805 9050
2806 9049
2807 9244
2808 9243
2809 9242
2810 9241
2811 9240
2812 9239
2813 9238
2814 9237
2815 9236
2816 9235
2817 9234
2818 9233
2819 9232
2820 9231
2821 9230
2822 9229
2823 9228
2824 9227
2825 9226
2826 9225
2827 9224
2828 9223
2829 9222
2830 8766
2831 8765
2832 8764
2833 8763
2834 8762
2835 8761
2836 8760
2837 8759
2838 7935
2839 7934
2840 7933
2841 7932
2842 7931
2843 7930
2844 7929
2845 7928
2846 8718
2847 8717
2848 8716
2849 8715
2850 8714
2851 8713
2852 8712
2853 8711
2854 8710
2855 8709
2856 8708
2857 8707
2858 8706
2859 8705
2860 8704
2861 8703
2862 8510
2863 8509
2864 8508
2865 8507
2866 8506
2867 8505
2868 8504
2869 8503
2870 8360
2871 8359
2872 8358
2873 8357
2874 8356
2875 8355
2876 8354
2877 8353
2878 8276
2879 8275
2880 8274
2881 8273
2882 8272
2883 8271
2884 8270
2885 8269
2886 7868
2887 7867
2888 7866
2889 7865
2890 7864
2891 7863
2892 7862
2893 7861
2894 7381
2895 7380
2896 7379
2897 7378
2898 7377
2899 7376
2900 7375
2901 7374
2902 8165
2903 8164
2904 8163
2905 8162
2906 8161
2907 8160
2908 8159
2909 8158
2910 8157
2911 8156
2912 8155
2913 8154
2914 8153
2915 8152
2916 8151
2917 8150
2918 8149
2919 8148
2920 8147
2921 8146
2922 8145
2923 8144
2924 8143
2925 8142
2926 6813
2927 6812
2928 6811
2929 6810
2930 6809
2931 6808
2932 6807
2933 6806
2934 6991
2935 6990
2936 6989
2937 6988
2938 6987
2939 6986
2940 6985
2941 6984
2942 6765
2943 6764
2944 6763
2945 6762
2946 6761
2947 6760
2948 6759
2949 6758
2950 6757
2951 6756
2952 6755
2953 6754
2954 6753
2955 6752
2956 6751
2957 6750
2958 6749
2961 6748
2962 6747
2963 6746
2964 6745
2965 6744
2966 6743
2967 6742
2968 6741
2969 6740
2970 6739
2971 6738
2972 7514
2973 7513
2974 7512
2975 7511
2976 7510
2977 7509
2978 7508
2979 7507
2980 7506
2981 7505
2982 7504
2983 7503
2984 7502
2985 7501
2986 7500
2987 7499
2988 7406
2989 7405
2990 7404
2991 7403
2992 7402
2993 7401
2994 7400
2995 7399
2996 7398
2997 7397
2998 7435
2999 7434
3000 7433
3001 7432
3002 7431
3003 7430
3004 7429
3005 7428
3006 7427
3007 7875
3008 7874
3009 7873
3010 7872
3011 7871
3012 7870
3013 7869
3014 8268
3015 8267
3016 8266
3017 8265
3018 8264
3019 8263
3020 8262
3021 8261
3022 8692
3023 8691
3024 8690
3025 8689
3026 8688
3027 8687
3028 8686
3029 8685
3030 8684
3031 8683
3032 8682
3033 8681
3034 8680
3035 8679
3036 8678
3037 8677
3038 8676
3039 8675
3040 8674
3041 8673
3042 9403
3043 9402
3044 9401
3045 9400
3046 9399
3047 9398
3048 9397
3049 9396
3050 9395
3051 9394
3052 9393
3053 9392
3054 9391
3055 9390
3056 9389
3057 9388
3058 8967
3059 8966
3060 8965
3061 8964
3062 8963
3063 8962
3064 8961
3065 8960
3066 8959
3067 8997
3068 8996
3069 8995
3070 8994
3071 8993
3072 8992
3073 8991
3074 8990
3075 8989
3076 8988
3077 8987
3078 11206
3079 11205
3080 11204
3081 11203
3082 11202
3083 11201
3084 11200
3085 11199
3086 11198
3087 11197
3088 11196
3089 11195
3090 11194
3091 11193
3092 11192
3093 9616
3094 9615
3095 9614
3096 9613
3097 9612
3098 9611
3099 9610
3100 9609
3101 9648
3102 9647
3103 9646
3104 9645
3105 9644
3106 9643
3107 9642
3108 9641
3109 9640
3110 9639
3111 9638
3112 9637
3113 10264
3114 10263
3115 10262
3116 10261
3117 10260
3118 10259
3119 10258
3120 10257
3121 10256
3122 10255
3123 10254
3124 10253
3125 10252
3126 10251
3127 10250
3128 10249
3129 9999
3130 9998
3131 9997
3132 9996
3133 9995
3134 9994
3135 9993
3136 10031
3137 10030
3138 10029
3139 10028
3140 10027
3141 10026
3142 10025
3143 10024
3144 10023
3145 10022
3146 10021
3147 10020
3148 10019
3149 12519
3150 12518
3151 12517
3152 12516
3153 12515
3154 12514
3155 12513
3156 11931
3157 11930
3158 11929
3159 11928
3160 11927
3161 11926
3162 11925
3163 11924
3164 11923
3165 11922
3166 11921
3167 11920
3168 11919
3169 11918
3170 12311
3171 12310
3172 12309
3173 12308
3174 12307
3175 12306
3176 12305
3177 12304
3178 12303
3179 12302
3180 12301
3181 12300
3182 12299
3183 12832
3184 12831
3185 12830
3186 12829
3187 12828
3188 12827
3189 12826
3190 12825
3191 12824
3192 12823
3193 12822
3194 12821
3195 12820
3196 12819
3197 12818
3198 12817
3199 12816
3200 12815
3201 12814
3202 12813
3203 12812
3204 12811
3205 12810
3206 12809
3207 12808
3208 12807
3209 12806
3210 12805
3211 12804
3212 12803
3213 12802
3214 12801
3215 12800
3216 12799
3217 12798
3218 12797
3219 10489
3220 10488
3221 10487
3222 10486
3223 10485
3224 10484
3225 10483
3226 10585
3227 10584
3228 10583
3229 10582
3230 10581
3231 10580
3232 10579
3233 10578
3236 10505
3237 10504
3238 10503
3239 10502
3240 10501
3241 10500
3242 10499
3243 10498
3244 10497
3245 10496
3246 10495
3247 10494
3248 10493
3249 10492
3250 10491
3251 10490
3252 12796
3253 12795
3254 12794
3255 12793
3256 12792
3257 12791
3258 12790
3259 12789
3260 13193
3261 13192
3262 13191
3263 13190
3264 13189
3265 13188
3266 13187
3267 13237
3268 13236
3269 13235
3270 13234
3271 13233
3272 13232
3273 13231
3274 13230
3275 13229
3276 13228
3277 13227
3278 13226
3279 12563
3280 12562
3281 12561
3282 12560
3283 12559
3284 12558
3285 12557
3286 12556
3287 12555
3288 12554
3289 12553
3290 12552
3291 12551
3292 12550
3293 12549
3294 12548
3295 12547
3296 12546
3297 12545
3298 12544
3299 12543
3300 12542
3301 12541
3302 12540
3303 12539
3304 12538
3305 12537
3306 12536
3307 12535
3308 12534
3309 12533
3310 12532
3311 12531
3312 12530
3313 12529
3314 12528
3315 12527
3316 12526
3317 12525
3318 12524
3319 12523
3320 12522
3321 12521
3322 12520
3323 10018
3324 10017
3325 10016
3326 10015
3327 10014
3328 10013
3329 10012
3330 10011
3331 10010
3332 10009
3333 10008
3334 10007
3335 10006
3336 10005
3337 10004
3338 10003
3339 10002
3340 10001
3341 10000
3342 10248
3343 10247
3344 10246
3345 10245
3346 10244
3347 10243
3348 10242
3349 10241
3350 11250
3351 11249
3352 11248
3353 11247
3354 11246
3355 11245
3356 11244
3357 11243
3358 11242
3359 11241
3360 11240
3361 11239
3362 11238
3363 11237
3364 11236
3365 11235
3366 11234
3367 11233
3368 11232
3369 11231
3370 11230
3371 11229
3372 11228
3373 11227
3374 11226
3375 11225
3376 11224
3377 11223
3378 11222
3379 11221
3380 11220
3381 11219
3382 11218
3383 11217
3384 11216
3385 11215
3386 11214
3387 11213
3388 11212
3389 11211
3390 11210
3391 11209
3392 11208
3393 11207
3394 8986
3395 8985
3396 8984
3397 8983
3398 8982
3399 8981
3400 8980
3401 8979
3402 8978
3403 8977
3404 8976
3405 8975
3406 8974
3407 8973
3408 8972
3409 8971
3410 8970
3411 8969
3412 8968
3413 9387
3414 9386
3415 9385
3416 9384
3417 9383
3418 9382
3419 9381
3420 9380
3421 7919
3422 7918
3423 7917
3424 7916
3425 7915
3426 7914
3427 7913
3428 7912
3429 7911
3430 7910
3431 7909
3432 7908
3433 7907
3434 7906
3435 7905
3436 7904
3437 7903
3438 7902
3439 7901
3440 7900
3441 7899
3442 7898
3443 7897
3444 7896
3445 7895
3446 7894
3447 7893
3448 7892
3449 7891
3450 7890
3451 7889
3452 7888
3453 7887
3454 7886
3455 7885
3456 7884
3457 7883
3458 7882
3459 7881
3460 7880
3461 7879
3462 7878
3463 7877
3464 7876
3465 7426
3466 7425
3467 7424
3468 7423
3469 7422
3470 7421
3471 7420
3472 7419
3473 7418
3474 7417
3475 7416
3476 7415
3477 7414
3478 7413
3479 7412
3480 7411
3481 7410
3482 7409
3483 7408
3484 7407
3485 7498
3486 7497
3487 7496
3488 7495
3489 7494
3490 7493
3491 7492
3492 7491
3493 6975
3494 6974
3495 6973
3496 6972
3497 6971
3498 6970
3499 6969
3500 6968
3501 6967
3502 6966
3503 6965
3504 6964
3505 6963
3506 6962
3507 6961
3508 6960
3509 6959
3510 6958
3511 6957
3514 6726
3515 6725
3516 6724
3517 6723
3518 6722
3519 6721
3520 6720
3521 6719
3522 6718
3523 6773
3524 6772
3525 6771
3526 6770
3527 6769
3528 6768
3529 6767
3530 6766
3531 6983
3532 6982
3533 6981
3534 6980
3535 6979
3536 6978
3537 6977
3538 6976
3539 7490
3540 7489
3541 7488
3542 7487
3543 7486
3544 7485
3545 7484
3546 7483
3547 7482
3548 7481
3549 7480
3550 7479
3551 7478
3552 7477
3553 7476
3554 7329
3555 7328
3556 7327
3557 7326
3558 7325
3559 7324
3560 7323
3561 7322
3562 7321
3563 7320
3564 7319
3565 7318
3566 7317
3567 7316
3568 7315
3569 7314
3570 7313
3571 7312
3572 7311
3573 7310
3574 7309
3575 7308
3576 7307
3577 7306
3578 7305
3579 7304
3580 7303
3581 7302
3582 7301
3583 7300
3584 7299
3585 8284
3586 8283
3587 8282
3588 8281
3589 8280
3590 8279
3591 8278
3592 8277
3593 8352
3594 8351
3595 8350
3596 8349
3597 8348
3598 8347
3599 8346
3600 8345
3601 8344
3602 8343
3603 8342
3604 8341
3605 8340
3606 8339
3607 8338
3608 8337
3609 8336
3610 8335
3611 8334
3612 8333
3613 8332
3614 8331
3615 8330
3616 8329
3617 8726
3618 8725
3619 8724
3620 8723
3621 8722
3622 8721
3623 8720
3624 8719
3625 7927
3626 7926
3627 7925
3628 7924
3629 7923
3630 7922
3631 7921
3632 7920
3633 9379
3634 9378
3635 9377
3636 9376
3637 9375
3638 9374
3639 9373
3640 9372
3641 9371
3642 9370
3643 9369
3644 9368
3645 9367
3646 9366
3647 9365
3648 9364
3649 9004
3650 9003
3651 9002
3652 9001
3653 9000
3654 8999
3655 8998
3656 8958
3657 8957
3658 8956
3659 8955
3660 8954
3661 8953
3662 8952
3663 8951
3664 8950
3665 8949
3666 8948
3667 8947
3668 8946
3669 8945
3670 8944
3671 8943
3672 8942
3673 8941
3674 8940
3675 8939
3676 8938
3677 8937
3678 8936
3679 8935
3680 11444
3681 11443
3682 11442
3683 11441
3684 11440
3685 11439
3686 11438
3687 11437
3688 9840
3689 9839
3690 9838
3691 9837
3692 9836
3693 9835
3694 9834
3695 9833
3696 9832
3697 9831
3698 9830
3699 9829
3700 9828
3701 9827
3702 9826
3703 9825
3704 9824
3705 9823
3706 9822
3707 9821
3708 9820
3709 9819
3710 9818
3711 9817
3712 11498
3713 11497
3714 11496
3715 11495
3716 11494
3717 11493
3718 11492
3719 11491
3720 11258
3721 11257
3722 11256
3723 11255
3724 11254
3725 11253
3726 11252
3727 11251
3728 10240
3729 10239
3730 10238
3731 10237
3732 10236
3733 10235
3734 10234
3735 10233
3736 10232
3737 10231
3738 10230
3739 10229
3740 10228
3741 10227
3742 10226
3743 10225
3744 10224
3745 10223
3746 10222
3747 10221
3748 10220
3749 10858
3750 10857
3751 10856
3752 10855
3753 10854
3754 10853
3755 10852
3756 10851
3757 10850
3758 10849
3759 10848
3760 10847
3761 10846
3762 10845
3763 10844
3764 10843
3765 10842
3766 10841
3767 10840
3768 10839
3769 10838
3770 10837
3771 10836
3772 10835
3773 10834
3774 10833
3775 11947
3776 11946
3777 11945
3778 11944
3779 11943
3780 11942
3781 11941
3782 11940
3783 12323
3784 12322
3785 12321
3786 12320
3787 12319
3788 12318
3789 12317
3790 12316
3791 12315
3792 12314
3793 12313
3794 12312
3795 11917
3796 11916
3797 11915
3798 11914
3799 11913
3800 11912
3801 11911
3802 11910
3803 11909
3804 11908
3805 11907
3806 12363
3807 12362
3808 12361
3809 12360
3810 12359
3811 12358
3812 12357
3813 12356
3814 12571
3815 12570
3816 12569
3817 12568
3818 12567
3819 12566
3820 12565
3821 12564
3822 13225
3823 13224
3824 13223
3825 13222
3826 13221
3827 13220
3828 13219
3829 13218
3830 13217
3831 13216
3832 13215
3833 13214
3834 13213
3835 13212
3836 13211
3837 13210
3838 13209
3839 13208
3840 13207
3841 13206
3842 13205
3843 13204
3844 13203
3845 13202
3846 13201
3847 13200
3848 13199
3849 13198
3850 13197
3851 13196
3852 13195
3853 13194
3854 12788
3855 12787
3856 12786
3857 12785
3858 12784
3859 12783
3860 12782
3861 12781
3862 12780
3863 12779
3864 12778
3865 12777
3866 12776
3867 12775
3868 12774
3869 10601
3870 10600
3871 10599
3872 10598
3873 10597
3874 10596
3875 10595
3876 10594
3877 10641
3878 10640
3879 10639
3880 10638
3881 10637
3882 10636
3883 10635
3884 10634
3885 10633
3886 10632
3887 10631
3888 10630
3889 10629
3892 10628
3893 10627
3894 10626
3895 10625
3896 10624
3897 10623
3898 10622
3899 10621
3900 10620
3901 10619
3902 10618
3903 10617
3904 10616
3905 10615
3906 10614
3907 10613
3908 10612
3909 10611
3910 10610
3911 10609
3912 10608
3913 10607
3914 10606
3915 10605
3916 10604
3917 10603
3918 10602
3919 12773
3920 12772
3921 12771
3922 12770
3923 12769
3924 12768
3925 12767
3926 12766
3927 13264
3928 13263
3929 13262
3930 13261
3931 13260
3932 13259
3933 13258
3934 13257
3935 13256
3936 13255
3937 13254
3938 13253
3939 13252
3940 13251
3941 13250
3942 13249
3943 13248
3944 13247
3945 13246
3946 13245
3947 13244
3948 13243
3949 13242
3950 13241
3951 13240
3952 13239
3953 13238
3954 13026
3955 13025
3956 13024
3957 13023
3958 13022
3959 13021
3960 13020
3961 13019
3962 13018
3963 13017
3964 13016
3965 13015
3966 13014
3967 13013
3968 13012
3969 13011
3970 12387
3971 12386
3972 12385
3973 12384
3974 12383
3975 12382
3976 12381
3977 12380
3978 12379
3979 12378
3980 12377
3981 12376
3982 12375
3983 12374
3984 12373
3985 12372
3986 12371
3987 12370
3988 12369
3989 12368
3990 12367
3991 12366
3992 12365
3993 12364
3994 11906
3995 11905
3996 11904
3997 11903
3998 11902
3999 11901
4000 11900
4001 11899
4002 11983
4003 11982
4004 11981
4005 11980
4006 11979
4007 11978
4008 11977
4009 11976
4010 11975
4011 11974
4012 11973
4013 11972
4014 11971
4015 11970
4016 11969
4017 11968
4018 11967
4019 11966
4020 11965
4021 11964
4022 11963
4023 11962
4024 11961
4025 11960
4026 11959
4027 11958
4028 11957
4029 11956
4030 11955
4031 11954
4032 11953
4033 11952
4034 11951
4035 11950
4036 11949
4037 11948
4038 10832
4039 10831
4040 10830
4041 10829
4042 10828
4043 10827
4044 10826
4045 10825
4046 10920
4047 10919
4048 10918
4049 10917
4050 10916
4051 10915
4052 10914
4053 10913
4054 10912
4055 10911
4056 10910
4057 10909
4058 10908
4059 10907
4060 10906
4061 10905
4062 10904
4063 10903
4064 10902
4065 10901
4066 10900
4067 10899
4068 10898
4069 10897
4070 10896
4071 10895
4072 10894
4073 10893
4074 10892
4075 10891
4076 10890
4077 10889
4078 10888
4079 10887
4080 10886
4081 10885
4082 10884
4083 10883
4084 10882
4085 10881
4086 10880
4087 10879
4088 10878
4089 11522
4090 11521
4091 11520
4092 11519
4093 11518
4094 11517
4095 11516
4096 11515
4097 11514
4098 11513
4099 11512
4100 11511
4101 11510
4102 11509
4103 11508
4104 11507
4105 11506
4106 11505
4107 11504
4108 11503
4109 11502
4110 11501
4111 11500
4112 11499
4113 9816
4114 9815
4115 9814
4116 9813
4117 9812
4118 9811
4119 9810
4120 9809
4121 9862
4122 9861
4123 9860
4124 9859
4125 9858
4126 9857
4127 9856
4128 9855
4129 11472
4130 11471
4131 11470
4132 11469
4133 11468
4134 11467
4135 11466
4136 11465
4137 11464
4138 11463
4139 11462
4140 11461
4141 11460
4142 11459
4143 11458
4144 11457
4145 11456
4146 11455
4147 11454
4148 11453
4149 11452
4150 11451
4151 11450
4152 11449
4153 11448
4154 11447
4155 11446
4156 11445
4157 8934
4158 8933
4159 8932
4160 8931
4161 8930
4162 8929
4163 8928
4164 8927
4165 9040
4166 9039
4167 9038
4168 9037
4169 9036
4170 9035
4171 9034
4172 9033
4173 9032
4174 9031
4175 9030
4176 9029
4177 9028
4178 9027
4179 9026
4180 9025
4181 9024
4182 9023
4183 9022
4184 9021
4185 9020
4186 9019
4187 9018
4188 9017
4189 9016
4190 9015
4191 9014
4192 9013
4193 9012
4194 9011
4195 9010
4196 9009
4197 9008
4198 9007
4199 9006
4200 9005
4201 9363
4202 9362
4203 9361
4204 9360
4205 9359
4206 9358
4207 9357
4208 8750
4209 8749
4210 8748
4211 8747
4212 8746
4213 8745
4214 8744
4215 8743
4216 8742
4217 8741
4218 8740
4219 8739
4220 8738
4221 8737
4222 8736
4223 8735
4224 8734
4225 8733
4226 8732
4227 8731
4228 8730
4229 8729
4230 8728
4231 8727
4232 8328
4233 8327
4234 8326
4235 8325
4236 8324
4237 8323
4238 8322
4239 8321
4240 8320
4241 8319
4242 8318
4243 8317
4244 8316
4245 8315
4246 8314
4247 8313
4248 8312
4249 8311
4250 8310
4251 8309
4252 8308
4253 8307
4254 8306
4255 8305
4256 8304
4257 8303
4258 8302
4259 8301
4260 8300
4261 8299
4262 8298
4263 8297
4264 8296
4265 8295
4266 8294
4267 8293
4268 8292
4269 8291
4270 8290
4271 8289
4272 8288
4273 8287
4274 8286
4275 8285
4276 7298
4277 7297
4278 7296
4279 7295
4280 7294
4281 7293
4282 7292
4283 7291
4284 7365
4285 7364
4286 7363
4287 7362
4288 7361
4289 7360
4290 7359
4291 7358
4292 7357
4293 7356
4294 7355
4295 7354
4296 7353
4297 7352
4298 7351
4299 7350
4300 7349
4301 7348
4302 7347
4303 7346
4304 7345
4305 7344
4306 7343
4307 7342
4308 7341
4309 7340
4310 7339
4311 7338
4312 7337
4313 7336
4314 7335
4315 7334
4316 7333
4317 7332
4318 7331
4319 7330
4320 7475
4321 7474
4322 7473
4323 7472
4324 7471
4325 7470
4326 7469
4327 7468
4328 6797
4329 6796
4330 6795
4331 6794
4332 6793
4333 6792
4334 6791
4335 6790
4336 6789
4337 6788
4338 6787
4339 6786
4340 6785
4341 6784
4342 6783
4343 6782
4344 6781
4345 6780
4346 6779
4347 6778
4348 6777
4349 6776
4350 6775
4351 6774
4352 6717
4353 6716
4354 6715
4357 6900
4358 6899
4359 6898
4360 6897
4361 6896
4362 6895
4363 6894
4364 6893
4365 6892
4366 6891
4367 6890
4368 6999
4369 6998
4370 6997
4371 6996
4372 6995
4373 6994
4374 6993
4375 6992
4376 6805
4377 6804
4378 6803
4379 6802
4380 6801
4381 6800
4382 6799
4383 6798
4384 7467
4385 7466
4386 7465
4387 7464
4388 7463
4389 7462
4390 7461
4391 7460
4392 7459
4393 7458
4394 7457
4395 7456
4396 7455
4397 7454
4398 7453
4399 8185
4400 8184
4401 8183
4402 8182
4403 8181
4404 8180
4405 8179
4406 8178
4407 8177
4408 8176
4409 8175
4410 8174
4411 8173
4412 8172
4413 8171
4414 8170
4415 8169
4416 8168
4417 8167
4418 8166
4419 7373
4420 7372
4421 7371
4422 7370
4423 7369
4424 7368
4425 7367
4426 7366
4427 7290
4428 7289
4429 7288
4430 7287
4431 7286
4432 7285
4433 7284
4434 7283
4435 7282
4436 7281
4437 7280
4438 7279
4439 7278
4440 7277
4441 7276
4442 8368
4443 8367
4444 8366
4445 8365
4446 8364
4447 8363
4448 8362
4449 8361
4450 8502
4451 8501
4452 8500
4453 8499
4454 8498
4455 8497
4456 8496
4457 8495
4458 8494
4459 8493
4460 8492
4461 8491
4462 8490
4463 8489
4464 8488
4465 8487
4466 8486
4467 8485
4468 8484
4469 8483
4470 8482
4471 8481
4472 8480
4473 8479
4474 8478
4475 8477
4476 8476
4477 8475
4478 8474
4479 8473
4480 8472
4481 8471
4482 8470
4483 8469
4484 8468
4485 8467
4486 7943
4487 7942
4488 7941
4489 7940
4490 7939
4491 7938
4492 7937
4493 7936
4494 8758
4495 8757
4496 8756
4497 8755
4498 8754
4499 8753
4500 8752
4501 8751
4502 9356
4503 9355
4504 9354
4505 9353
4506 9352
4507 9351
4508 9350
4509 9349
4510 9348
4511 9347
4512 9346
4513 9345
4514 9344
4515 9343
4516 9342
4517 9341
4518 9340
4519 9339
4520 9338
4521 9337
4522 9336
4523 9335
4524 9334
4525 9333
4526 9332
4527 9331
4528 9330
4529 9329
4530 9252
4531 9251
4532 9250
4533 9249
4534 9248
4535 9247
4536 9246
4537 9245
4538 9048
4539 9047
4540 9046
4541 9045
4542 9044
4543 9043
4544 9042
4545 9041
4546 8926
4547 8925
4548 8924
4549 8923
4550 8922
4551 8921
4552 8920
4553 8919
4554 8918
4555 8917
4556 8916
4557 8915
4558 8914
4559 8913
4560 8912
4561 9890
4562 9889
4563 9888
4564 9887
4565 9886
4566 9885
4567 9884
4568 9883
4569 9882
4570 9881
4571 9880
4572 9879
4573 9878
4574 9877
4575 9876
4576 9875
4577 9874
4578 9873
4579 9872
4580 9871
4581 9870
4582 9869
4583 9868
4584 9867
4585 9866
4586 9865
4587 9864
4588 9863
4589 9808
4590 9807
4591 9806
4592 9805
4593 9804
4594 9803
4595 9802
4596 9801
4597 9800
4598 9799
4599 9798
4600 9797
4601 9796
4602 9795
4603 9794
4604 9793
4605 11274
4606 11273
4607 11272
4608 11271
4609 11270
4610 11269
4611 11268
4612 11267
4613 11530
4614 11529
4615 11528
4616 11527
4617 11526
4618 11525
4619 11524
4620 11523
4621 10877
4622 10876
4623 10875
4624 10874
4625 10873
4626 10872
4627 10871
4628 10870
4629 10869
4630 10868
4631 10867
4632 10866
4633 10865
4634 10864
4635 10863
4636 10862
4637 10861
4638 10860
4639 10859
4640 10219
4641 10218
4642 10217
4643 10216
4644 10215
4645 10214
4646 10213
4647 10212
4648 10211
4649 11569
4650 11568
4651 11567
4652 11566
4653 11565
4654 11564
4655 11563
4656 11562
4657 10928
4658 10927
4659 10926
4660 10925
4661 10924
4662 10923
4663 10922
4664 10921
4665 10824
4666 10823
4667 10822
4668 10821
4669 10820
4670 10819
4671 10818
4672 10817
4673 10816
4674 10815
4675 10814
4676 10813
4677 10812
4678 10811
4679 10810
4680 12011
4681 12010
4682 12009
4683 12008
4684 12007
4685 12006
4686 12005
4687 12004
4688 12003
4689 12002
4690 12001
4691 12000
4692 11999
4693 11998
4694 11997
4695 11996
4696 11995
4697 11994
4698 11993
4699 11992
4700 11991
4701 11990
4702 11989
4703 11988
4704 11987
4705 11986
4706 11985
4707 11984
4708 11898
4709 11897
4710 11896
4711 11895
4712 11894
4713 11893
4714 11892
4715 11891
4716 11890
4717 11889
4718 11888
4719 11887
4720 11886
4721 11885
4722 11884
4723 12587
4724 12586
4725 12585
4726 12584
4727 12583
4728 12582
4729 12581
4730 12580
4731 12395
4732 12394
4733 12393
4734 12392
4735 12391
4736 12390
4737 12389
4738 12388
4739 13010
4740 13009
4741 13008
4742 13007
4743 13006
4744 13005
4745 13004
4746 13003
4747 13002
4748 13001
4749 13000
4750 12999
4751 12998
4752 12997
4753 12996
4754 12995
4755 12994
4756 12993
4757 12992
4758 12991
4759 12990
4760 12989
4761 12988
4762 12987
4763 12986
4764 12985
4765 12984
4766 12983
4767 13047
4768 13046
4769 13045
4770 13044
4771 13043
4772 13042
4773 13041
4774 13040
4775 13272
4776 13271
4777 13270
4778 13269
4779 13268
4780 13267
4781 13266
4782 13265
4783 12765
4784 12764
4785 12763
4786 12762
4787 12761
4788 12760
4789 12759
4790 12758
4791 12757
4792 12756
4793 12755
4794 12754
4795 12753
4796 12752
4797 12751
4798 10673
4799 10672
4800 10671
4801 10670
4802 10669
4803 10668
4804 10667
4805 10666
4806 10665
4807 10664
4808 10663
4809 10662
4810 10661
4811 10660
4812 10659
4813 10658
4814 10657
4815 10656
4816 10655
4819 10684
4820 10683
4821 10682
4822 10681
4823 10680
4824 10679
4825 10678
4826 10677
4827 10676
4828 10675
4829 10674
4830 12750
4831 12749
4832 12748
4833 12747
4834 12746
4835 12745
4836 12744
4837 12743
4838 10467
4839 10466
4840 10465
4841 10464
4842 10463
4843 10462
4844 10461
4845 10460
4846 13063
4847 13062
4848 13061
4849 13060
4850 13059
4851 13058
4852 13057
4853 13056
4854 13055
4855 13054
4856 13053
4857 13052
4858 13051
4859 13050
4860 13049
4861 13048
4862 12982
4863 12981
4864 12980
4865 12979
4866 12978
4867 12977
4868 12976
4869 12975
4870 12974
4871 12973
4872 12972
4873 12971
4874 12970
4875 12969
4876 12968
4877 12967
4878 12966
4879 12965
4880 12964
4881 12963
4882 12962
4883 12961
4884 12960
4885 12959
4886 12958
4887 12957
4888 12956
4889 12603
4890 12602
4891 12601
4892 12600
4893 12599
4894 12598
4895 12597
4896 12596
4897 12595
4898 12594
4899 12593
4900 12592
4901 12591
4902 12590
4903 12589
4904 12588
4905 11883
4906 11882
4907 11881
4908 11880
4909 11879
4910 11878
4911 11877
4912 11876
4913 12132
4914 12131
4915 12130
4916 12129
4917 12128
4918 12127
4919 12126
4920 12125
4921 12039
4922 12038
4923 12037
4924 12036
4925 12035
4926 12034
4927 12033
4928 12032
4929 12031
4930 12030
4931 12029
4932 12028
4933 12027
4934 12026
4935 12025
4936 12024
4937 12023
4938 12022
4939 12021
4940 12020
4941 12019
4942 12018
4943 12017
4944 12016
4945 12015
4946 12014
4947 12013
4948 12012
4949 10809
4950 10808
4951 10807
4952 10806
4953 10805
4954 10804
4955 10803
4956 10802
4957 10801
4958 10800
4959 10799
4960 10798
4961 10797
4962 10796
4963 10795
4964 10794
4965 11585
4966 11584
4967 11583
4968 11582
4969 11581
4970 11580
4971 11579
4972 11578
4973 11577
4974 11576
4975 11575
4976 11574
4977 11573
4978 11572
4979 11571
4980 11570
4981 10210
4982 10209
4983 10208
4984 10207
4985 10206
4986 10205
4987 10204
4988 10203
4989 10202
4990 10201
4991 10200
4992 10199
4993 10198
4994 10197
4995 10196
4996 10195
4997 10194
4998 10193
4999 10192
5000 10191
5001 10190
5002 10189
5003 10188
5004 10187
5005 10186
5006 10185
5007 10184
5008 11290
5009 11289
5010 11288
5011 11287
5012 11286
5013 11285
5014 11284
5015 11283
5016 11282
5017 11281
5018 11280
5019 11279
5020 11278
5021 11277
5022 11276
5023 11275
5024 9792
5025 9791
5026 9790
5027 9789
5028 9788
5029 9787
5030 9786
5031 9785
5032 9680
5033 9679
5034 9678
5035 9677
5036 9676
5037 9675
5038 9674
5039 9673
5040 9918
5041 9917
5042 9916
5043 9915
5044 9914
5045 9913
5046 9912
5047 9911
5048 9910
5049 9909
5050 9908
5051 9907
5052 9906
5053 9905
5054 9904
5055 9903
5056 9902
5057 9901
5058 9900
5059 9899
5060 9898
5061 9897
5062 9896
5063 9895
5064 9894
5065 9893
5066 9892
5067 9891
5068 8911
5069 8910
5070 8909
5071 8908
5072 8907
5073 8906
5074 8905
5075 8904
5076 11413
5077 11412
5078 11411
5079 11410
5080 11409
5081 11408
5082 11407
5083 11406
5084 9268
5085 9267
5086 9266
5087 9265
5088 9264
5089 9263
5090 9262
5091 9261
5092 9260
5093 9259
5094 9258
5095 9257
5096 9256
5097 9255
5098 9254
5099 9253
5100 9328
5101 9327
5102 9326
5103 9325
5104 9324
5105 9323
5106 9322
5107 9093
5108 9092
5109 9091
5110 9090
5111 9089
5112 9088
5113 9087
5114 9086
5115 9085
5116 9084
5117 9083
5118 9082
5119 9081
5120 9213
5121 9212
5122 9211
5123 9210
5124 9209
5125 9208
5126 9207
5127 7959
5128 7958
5129 7957
5130 7956
5131 7955
5132 7954
5133 7953
5134 7952
5135 7951
5136 7950
5137 7949
5138 7948
5139 7947
5140 7946
5141 7945
5142 7944
5143 8466
5144 8465
5145 8464
5146 8463
5147 8462
5148 8461
5149 8460
5150 8459
5151 8524
5152 8523
5153 8522
5154 8521
5155 8520
5156 8519
5157 8518
5158 8517
5159 8516
5160 8515
5161 8514
5162 8513
5163 8512
5164 8511
5165 8390
5166 8389
5167 8388
5168 8387
5169 8386
5170 8385
5171 8384
5172 8383
5173 8382
5174 8381
5175 8380
5176 8379
5177 8378
5178 8377
5179 8376
5180 8375
5181 8374
5182 8373
5183 8372
5184 8371
5185 8370
5186 8369
5187 7275
5188 7274
5189 7273
5190 7272
5191 7271
5192 7270
5193 7269
5194 7268
5195 7853
5196 7852
5197 7851
5198 7850
5199 7849
5200 7848
5201 7847
5202 7846
5203 8213
5204 8212
5205 8211
5206 8210
5207 8209
5208 8208
5209 8207
5210 8206
5211 8205
5212 8204
5213 8203
5214 8202
5215 8201
5216 8200
5217 8199
5218 8198
5219 8197
5220 8196
5221 8195
5222 8194
5223 8193
5224 8192
5225 8191
5226 8190
5227 8189
5228 8188
5229 8187
5230 8186
5231 7452
5232 7451
5233 7450
5234 7449
5235 7448
5236 7447
5237 7446
5238 7445
5239 8134
5240 8133
5241 8132
5242 8131
5243 8130
5244 8129
5245 8128
5246 8127
5247 7015
5248 7014
5249 7013
5250 7012
5251 7011
5252 7010
5253 7009
5254 7008
5255 7007
5256 7006
5257 7005
5258 7004
5259 7003
5260 7002
5261 7001
5262 7000
5263 6889
5264 6888
5265 6887
5266 6886
5267 6885
5268 6884
5269 6883
5270 6882
5271 6903
5272 6902
5273 6901
5276 6956
5277 6955
5278 6954
5279 6953
5280 6952
5281 6951
5282 6950
5283 6949
5284 6948
5285 6947
5286 6946
5287 7546
5288 7545
5289 7544
5290 7543
5291 7542
5292 7541
5293 7540
5294 7539
5295 7023
5296 7022
5297 7021
5298 7020
5299 7019
5300 7018
5301 7017
5302 7016
5303 8126
5304 8125
5305 8124
5306 8123
5307 8122
5308 8121
5309 8120
5310 8119
5311 8118
5312 8117
5313 8116
5314 8115
5315 8114
5316 8113
5317 8112
5318 7621
5319 7620
5320 7619
5321 7618
5322 7617
5323 7616
5324 7615
5325 7614
5326 7613
5327 7612
5328 7611
5329 7610
5330 7609
5331 7608
5332 7607
5333 7606
5334 7605
5335 7604
5336 7603
5337 7602
5338 8221
5339 8220
5340 8219
5341 8218
5342 8217
5343 8216
5344 8215
5345 8214
5346 7845
5347 7844
5348 7843
5349 7842
5350 7841
5351 7840
5352 7839
5353 7838
5354 7837
5355 7836
5356 7835
5357 7834
5358 7833
5359 7832
5360 7831
5361 8564
5362 8563
5363 8562
5364 8561
5365 8560
5366 8559
5367 8558
5368 8557
5369 8654
5370 8653
5371 8652
5372 8651
5373 8650
5374 8649
5375 8648
5376 8647
5377 8646
5378 8645
5379 8644
5380 8643
5381 8642
5382 8641
5383 8640
5384 8639
5385 8638
5386 8637
5387 8636
5388 8635
5389 8634
5390 8633
5391 8632
5392 8631
5393 8630
5394 8629
5395 8628
5396 8627
5397 8626
5398 8625
5399 8624
5400 8623
5401 8622
5402 8621
5403 8620
5404 8619
5405 9435
5406 9434
5407 9433
5408 9432
5409 9431
5410 9430
5411 9429
5412 9428
5413 7967
5414 7966
5415 7965
5416 7964
5417 7963
5418 7962
5419 7961
5420 7960
5421 9206
5422 9205
5423 9204
5424 9203
5425 9202
5426 9201
5427 9200
5428 9199
5429 9198
5430 9197
5431 9196
5432 9195
5433 9194
5434 9193
5435 9192
5436 9191
5437 9190
5438 9189
5439 9188
5440 9187
5441 9186
5442 9495
5443 9494
5444 9493
5445 9492
5446 9491
5447 9490
5448 9489
5449 9110
5450 9109
5451 9108
5452 9107
5453 9106
5454 9105
5455 9104
5456 9103
5457 9276
5458 9275
5459 9274
5460 9273
5461 9272
5462 9271
5463 9270
5464 9269
5465 11405
5466 11404
5467 11403
5468 11402
5469 11401
5470 11400
5471 11399
5472 11398
5473 11397
5474 11396
5475 11395
5476 11394
5477 11393
5478 11392
5479 11391
5480 9946
5481 9945
5482 9944
5483 9943
5484 9942
5485 9941
5486 9940
5487 9939
5488 9938
5489 9937
5490 9936
5491 9935
5492 9934
5493 9933
5494 9932
5495 9931
5496 9930
5497 9929
5498 9928
5499 9927
5500 9926
5501 9925
5502 9924
5503 9923
5504 9922
5505 9921
5506 9920
5507 9919
5508 9672
5509 9671
5510 9670
5511 9669
5512 9668
5513 9667
5514 9666
5515 9665
5516 9664
5517 9663
5518 9662
5519 9661
5520 9660
5521 9659
5522 9658
5523 9657
5524 10296
5525 10295
5526 10294
5527 10293
5528 10292
5529 10291
5530 10290
5531 10289
5532 11298
5533 11297
5534 11296
5535 11295
5536 11294
5537 11293
5538 11292
5539 11291
5540 10183
5541 10182
5542 10181
5543 10180
5544 10179
5545 10178
5546 10177
5547 10176
5548 10175
5549 10174
5550 10173
5551 10172
5552 10171
5553 10170
5554 10169
5555 10168
5556 10167
5557 10166
5558 10165
5559 10164
5560 10163
5561 10162
5562 10161
5563 10160
5564 10159
5565 10158
5566 10157
5567 10156
5568 11664
5569 11663
5570 11662
5571 11661
5572 11660
5573 11659
5574 11658
5575 11657
5576 11593
5577 11592
5578 11591
5579 11590
5580 11589
5581 11588
5582 11587
5583 11586
5584 10793
5585 10792
5586 10791
5587 10790
5588 10789
5589 10788
5590 10787
5591 10786
5592 10785
5593 10784
5594 10783
5595 10782
5596 10781
5597 10780
5598 10779
5599 12161
5600 12160
5601 12159
5602 12158
5603 12157
5604 12156
5605 12155
5606 12154
5607 12153
5608 12152
5609 12151
5610 12150
5611 12149
5612 12148
5613 12147
5614 12146
5615 12145
5616 12144
5617 12049
5618 12048
5619 12047
5620 12046
5621 12045
5622 12044
5623 12043
5624 12042
5625 12041
5626 12040
5627 12124
5628 12123
5629 12122
5630 12121
5631 12120
5632 12119
5633 12118
5634 12117
5635 12116
5636 12115
5637 12114
5638 12113
5639 12112
5640 12111
5641 12110
5642 12864
5643 12863
5644 12862
5645 12861
5646 12860
5647 12859
5648 12858
5649 12857
5650 12611
5651 12610
5652 12609
5653 12608
5654 12607
5655 12606
5656 12605
5657 12604
5658 12955
5659 12954
5660 12953
5661 12952
5662 12951
5663 12950
5664 12949
5665 12948
5666 12947
5667 12946
5668 12945
5669 12944
5670 12943
5671 12942
5672 12941
5673 12940
5674 12939
5675 13165
5676 13164
5677 13163
5678 13162
5679 13161
5680 13160
5681 13159
5682 13158
5683 13157
5684 13156
5685 13155
5686 13353
5687 13352
5688 13351
5689 13350
5690 13349
5691 13348
5692 13347
5693 13346
5694 13071
5695 13070
5696 13069
5697 13068
5698 13067
5699 13066
5700 13065
5701 13064
5702 10459
5703 10458
5704 10457
5705 10456
5706 10455
5707 10454
5708 10453
5709 10452
5710 10451
5711 10450
5712 10449
5713 10448
5714 10447
5715 10446
5716 10445
5717 10695
5718 10694
5719 10693
5720 10692
5721 10691
5722 10690
5723 10689
5724 10688
5725 10687
5726 10686
5727 10685
5730 10706
5731 10705
5732 10704
5733 10703
5734 10702
5735 10701
5736 10700
5737 10699
5738 10698
5739 10697
5740 10696
5741 10444
5742 10443
5743 10442
5744 10441
5745 10440
5746 10439
5747 10438
5748 10437
5749 10539
5750 10538
5751 10537
5752 10536
5753 10535
5754 10534
5755 10533
5756 10532
5757 13369
5758 13368
5759 13367
5760 13366
5761 13365
5762 13364
5763 13363
5764 13362
5765 13361
5766 13360
5767 13359
5768 13358
5769 13357
5770 13356
5771 13355
5772 13354
5773 13154
5774 13153
5775 13152
5776 13151
5777 13150
5778 13149
5779 13148
5780 13147
5781 13146
5782 13145
5783 13144
5784 13143
5785 13142
5786 13141
5787 13140
5788 13139
5789 13138
5790 13137
5791 13136
5792 13135
5793 13134
5794 13133
5795 13132
5796 13131
5797 13130
5798 13129
5799 13128
5800 12880
5801 12879
5802 12878
5803 12877
5804 12876
5805 12875
5806 12874
5807 12873
5808 12872
5809 12871
5810 12870
5811 12869
5812 12868
5813 12867
5814 12866
5815 12865
5816 12109
5817 12108
5818 12107
5819 12106
5820 12105
5821 12104
5822 12103
5823 12102
5824 11802
5825 11801
5826 11800
5827 11799
5828 11798
5829 11797
5830 11796
5831 11795
5832 12189
5833 12188
5834 12187
5835 12186
5836 12185
5837 12184
5838 12183
5839 12182
5840 12181
5841 12180
5842 12179
5843 12178
5844 12177
5845 12176
5846 12175
5847 12174
5848 12173
5849 12172
5850 12171
5851 12170
5852 12169
5853 12168
5854 12167
5855 12166
5856 12165
5857 12164
5858 12163
5859 12162
5860 10778
5861 10777
5862 10776
5863 10775
5864 10774
5865 10773
5866 10772
5867 10771
5868 12240
5869 12239
5870 12238
5871 12237
5872 12236
5873 12235
5874 12234
5875 12233
5876 11680
5877 11679
5878 11678
5879 11677
5880 11676
5881 11675
5882 11674
5883 11673
5884 11672
5885 11671
5886 11670
5887 11669
5888 11668
5889 11667
5890 11666
5891 11665
5892 10155
5893 10154
5894 10153
5895 10152
5896 10151
5897 10150
5898 10149
5899 10148
5900 10147
5901 10146
5902 10145
5903 10144
5904 10143
5905 10142
5906 10141
5907 10140
5908 10139
5909 10138
5910 10137
5911 10136
5912 10135
5913 10134
5914 10133
5915 10132
5916 10131
5917 10130
5918 10129
5919 10312
5920 10311
5921 10310
5922 10309
5923 10308
5924 10307
5925 10306
5926 10305
5927 10304
5928 10303
5929 10302
5930 10301
5931 10300
5932 10299
5933 10298
5934 10297
5935 9656
5936 9655
5937 9654
5938 9653
5939 9652
5940 9651
5941 9650
5942 9649
5943 11056
5944 11055
5945 11054
5946 11053
5947 11052
5948 11051
5949 11050
5950 11049
5951 11102
5952 11101
5953 11100
5954 11099
5955 11098
5956 11097
5957 11096
5958 11095
5959 9966
5960 9965
5961 9964
5962 9963
5963 9962
5964 9961
5965 9960
5966 9959
5967 9958
5968 9957
5969 9956
5970 9955
5971 9954
5972 9953
5973 9952
5974 9951
5975 9950
5976 9949
5977 9948
5978 9947
5979 11390
5980 11389
5981 11388
5982 11387
5983 11386
5984 11385
5985 11384
5986 11383
5987 11153
5988 11152
5989 11151
5990 11150
5991 11149
5992 11148
5993 11147
5994 11146
5995 9126
5996 9125
5997 9124
5998 9123
5999 9122
6000 9121
6001 9120
6002 9119
6003 9118
6004 9117
6005 9116
6006 9115
6007 9114
6008 9113
6009 9112
6010 9111
6011 9488
6012 9487
6013 9486
6014 9485
6015 9484
6016 9483
6017 9482
6018 9321
6019 9320
6020 9319
6021 9318
6022 9317
6023 9316
6024 9315
6025 9314
6026 9313
6027 9312
6028 9311
6029 9310
6030 9309
6031 9562
6032 9561
6033 9560
6034 9559
6035 9558
6036 9557
6037 9556
6038 9451
6039 9450
6040 9449
6041 9448
6042 9447
6043 9446
6044 9445
6045 9444
6046 9443
6047 9442
6048 9441
6049 9440
6050 9439
6051 9438
6052 9437
6053 9436
6054 8618
6055 8617
6056 8616
6057 8615
6058 8614
6059 8613
6060 8612
6061 8611
6062 8404
6063 8403
6064 8402
6065 8401
6066 8400
6067 8399
6068 8398
6069 8397
6070 8396
6071 8395
6072 8394
6073 8393
6074 8392
6075 8391
6076 8586
6077 8585
6078 8584
6079 8583
6080 8582
6081 8581
6082 8580
6083 8579
6084 8578
6085 8577
6086 8576
6087 8575
6088 8574
6089 8573
6090 8572
6091 8571
6092 8570
6093 8569
6094 8568
6095 8567
6096 8566
6097 8565
6098 7830
6099 7829
6100 7828
6101 7827
6102 7826
6103 7825
6104 7824
6105 7823
6106 8072
6107 8071
6108 8070
6109 8069
6110 8068
6111 8067
6112 8066
6113 8065
6114 7724
6115 7723
6116 7722
6117 7721
6118 7720
6119 7719
6120 7718
6121 7717
6122 7716
6123 7715
6124 7714
6125 7713
6126 7712
6127 7711
6128 7710
6129 7709
6130 7708
6131 7707
6132 7706
6133 7705
6134 7704
6135 7628
6136 7627
6137 7626
6138 7625
6139 7624
6140 7623
6141 7622
6142 8111
6143 8110
6144 8109
6145 8108
6146 8107
6147 8106
6148 8105
6149 8104
6150 7570
6151 7569
6152 7568
6153 7567
6154 7566
6155 7565
6156 7564
6157 7563
6158 7562
6159 7561
6160 7560
6161 7559
6162 7558
6163 7557
6164 7556
6165 7555
6166 7554
6167 7553
6168 7552
6169 7551
6170 7550
6171 7549
6172 7548
6173 7547
6174 6945
6175 6944
6176 6943
6177 6942
6178 6941
6179 6940
6180 6939
6181 6938
6182 7119
6183 7118
6184 7117
6185 7116
6186 7115
6187 7114
6188 7113
6189 7112
6190 7135
6191 7134
6192 7133
6193 7132
6194 7131
6195 7130
6196 7129
6199 7142
6200 7141
6201 7140
6202 7139
6203 7138
6204 7137
6205 7136
6206 7111
6207 7110
6208 7109
6209 7108
6210 7107
6211 7106
6212 7105
6213 7104
6214 7103
6215 7102
6216 7101
6217 7100
6218 7099
6219 7098
6220 7097
6221 7096
6222 7095
6223 7094
6224 7093
6225 7092
6226 7091
6227 7090
6228 7089
6229 7088
6230 7678
6231 7677
6232 7676
6233 7675
6234 7674
6235 7673
6236 7672
6237 7671
6238 7670
6239 7669
6240 7668
6241 7667
6242 7666
6243 7665
6244 7664
6245 7663
6246 7662
6247 7661
6248 7660
6249 7659
6250 7658
6251 7657
6252 7656
6253 7655
6254 7654
6255 7653
6256 7652
6257 7651
6258 7650
6259 7649
6260 7648
6261 7647
6262 7646
6263 7645
6264 7644
6265 7643
6266 7642
6267 7641
6268 7640
6269 7639
6270 7638
6271 7637
6272 7636
6273 7732
6274 7731
6275 7730
6276 7729
6277 7728
6278 7727
6279 7726
6280 7725
6281 8064
6282 8063
6283 8062
6284 8061
6285 8060
6286 8059
6287 8058
6288 8057
6289 8056
6290 8055
6291 8054
6292 8053
6293 8052
6294 8051
6295 8050
6296 8049
6297 8048
6298 8047
6299 8046
6300 8045
6301 8044
6302 8043
6303 8042
6304 8426
6305 8425
6306 8424
6307 8423
6308 8422
6309 8421
6310 8420
6311 8419
6312 8418
6313 8417
6314 8416
6315 8415
6316 8414
6317 8413
6318 8852
6319 8851
6320 8850
6321 8849
6322 8848
6323 8847
6324 8846
6325 8845
6326 8844
6327 8843
6328 8842
6329 8841
6330 8840
6331 8839
6332 8838
6333 8837
6334 8836
6335 8835
6336 8834
6337 8833
6338 8832
6339 8831
6340 8830
6341 8829
6342 8828
6343 8827
6344 8826
6345 8825
6346 8824
6347 8823
6348 9459
6349 9458
6350 9457
6351 9456
6352 9455
6353 9454
6354 9453
6355 9452
6356 9555
6357 9554
6358 9553
6359 9552
6360 9551
6361 9550
6362 9549
6363 9548
6364 9547
6365 9546
6366 9545
6367 9544
6368 9543
6369 9542
6370 9541
6371 9540
6372 9539
6373 9538
6374 9537
6375 9536
6376 9535
6377 9608
6378 9607
6379 9606
6380 9605
6381 9604
6382 9603
6383 9602
6384 9601
6385 9600
6386 9599
6387 9598
6388 9597
6389 9596
6390 9595
6391 9594
6392 9134
6393 9133
6394 9132
6395 9131
6396 9130
6397 9129
6398 9128
6399 9127
6400 11145
6401 11144
6402 11143
6403 11142
6404 11141
6405 11140
6406 11139
6407 11138
6408 11137
6409 11136
6410 11135
6411 11134
6412 11133
6413 11132
6414 11131
6415 11130
6416 11129
6417 11128
6418 11127
6419 11126
6420 11125
6421 11124
6422 11123
6423 11122
6424 11121
6425 11120
6426 11119
6427 11118
6428 11117
6429 11116
6430 11115
6431 11114
6432 11113
6433 11112
6434 11111
6435 11110
6436 11109
6437 11108
6438 11107
6439 11106
6440 11105
6441 11104
6442 11103
6443 11048
6444 11047
6445 11046
6446 11045
6447 11044
6448 11043
6449 11042
6450 11041
6451 11040
6452 11039
6453 11038
6454 11037
6455 11036
6456 11035
6457 11034
6458 11033
6459 11032
6460 11031
6461 11030
6462 11029
6463 11028
6464 11027
6465 11026
6466 11025
6467 10320
6468 10319
6469 10318
6470 10317
6471 10316
6472 10315
6473 10314
6474 10313
6475 10128
6476 10127
6477 10126
6478 10125
6479 10124
6480 10123
6481 10122
6482 10121
6483 10120
6484 10119
6485 10118
6486 10117
6487 10116
6488 10115
6489 10114
6490 10113
6491 10112
6492 10111
6493 10110
6494 10368
6495 10367
6496 10366
6497 10365
6498 10364
6499 10363
6500 10362
6501 10361
6502 10360
6503 10359
6504 10358
6505 10357
6506 10356
6507 10355
6508 10354
6509 10353
6510 10352
6511 11688
6512 11687
6513 11686
6514 11685
6515 11684
6516 11683
6517 11682
6518 11681
6519 12232
6520 12231
6521 12230
6522 12229
6523 12228
6524 12227
6525 12226
6526 12225
6527 12224
6528 12223
6529 12222
6530 12221
6531 12220
6532 12219
6533 12218
6534 12217
6535 12216
6536 12215
6537 12214
6538 12213
6539 12212
6540 12211
6541 12210
6542 12209
6543 12208
6544 12207
6545 12206
6546 12205
6547 12204
6548 12203
6549 12202
6550 12201
6551 12200
6552 12199
6553 12198
6554 12197
6555 12196
6556 12195
6557 12194
6558 12193
6559 12192
6560 12191
6561 12190
6562 11794
6563 11793
6564 11792
6565 11791
6566 11790
6567 11789
6568 11788
6569 11787
6570 11786
6571 11785
6572 11784
6573 11783
6574 11782
6575 11781
6576 11780
6577 11779
6578 11778
6579 11777
6580 11776
6581 11775
6582 11774
6583 11773
6584 11772
6585 12888
6586 12887
6587 12886
6588 12885
6589 12884
6590 12883
6591 12882
6592 12881
6593 13127
6594 13126
6595 13125
6596 13124
6597 13123
6598 13122
6599 13121
6600 13120
6601 13119
6602 13118
6603 13117
6604 13116
6605 13115
6606 13114
6607 13113
6608 13112
6609 13111
6610 12938
6611 12937
6612 12936
6613 12935
6614 12934
6615 12933
6616 12932
6617 12931
6618 12930
6619 12929
6620 12928
6621 12927
6622 12926
6623 12925
6624 12924
6625 12923
6626 12922
6627 12921
6628 12920
6629 13377
6630 13376
6631 13375
6632 13374
6633 13373
6634 13372
6635 13371
6636 13370
6637 10531
6638 10530
6639 10529
6640 10528
6641 10527
6642 10526
6643 10525
6644 10524
6645 10523
6646 10522
6647 10521
6648 10520
6649 10519
6650 10518
6651 10517
6652 10516
6653 10515
6654 10514
6655 10513
6656 10512
6657 10511
6658 10510
6659 10509
6660 10508
6661 10507
6662 10506
6665 12680
6666 12679
6667 12678
6668 12677
6669 12676
6670 12675
6671 12674
6672 12673
6673 12672
6674 12671
6675 12670
6676 12669
6677 12668
6678 12667
6679 12666
6680 12665
6681 12664
6682 12663
6683 12662
6684 12661
6685 12660
6686 13393
6687 13392
6688 13391
6689 13390
6690 13389
6691 13388
6692 13387
6693 13386
6694 13385
6695 13384
6696 13383
6697 13382
6698 13381
6699 13380
6700 13379
6701 13378
6702 12919
6703 12918
6704 12917
6705 12916
6706 12915
6707 12914
6708 12913
6709 12912
6710 12911
6711 12910
6712 12909
6713 12908
6714 12907
