0 12967
1 12966
2 12965
3 12964
4 12963
5 12962
6 12961
7 12960
8 12959
9 12958
10 12957
11 12956
12 12955
13 12954
14 12953
15 12952
16 12951
17 12950
18 12065
19 12064
20 12063
21 12062
22 12061
23 12060
24 12059
25 12058
26 11778
27 11777
28 11776
29 11775
30 11774
31 11773
32 11772
33 11771
34 11522
35 11521
36 11520
37 11519
38 11518
39 11517
40 11516
41 11515
42 11514
43 11513
44 11512
45 11511
46 11380
47 11379
48 11378
49 11377
50 11376
51 11375
52 11374
53 11373
54 11372
55 11371
56 11370
57 11369
58 11559
59 11558
60 11557
61 11556
62 11555
63 11554
64 11553
65 11552
66 11090
67 11089
68 11088
69 11087
70 11086
71 11085
72 11084
73 11083
74 11082
75 11081
76 11080
77 11079
78 11078
79 11077
80 11076
81 11075
82 10963
83 10962
84 10961
85 10960
86 10959
87 10958
88 10957
89 10956
90 10955
91 10954
92 10953
93 10952
94 10951
95 10950
96 10949
97 10948
98 10947
99 10946
100 10945
101 10944
102 10943
103 10942
104 10941
105 10940
106 10939
107 10938
108 10937
109 10936
110 10935
111 10934
112 10933
113 10366
114 10365
115 10364
116 10363
117 10362
118 10361
119 10360
120 10359
121 9612
122 9611
123 9610
124 9609
125 9608
126 9607
127 9606
128 9605
129 9356
130 9355
131 9354
132 9353
133 9352
134 9351
135 9350
136 9349
137 9348
138 9347
139 9121
140 9120
141 9119
142 9118
143 9117
144 9116
145 9115
146 9114
147 9113
148 9112
149 9111
150 9110
151 9109
152 9108
153 9393
154 9392
155 9391
156 9390
157 9389
158 9388
159 9387
160 9386
161 9810
162 9809
163 9808
164 9807
165 9806
166 9805
167 9804
168 9803
169 9802
170 9801
171 9800
172 9799
173 9798
174 9797
175 9796
176 9795
177 9713
178 9712
179 9711
180 9710
181 9709
182 9708
183 9707
184 9706
185 9705
186 8940
187 8939
188 8938
189 8937
190 8936
191 8935
192 8934
193 8933
194 8932
195 8931
196 8930
197 8929
198 8928
199 8927
200 8926
201 8925
202 8924
203 8923
204 8922
205 8921
206 8920
207 8919
208 8667
209 8666
210 8665
211 8664
212 8663
213 8662
214 8661
215 8660
216 8296
217 8295
218 8294
219 8293
220 8292
221 8291
222 8290
223 8289
224 8461
225 8460
226 8459
227 8458
228 8457
229 8456
230 8455
231 8454
232 7763
233 7762
234 7761
235 7760
236 7759
237 7758
238 7757
239 7756
240 8022
241 8021
242 8020
243 8019
244 8018
245 8017
246 8016
247 8015
248 7810
249 7809
250 7808
251 7807
252 7806
253 7805
254 7804
255 7803
256 7746
257 7745
258 7744
259 7743
260 7742
261 7741
262 7740
263 7739
264 7738
265 7737
266 7736
267 7735
268 7734
269 7733
270 7732
271 7731
272 7044
273 7043
274 7042
275 7041
276 7040
277 7039
278 7038
279 7037
280 7036
281 7035
282 7034
283 7033
284 7032
285 7031
286 7030
287 7029
288 6969
289 6968
290 6967
291 6966
292 6965
293 6964
294 6963
295 6962
296 6961
297 6960
298 6959
299 6958
300 6957
301 6956
302 6955
303 6954
304 6953
305 6952
306 6951
307 6950
308 6949
309 6948
310 6947
311 6946
312 6812
313 6811
314 6810
315 6809
316 6808
317 6807
318 6806
319 6805
320 7111
321 7110
322 7109
323 7108
324 7107
325 7106
326 7105
327 7104
330 7114
331 7113
332 7112
333 6804
334 6803
335 6802
336 6801
337 6800
338 6799
339 6798
340 6797
341 6796
342 6795
343 6794
344 6793
345 6792
346 6791
347 6790
348 6789
349 6788
350 6787
351 6786
352 6785
353 6784
354 6783
355 6782
356 6781
357 6976
358 6975
359 6974
360 6973
361 6972
362 6971
363 6970
364 7028
365 7027
366 7026
367 7025
368 7024
369 7023
370 7022
371 7021
372 7020
373 7019
374 7018
375 7017
376 7016
377 7015
378 7014
379 7013
380 7012
381 7011
382 7010
383 7009
384 7008
385 7007
386 7187
387 7186
388 7185
389 7184
390 7183
391 7182
392 7181
393 7802
394 7801
395 7800
396 7799
397 7798
398 7797
399 7796
400 7795
401 7794
402 7793
403 7792
404 7791
405 7790
406 7789
407 7788
408 7787
409 7786
410 7785
411 7784
412 7783
413 7782
414 7781
415 7780
416 8467
417 8466
418 8465
419 8464
420 8463
421 8462
422 8288
423 8287
424 8286
425 8285
426 8284
427 8283
428 8282
429 8281
430 8280
431 8279
432 8278
433 8277
434 8276
435 8275
436 8274
437 8273
438 8272
439 8271
440 8270
441 8269
442 8268
443 8267
444 8266
445 8265
446 8971
447 8970
448 8969
449 8968
450 8967
451 8966
452 8965
453 8964
454 8963
455 8962
456 8961
457 8960
458 8959
459 8958
460 9689
461 9688
462 9687
463 9686
464 9685
465 9684
466 9683
467 9682
468 9681
469 9680
470 9679
471 9678
472 9677
473 9676
474 9675
475 9674
476 9817
477 9816
478 9815
479 9814
480 9813
481 9812
482 9811
483 9385
484 9384
485 9383
486 9382
487 9381
488 9380
489 9379
490 9378
491 9377
492 9376
493 9375
494 9374
495 9373
496 9372
497 9371
498 9370
499 9369
500 9368
501 9367
502 9366
503 9365
504 9364
505 9363
506 9362
507 9361
508 9360
509 9359
510 9358
511 9357
512 9604
513 9603
514 9602
515 9601
516 9600
517 9599
518 9598
519 9597
520 9596
521 9595
522 9594
523 9593
524 9592
525 9591
526 9590
527 9589
528 9588
529 9587
530 9586
531 9585
532 9584
533 9583
534 9582
535 9581
536 10987
537 10986
538 10985
539 10984
540 10983
541 10982
542 10981
543 10980
544 10979
545 10978
546 10977
547 10976
548 10722
549 10721
550 10720
551 10719
552 10718
553 10717
554 10716
555 10715
556 10714
557 10713
558 10712
559 10711
560 10710
561 10709
562 10708
563 10707
564 10706
565 10705
566 11097
567 11096
568 11095
569 11094
570 11093
571 11092
572 11091
573 11551
574 11550
575 11549
576 11548
577 11547
578 11546
579 11545
580 11544
581 11543
582 11542
583 11541
584 11540
585 11539
586 11538
587 11537
588 11536
589 11535
590 11534
591 11533
592 11532
593 11531
594 11530
595 11529
596 11528
597 11527
598 11526
599 11525
600 11524
601 11523
602 11770
603 11769
604 11768
605 11767
606 11766
607 11765
608 11764
609 11763
610 11762
611 11761
612 11760
613 11759
614 11758
615 11757
616 11756
617 11755
618 11754
619 11753
620 11752
621 11751
622 11750
623 11749
624 11748
625 11747
626 12506
627 12505
628 12504
629 12503
630 12502
631 12501
632 12500
633 12499
634 12498
635 12497
636 12635
637 12634
638 12633
639 12632
640 12631
641 12630
642 12629
643 12628
644 12627
645 12626
646 12625
647 12624
648 12623
649 12622
650 12621
651 12620
652 12619
653 12618
654 12617
655 12616
656 12692
657 12691
658 12690
659 12689
660 12688
661 12687
662 12686
663 12220
664 12219
665 12218
666 12217
667 12216
668 12215
669 12214
670 12213
673 12708
674 12707
675 12706
676 12705
677 12704
678 12703
679 12702
680 12701
681 12700
682 12699
683 12698
684 12697
685 12696
686 12695
687 12694
688 12693
689 12615
690 12614
691 12613
692 12612
693 12611
694 12610
695 12609
696 12608
697 12979
698 12978
699 12977
700 12976
701 12975
702 12974
703 12973
704 12972
705 12971
706 12970
707 12969
708 12968
709 12515
710 12514
711 12513
712 12512
713 12511
714 12510
715 12509
716 12508
717 12507
718 11746
719 11745
720 11744
721 11743
722 11742
723 11741
724 11740
725 11739
726 12049
727 12048
728 12047
729 12046
730 12045
731 12044
732 12043
733 12042
734 11348
735 11347
736 11346
737 11345
738 11344
739 11343
740 11342
741 11341
742 11340
743 11339
744 11338
745 11337
746 11336
747 11335
748 11334
749 11333
750 11332
751 11331
752 11330
753 11510
754 11509
755 11508
756 11507
757 11506
758 11505
759 11504
760 11503
761 11502
762 11501
763 11500
764 11113
765 11112
766 11111
767 11110
768 11109
769 11108
770 11107
771 11106
772 11105
773 11104
774 11103
775 11102
776 11101
777 11100
778 11099
779 11098
780 10704
781 10703
782 10702
783 10701
784 10700
785 10699
786 10698
787 10697
788 11008
789 11007
790 11006
791 11005
792 11004
793 11003
794 11002
795 11001
796 11000
797 10999
798 10998
799 10997
800 10996
801 10995
802 10994
803 10993
804 10992
805 10991
806 10990
807 10989
808 10988
809 9580
810 9579
811 9578
812 9577
813 9576
814 9575
815 9574
816 9573
817 10350
818 10349
819 10348
820 10347
821 10346
822 10345
823 10344
824 10343
825 9222
826 9221
827 9220
828 9219
829 9218
830 9217
831 9216
832 9215
833 9214
834 9213
835 9212
836 9211
837 9210
838 9209
839 9208
840 9207
841 9206
842 9346
843 9345
844 9344
845 9343
846 9342
847 9341
848 9340
849 9339
850 9338
851 9337
852 9336
853 9335
854 9334
855 9833
856 9832
857 9831
858 9830
859 9829
860 9828
861 9827
862 9826
863 9825
864 9824
865 9823
866 9822
867 9821
868 9820
869 9819
870 9818
871 9673
872 9672
873 9671
874 9670
875 9669
876 9668
877 9667
878 9666
879 8992
880 8991
881 8990
882 8989
883 8988
884 8987
885 8986
886 8985
887 8984
888 8983
889 8982
890 8981
891 8980
892 8979
893 8978
894 8977
895 8976
896 8975
897 8974
898 8973
899 8972
900 8264
901 8263
902 8262
903 8261
904 8260
905 8259
906 8258
907 8257
908 8651
909 8650
910 8649
911 8648
912 8647
913 8646
914 8645
915 8644
916 8497
917 8496
918 8495
919 8494
920 8493
921 8492
922 8491
923 8490
924 8489
925 8488
926 8487
927 8486
928 8485
929 8484
930 8483
931 8482
932 8481
933 8480
934 8479
935 8478
936 8477
937 8476
938 8006
939 8005
940 8004
941 8003
942 8002
943 8001
944 8000
945 7999
946 7203
947 7202
948 7201
949 7200
950 7199
951 7198
952 7197
953 7196
954 7195
955 7194
956 7193
957 7192
958 7191
959 7190
960 7189
961 7188
962 7006
963 7005
964 7004
965 7003
966 7002
967 7001
968 7000
969 6999
970 6998
971 6997
972 6996
973 6995
974 6994
975 6993
976 6992
977 6991
978 6990
979 6989
980 6988
981 6987
982 6986
983 6985
984 6984
985 6983
986 6982
987 6981
988 6980
989 6979
990 6978
991 6977
992 6780
993 6779
994 6778
995 6777
996 6776
997 6775
998 6774
999 6773
1000 6937
1001 6936
1002 6935
1003 6934
1004 6933
1005 6932
1006 6931
1007 6930
1008 6598
1009 6597
1010 6596
1011 6595
1012 6594
1013 6593
1014 6592
1015 6591
1016 6590
1017 6589
1020 6823
1021 6822
1022 6821
1023 6820
1024 6819
1025 6818
1026 6817
1027 6816
1028 6815
1029 6814
1030 6813
1031 6945
1032 6944
1033 6943
1034 6942
1035 6941
1036 6940
1037 6939
1038 6938
1039 6772
1040 6771
1041 6770
1042 6769
1043 6768
1044 6767
1045 6766
1046 6765
1047 7630
1048 7629
1049 7628
1050 7627
1051 7626
1052 7625
1053 7624
1054 7123
1055 7122
1056 7121
1057 7120
1058 7119
1059 7118
1060 7117
1061 7116
1062 7115
1063 7180
1064 7179
1065 7178
1066 7177
1067 7176
1068 7175
1069 7174
1070 7173
1071 7172
1072 7171
1073 7170
1074 7169
1075 7168
1076 7167
1077 7166
1078 8060
1079 8059
1080 8058
1081 8057
1082 8056
1083 8055
1084 8054
1085 7818
1086 7817
1087 7816
1088 7815
1089 7814
1090 7813
1091 7812
1092 7811
1093 8014
1094 8013
1095 8012
1096 8011
1097 8010
1098 8009
1099 8008
1100 8007
1101 8475
1102 8474
1103 8473
1104 8472
1105 8471
1106 8470
1107 8469
1108 8468
1109 7779
1110 7778
1111 7777
1112 7776
1113 7775
1114 7774
1115 7773
1116 8304
1117 8303
1118 8302
1119 8301
1120 8300
1121 8299
1122 8298
1123 8297
1124 8659
1125 8658
1126 8657
1127 8656
1128 8655
1129 8654
1130 8653
1131 8652
1132 8256
1133 8255
1134 8254
1135 8253
1136 8252
1137 8251
1138 8250
1139 8249
1140 9754
1141 9753
1142 9752
1143 9751
1144 9750
1145 9749
1146 9748
1147 9747
1148 9696
1149 9695
1150 9694
1151 9693
1152 9692
1153 9691
1154 9690
1155 9001
1156 9000
1157 8999
1158 8998
1159 8997
1160 8996
1161 8995
1162 8994
1163 8993
1164 9665
1165 9664
1166 9663
1167 9662
1168 9661
1169 9660
1170 9659
1171 9658
1172 9657
1173 9656
1174 9655
1175 9654
1176 9653
1177 9652
1178 9651
1179 9401
1180 9400
1181 9399
1182 9398
1183 9397
1184 9396
1185 9395
1186 9394
1187 9107
1188 9106
1189 9105
1190 9104
1191 9103
1192 9102
1193 9101
1194 9100
1195 9099
1196 9098
1197 9097
1198 9096
1199 9095
1200 9094
1201 9141
1202 9140
1203 9139
1204 9138
1205 9137
1206 9136
1207 9135
1208 9134
1209 9133
1210 9149
1211 9148
1212 9147
1213 9146
1214 9145
1215 9144
1216 9143
1217 9142
1218 10358
1219 10357
1220 10356
1221 10355
1222 10354
1223 10353
1224 10352
1225 10351
1226 9572
1227 9571
1228 9570
1229 9569
1230 9568
1231 9567
1232 9566
1233 9565
1234 10640
1235 10639
1236 10638
1237 10637
1238 10636
1239 10635
1240 10634
1241 10633
1242 10632
1243 10631
1244 10630
1245 10629
1246 10628
1247 11019
1248 11018
1249 11017
1250 11016
1251 11015
1252 11014
1253 11013
1254 11012
1255 11011
1256 11010
1257 11009
1258 10696
1259 10695
1260 10694
1261 10693
1262 10692
1263 10691
1264 10690
1265 10689
1266 11821
1267 11820
1268 11819
1269 11818
1270 11817
1271 11816
1272 11815
1273 11567
1274 11566
1275 11565
1276 11564
1277 11563
1278 11562
1279 11561
1280 11560
1281 11368
1282 11367
1283 11366
1284 11365
1285 11364
1286 11363
1287 11362
1288 11361
1289 11360
1290 11359
1291 11358
1292 11357
1293 11404
1294 11403
1295 11402
1296 11401
1297 11400
1298 11399
1299 11398
1300 11397
1301 11396
1302 11395
1303 11394
1304 11412
1305 11411
1306 11410
1307 11409
1308 11408
1309 11407
1310 11406
1311 11405
1312 12057
1313 12056
1314 12055
1315 12054
1316 12053
1317 12052
1318 12051
1319 12050
1320 11738
1321 11737
1322 11736
1323 11735
1324 11734
1325 11733
1326 11732
1327 11731
1328 13003
1329 13002
1330 13001
1331 13000
1332 12999
1333 12998
1334 12997
1335 12996
1336 12995
1337 12994
1338 12993
1339 12992
1340 12991
1341 12990
1342 12989
1343 12988
1344 12987
1345 12986
1346 12985
1347 12984
1348 12983
1349 12982
1350 12981
1351 12980
1352 12607
1353 12606
1354 12605
1355 12604
1356 12603
1357 12602
1358 12601
1359 12600
1360 12150
1361 12149
1362 12148
1363 12147
1364 12146
1365 12145
1366 12144
1367 12236
1368 12235
1369 12234
1370 12233
1371 12232
1372 12231
1373 12230
1374 12229
1377 12724
1378 12723
1379 12722
1380 12721
1381 12720
1382 12719
1383 12718
1384 12717
1385 12158
1386 12157
1387 12156
1388 12155
1389 12154
1390 12153
1391 12152
1392 12151
1393 12599
1394 12598
1395 12597
1396 12596
1397 12595
1398 12594
1399 12593
1400 12592
1401 13026
1402 13025
1403 13024
1404 13023
1405 13022
1406 13021
1407 13020
1408 13019
1409 13018
1410 13017
1411 13016
1412 13015
1413 13014
1414 13013
1415 13012
1416 13011
1417 13010
1418 13009
1419 13008
1420 13007
1421 13006
1422 13005
1423 13004
1424 11730
1425 11729
1426 11728
1427 11727
1428 11726
1429 11725
1430 11724
1431 11723
1432 12917
1433 12916
1434 12915
1435 12914
1436 12913
1437 12912
1438 12911
1439 12910
1440 11219
1441 11218
1442 11217
1443 11216
1444 11215
1445 11214
1446 11213
1447 11212
1448 11478
1449 11477
1450 11476
1451 11475
1452 11474
1453 11473
1454 11472
1455 11471
1456 11470
1457 11469
1458 11468
1459 11467
1460 11329
1461 11328
1462 11327
1463 11326
1464 11325
1465 11324
1466 11323
1467 11322
1468 11321
1469 11320
1470 11319
1471 11318
1472 11129
1473 11128
1474 11127
1475 11126
1476 11125
1477 11124
1478 11123
1479 11122
1480 11829
1481 11828
1482 11827
1483 11826
1484 11825
1485 11824
1486 11823
1487 11822
1488 10688
1489 10687
1490 10686
1491 10685
1492 10684
1493 10683
1494 10682
1495 10681
1496 10615
1497 10614
1498 10613
1499 10612
1500 10611
1501 10610
1502 10609
1503 10608
1504 10607
1505 10606
1506 10605
1507 10652
1508 10651
1509 10650
1510 10649
1511 10648
1512 10647
1513 10646
1514 10645
1515 10644
1516 10643
1517 10642
1518 10641
1519 9564
1520 9563
1521 9562
1522 9561
1523 9560
1524 9559
1525 9558
1526 9557
1527 10900
1528 10899
1529 10898
1530 10897
1531 10896
1532 10895
1533 10894
1534 10893
1535 9238
1536 9237
1537 9236
1538 9235
1539 9234
1540 9233
1541 9232
1542 9231
1543 9312
1544 9311
1545 9310
1546 9309
1547 9308
1548 9307
1549 9306
1550 9305
1551 9304
1552 9303
1553 10229
1554 10228
1555 10227
1556 10226
1557 10225
1558 10224
1559 10223
1560 10222
1561 10221
1562 10220
1563 10219
1564 10218
1565 10217
1566 10216
1567 9849
1568 9848
1569 9847
1570 9846
1571 9845
1572 9844
1573 9843
1574 9842
1575 10111
1576 10110
1577 10109
1578 10108
1579 10107
1580 10106
1581 10105
1582 10104
1583 10103
1584 10102
1585 10101
1586 10100
1587 10099
1588 10098
1589 10097
1590 10096
1591 10044
1592 10043
1593 10042
1594 10041
1595 10040
1596 10039
1597 10038
1598 10037
1599 10036
1600 9768
1601 9767
1602 9766
1603 9765
1604 9764
1605 9763
1606 9762
1607 9761
1608 9760
1609 9759
1610 9758
1611 9757
1612 9756
1613 9755
1614 8248
1615 8247
1616 8246
1617 8245
1618 8244
1619 8243
1620 8242
1621 8241
1622 8886
1623 8885
1624 8884
1625 8883
1626 8882
1627 8881
1628 8880
1629 8879
1630 8513
1631 8512
1632 8511
1633 8510
1634 8509
1635 8508
1636 8507
1637 8506
1638 7977
1639 7976
1640 7975
1641 7974
1642 7973
1643 7972
1644 7971
1645 7970
1646 7969
1647 7968
1648 7967
1649 7966
1650 7965
1651 7964
1652 7963
1653 7962
1654 8428
1655 8427
1656 8426
1657 8425
1658 8424
1659 8423
1660 8422
1661 8421
1662 7219
1663 7218
1664 7217
1665 7216
1666 7215
1667 7214
1668 7213
1669 7212
1670 8068
1671 8067
1672 8066
1673 8065
1674 8064
1675 8063
1676 8062
1677 8061
1678 7165
1679 7164
1680 7163
1681 7162
1682 7161
1683 7160
1684 7159
1685 7158
1686 7370
1687 7369
1688 7368
1689 7367
1690 7366
1691 7365
1692 7364
1693 7706
1694 7705
1695 7704
1696 7703
1697 7702
1698 7701
1699 7700
1700 7699
1701 7698
1702 7638
1703 7637
1704 7636
1705 7635
1706 7634
1707 7633
1708 7632
1709 7631
1710 6764
1711 6763
1712 6762
1713 6761
1714 6760
1715 6759
1716 6758
1717 6757
1718 7591
1719 7590
1720 7589
1721 7588
1722 7587
1723 7586
1724 7585
1725 7584
1726 6614
1727 6613
1728 6612
1729 6611
1730 6610
1731 6609
1732 6608
1733 6607
1734 6661
1735 6660
1738 6664
1739 6663
1740 6662
1741 6606
1742 6605
1743 6604
1744 6603
1745 6602
1746 6601
1747 6600
1748 6599
1749 6929
1750 6928
1751 6927
1752 6926
1753 6925
1754 6924
1755 6923
1756 6922
1757 6921
1758 6920
1759 6919
1760 6918
1761 6917
1762 6916
1763 6915
1764 6914
1765 7645
1766 7644
1767 7643
1768 7642
1769 7641
1770 7640
1771 7639
1772 7697
1773 7696
1774 7695
1775 7694
1776 7693
1777 7692
1778 7691
1779 7690
1780 7689
1781 7688
1782 7687
1783 7686
1784 7685
1785 7684
1786 7683
1787 7682
1788 7681
1789 7680
1790 7679
1791 7678
1792 7677
1793 7676
1794 8075
1795 8074
1796 8073
1797 8072
1798 8071
1799 8070
1800 8069
1801 7211
1802 7210
1803 7209
1804 7208
1805 7207
1806 7206
1807 7205
1808 7204
1809 7998
1810 7997
1811 7996
1812 7995
1813 7994
1814 7993
1815 7992
1816 7991
1817 7990
1818 7989
1819 7988
1820 7987
1821 7986
1822 7985
1823 7984
1824 7983
1825 7982
1826 7981
1827 7980
1828 7979
1829 7978
1830 8505
1831 8504
1832 8503
1833 8502
1834 8501
1835 8500
1836 8499
1837 8498
1838 8643
1839 8642
1840 8641
1841 8640
1842 8639
1843 8638
1844 8637
1845 8636
1846 8635
1847 8634
1848 8633
1849 8632
1850 8631
1851 8630
1852 8629
1853 8628
1854 10022
1855 10021
1856 10020
1857 10019
1858 10018
1859 10017
1860 10016
1861 10015
1862 10014
1863 10013
1864 10012
1865 10011
1866 10010
1867 10009
1868 10008
1869 10007
1870 10006
1871 10005
1872 10004
1873 10003
1874 10002
1875 10001
1876 10000
1877 9999
1878 9998
1879 9997
1880 9996
1881 9995
1882 9994
1883 9993
1884 10118
1885 10117
1886 10116
1887 10115
1888 10114
1889 10113
1890 10112
1891 9841
1892 9840
1893 9839
1894 9838
1895 9837
1896 9836
1897 9835
1898 9834
1899 9333
1900 9332
1901 9331
1902 9330
1903 9329
1904 9328
1905 9327
1906 9326
1907 9325
1908 9324
1909 9323
1910 9322
1911 9321
1912 9320
1913 9319
1914 9318
1915 9317
1916 9316
1917 9315
1918 9314
1919 9313
1920 9230
1921 9229
1922 9228
1923 9227
1924 9226
1925 9225
1926 9224
1927 9223
1928 10342
1929 10341
1930 10340
1931 10339
1932 10338
1933 10337
1934 10336
1935 10335
1936 10334
1937 10333
1938 10332
1939 10331
1940 10330
1941 10329
1942 10328
1943 10327
1944 10448
1945 10447
1946 10446
1947 10445
1948 10444
1949 10443
1950 10442
1951 10441
1952 10440
1953 10439
1954 10438
1955 10437
1956 10577
1957 10576
1958 10575
1959 10574
1960 10573
1961 10572
1962 10571
1963 10570
1964 10569
1965 10568
1966 10567
1967 10566
1968 10565
1969 10564
1970 10563
1971 10562
1972 10561
1973 10560
1974 11836
1975 11835
1976 11834
1977 11833
1978 11832
1979 11831
1980 11830
1981 11121
1982 11120
1983 11119
1984 11118
1985 11117
1986 11116
1987 11115
1988 11114
1989 11499
1990 11498
1991 11497
1992 11496
1993 11495
1994 11494
1995 11493
1996 11492
1997 11491
1998 11490
1999 11489
2000 11488
2001 11487
2002 11486
2003 11485
2004 11484
2005 11483
2006 11482
2007 11481
2008 11480
2009 11479
2010 11356
2011 11355
2012 11354
2013 11353
2014 11352
2015 11351
2016 11350
2017 11349
2018 12041
2019 12040
2020 12039
2021 12038
2022 12037
2023 12036
2024 12035
2025 12034
2026 12033
2027 12032
2028 12031
2029 12030
2030 12029
2031 12028
2032 12027
2033 12026
2034 12353
2035 12352
2036 12351
2037 12350
2038 12349
2039 12348
2040 12347
2041 12346
2042 12345
2043 12344
2044 12486
2045 12485
2046 12484
2047 12483
2048 12482
2049 12481
2050 12480
2051 12479
2052 12478
2053 12477
2054 12476
2055 12475
2056 12474
2057 12473
2058 12472
2059 12471
2060 12470
2061 12469
2062 12468
2063 12467
2064 12165
2065 12164
2066 12163
2067 12162
2068 12161
2069 12160
2070 12159
2071 12716
2072 12715
2073 12714
2074 12713
2075 12712
2076 12711
2077 12710
2078 12709
2081 12181
2082 12180
2083 12179
2084 12178
2085 12177
2086 12176
2087 12175
2088 12174
2089 12173
2090 12172
2091 12171
2092 12170
2093 12169
2094 12168
2095 12167
2096 12166
2097 12466
2098 12465
2099 12464
2100 12463
2101 12462
2102 12461
2103 12460
2104 12459
2105 12527
2106 12526
2107 12525
2108 12524
2109 12523
2110 12522
2111 12521
2112 12520
2113 12519
2114 12518
2115 12517
2116 12516
2117 12362
2118 12361
2119 12360
2120 12359
2121 12358
2122 12357
2123 12356
2124 12355
2125 12354
2126 12025
2127 12024
2128 12023
2129 12022
2130 12021
2131 12020
2132 12019
2133 12018
2134 12901
2135 12900
2136 12899
2137 12898
2138 12897
2139 12896
2140 12895
2141 12894
2142 11945
2143 11944
2144 11943
2145 11942
2146 11941
2147 11940
2148 11939
2149 11938
2150 11937
2151 11936
2152 11935
2153 11934
2154 11933
2155 11932
2156 11931
2157 11930
2158 11929
2159 11928
2160 11927
2161 11926
2162 11925
2163 11924
2164 11923
2165 11922
2166 11921
2167 11920
2168 11919
2169 11918
2170 11917
2171 11916
2172 11852
2173 11851
2174 11850
2175 11849
2176 11848
2177 11847
2178 11846
2179 11845
2180 11844
2181 11843
2182 11842
2183 11841
2184 11840
2185 11839
2186 11838
2187 11837
2188 10559
2189 10558
2190 10557
2191 10556
2192 10555
2193 10554
2194 10553
2195 10552
2196 10469
2197 10468
2198 10467
2199 10466
2200 10465
2201 10464
2202 10463
2203 10462
2204 10461
2205 10460
2206 10459
2207 10458
2208 10457
2209 10456
2210 10455
2211 10454
2212 10453
2213 10452
2214 10451
2215 10450
2216 10449
2217 10326
2218 10325
2219 10324
2220 10323
2221 10322
2222 10321
2223 10320
2224 10319
2225 10884
2226 10883
2227 10882
2228 10881
2229 10880
2230 10879
2231 10878
2232 10877
2233 10246
2234 10245
2235 10244
2236 10243
2237 10242
2238 10241
2239 10240
2240 10239
2241 10238
2242 10237
2243 10236
2244 10235
2245 10234
2246 10233
2247 10232
2248 10231
2249 10230
2250 9075
2251 9074
2252 9073
2253 9072
2254 9071
2255 9070
2256 9069
2257 9068
2258 9067
2259 9066
2260 9065
2261 9064
2262 9063
2263 10134
2264 10133
2265 10132
2266 10131
2267 10130
2268 10129
2269 10128
2270 10127
2271 10126
2272 10125
2273 10124
2274 10123
2275 10122
2276 10121
2277 10120
2278 10119
2279 9992
2280 9991
2281 9990
2282 9989
2283 9988
2284 9987
2285 9986
2286 9985
2287 8948
2288 8947
2289 8946
2290 8945
2291 8944
2292 8943
2293 8942
2294 8941
2295 10035
2296 10034
2297 10033
2298 10032
2299 10031
2300 10030
2301 10029
2302 10028
2303 10027
2304 10026
2305 10025
2306 10024
2307 10023
2308 8627
2309 8626
2310 8625
2311 8624
2312 8623
2313 8622
2314 8621
2315 8620
2316 8870
2317 8869
2318 8868
2319 8867
2320 8866
2321 8865
2322 8864
2323 8863
2324 8358
2325 8357
2326 8356
2327 8355
2328 8354
2329 8353
2330 8352
2331 8351
2332 8350
2333 8349
2334 8348
2335 8347
2336 8346
2337 8345
2338 8344
2339 8343
2340 8342
2341 8341
2342 8340
2343 8339
2344 8338
2345 8337
2346 8412
2347 8411
2348 8410
2349 8409
2350 8408
2351 8407
2352 8406
2353 8405
2354 8091
2355 8090
2356 8089
2357 8088
2358 8087
2359 8086
2360 8085
2361 8084
2362 8083
2363 8082
2364 8081
2365 8080
2366 8079
2367 8078
2368 8077
2369 8076
2370 7675
2371 7674
2372 7673
2373 7672
2374 7671
2375 7670
2376 7669
2377 7668
2378 7667
2379 7666
2380 7665
2381 7664
2382 7663
2383 7662
2384 7661
2385 7660
2386 7659
2387 7658
2388 7657
2389 7656
2390 7655
2391 7654
2392 7653
2393 7652
2394 7651
2395 7650
2396 7649
2397 7648
2398 7647
2399 7646
2400 6913
2401 6912
2402 6911
2403 6910
2404 6909
2405 6908
2406 6907
2407 6906
2408 7575
2409 7574
2410 7573
2411 7572
2412 7571
2413 7570
2414 7569
2415 7568
2416 6833
2417 6832
2418 6831
2419 6830
2420 6829
2421 6828
2422 6827
2423 6826
2424 6825
2425 6824
2428 6659
2429 6658
2430 6657
2431 6656
2432 6655
2433 6654
2434 6653
2435 6652
2436 6651
2437 6622
2438 6621
2439 6620
2440 6619
2441 6618
2442 6617
2443 6616
2444 6615
2445 7583
2446 7582
2447 7581
2448 7580
2449 7579
2450 7578
2451 7577
2452 7576
2453 6905
2454 6904
2455 6903
2456 6902
2457 6901
2458 6900
2459 6899
2460 6898
2461 7410
2462 7409
2463 7408
2464 7407
2465 7406
2466 7405
2467 7404
2468 7353
2469 7352
2470 7351
2471 7350
2472 7349
2473 7348
2474 7347
2475 7346
2476 7345
2477 7344
2478 7343
2479 7342
2480 7341
2481 7340
2482 7339
2483 7338
2484 7337
2485 7336
2486 7335
2487 7334
2488 7333
2489 7332
2490 7331
2491 7330
2492 7856
2493 7855
2494 7854
2495 7853
2496 7852
2497 7851
2498 7850
2499 7227
2500 7226
2501 7225
2502 7224
2503 7223
2504 7222
2505 7221
2506 7220
2507 8420
2508 8419
2509 8418
2510 8417
2511 8416
2512 8415
2513 8414
2514 8413
2515 8336
2516 8335
2517 8334
2518 8333
2519 8332
2520 8331
2521 8330
2522 8329
2523 7952
2524 7951
2525 7950
2526 7949
2527 7948
2528 7947
2529 7946
2530 8521
2531 8520
2532 8519
2533 8518
2534 8517
2535 8516
2536 8515
2537 8514
2538 8878
2539 8877
2540 8876
2541 8875
2542 8874
2543 8873
2544 8872
2545 8871
2546 8619
2547 8618
2548 8617
2549 8616
2550 8615
2551 8614
2552 8613
2553 8612
2554 8766
2555 8765
2556 8764
2557 8763
2558 8762
2559 8761
2560 8760
2561 8759
2562 10061
2563 10060
2564 10059
2565 10058
2566 10057
2567 10056
2568 10055
2569 8957
2570 8956
2571 8955
2572 8954
2573 8953
2574 8952
2575 8951
2576 8950
2577 8949
2578 9984
2579 9983
2580 9982
2581 9981
2582 9980
2583 9979
2584 9978
2585 9977
2586 9439
2587 9438
2588 9437
2589 9436
2590 9435
2591 9434
2592 9433
2593 9857
2594 9856
2595 9855
2596 9854
2597 9853
2598 9852
2599 9851
2600 9850
2601 10215
2602 10214
2603 10213
2604 10212
2605 10211
2606 10210
2607 10209
2608 10208
2609 10207
2610 10206
2611 10205
2612 10204
2613 10203
2614 10202
2615 10201
2616 10200
2617 10199
2618 10198
2619 10197
2620 10196
2621 10195
2622 10194
2623 10193
2624 9246
2625 9245
2626 9244
2627 9243
2628 9242
2629 9241
2630 9240
2631 9239
2632 10892
2633 10891
2634 10890
2635 10889
2636 10888
2637 10887
2638 10886
2639 10885
2640 10318
2641 10317
2642 10316
2643 10315
2644 10314
2645 10313
2646 10312
2647 10311
2648 10796
2649 10795
2650 10794
2651 10793
2652 10792
2653 10791
2654 10790
2655 10789
2656 10788
2657 10787
2658 10786
2659 10785
2660 10784
2661 10480
2662 10479
2663 10478
2664 10477
2665 10476
2666 10475
2667 10474
2668 10473
2669 10472
2670 10471
2671 10470
2672 10551
2673 10550
2674 10549
2675 10548
2676 10547
2677 10546
2678 10545
2679 10544
2680 11605
2681 11604
2682 11603
2683 11602
2684 11601
2685 11600
2686 11599
2687 11137
2688 11136
2689 11135
2690 11134
2691 11133
2692 11132
2693 11131
2694 11130
2695 11317
2696 11316
2697 11315
2698 11314
2699 11313
2700 11312
2701 11311
2702 11310
2703 11309
2704 11308
2705 11307
2706 11306
2707 11305
2708 11304
2709 11303
2710 11302
2711 11301
2712 11300
2713 11299
2714 11298
2715 11297
2716 11296
2717 11295
2718 11227
2719 11226
2720 11225
2721 11224
2722 11223
2723 11222
2724 11221
2725 11220
2726 12909
2727 12908
2728 12907
2729 12906
2730 12905
2731 12904
2732 12903
2733 12902
2734 12017
2735 12016
2736 12015
2737 12014
2738 12013
2739 12012
2740 12011
2741 12010
2742 12551
2743 12550
2744 12549
2745 12548
2746 12547
2747 12546
2748 12545
2749 12544
2750 12543
2751 12542
2752 12541
2753 12540
2754 12539
2755 12538
2756 12537
2757 12536
2758 12535
2759 12534
2760 12533
2761 12532
2762 12531
2763 12530
2764 12529
2765 12528
2766 12458
2767 12457
2768 12456
2769 12455
2770 12454
2771 12453
2772 12452
2773 12451
2774 12274
2775 12273
2776 12272
2777 12271
2778 12270
2779 12269
2780 12268
2781 12732
2782 12731
2783 12730
2784 12729
2785 12728
2786 12727
2787 12726
2788 12725
2791 12290
2792 12289
2793 12288
2794 12287
2795 12286
2796 12285
2797 12284
2798 12283
2799 12282
2800 12281
2801 12280
2802 12279
2803 12278
2804 12277
2805 12276
2806 12275
2807 12450
2808 12449
2809 12448
2810 12447
2811 12446
2812 12445
2813 12444
2814 12443
2815 12375
2816 12374
2817 12373
2818 12372
2819 12371
2820 12370
2821 12369
2822 12368
2823 12367
2824 12366
2825 12365
2826 12364
2827 12363
2828 12561
2829 12560
2830 12559
2831 12558
2832 12557
2833 12556
2834 12555
2835 12554
2836 12553
2837 12552
2838 12009
2839 12008
2840 12007
2841 12006
2842 12005
2843 12004
2844 12003
2845 12002
2846 11690
2847 11689
2848 11688
2849 11687
2850 11686
2851 11685
2852 11684
2853 11683
2854 11961
2855 11960
2856 11959
2857 11958
2858 11957
2859 11956
2860 11955
2861 11954
2862 11201
2863 11200
2864 11199
2865 11198
2866 11197
2867 11196
2868 11195
2869 11194
2870 11193
2871 11192
2872 11191
2873 11190
2874 11880
2875 11879
2876 11878
2877 11877
2878 11876
2879 11875
2880 11874
2881 11873
2882 11872
2883 11871
2884 11870
2885 11869
2886 11868
2887 11867
2888 11866
2889 11865
2890 11864
2891 11863
2892 11862
2893 11861
2894 11613
2895 11612
2896 11611
2897 11610
2898 11609
2899 11608
2900 11607
2901 11606
2902 10543
2903 10542
2904 10541
2905 10540
2906 10539
2907 10538
2908 10537
2909 10536
2910 10819
2911 10818
2912 10817
2913 10816
2914 10815
2915 10814
2916 10813
2917 10812
2918 10811
2919 10810
2920 10809
2921 10808
2922 10807
2923 10806
2924 10805
2925 10804
2926 10803
2927 10802
2928 10801
2929 10800
2930 10799
2931 10798
2932 10797
2933 10310
2934 10309
2935 10308
2936 10307
2937 10306
2938 10305
2939 10304
2940 10303
2941 9524
2942 9523
2943 9522
2944 9521
2945 9520
2946 9519
2947 9518
2948 9517
2949 10262
2950 10261
2951 10260
2952 10259
2953 10258
2954 10257
2955 10256
2956 10255
2957 9085
2958 9084
2959 9083
2960 9082
2961 9081
2962 9080
2963 9079
2964 9078
2965 9077
2966 9076
2967 9029
2968 9028
2969 9027
2970 9026
2971 9025
2972 9024
2973 9023
2974 9022
2975 9021
2976 9020
2977 9019
2978 9018
2979 9017
2980 9016
2981 10150
2982 10149
2983 10148
2984 10147
2985 10146
2986 10145
2987 10144
2988 10143
2989 9447
2990 9446
2991 9445
2992 9444
2993 9443
2994 9442
2995 9441
2996 9440
2997 9976
2998 9975
2999 9974
3000 9973
3001 9972
3002 9971
3003 9970
3004 9969
3005 8789
3006 8788
3007 8787
3008 8786
3009 8785
3010 8784
3011 8783
3012 8782
3013 8781
3014 8780
3015 8779
3016 8778
3017 8777
3018 8776
3019 8775
3020 8774
3021 8773
3022 8772
3023 8771
3024 8770
3025 8769
3026 8768
3027 8767
3028 8611
3029 8610
3030 8609
3031 8608
3032 8607
3033 8606
3034 8605
3035 8604
3036 8208
3037 8207
3038 8206
3039 8205
3040 8204
3041 8203
3042 8202
3043 8201
3044 8374
3045 8373
3046 8372
3047 8371
3048 8370
3049 8369
3050 8368
3051 8367
3052 8148
3053 8147
3054 8146
3055 8145
3056 8144
3057 8143
3058 8142
3059 8141
3060 8562
3061 8561
3062 8560
3063 8559
3064 8558
3065 8557
3066 8556
3067 8555
3068 7911
3069 7910
3070 7909
3071 7908
3072 7907
3073 7906
3074 7905
3075 7904
3076 8107
3077 8106
3078 8105
3079 8104
3080 8103
3081 8102
3082 8101
3083 8100
3084 7864
3085 7863
3086 7862
3087 7861
3088 7860
3089 7859
3090 7858
3091 7857
3092 7329
3093 7328
3094 7327
3095 7326
3096 7325
3097 7324
3098 7323
3099 7322
3100 7495
3101 7494
3102 7493
3103 7492
3104 7491
3105 7490
3106 7489
3107 7297
3108 7296
3109 7295
3110 7294
3111 7293
3112 7292
3113 7291
3114 7290
3115 7289
3116 7418
3117 7417
3118 7416
3119 7415
3120 7414
3121 7413
3122 7412
3123 7411
3124 6897
3125 6896
3126 6895
3127 6894
3128 6893
3129 6892
3130 6891
3131 6890
3132 6724
3133 6723
3134 6722
3135 6721
3136 6720
3137 6719
3138 6718
3139 6717
3140 6849
3141 6848
3142 6847
3143 6846
3144 6845
3145 6844
3146 6843
3147 6842
3148 6580
3149 6579
3150 6578
3151 6577
3152 6576
3153 6575
3154 6574
3155 6573
3158 6588
3159 6587
3160 6586
3161 6585
3162 6584
3163 6583
3164 6582
3165 6581
3166 6841
3167 6840
3168 6839
3169 6838
3170 6837
3171 6836
3172 6835
3173 6834
3174 7567
3175 7566
3176 7565
3177 7564
3178 7563
3179 7562
3180 7561
3181 7560
3182 7559
3183 7558
3184 7557
3185 7556
3186 7555
3187 7554
3188 7553
3189 7552
3190 7425
3191 7424
3192 7423
3193 7422
3194 7421
3195 7420
3196 7419
3197 7288
3198 7287
3199 7286
3200 7285
3201 7284
3202 7283
3203 7282
3204 7281
3205 7469
3206 7468
3207 7467
3208 7466
3209 7465
3210 7464
3211 7463
3212 7462
3213 7461
3214 7460
3215 7459
3216 7458
3217 7457
3218 7456
3219 7871
3220 7870
3221 7869
3222 7868
3223 7867
3224 7866
3225 7865
3226 8099
3227 8098
3228 8097
3229 8096
3230 8095
3231 8094
3232 8093
3233 8092
3234 8404
3235 8403
3236 8402
3237 8401
3238 8400
3239 8399
3240 8398
3241 8397
3242 8396
3243 8395
3244 8394
3245 8393
3246 8392
3247 8391
3248 8390
3249 8154
3250 8153
3251 8152
3252 8151
3253 8150
3254 8149
3255 8366
3256 8365
3257 8364
3258 8363
3259 8362
3260 8361
3261 8360
3262 8359
3263 8862
3264 8861
3265 8860
3266 8859
3267 8858
3268 8857
3269 8856
3270 8855
3271 8854
3272 8853
3273 8852
3274 8851
3275 8850
3276 8849
3277 8848
3278 8847
3279 8705
3280 8704
3281 8703
3282 8702
3283 8701
3284 8700
3285 8699
3286 8698
3287 8697
3288 8696
3289 8695
3290 8694
3291 8693
3292 8692
3293 9927
3294 9926
3295 9925
3296 9924
3297 9923
3298 9922
3299 9921
3300 9920
3301 9919
3302 9918
3303 9917
3304 9916
3305 9915
3306 9914
3307 9913
3308 9912
3309 9454
3310 9453
3311 9452
3312 9451
3313 9450
3314 9449
3315 9448
3316 10142
3317 10141
3318 10140
3319 10139
3320 10138
3321 10137
3322 10136
3323 10135
3324 9062
3325 9061
3326 9060
3327 9059
3328 9058
3329 9057
3330 9056
3331 9055
3332 9054
3333 9053
3334 9052
3335 9051
3336 9050
3337 9093
3338 9092
3339 9091
3340 9090
3341 9089
3342 9088
3343 9087
3344 9086
3345 10254
3346 10253
3347 10252
3348 10251
3349 10250
3350 10249
3351 10248
3352 10247
3353 10876
3354 10875
3355 10874
3356 10873
3357 10872
3358 10871
3359 10870
3360 10869
3361 10868
3362 10867
3363 10866
3364 10865
3365 10864
3366 10863
3367 10862
3368 10861
3369 10404
3370 10403
3371 10402
3372 10401
3373 10400
3374 10399
3375 10398
3376 10397
3377 10396
3378 10395
3379 10394
3380 10393
3381 10783
3382 10782
3383 10781
3384 10780
3385 10779
3386 10778
3387 10777
3388 10776
3389 10775
3390 10774
3391 10773
3392 10772
3393 10771
3394 10770
3395 10769
3396 10768
3397 10767
3398 10766
3399 11620
3400 11619
3401 11618
3402 11617
3403 11616
3404 11615
3405 11614
3406 11860
3407 11859
3408 11858
3409 11857
3410 11856
3411 11855
3412 11854
3413 11853
3414 11915
3415 11914
3416 11913
3417 11912
3418 11911
3419 11910
3420 11909
3421 11908
3422 11907
3423 11906
3424 11905
3425 11211
3426 11210
3427 11209
3428 11208
3429 11207
3430 11206
3431 11205
3432 11204
3433 11203
3434 11202
3435 11953
3436 11952
3437 11951
3438 11950
3439 11949
3440 11948
3441 11947
3442 11946
3443 12893
3444 12892
3445 12891
3446 12890
3447 12889
3448 12888
3449 12887
3450 12886
3451 12885
3452 12884
3453 12883
3454 12882
3455 12881
3456 12880
3457 12879
3458 12878
3459 12816
3460 12815
3461 12814
3462 12813
3463 12812
3464 12811
3465 12810
3466 12809
3467 12808
3468 12807
3469 12806
3470 12805
3471 12804
3472 12803
3473 12802
3474 12801
3475 12800
3476 12799
3477 12798
3478 12797
3479 12796
3480 12795
3481 12794
3482 12793
3483 12792
3484 12791
3485 12790
3486 12789
3487 12788
3488 12787
3489 12196
3490 12195
3491 12194
3492 12193
3493 12192
3494 12191
3495 12190
3496 12189
3497 12188
3498 12187
3499 12186
3500 12185
3501 12184
3502 12183
3503 12182
3506 12212
3507 12211
3508 12210
3509 12209
3510 12208
3511 12207
3512 12206
3513 12205
3514 12204
3515 12203
3516 12202
3517 12201
3518 12200
3519 12199
3520 12198
3521 12197
3522 12786
3523 12785
3524 12784
3525 12783
3526 12782
3527 12781
3528 12780
3529 12779
3530 12837
3531 12836
3532 12835
3533 12834
3534 12833
3535 12832
3536 12831
3537 12830
3538 12829
3539 12828
3540 12827
3541 12826
3542 12825
3543 12824
3544 12823
3545 12822
3546 12821
3547 12820
3548 12819
3549 12818
3550 12817
3551 12877
3552 12876
3553 12875
3554 12874
3555 12873
3556 12872
3557 12871
3558 12870
3559 11674
3560 11673
3561 11672
3562 11671
3563 11670
3564 11669
3565 11668
3566 11667
3567 11666
3568 11665
3569 11664
3570 11663
3571 11662
3572 11661
3573 11660
3574 11659
3575 11658
3576 11657
3577 11656
3578 11655
3579 11654
3580 11653
3581 11652
3582 11651
3583 11650
3584 11649
3585 11648
3586 11647
3587 11646
3588 11645
3589 11644
3590 11643
3591 11642
3592 11641
3593 11640
3594 11639
3595 11638
3596 11637
3597 11636
3598 11635
3599 11634
3600 11633
3601 11632
3602 11631
3603 11630
3604 11629
3605 11628
3606 11627
3607 11626
3608 11625
3609 11624
3610 11623
3611 11622
3612 11621
3613 10765
3614 10764
3615 10763
3616 10762
3617 10761
3618 10760
3619 10759
3620 10758
3621 10425
3622 10424
3623 10423
3624 10422
3625 10421
3626 10420
3627 10419
3628 10418
3629 10417
3630 10416
3631 10415
3632 10414
3633 10413
3634 10412
3635 10411
3636 10410
3637 10409
3638 10408
3639 10407
3640 10406
3641 10405
3642 10860
3643 10859
3644 10858
3645 10857
3646 10856
3647 10855
3648 10854
3649 10853
3650 9508
3651 9507
3652 9506
3653 9505
3654 9504
3655 9503
3656 9502
3657 9501
3658 9500
3659 9499
3660 9498
3661 9497
3662 9496
3663 9495
3664 9494
3665 9493
3666 9492
3667 9491
3668 9490
3669 9489
3670 9488
3671 9487
3672 9486
3673 9485
3674 9484
3675 9483
3676 9482
3677 9481
3678 9480
3679 9479
3680 9478
3681 9477
3682 9476
3683 9475
3684 9474
3685 9473
3686 9472
3687 9471
3688 9470
3689 9469
3690 9468
3691 9467
3692 9466
3693 9465
3694 9464
3695 9463
3696 9462
3697 9461
3698 9460
3699 9459
3700 9458
3701 9457
3702 9456
3703 9455
3704 9911
3705 9910
3706 9909
3707 9908
3708 9907
3709 9906
3710 9905
3711 9904
3712 8726
3713 8725
3714 8724
3715 8723
3716 8722
3717 8721
3718 8720
3719 8719
3720 8718
3721 8717
3722 8716
3723 8715
3724 8714
3725 8713
3726 8712
3727 8711
3728 8710
3729 8709
3730 8708
3731 8707
3732 8706
3733 8846
3734 8845
3735 8844
3736 8843
3737 8842
3738 8841
3739 8840
3740 8839
3741 8192
3742 8191
3743 8190
3744 8189
3745 8188
3746 8187
3747 8186
3748 8185
3749 8184
3750 8183
3751 8182
3752 8181
3753 8180
3754 8179
3755 8178
3756 8177
3757 8176
3758 8175
3759 8174
3760 8173
3761 8172
3762 8171
3763 8170
3764 8169
3765 8168
3766 8167
3767 8166
3768 8165
3769 8164
3770 8163
3771 7895
3772 7894
3773 7893
3774 7892
3775 7891
3776 7890
3777 7889
3778 7888
3779 7887
3780 7886
3781 7885
3782 7884
3783 7883
3784 7882
3785 7881
3786 7880
3787 7879
3788 7878
3789 7877
3790 7876
3791 7875
3792 7874
3793 7873
3794 7872
3795 7455
3796 7454
3797 7453
3798 7452
3799 7451
3800 7450
3801 7449
3802 7448
3803 7447
3804 7446
3805 7445
3806 7444
3807 7443
3808 7442
3809 7441
3810 7440
3811 7439
3812 7438
3813 7437
3814 7436
3815 7435
3816 7434
3817 7433
3818 7432
3819 7431
3820 7430
3821 7429
3822 7428
3823 7427
3824 7426
3825 7551
3826 7550
3827 7549
3828 7548
3829 7547
3830 7546
3831 7545
3832 7544
3833 6708
3834 6707
3835 6706
3836 6705
3837 6704
3838 6703
3839 6702
3840 6701
3841 6700
3842 6699
3843 6698
3844 6697
3845 6696
3846 6695
3847 6694
3848 6693
3849 6692
3850 6691
3851 6690
3852 6689
3853 6688
3854 6687
3855 6686
3858 6685
3859 6684
3860 6683
3861 6682
3862 6681
3863 6680
3864 6679
3865 6678
3866 6677
3867 6857
3868 6856
3869 6855
3870 6854
3871 6853
3872 6852
3873 6851
3874 6850
3875 6716
3876 6715
3877 6714
3878 6713
3879 6712
3880 6711
3881 6710
3882 6709
3883 7543
3884 7542
3885 7541
3886 7540
3887 7539
3888 7538
3889 7537
3890 7536
3891 7535
3892 7534
3893 7533
3894 7532
3895 7531
3896 7530
3897 7529
3898 7478
3899 7477
3900 7476
3901 7475
3902 7474
3903 7473
3904 7472
3905 7471
3906 7470
3907 7280
3908 7279
3909 7278
3910 7277
3911 7276
3912 7275
3913 7274
3914 7273
3915 7272
3916 7271
3917 7270
3918 7269
3919 7268
3920 7267
3921 7266
3922 7265
3923 7264
3924 7263
3925 7262
3926 7261
3927 7260
3928 7259
3929 8115
3930 8114
3931 8113
3932 8112
3933 8111
3934 8110
3935 8109
3936 8108
3937 7903
3938 7902
3939 7901
3940 7900
3941 7899
3942 7898
3943 7897
3944 7896
3945 8162
3946 8161
3947 8160
3948 8159
3949 8158
3950 8157
3951 8156
3952 8155
3953 8389
3954 8388
3955 8387
3956 8386
3957 8385
3958 8384
3959 8383
3960 8382
3961 8381
3962 8380
3963 8379
3964 8378
3965 8377
3966 8376
3967 8375
3968 8200
3969 8199
3970 8198
3971 8197
3972 8196
3973 8195
3974 8194
3975 8193
3976 8838
3977 8837
3978 8836
3979 8835
3980 8834
3981 8833
3982 8832
3983 8831
3984 8830
3985 8829
3986 8828
3987 8827
3988 8826
3989 8825
3990 8824
3991 8823
3992 9934
3993 9933
3994 9932
3995 9931
3996 9930
3997 9929
3998 9928
3999 8735
4000 8734
4001 8733
4002 8732
4003 8731
4004 8730
4005 8729
4006 8728
4007 8727
4008 9903
4009 9902
4010 9901
4011 9900
4012 9899
4013 9898
4014 9897
4015 9896
4016 9895
4017 9894
4018 9893
4019 9892
4020 9891
4021 9890
4022 9889
4023 10158
4024 10157
4025 10156
4026 10155
4027 10154
4028 10153
4029 10152
4030 10151
4031 9015
4032 9014
4033 9013
4034 9012
4035 9011
4036 9010
4037 9009
4038 9008
4039 9007
4040 9006
4041 9005
4042 9004
4043 9003
4044 9002
4045 9049
4046 9048
4047 9047
4048 9046
4049 9045
4050 9044
4051 9043
4052 9042
4053 9041
4054 10270
4055 10269
4056 10268
4057 10267
4058 10266
4059 10265
4060 10264
4061 10263
4062 9516
4063 9515
4064 9514
4065 9513
4066 9512
4067 9511
4068 9510
4069 9509
4070 10852
4071 10851
4072 10850
4073 10849
4074 10848
4075 10847
4076 10846
4077 10845
4078 10844
4079 10843
4080 10842
4081 10841
4082 10840
4083 10839
4084 10838
4085 10837
4086 10836
4087 10835
4088 10834
4089 10833
4090 10832
4091 10436
4092 10435
4093 10434
4094 10433
4095 10432
4096 10431
4097 10430
4098 10429
4099 10428
4100 10427
4101 10426
4102 10757
4103 10756
4104 10755
4105 10754
4106 10753
4107 10752
4108 10751
4109 10750
4110 10749
4111 10748
4112 10747
4113 10746
4114 10745
4115 10744
4116 10743
4117 10742
4118 10741
4119 10740
4120 10739
4121 10738
4122 10737
4123 10736
4124 10735
4125 10734
4126 10733
4127 10732
4128 10731
4129 10730
4130 10729
4131 10728
4132 10727
4133 10726
4134 10725
4135 10724
4136 10723
4137 11904
4138 11903
4139 11902
4140 11901
4141 11900
4142 11899
4143 11898
4144 11897
4145 11896
4146 11895
4147 11894
4148 11969
4149 11968
4150 11967
4151 11966
4152 11965
4153 11964
4154 11963
4155 11962
4156 11682
4157 11681
4158 11680
4159 11679
4160 11678
4161 11677
4162 11676
4163 11675
4164 12869
4165 12868
4166 12867
4167 12866
4168 12865
4169 12864
4170 12863
4171 12862
4172 12861
4173 12860
4174 12859
4175 12858
4176 12857
4177 12856
4178 12855
4179 12854
4180 12853
4181 12852
4182 12851
4183 12850
4184 12849
4185 12848
4186 12847
4187 12846
4188 12845
4189 12844
4190 12843
4191 12842
4192 12841
4193 12840
4194 12839
4195 12838
4196 12778
4197 12777
4198 12776
4199 12775
4200 12774
4201 12773
4202 12772
4203 12771
4204 12770
4205 12769
4206 12768
4207 12767
4208 12766
4209 12765
4210 12764
4211 12298
4212 12297
4213 12296
4214 12295
4215 12294
4216 12293
4217 12292
4218 12291
4219 12333
4220 12332
4221 12331
4222 12330
4223 12329
4224 12328
4225 12327
4226 12326
4227 12325
4228 12324
4229 12323
4230 12322
4231 12321
4234 12320
4235 12319
4236 12318
4237 12317
4238 12316
4239 12315
4240 12314
4241 12313
4242 12312
4243 12311
4244 12310
4245 12309
4246 12308
4247 12307
4248 12306
4249 12305
4250 12304
4251 12303
4252 12302
4253 12301
4254 12300
4255 12299
4256 12763
4257 12762
4258 12761
4259 12760
4260 12759
4261 12758
4262 12757
4263 12756
4264 12434
4265 12433
4266 12432
4267 12431
4268 12430
4269 12429
4270 12428
4271 12427
4272 12426
4273 12425
4274 12424
4275 12423
4276 12422
4277 12421
4278 12420
4279 12419
4280 12418
4281 12417
4282 12416
4283 12415
4284 12414
4285 12413
4286 12412
4287 12411
4288 12410
4289 12409
4290 12408
4291 12407
4292 12406
4293 12405
4294 12404
4295 12403
4296 12402
4297 11993
4298 11992
4299 11991
4300 11990
4301 11989
4302 11988
4303 11987
4304 11986
4305 11985
4306 11984
4307 11983
4308 11982
4309 11981
4310 11980
4311 11979
4312 11978
4313 11977
4314 11976
4315 11975
4316 11974
4317 11973
4318 11972
4319 11971
4320 11970
4321 11893
4322 11892
4323 11891
4324 11890
4325 11889
4326 11888
4327 11887
4328 11886
4329 11885
4330 11884
4331 11883
4332 11882
4333 11881
4334 11189
4335 11188
4336 11187
4337 11186
4338 11185
4339 11184
4340 11183
4341 11182
4342 11181
4343 11180
4344 11179
4345 11178
4346 11177
4347 11176
4348 11175
4349 11174
4350 11173
4351 11172
4352 11171
4353 11170
4354 11169
4355 11168
4356 11167
4357 11166
4358 11165
4359 11164
4360 11163
4361 11162
4362 11161
4363 10527
4364 10526
4365 10525
4366 10524
4367 10523
4368 10522
4369 10521
4370 10520
4371 10519
4372 10518
4373 10517
4374 10516
4375 10515
4376 10514
4377 10513
4378 10512
4379 10511
4380 10510
4381 10509
4382 10508
4383 10507
4384 10506
4385 10505
4386 10504
4387 10503
4388 10502
4389 10501
4390 10500
4391 10499
4392 10498
4393 10497
4394 10496
4395 10495
4396 10294
4397 10293
4398 10292
4399 10291
4400 10290
4401 10289
4402 10288
4403 10287
4404 10286
4405 10285
4406 10284
4407 10283
4408 10282
4409 10281
4410 10280
4411 10279
4412 10278
4413 10277
4414 10276
4415 10275
4416 10274
4417 10273
4418 10272
4419 10271
4420 9040
4421 9039
4422 9038
4423 9037
4424 9036
4425 9035
4426 9034
4427 9033
4428 9032
4429 9031
4430 9030
4431 10181
4432 10180
4433 10179
4434 10178
4435 10177
4436 10176
4437 10175
4438 10174
4439 10173
4440 10172
4441 10171
4442 10170
4443 10169
4444 10168
4445 10167
4446 10166
4447 10165
4448 10164
4449 10163
4450 10162
4451 10161
4452 10160
4453 10159
4454 9888
4455 9887
4456 9886
4457 9885
4458 9884
4459 9883
4460 9882
4461 9881
4462 9960
4463 9959
4464 9958
4465 9957
4466 9956
4467 9955
4468 9954
4469 9953
4470 9952
4471 9951
4472 9950
4473 9949
4474 9948
4475 9947
4476 9946
4477 9945
4478 9944
4479 9943
4480 9942
4481 9941
4482 9940
4483 9939
4484 9938
4485 9937
4486 9936
4487 9935
4488 8822
4489 8821
4490 8820
4491 8819
4492 8818
4493 8817
4494 8816
4495 8595
4496 8594
4497 8593
4498 8592
4499 8591
4500 8590
4501 8589
4502 8588
4503 8587
4504 8586
4505 8585
4506 8584
4507 8583
4508 8582
4509 8581
4510 8580
4511 8579
4512 8578
4513 8577
4514 8576
4515 8575
4516 8574
4517 8573
4518 8572
4519 8571
4520 8570
4521 8569
4522 8568
4523 8567
4524 8566
4525 8565
4526 8564
4527 8563
4528 8140
4529 8139
4530 8138
4531 8137
4532 8136
4533 8135
4534 8134
4535 8133
4536 8132
4537 8131
4538 8130
4539 8129
4540 8128
4541 8127
4542 8126
4543 8125
4544 8124
4545 8123
4546 8122
4547 8121
4548 8120
4549 8119
4550 8118
4551 8117
4552 8116
4553 7258
4554 7257
4555 7256
4556 7255
4557 7254
4558 7253
4559 7252
4560 7251
4561 7313
4562 7312
4563 7311
4564 7310
4565 7309
4566 7308
4567 7307
4568 7306
4569 7305
4570 7304
4571 7303
4572 7302
4573 7301
4574 7300
4575 7299
4576 7298
4577 7488
4578 7487
4579 7486
4580 7485
4581 7484
4582 7483
4583 7482
4584 7481
4585 7480
4586 7479
4587 7528
4588 7527
4589 7526
4590 7525
4591 7524
4592 7523
4593 7522
4594 7521
4595 6881
4596 6880
4597 6879
4598 6878
4599 6877
4600 6876
4601 6875
4602 6874
4603 6873
4604 6872
4605 6871
4606 6870
4607 6869
4608 6868
4609 6867
4610 6866
4611 6865
4612 6864
4613 6863
4614 6862
4615 6861
4616 6860
4617 6859
4618 6858
4619 6676
4620 6675
4623 6641
4624 6640
4625 6639
4626 6638
4627 6637
4628 6636
4629 6635
4630 6634
4631 6633
4632 6632
4633 6631
4634 6732
4635 6731
4636 6730
4637 6729
4638 6728
4639 6727
4640 6726
4641 6725
4642 6889
4643 6888
4644 6887
4645 6886
4646 6885
4647 6884
4648 6883
4649 6882
4650 7520
4651 7519
4652 7518
4653 7517
4654 7516
4655 7515
4656 7514
4657 7513
4658 7512
4659 7511
4660 7510
4661 7509
4662 7508
4663 7507
4664 7506
4665 7505
4666 7504
4667 7503
4668 7502
4669 7501
4670 7500
4671 7499
4672 7498
4673 7497
4674 7496
4675 7321
4676 7320
4677 7319
4678 7318
4679 7317
4680 7316
4681 7315
4682 7314
4683 7250
4684 7249
4685 7248
4686 7247
4687 7246
4688 7245
4689 7244
4690 7243
4691 7242
4692 7241
4693 7240
4694 7239
4695 7238
4696 7237
4697 7236
4698 7919
4699 7918
4700 7917
4701 7916
4702 7915
4703 7914
4704 7913
4705 7912
4706 8554
4707 8553
4708 8552
4709 8551
4710 8550
4711 8549
4712 8548
4713 8547
4714 8546
4715 8545
4716 8544
4717 8543
4718 8542
4719 8541
4720 8540
4721 8539
4722 8538
4723 8537
4724 8536
4725 8535
4726 8534
4727 8533
4728 8532
4729 8531
4730 8530
4731 8216
4732 8215
4733 8214
4734 8213
4735 8212
4736 8211
4737 8210
4738 8209
4739 8603
4740 8602
4741 8601
4742 8600
4743 8599
4744 8598
4745 8597
4746 8596
4747 8815
4748 8814
4749 8813
4750 8812
4751 8811
4752 8810
4753 8809
4754 8808
4755 8807
4756 8806
4757 8805
4758 8804
4759 8803
4760 8802
4761 8801
4762 8800
4763 8799
4764 8798
4765 8797
4766 8796
4767 8795
4768 8794
4769 8793
4770 8792
4771 8791
4772 8790
4773 9968
4774 9967
4775 9966
4776 9965
4777 9964
4778 9963
4779 9962
4780 9961
4781 9880
4782 9879
4783 9878
4784 9877
4785 9876
4786 9875
4787 9874
4788 9873
4789 9872
4790 9871
4791 9870
4792 9869
4793 9868
4794 9867
4795 9866
4796 9287
4797 9286
4798 9285
4799 9284
4800 9283
4801 9282
4802 9281
4803 9280
4804 9279
4805 9278
4806 9277
4807 9276
4808 9275
4809 9274
4810 9273
4811 9272
4812 9271
4813 9270
4814 9269
4815 9268
4816 9267
4817 9266
4818 9265
4819 9264
4820 9263
4821 9262
4822 9261
4823 9260
4824 9259
4825 9258
4826 9257
4827 9256
4828 9255
4829 9532
4830 9531
4831 9530
4832 9529
4833 9528
4834 9527
4835 9526
4836 9525
4837 10302
4838 10301
4839 10300
4840 10299
4841 10298
4842 10297
4843 10296
4844 10295
4845 10494
4846 10493
4847 10492
4848 10491
4849 10490
4850 10489
4851 10488
4852 10487
4853 10486
4854 10485
4855 10484
4856 10483
4857 10482
4858 10481
4859 10831
4860 10830
4861 10829
4862 10828
4863 10827
4864 10826
4865 10825
4866 10824
4867 10823
4868 10822
4869 10821
4870 10820
4871 10535
4872 10534
4873 10533
4874 10532
4875 10531
4876 10530
4877 10529
4878 10528
4879 11160
4880 11159
4881 11158
4882 11157
4883 11156
4884 11155
4885 11154
4886 11153
4887 11152
4888 11151
4889 11150
4890 11149
4891 11148
4892 11147
4893 11146
4894 11268
4895 11267
4896 11266
4897 11265
4898 11264
4899 11263
4900 11262
4901 11261
4902 11260
4903 11259
4904 11258
4905 11257
4906 11256
4907 11255
4908 11254
4909 11253
4910 11252
4911 11251
4912 11250
4913 11249
4914 11248
4915 11247
4916 11246
4917 11245
4918 11244
4919 11243
4920 11242
4921 11241
4922 11240
4923 11239
4924 11238
4925 11237
4926 11236
4927 11698
4928 11697
4929 11696
4930 11695
4931 11694
4932 11693
4933 11692
4934 11691
4935 12001
4936 12000
4937 11999
4938 11998
4939 11997
4940 11996
4941 11995
4942 11994
4943 12401
4944 12400
4945 12399
4946 12398
4947 12397
4948 12396
4949 12395
4950 12394
4951 12393
4952 12392
4953 12391
4954 12390
4955 12389
4956 12388
4957 12387
4958 12386
4959 12385
4960 12384
4961 12383
4962 12382
4963 12381
4964 12380
4965 12379
4966 12378
4967 12377
4968 12376
4969 12442
4970 12441
4971 12440
4972 12439
4973 12438
4974 12437
4975 12436
4976 12435
4977 12755
4978 12754
4979 12753
4980 12752
4981 12751
4982 12750
4983 12749
4984 12748
4985 12747
4986 12746
4987 12745
4988 12744
4989 12743
4990 12742
4991 12741
4992 12338
4993 12337
4994 12336
4995 12335
4996 12334
4999 12343
5000 12342
5001 12341
5002 12340
5003 12339
5004 12740
5005 12739
5006 12738
5007 12737
5008 12736
5009 12735
5010 12734
5011 12733
5012 12267
5013 12266
5014 12265
5015 12264
5016 12263
5017 12262
5018 12261
5019 12260
5020 12583
5021 12582
5022 12581
5023 12580
5024 12579
5025 12578
5026 12577
5027 12576
5028 12575
5029 12574
5030 12573
5031 12572
5032 12571
5033 12570
5034 12569
5035 12568
5036 12567
5037 12566
5038 12565
5039 12564
5040 12563
5041 12562
5042 13063
5043 13062
5044 13061
5045 13060
5046 13059
5047 13058
5048 13057
5049 13056
5050 13055
5051 13054
5052 13053
5053 11714
5054 11713
5055 11712
5056 11711
5057 11710
5058 11709
5059 11708
5060 11707
5061 11706
5062 11705
5063 11704
5064 11703
5065 11702
5066 11701
5067 11700
5068 11699
5069 11235
5070 11234
5071 11233
5072 11232
5073 11231
5074 11230
5075 11229
5076 11228
5077 11294
5078 11293
5079 11292
5080 11291
5081 11290
5082 11289
5083 11288
5084 11287
5085 11286
5086 11285
5087 11284
5088 11283
5089 11282
5090 11281
5091 11280
5092 11279
5093 11278
5094 11277
5095 11276
5096 11275
5097 11274
5098 11273
5099 11272
5100 11271
5101 11270
5102 11269
5103 11145
5104 11144
5105 11143
5106 11142
5107 11141
5108 11140
5109 11139
5110 11138
5111 11598
5112 11597
5113 11596
5114 11595
5115 11594
5116 11593
5117 11592
5118 11591
5119 10672
5120 10671
5121 10670
5122 10669
5123 10668
5124 10667
5125 10666
5126 10665
5127 10664
5128 10663
5129 10662
5130 10661
5131 10660
5132 10659
5133 10658
5134 10657
5135 10656
5136 10655
5137 10654
5138 10653
5139 10604
5140 10603
5141 10602
5142 10601
5143 10600
5144 10599
5145 10598
5146 10597
5147 10596
5148 10595
5149 10594
5150 10593
5151 10592
5152 9548
5153 9547
5154 9546
5155 9545
5156 9544
5157 9543
5158 9542
5159 9541
5160 9540
5161 9539
5162 9538
5163 9537
5164 9536
5165 9535
5166 9534
5167 9533
5168 9254
5169 9253
5170 9252
5171 9251
5172 9250
5173 9249
5174 9248
5175 9247
5176 10192
5177 10191
5178 10190
5179 10189
5180 10188
5181 10187
5182 10186
5183 10185
5184 10184
5185 10183
5186 10182
5187 9302
5188 9301
5189 9300
5190 9299
5191 9298
5192 9297
5193 9296
5194 9295
5195 9294
5196 9293
5197 9292
5198 9291
5199 9290
5200 9289
5201 9288
5202 9865
5203 9864
5204 9863
5205 9862
5206 9861
5207 9860
5208 9859
5209 9858
5210 9432
5211 9431
5212 9430
5213 9429
5214 9428
5215 9427
5216 9426
5217 9425
5218 10087
5219 10086
5220 10085
5221 10084
5222 10083
5223 10082
5224 10081
5225 10080
5226 10079
5227 10078
5228 10077
5229 10076
5230 10075
5231 10074
5232 10073
5233 10072
5234 10071
5235 10070
5236 10069
5237 10068
5238 10067
5239 10066
5240 10065
5241 10064
5242 10063
5243 10062
5244 8758
5245 8757
5246 8756
5247 8755
5248 8754
5249 8753
5250 8752
5251 8232
5252 8231
5253 8230
5254 8229
5255 8228
5256 8227
5257 8226
5258 8225
5259 8224
5260 8223
5261 8222
5262 8221
5263 8220
5264 8219
5265 8218
5266 8217
5267 8529
5268 8528
5269 8527
5270 8526
5271 8525
5272 8524
5273 8523
5274 8522
5275 7945
5276 7944
5277 7943
5278 7942
5279 7941
5280 7940
5281 7939
5282 7938
5283 7937
5284 7936
5285 7935
5286 7934
5287 7933
5288 7932
5289 7931
5290 7930
5291 7929
5292 7928
5293 7927
5294 7926
5295 7925
5296 7924
5297 7923
5298 7922
5299 7921
5300 7920
5301 7235
5302 7234
5303 7233
5304 7232
5305 7231
5306 7230
5307 7229
5308 7228
5309 7849
5310 7848
5311 7847
5312 7846
5313 7845
5314 7844
5315 7843
5316 7842
5317 7149
5318 7148
5319 7147
5320 7146
5321 7145
5322 7144
5323 7143
5324 7142
5325 7141
5326 7140
5327 7139
5328 7138
5329 7137
5330 7136
5331 7135
5332 7134
5333 7363
5334 7362
5335 7361
5336 7360
5337 7359
5338 7358
5339 7357
5340 7356
5341 7355
5342 7354
5343 7403
5344 7402
5345 7401
5346 7400
5347 7399
5348 7398
5349 7397
5350 7396
5351 6748
5352 6747
5353 6746
5354 6745
5355 6744
5356 6743
5357 6742
5358 6741
5359 6740
5360 6739
5361 6738
5362 6737
5363 6736
5364 6735
5365 6734
5366 6733
5367 6630
5368 6629
5369 6628
5370 6627
5371 6626
5372 6625
5373 6624
5374 6623
5375 6650
5376 6649
5377 6648
5378 6647
5379 6646
5380 6645
5381 6644
5382 6643
5383 6642
5386 6674
5387 6673
5388 6672
5389 6671
5390 6670
5391 7599
5392 7598
5393 7597
5394 7596
5395 7595
5396 7594
5397 7593
5398 7592
5399 6756
5400 6755
5401 6754
5402 6753
5403 6752
5404 6751
5405 6750
5406 6749
5407 7395
5408 7394
5409 7393
5410 7392
5411 7391
5412 7390
5413 7389
5414 7388
5415 7387
5416 7386
5417 7385
5418 7384
5419 7383
5420 7382
5421 7381
5422 7380
5423 7379
5424 7378
5425 7377
5426 7376
5427 7375
5428 7374
5429 7373
5430 7372
5431 7371
5432 7157
5433 7156
5434 7155
5435 7154
5436 7153
5437 7152
5438 7151
5439 7150
5440 7841
5441 7840
5442 7839
5443 7838
5444 7837
5445 7836
5446 7835
5447 7834
5448 7833
5449 7832
5450 7831
5451 7830
5452 7829
5453 7828
5454 7827
5455 8436
5456 8435
5457 8434
5458 8433
5459 8432
5460 8431
5461 8430
5462 8429
5463 7961
5464 7960
5465 7959
5466 7958
5467 7957
5468 7956
5469 7955
5470 7954
5471 7953
5472 8328
5473 8327
5474 8326
5475 8325
5476 8324
5477 8323
5478 8322
5479 8321
5480 8320
5481 8319
5482 8318
5483 8317
5484 8316
5485 8315
5486 8314
5487 8313
5488 8894
5489 8893
5490 8892
5491 8891
5492 8890
5493 8889
5494 8888
5495 8887
5496 8240
5497 8239
5498 8238
5499 8237
5500 8236
5501 8235
5502 8234
5503 8233
5504 8751
5505 8750
5506 8749
5507 8748
5508 8747
5509 8746
5510 8745
5511 8744
5512 8743
5513 8742
5514 8741
5515 8740
5516 8739
5517 8738
5518 8737
5519 8736
5520 10054
5521 10053
5522 10052
5523 10051
5524 10050
5525 10049
5526 10048
5527 10047
5528 10046
5529 10045
5530 10095
5531 10094
5532 10093
5533 10092
5534 10091
5535 10090
5536 10089
5537 10088
5538 9424
5539 9423
5540 9422
5541 9421
5542 9420
5543 9419
5544 9418
5545 9417
5546 9416
5547 9415
5548 9414
5549 9413
5550 9412
5551 9411
5552 9410
5553 9190
5554 9189
5555 9188
5556 9187
5557 9186
5558 9185
5559 9184
5560 9183
5561 9182
5562 9181
5563 9180
5564 9179
5565 9178
5566 9177
5567 9176
5568 9175
5569 9174
5570 9173
5571 9172
5572 9171
5573 9170
5574 9169
5575 9168
5576 9167
5577 9166
5578 9165
5579 9164
5580 9163
5581 9162
5582 9161
5583 9160
5584 9159
5585 9158
5586 10908
5587 10907
5588 10906
5589 10905
5590 10904
5591 10903
5592 10902
5593 10901
5594 9556
5595 9555
5596 9554
5597 9553
5598 9552
5599 9551
5600 9550
5601 9549
5602 10591
5603 10590
5604 10589
5605 10588
5606 10587
5607 10586
5608 10585
5609 10584
5610 10583
5611 10582
5612 10581
5613 10580
5614 10579
5615 10578
5616 10627
5617 10626
5618 10625
5619 10624
5620 10623
5621 10622
5622 10621
5623 10620
5624 10619
5625 10618
5626 10617
5627 10616
5628 10680
5629 10679
5630 10678
5631 10677
5632 10676
5633 10675
5634 10674
5635 10673
5636 11590
5637 11589
5638 11588
5639 11587
5640 11586
5641 11585
5642 11584
5643 11583
5644 11582
5645 11581
5646 11580
5647 11579
5648 11578
5649 11577
5650 11576
5651 11453
5652 11452
5653 11451
5654 11450
5655 11449
5656 11448
5657 11447
5658 11446
5659 11445
5660 11444
5661 11443
5662 11442
5663 11441
5664 11440
5665 11439
5666 11438
5667 11437
5668 11436
5669 11435
5670 11434
5671 11433
5672 11432
5673 11431
5674 11430
5675 11429
5676 11428
5677 11427
5678 11426
5679 11425
5680 11424
5681 11423
5682 11422
5683 11421
5684 12925
5685 12924
5686 12923
5687 12922
5688 12921
5689 12920
5690 12919
5691 12918
5692 11722
5693 11721
5694 11720
5695 11719
5696 11718
5697 11717
5698 11716
5699 11715
5700 13052
5701 13051
5702 13050
5703 13049
5704 13048
5705 13047
5706 13046
5707 13045
5708 13044
5709 13043
5710 13042
5711 13041
5712 13040
5713 13039
5714 13038
5715 13037
5716 13036
5717 13035
5718 13034
5719 13033
5720 13032
5721 13031
5722 13030
5723 13029
5724 13028
5725 13027
5726 12591
5727 12590
5728 12589
5729 12588
5730 12587
5731 12586
5732 12585
5733 12584
5734 12259
5735 12258
5736 12257
5737 12256
5738 12255
5739 12254
5740 12253
5741 12252
5742 12251
5743 12250
5744 12249
5745 12248
5746 12247
5747 12246
5748 12245
5749 12491
5750 12490
5751 12489
5752 12488
5753 12487
5756 12496
5757 12495
5758 12494
5759 12493
5760 12492
5761 12244
5762 12243
5763 12242
5764 12241
5765 12240
5766 12239
5767 12238
5768 12237
5769 12143
5770 12142
5771 12141
5772 12140
5773 12139
5774 12138
5775 12137
5776 12136
5777 13085
5778 13084
5779 13083
5780 13082
5781 13081
5782 13080
5783 13079
5784 13078
5785 13077
5786 13076
5787 13075
5788 13074
5789 13073
5790 13072
5791 13071
5792 13070
5793 13069
5794 13068
5795 13067
5796 13066
5797 13065
5798 13064
5799 12658
5800 12657
5801 12656
5802 12655
5803 12654
5804 12653
5805 12652
5806 12651
5807 12650
5808 12649
5809 12648
5810 12941
5811 12940
5812 12939
5813 12938
5814 12937
5815 12936
5816 12935
5817 12934
5818 12933
5819 12932
5820 12931
5821 12930
5822 12929
5823 12928
5824 12927
5825 12926
5826 11420
5827 11419
5828 11418
5829 11417
5830 11416
5831 11415
5832 11414
5833 11413
5834 11393
5835 11392
5836 11391
5837 11390
5838 11389
5839 11388
5840 11387
5841 11386
5842 11385
5843 11384
5844 11383
5845 11382
5846 11381
5847 11466
5848 11465
5849 11464
5850 11463
5851 11462
5852 11461
5853 11460
5854 11459
5855 11458
5856 11457
5857 11456
5858 11455
5859 11454
5860 11575
5861 11574
5862 11573
5863 11572
5864 11571
5865 11570
5866 11569
5867 11568
5868 11814
5869 11813
5870 11812
5871 11811
5872 11810
5873 11809
5874 11808
5875 11807
5876 11066
5877 11065
5878 11064
5879 11063
5880 11062
5881 11061
5882 11060
5883 11059
5884 11058
5885 11057
5886 11056
5887 11055
5888 11054
5889 11053
5890 11052
5891 11051
5892 11050
5893 11049
5894 11048
5895 11047
5896 11046
5897 11045
5898 11044
5899 11043
5900 11042
5901 11041
5902 11040
5903 11039
5904 11038
5905 11037
5906 11036
5907 11035
5908 11034
5909 10924
5910 10923
5911 10922
5912 10921
5913 10920
5914 10919
5915 10918
5916 10917
5917 10916
5918 10915
5919 10914
5920 10913
5921 10912
5922 10911
5923 10910
5924 10909
5925 9157
5926 9156
5927 9155
5928 9154
5929 9153
5930 9152
5931 9151
5932 9150
5933 9132
5934 9131
5935 9130
5936 9129
5937 9128
5938 9127
5939 9126
5940 9125
5941 9124
5942 9123
5943 9122
5944 9205
5945 9204
5946 9203
5947 9202
5948 9201
5949 9200
5950 9199
5951 9198
5952 9197
5953 9196
5954 9195
5955 9194
5956 9193
5957 9192
5958 9191
5959 9409
5960 9408
5961 9407
5962 9406
5963 9405
5964 9404
5965 9403
5966 9402
5967 9650
5968 9649
5969 9648
5970 9647
5971 9646
5972 9645
5973 9644
5974 9643
5975 9786
5976 9785
5977 9784
5978 9783
5979 9782
5980 9781
5981 9780
5982 9779
5983 9778
5984 9777
5985 9776
5986 9775
5987 9774
5988 9773
5989 9772
5990 9771
5991 9770
5992 9769
5993 9704
5994 9703
5995 9702
5996 9701
5997 9700
5998 9699
5999 9698
6000 9697
6001 9746
6002 9745
6003 9744
6004 9743
6005 9742
6006 9741
6007 9740
6008 8910
6009 8909
6010 8908
6011 8907
6012 8906
6013 8905
6014 8904
6015 8903
6016 8902
6017 8901
6018 8900
6019 8899
6020 8898
6021 8897
6022 8896
6023 8895
6024 8312
6025 8311
6026 8310
6027 8309
6028 8308
6029 8307
6030 8306
6031 8305
6032 7772
6033 7771
6034 7770
6035 7769
6036 7768
6037 7767
6038 7766
6039 7765
6040 7764
6041 8453
6042 8452
6043 8451
6044 8450
6045 8449
6046 8448
6047 8447
6048 8446
6049 8445
6050 8444
6051 8443
6052 8442
6053 8441
6054 8440
6055 8439
6056 8438
6057 8437
6058 7826
6059 7825
6060 7824
6061 7823
6062 7822
6063 7821
6064 7820
6065 7819
6066 8053
6067 8052
6068 8051
6069 8050
6070 8049
6071 8048
6072 8047
6073 8046
6074 7722
6075 7721
6076 7720
6077 7719
6078 7718
6079 7717
6080 7716
6081 7715
6082 7714
6083 7713
6084 7712
6085 7711
6086 7710
6087 7709
6088 7708
6089 7707
6090 7133
6091 7132
6092 7131
6093 7130
6094 7129
6095 7128
6096 7127
6097 7126
6098 7125
6099 7124
6100 7623
6101 7622
6102 7621
6103 7620
6104 7619
6105 7618
6106 7617
6107 7616
6108 7615
6109 7614
6110 7613
6111 7612
6112 7611
6113 7610
6114 7609
6115 7608
6116 7607
6117 7606
6118 7605
6119 7604
6120 7603
6121 7602
6122 7601
6123 7600
6124 6669
6125 6668
6126 6667
6127 6666
6128 6665
6131 7103
6132 7102
6133 7101
6134 7100
6135 7099
6136 7098
6137 7097
6138 7096
6139 7095
6140 7094
6141 7093
6142 7092
6143 7091
6144 7090
6145 7089
6146 7088
6147 7087
6148 7086
6149 7085
6150 7084
6151 7083
6152 7082
6153 7081
6154 7080
6155 7079
6156 7078
6157 7077
6158 7076
6159 7075
6160 7074
6161 7073
6162 7072
6163 7071
6164 7070
6165 7069
6166 7068
6167 7067
6168 7066
6169 7065
6170 7064
6171 7063
6172 7062
6173 7061
6174 7060
6175 7059
6176 7058
6177 7057
6178 7056
6179 7055
6180 7054
6181 7053
6182 7052
6183 7051
6184 7050
6185 7049
6186 7048
6187 7047
6188 7046
6189 7045
6190 7730
6191 7729
6192 7728
6193 7727
6194 7726
6195 7725
6196 7724
6197 7723
6198 8045
6199 8044
6200 8043
6201 8042
6202 8041
6203 8040
6204 8039
6205 8038
6206 8037
6207 8036
6208 8035
6209 8034
6210 8033
6211 8032
6212 8031
6213 8030
6214 8029
6215 8028
6216 8027
6217 8026
6218 8025
6219 8024
6220 8023
6221 7755
6222 7754
6223 7753
6224 7752
6225 7751
6226 7750
6227 7749
6228 7748
6229 7747
6230 8691
6231 8690
6232 8689
6233 8688
6234 8687
6235 8686
6236 8685
6237 8684
6238 8683
6239 8682
6240 8681
6241 8680
6242 8679
6243 8678
6244 8677
6245 8676
6246 8675
6247 8674
6248 8673
6249 8672
6250 8671
6251 8670
6252 8669
6253 8668
6254 8918
6255 8917
6256 8916
6257 8915
6258 8914
6259 8913
6260 8912
6261 8911
6262 9739
6263 9738
6264 9737
6265 9736
6266 9735
6267 9734
6268 9733
6269 9732
6270 9731
6271 9730
6272 9729
6273 9728
6274 9727
6275 9726
6276 9725
6277 9724
6278 9723
6279 9722
6280 9721
6281 9720
6282 9719
6283 9718
6284 9717
6285 9716
6286 9715
6287 9714
6288 9794
6289 9793
6290 9792
6291 9791
6292 9790
6293 9789
6294 9788
6295 9787
6296 9642
6297 9641
6298 9640
6299 9639
6300 9638
6301 9637
6302 9636
6303 9635
6304 9634
6305 9633
6306 9632
6307 9631
6308 9630
6309 9629
6310 9628
6311 9627
6312 9626
6313 9625
6314 9624
6315 9623
6316 9622
6317 9621
6318 9620
6319 9619
6320 9618
6321 9617
6322 9616
6323 9615
6324 9614
6325 9613
6326 10392
6327 10391
6328 10390
6329 10389
6330 10388
6331 10387
6332 10386
6333 10385
6334 10384
6335 10383
6336 10382
6337 10381
6338 10380
6339 10379
6340 10378
6341 10377
6342 10376
6343 10375
6344 10374
6345 10373
6346 10372
6347 10371
6348 10370
6349 10369
6350 10368
6351 10367
6352 10932
6353 10931
6354 10930
6355 10929
6356 10928
6357 10927
6358 10926
6359 10925
6360 11033
6361 11032
6362 11031
6363 11030
6364 11029
6365 11028
6366 11027
6367 11026
6368 11025
6369 11024
6370 11023
6371 11022
6372 11021
6373 11020
6374 10975
6375 10974
6376 10973
6377 10972
6378 10971
6379 10970
6380 10969
6381 10968
6382 10967
6383 10966
6384 10965
6385 10964
6386 11074
6387 11073
6388 11072
6389 11071
6390 11070
6391 11069
6392 11068
6393 11067
6394 11806
6395 11805
6396 11804
6397 11803
6398 11802
6399 11801
6400 11800
6401 11799
6402 11798
6403 11797
6404 11796
6405 11795
6406 11794
6407 11793
6408 11792
6409 11791
6410 11790
6411 11789
6412 11788
6413 11787
6414 11786
6415 11785
6416 11784
6417 11783
6418 11782
6419 11781
6420 11780
6421 11779
6422 12093
6423 12092
6424 12091
6425 12090
6426 12089
6427 12088
6428 12087
6429 12086
6430 12085
6431 12084
6432 12083
6433 12082
6434 12081
6435 12080
6436 12079
6437 12078
6438 12077
6439 12076
6440 12075
6441 12074
6442 12073
6443 12072
6444 12071
6445 12070
6446 12069
6447 12068
6448 12067
6449 12066
6450 12949
6451 12948
6452 12947
6453 12946
6454 12945
6455 12944
6456 12943
6457 12942
6458 12647
6459 12646
6460 12645
6461 12644
6462 12643
6463 12642
6464 12641
6465 12640
6466 12639
6467 12638
6468 12637
6469 12636
6470 12685
6471 12684
6472 12683
6473 12682
6474 12681
6475 12680
6476 12679
6477 12678
6478 12677
6479 12676
6480 12675
6481 12674
6482 12673
6483 12672
6484 13093
6485 13092
6486 13091
6487 13090
6488 13089
6489 13088
6490 13087
6491 13086
6492 12135
6493 12134
6494 12133
6495 12132
6496 12131
6497 12130
6498 12129
6499 12128
6500 12127
6501 12126
6502 12125
6503 12124
6504 12123
6505 12122
6506 12121
6507 12120
6508 12119
6509 12118
6510 12117
6511 12116
6512 12115
6513 12114
6514 12113
6515 12112
6516 12111
6517 12110
6518 12109
6519 12108
6520 12107
6523 12106
6524 12105
6525 12104
6526 12103
6527 12102
6528 12101
6529 12100
6530 12099
6531 12098
6532 12097
6533 12096
6534 12095
6535 12094
6536 12228
6537 12227
6538 12226
6539 12225
6540 12224
6541 12223
6542 12222
6543 12221
6544 13109
6545 13108
6546 13107
6547 13106
6548 13105
6549 13104
6550 13103
6551 13102
6552 13101
6553 13100
6554 13099
6555 13098
6556 13097
6557 13096
6558 13095
6559 13094
6560 12671
6561 12670
6562 12669
6563 12668
6564 12667
6565 12666
6566 12665
6567 12664
6568 12663
6569 12662
6570 12661
6571 12660
6572 12659
