0 3851
1 3850
2 3849
3 3848
4 3847
5 3846
6 3845
7 3844
8 3843
9 3843
10 3841
11 3840
12 3839
13 3838
14 3837
15 3836
16 2192
17 2191
18 2190
19 2189
20 2188
21 2187
22 2186
23 2185
24 2184
25 2183
26 2182
27 2181
28 2180
29 2179
30 2178
31 2177
32 2176
33 2175
34 2174
35 2173
36 2172
37 2171
38 2170
39 2169
40 2168
41 2167
42 4706
43 4705
44 4704
45 4703
46 4703
47 4701
48 4700
49 4699
50 4698
51 4697
52 4696
53 4695
54 4694
55 4693
56 4693
57 4691
58 4690
59 4689
60 4688
61 4687
62 4686
63 4685
64 4684
65 4683
66 4683
67 4681
68 4680
69 4679
70 4678
71 5525
72 5524
73 5523
74 5522
75 5521
76 5520
77 5518
78 5518
79 5517
80 5516
81 5515
82 5514
83 5513
84 5512
85 5511
86 5509
87 5509
88 5508
89 5507
90 5506
91 5505
92 5504
93 5503
94 5502
95 5500
96 5500
97 6411
98 6410
99 6409
100 6408
101 6407
102 6406
103 6404
104 6404
105 6403
106 6402
107 6401
108 6400
109 6399
110 6398
111 6396
112 6396
113 6395
114 6394
115 6393
116 6392
117 6391
118 6390
119 6388
120 6388
121 6387
122 6386
123 6385
124 6384
125 6383
126 6382
127 6380
128 6380
129 6379
130 6378
131 6377
132 6376
133 6375
134 6374
135 6372
136 6372
137 6371
138 6370
139 6369
140 6368
141 6366
142 6366
143 6365
144 6364
145 6363
146 6362
147 6361
149 12832
150 12831
151 12830
152 12829
153 12828
154 12827
155 12826
156 12825
157 12824
158 12823
159 12822
160 12821
161 12820
162 12819
163 12818
164 11047
165 11046
166 11350
167 11349
168 11348
169 11347
170 11346
171 11345
172 11344
173 11343
174 11342
175 11341
176 11340
177 11339
178 11338
179 11337
180 11336
181 11335
182 11334
183 9196
184 9195
185 9194
186 9193
187 9192
188 9191
189 9190
190 9189
191 9188
192 11404
193 11403
194 11402
195 11401
196 11400
197 11399
198 11398
199 11397
200 11396
201 11395
202 11394
203 11393
204 10338
205 10337
206 10336
207 10335
208 10334
209 10333
210 10332
211 10331
212 10330
213 10329
214 10328
215 10327
216 10326
217 10325
218 10324
219 10323
220 10322
221 10321
222 10320
223 10319
224 10318
225 10317
226 13076
227 13075
228 13074
229 13073
230 13072
231 13071
232 13070
233 13069
234 13068
235 13067
236 11414
237 11413
238 11412
239 11411
240 11410
241 11409
242 11408
243 11407
244 11406
245 11405
246 11454
247 11453
248 11452
249 11451
250 11450
251 11449
252 11448
253 11447
254 11446
255 11445
256 11444
257 11443
258 11442
259 11441
260 13111
261 13110
262 13109
263 13108
264 13107
265 13106
266 13105
267 11510
268 11509
269 11508
270 11507
271 11506
272 11505
273 11504
274 11503
275 11502
276 11501
277 11500
278 11499
279 11498
280 11497
281 11496
282 11495
283 11494
284 11493
285 11492
286 11491
287 11490
288 11489
289 12859
290 12858
291 12857
292 12856
293 12855
294 12854
295 12853
296 12852
297 12851
298 12850
299 12849
300 12848
301 12847
302 12846
303 12845
304 12844
305 12843
306 12842
307 12841
308 12840
309 12839
310 12838
311 12837
312 12882
313 12881
314 12880
315 12879
316 12878
317 12877
318 12876
319 12875
320 12874
321 12873
322 12872
323 12603
324 12602
325 12601
326 12600
327 12599
328 12598
329 12597
330 12596
331 12595
332 12594
333 12593
334 11586
335 11585
336 11584
337 11583
338 11582
339 11581
340 11580
341 11610
342 11609
343 11608
344 11607
345 11606
346 11605
347 11604
348 11603
349 11602
350 11601
351 11600
352 11599
353 11598
354 11597
355 11596
356 11595
357 11594
358 11593
359 11592
360 11591
361 11590
362 11589
363 11588
364 11587
365 12931
366 12930
367 12929
368 12928
369 12927
370 12926
371 12925
372 12924
373 12923
374 12952
375 12951
376 12950
377 12949
378 12948
379 12947
380 12946
381 12945
382 12944
383 12943
384 12729
385 12728
386 11669
387 11668
388 11667
389 11666
390 11665
391 11664
392 11663
393 11662
394 11661
395 11660
396 11659
397 11658
398 11657
399 11656
400 11655
401 11654
402 11653
403 11652
404 11651
405 11724
406 11723
407 11722
408 11721
409 11720
410 11719
411 11718
412 11717
413 11716
414 11715
415 11714
416 11713
417 12973
418 12972
419 12971
420 12970
421 12969
422 12968
423 12967
424 12966
425 12965
426 12964
427 12994
428 12993
429 12992
430 12991
431 12990
432 12989
433 12988
434 12987
435 12986
436 12985
437 11799
438 11798
439 11797
440 11796
441 11795
442 11794
443 11793
444 11792
445 11791
446 11790
447 11831
448 11830
449 11829
450 11828
451 11827
452 11826
453 11825
454 11824
455 11823
456 11822
457 13018
458 13017
459 13016
460 13015
461 13014
462 13013
463 13012
464 13011
465 13010
468 11889
469 11888
470 11887
471 11886
472 11885
473 11884
474 11883
475 11882
476 11841
477 11840
478 11839
479 11838
480 11837
481 11836
482 11835
483 11834
484 11833
485 11832
486 11789
487 11788
488 11787
489 11786
490 11785
491 11784
492 11783
493 11782
494 11781
495 11780
496 11779
497 10552
498 10551
499 10550
500 10549
501 10548
502 10547
503 10546
504 10545
505 10544
506 10543
507 10542
508 10541
509 10540
510 10539
511 10538
512 10537
513 10536
514 10535
515 10534
516 12170
517 12169
518 12168
519 12167
520 12166
521 12165
522 11729
523 11728
524 11727
525 11726
526 11725
527 11650
528 11649
529 11648
530 11647
531 11646
532 11645
533 11644
534 11643
535 11642
536 11641
537 11640
538 11639
539 11638
540 11637
541 11636
542 11635
543 11634
544 11633
545 11632
546 11631
547 11630
548 11629
549 11628
550 12899
551 12898
552 12897
553 12896
554 12895
555 12894
556 12893
557 12892
558 12891
559 12890
560 12889
561 12888
562 12887
563 12886
564 12885
565 12884
566 12883
567 10533
568 10532
569 10531
570 10530
571 10529
572 10528
573 10527
574 10526
575 10525
576 10524
577 10523
578 10522
579 10521
580 10520
581 10519
582 11618
583 11617
584 11616
585 11615
586 11614
587 11613
588 11612
589 11611
590 11579
591 11578
592 11577
593 11576
594 11575
595 11574
596 11573
597 11572
598 11571
599 11570
600 11569
601 11568
602 10488
603 10487
604 10486
605 10485
606 10484
607 10483
608 10482
609 10481
610 10480
611 10479
612 10478
613 10477
614 10476
615 10475
616 10474
617 10473
618 10472
619 10471
620 10470
621 10469
622 10468
623 10467
624 10466
625 10423
626 10422
627 10421
628 10420
629 10419
630 10418
631 10417
632 10416
633 10415
634 9419
635 9418
636 9417
637 9416
638 9415
639 9414
640 9413
641 9412
642 11488
643 11487
644 11486
645 11485
646 11484
647 11483
648 11482
649 11481
650 11480
651 11479
652 11478
653 11477
654 11476
655 11518
656 11517
657 11516
658 11515
659 11514
660 11513
661 11512
662 11511
663 11475
664 11474
665 11473
666 11472
667 11471
668 11470
669 11469
670 11468
671 11467
672 11466
673 11465
674 11464
675 11463
676 11462
677 11461
678 11460
679 11459
680 11458
681 11457
682 11456
683 11455
684 11424
685 11423
686 11422
687 11421
688 11420
689 11419
690 11418
691 11417
692 11416
693 11415
694 13066
695 13065
696 13064
697 13063
698 13062
699 13061
700 13060
701 13059
702 13058
703 13057
704 13056
705 13055
706 13054
707 13053
708 13052
709 13051
710 10354
711 10353
712 10352
713 10351
714 10350
715 10349
716 10348
717 10347
718 10346
719 10345
720 10344
721 10343
722 10342
723 10341
724 10340
725 10339
726 11392
727 11391
728 11390
729 11389
730 11388
731 11387
732 9211
733 9210
734 9209
735 9208
736 9207
737 9206
738 9205
739 9204
740 9203
741 9202
742 9201
743 9200
744 9199
745 9198
746 9197
747 11333
748 11332
749 11331
750 11330
751 11329
752 11328
753 11327
754 11326
755 11325
756 11324
757 11323
758 11322
759 11321
760 12794
761 12793
762 12792
763 12791
764 12790
765 12789
766 12788
767 12787
768 12786
769 12785
770 12784
771 12783
772 12782
773 12781
774 12780
775 12779
776 12778
777 11306
778 11305
779 11304
780 11303
783 10654
784 10653
785 10652
786 10651
787 10650
788 10649
789 10648
790 10647
791 12809
792 12808
793 12807
794 12806
795 12805
796 12804
797 12803
798 12802
799 12801
800 12800
801 12799
802 12798
803 12797
804 12796
805 12795
806 11320
807 11319
808 11318
809 11317
810 11316
811 11315
812 11314
813 11313
814 11312
815 11311
816 11310
817 11938
818 11937
819 11936
820 11935
821 11934
822 11933
823 11932
824 11931
825 11930
826 11929
827 11928
828 11927
829 11926
830 11925
831 11924
832 11923
833 11922
834 11921
835 11920
836 11919
837 11918
838 11917
839 11916
840 11915
841 12325
842 12324
843 12323
844 12322
845 12321
846 12320
847 12319
848 12318
849 12317
850 12316
851 12315
852 12314
853 12313
854 12312
855 12311
856 12310
857 12309
858 12308
859 10741
860 10740
861 10739
862 10738
863 10737
864 10736
865 10735
866 10734
867 10733
868 10732
869 10731
870 10730
871 10729
872 10728
873 10727
874 10726
875 10725
876 10724
877 10723
878 10722
879 10721
880 10720
881 10719
882 10718
883 10717
884 10716
885 10715
886 10714
887 10713
888 10712
889 10711
890 10710
891 10709
892 10708
893 10707
894 10706
895 11996
896 11995
897 11994
898 11993
899 11992
900 11991
901 11990
902 11989
903 11988
904 11987
905 11986
906 11432
907 11431
908 11430
909 11429
910 11428
911 11427
912 11426
913 11425
914 11125
915 11124
916 11123
917 11122
918 11121
919 11120
920 11119
921 11118
922 11526
923 11525
924 11524
925 11523
926 11522
927 11521
928 11520
929 11519
930 10836
931 10835
932 10834
933 10833
934 10832
935 10831
936 10830
937 10829
938 10828
939 10827
940 10826
941 10825
942 10824
943 9431
944 9430
945 9429
946 9428
947 9427
948 9426
949 9425
950 9424
951 9423
952 9422
953 9421
954 9420
955 10414
956 10413
957 958
959 10410
960 10409
961 10408
962 10407
963 10406
964 10405
965 10404
966 10403
967 13232
968 13231
969 13230
970 13229
971 13228
972 13227
973 13226
974 13225
975 13224
976 13223
977 13222
978 13221
979 13220
980 13219
981 13218
982 13217
983 13216
984 13215
985 13214
986 11534
987 11533
988 11532
989 11531
990 11530
991 11529
992 11528
993 11527
994 11567
995 11566
996 11565
997 11564
998 11563
999 11562
1000 11561
1001 11560
1002 11559
1003 11558
1004 1005
1006 11555
1007 12053
1008 12052
1009 12051
1010 12050
1011 12049
1012 12048
1013 12047
1014 12046
1015 12045
1016 12044
1017 12043
1018 12042
1019 12041
1020 12040
1021 12039
1022 12038
1023 12037
1024 12036
1025 12035
1026 12034
1027 12033
1028 12032
1029 12031
1030 12104
1031 12103
1032 12102
1033 12101
1034 12100
1035 12099
1036 12098
1037 12097
1038 12096
1039 12095
1040 12094
1041 12915
1042 12914
1043 12913
1044 12912
1045 12911
1046 12910
1047 12909
1048 12908
1049 12907
1050 12906
1051 12905
1052 12904
1053 12903
1054 12902
1055 12901
1056 12900
1057 11627
1058 11626
1059 11625
1060 11624
1061 11623
1062 11622
1063 11621
1064 11620
1065 11619
1066 12164
1067 12163
1068 12162
1069 12161
1070 12160
1071 12159
1072 12158
1073 12157
1074 12156
1075 12155
1076 12154
1077 12153
1078 12152
1079 12151
1080 12150
1081 12149
1082 12186
1083 12185
1084 12184
1085 12183
1086 12182
1087 12181
1088 12180
1089 12179
1090 12178
1091 12177
1092 12176
1093 12175
1094 12174
1095 12173
1096 12172
1097 12171
1098 11045
1099 11044
1100 11043
1101 11042
1102 11041
1103 11040
1104 11039
1105 11038
1106 11037
1107 11036
1108 11035
1109 11034
1110 11033
1111 11032
1112 10559
1113 10558
1114 10557
1115 10556
1116 10555
1117 10554
1118 10553
1119 11778
1120 11777
1121 11776
1122 11775
1123 11774
1124 11773
1125 11772
1126 11771
1127 11770
1128 11769
1129 11768
1130 11767
1131 11766
1132 11765
1133 11764
1134 11763
1135 11849
1136 11848
1137 11847
1138 11846
1139 11845
1140 11844
1141 11843
1142 11842
1143 11881
1144 11880
1145 11879
1146 11878
1147 11877
1148 11876
1149 11875
1150 11874
1151 11873
1154 10607
1155 10606
1156 10605
1157 10604
1158 10603
1159 10602
1160 10601
1161 10600
1162 10599
1163 10598
1164 10646
1165 10645
1166 10644
1167 10643
1168 10642
1169 10641
1170 10640
1171 10639
1172 10638
1173 10637
1174 10636
1175 10635
1176 10634
1177 10633
1178 10575
1179 10574
1180 10573
1181 10572
1182 10571
1183 10570
1184 10569
1185 10568
1186 10567
1187 10566
1188 10565
1189 10564
1190 10563
1191 10562
1192 10561
1193 10560
1194 11031
1195 11030
1196 11029
1197 11028
1198 11027
1199 11026
1200 11025
1201 11024
1202 10260
1203 10259
1204 10258
1205 10257
1206 10256
1207 10255
1208 10254
1209 10253
1210 10252
1211 10985
1212 10984
1213 10983
1214 10982
1215 10981
1216 10980
1217 10979
1218 10978
1219 10977
1220 10976
1221 10975
1222 10974
1223 10973
1224 10972
1225 10971
1226 10970
1227 10969
1228 10968
1229 10967
1230 10966
1231 10965
1232 10964
1233 10963
1234 10962
1235 10961
1236 9883
1237 9882
1238 9881
1239 10930
1240 10929
1241 10928
1242 10927
1243 10926
1244 10925
1245 10924
1246 10923
1247 10922
1248 10921
1249 10920
1250 10919
1251 10918
1252 10917
1253 10916
1254 10870
1255 10869
1256 10868
1257 10867
1258 10866
1259 10865
1260 10864
1261 10863
1262 10862
1263 8302
1264 8301
1265 8300
1266 8299
1267 8298
1268 8297
1269 8296
1270 8295
1271 8294
1272 8293
1273 8292
1274 8291
1275 8290
1276 8289
1277 8288
1278 8287
1279 8286
1280 8285
1281 8284
1282 8283
1283 8282
1284 8281
1285 8280
1286 8279
1287 8278
1288 8277
1289 9045
1290 9044
1291 9043
1292 9042
1293 9041
1294 9040
1295 9039
1296 9038
1297 9037
1298 9036
1299 11554
1300 11553
1301 11552
1302 11551
1303 11550
1304 11549
1305 11548
1306 11547
1307 11546
1308 11545
1309 11544
1310 11543
1311 11542
1312 11541
1313 11540
1314 11539
1315 11538
1316 11537
1317 11536
1318 11535
1319 13213
1320 13212
1321 13211
1322 13210
1323 13209
1324 13208
1325 13207
1326 13206
1327 10455
1328 10454
1329 10453
1330 10452
1331 10451
1332 10450
1333 10449
1334 10448
1335 10447
1336 10446
1337 10445
1338 10444
1339 10443
1340 10442
1341 10441
1342 11163
1343 11162
1344 11161
1345 11160
1346 11159
1347 11158
1348 11157
1349 9443
1350 9442
1351 9441
1352 9440
1353 9439
1354 9438
1355 9437
1356 9436
1357 9435
1358 9434
1359 9433
1360 9432
1361 10823
1362 10822
1363 10821
1364 10820
1365 10819
1366 10818
1367 10817
1368 10816
1369 10815
1370 10814
1371 10813
1372 10812
1373 10811
1374 10810
1375 10809
1376 10808
1377 10807
1378 10806
1379 10805
1380 10804
1381 10803
1382 11117
1383 11116
1384 11115
1385 11114
1386 11113
1387 11112
1388 11111
1389 11110
1390 11109
1391 11108
1392 11107
1393 11106
1394 10793
1395 10792
1396 10791
1397 10790
1398 10789
1399 10788
1400 10787
1401 10786
1402 10785
1403 10784
1404 10783
1405 10782
1406 10781
1407 10780
1408 10779
1409 10778
1410 10777
1411 10776
1412 10775
1413 10774
1414 10773
1415 10772
1416 10771
1417 10770
1418 10769
1419 10768
1420 10767
1421 10766
1422 10765
1423 10764
1424 10763
1425 10762
1426 10761
1427 10760
1428 10394
1429 10393
1430 10392
1431 10391
1432 10390
1433 10389
1434 10388
1435 10387
1436 10386
1437 10749
1438 10748
1439 10747
1440 10746
1441 10745
1442 10744
1443 10743
1444 10742
1445 12307
1446 12306
1447 12305
1448 12304
1449 12303
1450 12302
1451 12301
1452 12300
1453 11376
1454 11375
1455 11374
1456 11373
1457 11372
1458 11371
1459 11370
1460 11369
1461 11368
1462 11367
1463 11366
1464 11365
1465 11364
1466 11363
1467 11362
1468 11361
1469 11360
1470 11359
1471 11358
1472 11357
1473 11356
1474 11355
1475 11354
1476 11353
1477 11352
1478 11351
1479 12224
1480 12223
1481 12222
1482 12221
1483 12220
1484 12219
1485 12218
1486 12217
1487 11309
1488 11308
1489 11307
1490 10705
1491 10704
1492 10703
1493 10702
1494 10701
1495 10700
1496 10699
1497 10698
1498 10697
1499 10696
1500 10695
1501 10694
1502 10693
1503 10692
1504 10691
1505 10690
1506 10689
1507 10688
1508 10687
1509 10686
1510 10685
1511 10684
1512 10683
1513 10682
1514 10681
1515 10680
1516 10679
1517 10678
1518 10677
1519 10676
1520 10675
1523 11298
1524 11297
1525 11296
1526 11295
1527 11294
1528 11293
1529 11292
1530 11291
1531 11290
1532 11289
1533 11288
1534 11287
1535 11286
1536 11285
1537 11284
1538 11283
1539 11282
1540 11281
1541 11280
1542 11279
1543 11278
1544 11277
1545 11276
1546 11275
1547 9161
1548 9160
1549 9159
1550 9158
1551 9157
1552 9156
1553 9155
1554 9154
1555 9153
1556 9152
1557 9226
1558 9225
1559 9224
1560 9223
1561 9222
1562 9221
1563 9220
1564 9219
1565 9218
1566 9217
1567 9216
1568 9215
1569 9214
1570 9213
1571 9212
1572 11386
1573 11385
1574 11384
1575 11383
1576 11382
1577 11381
1578 11380
1579 11379
1580 11378
1581 11377
1582 12299
1583 12298
1584 12297
1585 12296
1586 12295
1587 12294
1588 12293
1589 12292
1590 12291
1591 12290
1592 10356
1593 10355
1594 10402
1595 10401
1596 10400
1597 10399
1598 10398
1599 10397
1600 10396
1601 10395
1602 9332
1603 9331
1604 9330
1605 9329
1606 9328
1607 9327
1608 9326
1609 9325
1610 9324
1611 9323
1612 9322
1613 9321
1614 9320
1615 9319
1616 9318
1617 9317
1618 9316
1619 9315
1620 9349
1621 9348
1622 9347
1623 9346
1624 9345
1625 9344
1626 9343
1627 9342
1628 9341
1629 9340
1630 9407
1631 9406
1632 9405
1633 9404
1634 9403
1635 9402
1636 9401
1637 9400
1638 9399
1639 9398
1640 9397
1641 9396
1642 9395
1643 9394
1644 9393
1645 9392
1646 9391
1647 9390
1648 9389
1649 9388
1650 9387
1651 9386
1652 9458
1653 9457
1654 9456
1655 9455
1656 9454
1657 9453
1658 9452
1659 9451
1660 9450
1661 9449
1662 9448
1663 9447
1664 9446
1665 9445
1666 9444
1667 10432
1668 10431
1669 10430
1670 10429
1671 10428
1672 10427
1673 10426
1674 10425
1675 10424
1676 10465
1677 10464
1678 10463
1679 10462
1680 10461
1681 10460
1682 10459
1683 10458
1684 10457
1685 10456
1686 13205
1687 13204
1688 9520
1689 9519
1690 9518
1691 9517
1692 9516
1693 9515
1694 9514
1695 9513
1696 9512
1697 9511
1698 9510
1699 9509
1700 9508
1701 9507
1702 9506
1703 9505
1704 9504
1705 8804
1706 8803
1707 8802
1708 8801
1709 8800
1710 8799
1711 8798
1712 8797
1713 8796
1714 8795
1715 8794
1716 8793
1717 8792
1718 10518
1719 10517
1720 10516
1721 10515
1722 10514
1723 10513
1724 10512
1725 10511
1726 8314
1727 8313
1728 8312
1729 8311
1730 8310
1731 8309
1732 8308
1733 8307
1734 8306
1735 8305
1736 8304
1737 8303
1738 10861
1739 10860
1740 10859
1741 10858
1742 10857
1743 10856
1744 10855
1745 10854
1746 10853
1747 9554
1748 9553
1749 9552
1750 9551
1751 9550
1752 9549
1753 9548
1754 9547
1755 9546
1756 9545
1757 9544
1758 9543
1759 9542
1760 9541
1761 9540
1762 9539
1763 9538
1764 9537
1765 9536
1766 9535
1767 9534
1768 9533
1769 9532
1770 9531
1771 9530
1772 9529
1773 9528
1774 9527
1775 9526
1776 9525
1777 9524
1778 9523
1779 9522
1780 9521
1781 10251
1782 10250
1783 9591
1784 9590
1785 9589
1786 9588
1787 9587
1788 9586
1789 9585
1790 9584
1791 9583
1792 9582
1793 9581
1794 9580
1795 9579
1796 9578
1797 7424
1798 7423
1799 10586
1800 10585
1801 10584
1802 10583
1803 10582
1804 10581
1805 10580
1806 10579
1807 10578
1808 10577
1809 10576
1810 10632
1811 10631
1812 10630
1813 10629
1814 10628
1815 10627
1816 10626
1817 10625
1818 10624
1819 10623
1820 10622
1821 10621
1822 10620
1823 10619
1824 10618
1825 10617
1826 10616
1827 10615
1828 10614
1829 10613
1830 10612
1833 9648
1834 9647
1835 9646
1836 9645
1837 9667
1838 9666
1839 9665
1840 9664
1841 9663
1842 9628
1843 9627
1844 9626
1845 9625
1846 9624
1847 9623
1848 9622
1849 9621
1850 9620
1851 9619
1852 9618
1853 9617
1854 7438
1855 7437
1856 7436
1857 7435
1858 7434
1859 7433
1860 7432
1861 7431
1862 7430
1863 7429
1864 7428
1865 7427
1866 7426
1867 7425
1868 9577
1869 9576
1870 9575
1871 9574
1872 9573
1873 8389
1874 8388
1875 8387
1876 8386
1877 8385
1878 8384
1879 8383
1880 8382
1881 8381
1882 8380
1883 8379
1884 8378
1885 8377
1886 8376
1887 8375
1888 8374
1889 8373
1890 8372
1891 8371
1892 8370
1893 8369
1894 8368
1895 8367
1896 8366
1897 9572
1898 9571
1899 9570
1900 9569
1901 9568
1902 9567
1903 9566
1904 9565
1905 9564
1906 9563
1907 9562
1908 9561
1909 9560
1910 9559
1911 9558
1912 9557
1913 9556
1914 9555
1915 10852
1916 10851
1917 10850
1918 10849
1919 10848
1920 10847
1921 10846
1922 10845
1923 10844
1924 10843
1925 10842
1926 10841
1927 10840
1928 10839
1929 8321
1930 8320
1931 8319
1932 8318
1933 8317
1934 8316
1935 8315
1936 10510
1937 10509
1938 10508
1939 10507
1940 10506
1941 10505
1942 10504
1943 10503
1944 10502
1945 10501
1946 8814
1947 8813
1948 8812
1949 8811
1950 8810
1951 8809
1952 8808
1953 8807
1954 8806
1955 8805
1956 9503
1957 9502
1958 9501
1959 9500
1960 9499
1961 9498
1962 9497
1963 9496
1964 9495
1965 9494
1966 9493
1967 9492
1968 9491
1969 9490
1970 9489
1971 9488
1972 9487
1973 9486
1974 9485
1975 9484
1976 9483
1977 9482
1978 9481
1979 9480
1980 9479
1981 9478
1982 9477
1983 9476
1984 9475
1985 9474
1986 9473
1987 9472
1988 8748
1989 8747
1990 8746
1991 8745
1992 8744
1993 8743
1994 8742
1995 9471
1996 9470
1997 9469
1998 9468
1999 9467
2000 9466
2001 9465
2002 9464
2003 9463
2004 9462
2005 9461
2006 9460
2007 9459
2008 9385
2009 9384
2010 9383
2011 9382
2012 9381
2013 9380
2014 9379
2015 9378
2016 9377
2017 9376
2018 9375
2019 9374
2020 9373
2021 9372
2022 9371
2023 7890
2024 7889
2025 9411
2026 9410
2027 9409
2028 9408
2029 9339
2030 9338
2031 9337
2032 9336
2033 9335
2034 9334
2035 9333
2036 9352
2037 9351
2038 9350
2039 9314
2040 9313
2041 9312
2042 9311
2043 9310
2044 9309
2045 9308
2046 9287
2047 9286
2048 9285
2049 9284
2050 9283
2051 9282
2052 9281
2053 9280
2054 9279
2055 9278
2056 9277
2057 9276
2058 9275
2059 9274
2060 9273
2061 9272
2062 9271
2063 9270
2064 9269
2065 9268
2066 9267
2067 9266
2068 9265
2069 9264
2070 9263
2071 9262
2072 8519
2073 8518
2074 8517
2075 8516
2076 8515
2077 8514
2078 8513
2079 8512
2080 8511
2081 8510
2082 8509
2083 8508
2084 8507
2085 8506
2086 8505
2087 8504
2088 7477
2089 7476
2090 7475
2091 7474
2092 7473
2093 7472
2094 7471
2095 7470
2096 7469
2097 9231
2098 9230
2099 9229
2100 9228
2101 9227
2102 9171
2103 9170
2104 9169
2105 9168
2106 9167
2107 9166
2108 9165
2109 9164
2110 9163
2111 9162
2112 11274
2113 11273
2114 11272
2115 11271
2116 11270
2117 11269
2118 11268
2119 11267
2120 11266
2121 11265
2122 11264
2123 11263
2124 11262
2125 11261
2126 11260
2127 11259
2128 9133
2129 9132
2130 9151
2131 9150
2132 9149
2133 9148
2134 9147
2135 9146
2138 9996
2139 9995
2140 9994
2141 9993
2142 9992
2143 9991
2144 9990
2145 9989
2146 9988
2147 9987
2148 9986
2149 9985
2150 9984
2151 8485
2152 8484
2153 8483
2154 8482
2155 8481
2156 8480
2157 8479
2158 8478
2159 8477
2160 8476
2161 8475
2162 8474
2163 10026
2164 10025
2165 10024
2166 10023
2193 8538
2194 8537
2195 8536
2196 8535
2197 8534
2198 8533
2199 8532
2200 8531
2201 8530
2202 8529
2203 8528
2204 8527
2205 8526
2206 8525
2207 8524
2208 8523
2209 8522
2210 8521
2211 8520
2212 9261
2213 9260
2214 9259
2215 9258
2216 9257
2217 9256
2218 9255
2219 9254
2220 9253
2221 9252
2222 9251
2223 9250
2224 9249
2225 9248
2226 9247
2227 8950
2228 8949
2229 8948
2230 8947
2231 8946
2232 8945
2233 8944
2234 8943
2235 8638
2236 8637
2237 8636
2238 8635
2239 8634
2240 8633
2241 8632
2242 8631
2243 8630
2244 8629
2245 8628
2246 8627
2247 8626
2248 8625
2249 8624
2250 10171
2251 10170
2252 10169
2253 10168
2254 10167
2255 10166
2256 10165
2257 10164
2258 10163
2259 10162
2260 10161
2261 10160
2262 10159
2263 10158
2264 10157
2265 10156
2266 10155
2267 10154
2268 10153
2269 9707
2270 9706
2271 9705
2272 9704
2273 9703
2274 9702
2275 9701
2276 9700
2277 8680
2278 8679
2279 8678
2280 8677
2281 8676
2282 8675
2283 8674
2284 8673
2285 8672
2286 8671
2287 8670
2288 8669
2289 8668
2290 8667
2291 8666
2292 8665
2293 8664
2294 8663
2295 8662
2296 8661
2297 8660
2298 8767
2299 8766
2300 8765
2301 8764
2302 8763
2303 8762
2304 8761
2305 8760
2306 8759
2307 8758
2308 8757
2309 8756
2310 8755
2311 8754
2312 8753
2313 8752
2314 8751
2315 8750
2316 8749
2317 9762
2318 9761
2319 9760
2320 9759
2321 9758
2322 9757
2323 9756
2324 9755
2325 9754
2326 9753
2327 9752
2328 9751
2329 9750
2330 9749
2331 9748
2332 10222
2333 10221
2334 10220
2335 10219
2336 10218
2337 10217
2338 10216
2339 10215
2340 10214
2341 7996
2342 7995
2343 7994
2344 7993
2345 7992
2346 7991
2347 7990
2348 7989
2349 7988
2350 7987
2351 7986
2352 7985
2353 7984
2354 7983
2355 7982
2356 7981
2357 7980
2358 7979
2359 7978
2360 7977
2361 7976
2362 8821
2363 8820
2364 8819
2365 8818
2366 8817
2367 8816
2368 8815
2369 10500
2370 10499
2371 10498
2372 10497
2373 10496
2374 10495
2375 10494
2376 10493
2377 10492
2378 10491
2379 10490
2380 10489
2381 9820
2382 9819
2383 9818
2384 9817
2385 8863
2386 8862
2387 8861
2388 8860
2389 8859
2390 8858
2391 8857
2392 8856
2393 9880
2394 9879
2395 9878
2396 9877
2397 9876
2398 9875
2399 9874
2400 9873
2401 9872
2402 9871
2403 9870
2404 9869
2405 9868
2406 9927
2407 9926
2408 9925
2409 9924
2410 9923
2411 9922
2412 9921
2413 9920
2414 9919
2415 9918
2416 9917
2417 9916
2418 9915
2419 9914
2420 9913
2421 9912
2422 9911
2423 9910
2424 9909
2425 9908
2426 9907
2427 9906
2428 9905
2429 12123
2430 12122
2431 12121
2432 12120
2433 12119
2434 12118
2435 12117
2436 12116
2437 12115
2438 12114
2439 12113
2440 12112
2441 12111
2442 12110
2443 12109
2444 12108
2445 12107
2446 12106
2447 12105
2448 9978
2449 9977
2450 9976
2451 9975
2452 9974
2453 9973
2454 9972
2455 9971
2456 9970
2457 9969
2458 9968
2459 9967
2460 9966
2461 9965
2462 9964
2463 9963
2464 9962
2465 9961
2466 9960
2467 8883
2468 8882
2469 8881
2470 8880
2471 8879
2472 8878
2473 8877
2474 8876
2475 8875
2476 8874
2477 8873
2478 8872
2479 9644
2480 9643
2481 9642
2482 9641
2483 9640
2484 9639
2485 9638
2486 9637
2487 9636
2488 9635
2489 9634
2490 9633
2491 9632
2492 9631
2493 9630
2494 9629
2495 9662
2496 9661
2497 9660
2498 9659
2499 9658
2500 9657
2501 9656
2502 9655
2503 9654
2504 9653
2507 9110
2508 9109
2509 9108
2510 9107
2511 9106
2512 9105
2513 9104
2514 9103
2515 9102
2516 9101
2517 9100
2518 9099
2519 9098
2520 9607
2521 9606
2522 9605
2523 9604
2524 9603
2525 9602
2526 9601
2527 9600
2528 9599
2529 9598
2530 9597
2531 9596
2532 9595
2533 9594
2534 9593
2535 9592
2536 8892
2537 8891
2538 8890
2539 8889
2540 8888
2541 8887
2542 8886
2543 8885
2544 8884
2545 9959
2546 9958
2547 9957
2548 9956
2549 9955
2550 9954
2551 9953
2552 9952
2553 9951
2554 9950
2555 9949
2556 9948
2557 9947
2558 9946
2559 9945
2560 9944
2561 9943
2562 9942
2563 9941
2564 9940
2565 9939
2566 9938
2567 9937
2568 9936
2569 9935
2570 9934
2571 9933
2572 9932
2573 8358
2574 8357
2575 8356
2576 8355
2577 8354
2578 8353
2579 8352
2580 8351
2581 8350
2582 8349
2583 8348
2584 8347
2585 8346
2586 8345
2587 8344
2588 8343
2589 8342
2590 8341
2591 8340
2592 8339
2593 8338
2594 8337
2595 8336
2596 8335
2597 8334
2598 8333
2599 8090
2600 8089
2601 8088
2602 8087
2603 8086
2604 8085
2605 8084
2606 8083
2607 8082
2608 8081
2609 8080
2610 8079
2611 8078
2612 8077
2613 8076
2614 8075
2615 8074
2616 8073
2617 8072
2618 8071
2619 8855
2620 8854
2621 8853
2622 8852
2623 8851
2624 8850
2625 8849
2626 8848
2627 8847
2628 8846
2629 8845
2630 8844
2631 8843
2632 8842
2633 8841
2634 8840
2635 8839
2636 8835
2637 8834
2638 8833
2639 8832
2640 8831
2641 8830
2642 8829
2643 8828
2644 8827
2645 8826
2646 8825
2647 8824
2648 8823
2649 8822
2650 7975
2651 7974
2652 7973
2653 7972
2654 7971
2655 7970
2656 7969
2657 7968
2658 7967
2659 7966
2660 7965
2661 7964
2662 8004
2663 8003
2664 8002
2665 8001
2666 8000
2667 7999
2668 7998
2669 7997
2670 10213
2671 10212
2672 10211
2673 10210
2674 10209
2675 10208
2676 10207
2677 10206
2678 10205
2679 10204
2680 8269
2681 8268
2682 8267
2683 8266
2684 8265
2685 8264
2686 8263
2687 8262
2688 8791
2689 8790
2690 8789
2691 8788
2692 8787
2693 8786
2694 8785
2695 8784
2696 8783
2697 8782
2698 8781
2699 8780
2700 8779
2701 8778
2702 8777
2703 8776
2704 8775
2705 8774
2706 8773
2707 8772
2708 8771
2709 8770
2710 8769
2711 8768
2712 8741
2713 8740
2714 8739
2715 8738
2716 8737
2717 8736
2718 8735
2719 8734
2720 8733
2721 8732
2722 8731
2723 8730
2724 8729
2725 8688
2726 8687
2727 8686
2728 8685
2729 8684
2730 8683
2731 8682
2732 8681
2733 9699
2734 9698
2735 9697
2736 9696
2737 9695
2738 9694
2739 9693
2740 9692
2741 9691
2742 9690
2743 9689
2744 7911
2745 7910
2746 7909
2747 7908
2748 7907
2749 7906
2750 7905
2751 7904
2752 9297
2753 9296
2754 9295
2755 9294
2756 9293
2757 9292
2758 9291
2759 9290
2760 9289
2761 9288
2762 8651
2763 8650
2764 8649
2765 8648
2766 8647
2767 8646
2768 8645
2769 8644
2770 8643
2771 8642
2772 8641
2773 8640
2774 8639
2775 8942
2776 8941
2777 8940
2778 8939
2779 8938
2780 8937
2781 8936
2782 8935
2783 8934
2784 8933
2785 8932
2786 8931
2787 8930
2788 8929
2789 8928
2790 8927
2791 8926
2792 8925
2793 8924
2794 8601
2795 8600
2796 8599
2797 8598
2798 8557
2799 8556
2800 8555
2801 8554
2802 8553
2803 8552
2804 8551
2805 8550
2806 8549
2807 8548
2808 8547
2809 8546
2810 8545
2811 8544
2812 8543
2813 8542
2814 8541
2815 8540
2816 8539
2817 7523
2818 7522
2819 7521
2820 7520
2821 7519
2822 7518
2823 7517
2824 7516
2825 7515
2826 7514
2827 7513
2828 7512
2829 7511
2830 7510
2831 7509
2832 7508
2833 6828
2834 6827
2835 6826
2836 6825
2837 6824
2838 6823
2839 6822
2840 6821
2841 8503
2842 8502
2843 8501
2844 8500
2845 8499
2846 8498
2847 8497
2848 8496
2849 8495
2850 8494
2851 8493
2852 8492
2853 8491
2854 8490
2855 8489
2856 8488
2857 8487
2858 8486
2859 8449
2860 8448
2861 8447
2862 8446
2863 8445
2864 8444
2865 8443
2866 8442
2867 8441
2868 8440
2869 8439
2870 8438
2871 8437
2874 9141
2875 9140
2876 9139
2877 9138
2878 9137
2879 9136
2880 9135
2881 9134
2882 11258
2883 11257
2884 11256
2885 11255
2886 11254
2887 11253
2888 11252
2889 11251
2890 11250
2891 11249
2892 11248
2893 11247
2894 6871
2895 6870
2896 6869
2897 6868
2898 6867
2899 6866
2900 6865
2901 6864
2902 6863
2903 6862
2904 6861
2905 6860
2906 6859
2907 6858
2908 7491
2909 7490
2910 7489
2911 7488
2912 7487
2913 7486
2914 7485
2915 7484
2916 7483
2917 7482
2918 7481
2919 7480
2920 7479
2921 7478
2922 6930
2923 6929
2924 6928
2925 6927
2926 6926
2927 6925
2928 6924
2929 6951
2930 6950
2931 6949
2932 6948
2933 6947
2934 6946
2935 6945
2936 6944
2937 6943
2938 6942
2939 6941
2940 6940
2941 6939
2942 6938
2943 6937
2944 6936
2945 6935
2946 6934
2947 6933
2948 6932
2949 6931
2950 7023
2951 7022
2952 7021
2953 7020
2954 7019
2955 7018
2956 7017
2957 7016
2958 7015
2959 7014
2960 7013
2961 7012
2962 7011
2963 7010
2964 9307
2965 9306
2966 9305
2967 9304
2968 9303
2969 9302
2970 9301
2971 9300
2972 9299
2973 9298
2974 7903
2975 7902
2976 7901
2977 7900
2978 7899
2979 7898
2980 7897
2981 7896
2982 7895
2983 7894
2984 7893
2985 7892
2986 7891
2987 9370
2988 9369
2989 9368
2990 9367
2991 9366
2992 9365
2993 9364
2994 9363
2995 9362
2996 9361
2997 9360
2998 9359
2999 9358
3000 9357
3001 9356
3002 9355
3003 9354
3004 9353
3005 7109
3006 7108
3007 7107
3008 7106
3009 7105
3010 7104
3011 7103
3012 7102
3013 7101
3014 7121
3015 7120
3016 7119
3017 7118
3018 7117
3019 7116
3020 7115
3021 7114
3022 7113
3023 7112
3024 7111
3025 7110
3026 8261
3027 8260
3028 8259
3029 8258
3030 8257
3031 8256
3032 8255
3033 8254
3034 7614
3035 7613
3036 7612
3037 7611
3038 7610
3039 7609
3040 7608
3041 7607
3042 7606
3043 7605
3044 7604
3045 7603
3046 7602
3047 7601
3048 7600
3049 7599
3050 7598
3051 7597
3052 7596
3053 7595
3054 7594
3055 7593
3056 7592
3057 7591
3058 7590
3059 7589
3060 7588
3061 7587
3062 7586
3063 7585
3064 7584
3065 7583
3066 7582
3067 7581
3068 7580
3069 8838
3070 8837
3071 8836
3072 8329
3073 8328
3074 8327
3075 8326
3076 8325
3077 8324
3078 8323
3079 8322
3080 10838
3081 10837
3082 7291
3083 7290
3084 7289
3085 7288
3086 7287
3087 7286
3088 7315
3089 7314
3090 7313
3091 7312
3092 7311
3093 7310
3094 7309
3095 7308
3096 7307
3097 7306
3098 7305
3099 7304
3100 7303
3101 7302
3102 7301
3103 7300
3104 7299
3105 7298
3106 7297
3107 7296
3108 7295
3109 7294
3110 7293
3111 7292
3112 8365
3113 8364
3114 8363
3115 8362
3116 8361
3117 8360
3118 8359
3119 9931
3120 9930
3121 9929
3122 9928
3123 7422
3124 7421
3125 7420
3126 7419
3127 7418
3128 7417
3129 7416
3130 7415
3131 7414
3132 7413
3133 7412
3134 7411
3135 7410
3136 7409
3137 7408
3138 7407
3139 7406
3140 7405
3141 7404
3142 7450
3143 7449
3144 7448
3145 7447
3146 7446
3147 7445
3148 7444
3149 7443
3150 7442
3151 7441
3152 7440
3153 7439
3154 9616
3155 9615
3156 9614
3157 9613
3158 9612
3159 9611
3160 9610
3161 9609
3162 9608
3163 9097
3164 9096
3165 9095
3166 9094
3167 9093
3168 9092
3169 9091
3170 9090
3171 9089
3172 9088
3173 9087
3176 7696
3177 7695
3178 7694
3179 7693
3180 7692
3181 7691
3182 7690
3183 7689
3184 7688
3185 7687
3186 7686
3187 7685
3188 8190
3189 8189
3190 7468
3191 7467
3192 7466
3193 7465
3194 7464
3195 7463
3196 7462
3197 7461
3198 7460
3199 7459
3200 7458
3201 7457
3202 7456
3203 7455
3204 7454
3205 7453
3206 7452
3207 7451
3208 7403
3209 7402
3210 7401
3211 7400
3212 7399
3213 7398
3214 7397
3215 7396
3216 7395
3217 7394
3218 7393
3219 7392
3220 7391
3221 7390
3222 7389
3223 7388
3224 7387
3225 7386
3226 7385
3227 7384
3228 7383
3229 7382
3230 7381
3231 7362
3232 7361
3233 7360
3234 7359
3235 7358
3236 7357
3237 7356
3238 7355
3239 7354
3240 7336
3241 7335
3242 7334
3243 7333
3244 7332
3245 7331
3246 7330
3247 7329
3248 7328
3249 7327
3250 7326
3251 7325
3252 7324
3253 7323
3254 7322
3255 7321
3256 7320
3257 7319
3258 7318
3259 7317
3260 7316
3261 7285
3262 7284
3263 7283
3264 7282
3265 7281
3266 7280
3267 7279
3268 7278
3269 7277
3270 7276
3271 7275
3272 7274
3273 7236
3274 7235
3275 7234
3276 7233
3277 7232
3278 7231
3279 7230
3280 7229
3281 7228
3282 7200
3283 7199
3284 7198
3285 7197
3286 7196
3287 7195
3288 7194
3289 7193
3290 7192
3291 7191
3292 7190
3293 7189
3294 7188
3295 7187
3296 7186
3297 7185
3298 7184
3299 7183
3300 7182
3301 7181
3302 7180
3303 7179
3304 7178
3305 7623
3306 7622
3307 7621
3308 7620
3309 7619
3310 7618
3311 7617
3312 7616
3313 7615
3314 8253
3315 8252
3316 8251
3317 8250
3318 8249
3319 8248
3320 8247
3321 8246
3322 8245
3323 8244
3324 8243
3325 8242
3326 7129
3327 7128
3328 7127
3329 7126
3330 7125
3331 7124
3332 7123
3333 7122
3334 7100
3335 7099
3336 7098
3337 7097
3338 7096
3339 7095
3340 7094
3341 7093
3342 7092
3343 7091
3344 7090
3345 7089
3346 7088
3347 7087
3348 7086
3349 7085
3350 7084
3351 7083
3352 7082
3353 7081
3354 7080
3355 7079
3356 7078
3357 7077
3358 7076
3359 7075
3360 7074
3361 7073
3362 7072
3363 7071
3364 7070
3365 7069
3366 7068
3367 7067
3368 7848
3369 7847
3370 7050
3371 7049
3372 7048
3373 7047
3374 7046
3375 7045
3376 7044
3377 7043
3378 7042
3379 7041
3380 7040
3381 7039
3382 7038
3383 7037
3384 7036
3385 7035
3386 7034
3387 7033
3388 7032
3389 7031
3390 7030
3391 7029
3392 7028
3393 7027
3394 7026
3395 7025
3396 7024
3397 7009
3398 7008
3399 7007
3400 7006
3401 7005
3402 7004
3403 7003
3404 7002
3405 7001
3406 7000
3407 6999
3408 6998
3409 6997
3410 6959
3411 6958
3412 6957
3413 6956
3414 6955
3415 6954
3416 6953
3417 6952
3418 6923
3419 6922
3420 6921
3421 6920
3422 6919
3423 6918
3424 6917
3425 6916
3426 6915
3427 6914
3428 6913
3429 6912
3430 6911
3431 7499
3432 7498
3433 7497
3434 7496
3435 7495
3436 7494
3437 7493
3438 7492
3439 6857
3440 6856
3441 6855
3442 6854
3443 6853
3444 6852
3445 6851
3446 6850
3447 6849
3448 6848
3449 6847
3450 6846
3451 6845
3452 6810
3453 6809
3454 6808
3455 6807
3456 6806
3457 6805
3458 6804
3459 6803
3460 6802
3461 6801
3462 6800
3463 6799
3464 6798
3465 6797
3466 6796
3467 6795
3468 6794
3469 6793
3470 6792
3471 6791
3472 6790
3475 8402
3476 8401
3477 8400
3478 8399
3479 8398
3480 8397
3481 8396
3482 8395
3483 8394
3484 8393
3485 8392
3486 8391
3487 8390
3488 6820
3489 6819
3490 6818
3491 6817
3492 6816
3493 6815
3494 6814
3495 6813
3496 6812
3497 6811
3498 6844
3499 6843
3500 6842
3501 6841
3502 6840
3503 6839
3504 6838
3505 6837
3506 6836
3507 6835
3508 6834
3509 6833
3510 6832
3511 6831
3512 6830
3513 6829
3514 7507
3515 7506
3516 7505
3517 7504
3518 7503
3519 7502
3520 7501
3521 7500
3522 6910
3523 6909
3524 6908
3525 6907
3526 6906
3527 6905
3528 6904
3529 6903
3530 6902
3531 6901
3532 6900
3533 6899
3534 6974
3535 6973
3536 6972
3537 6971
3538 6970
3539 6969
3540 6968
3541 6967
3542 6966
3543 6965
3544 6964
3545 6963
3546 6962
3547 6961
3548 6960
3549 6996
3550 6995
3551 6994
3552 6993
3553 6992
3554 6991
3555 6990
3556 6989
3557 6988
3558 6987
3559 6986
3560 6985
3561 6984
3562 6983
3563 6982
3564 7823
3565 7822
3566 7821
3567 7820
3568 7819
3569 7818
3570 7817
3571 7816
3572 7815
3573 7814
3574 7813
3575 7812
3576 7811
3577 7810
3578 7809
3579 7808
3580 7807
3581 7806
3582 7805
3583 7804
3584 7803
3585 7802
3586 7863
3587 7862
3588 7861
3589 7860
3590 7859
3591 7858
3592 7857
3593 7856
3594 7855
3595 7854
3596 7853
3597 7852
3598 7851
3599 7850
3600 7849
3601 7066
3602 7065
3603 7064
3604 7063
3605 7062
3606 7061
3607 7060
3608 7059
3609 7058
3610 7057
3611 7056
3612 7055
3613 7054
3614 7053
3615 7052
3616 7051
3617 7536
3618 7535
3619 7534
3620 7533
3621 7532
3622 7531
3623 7530
3624 7529
3625 7528
3626 7157
3627 7156
3628 7155
3629 7154
3630 7153
3631 7152
3632 7151
3633 7150
3634 7149
3635 7148
3636 7147
3637 7146
3638 7145
3639 7144
3640 7143
3641 7142
3642 7141
3643 7140
3644 7139
3645 7138
3646 7137
3647 7136
3648 7135
3649 7134
3650 7133
3651 7132
3652 7131
3653 7130
3654 8241
3655 8240
3656 7579
3657 7578
3658 7577
3659 7576
3660 7575
3661 7574
3662 7573
3663 7572
3664 7571
3665 7570
3666 7569
3667 7568
3668 7567
3669 7566
3670 7631
3671 7630
3672 7629
3673 7628
3674 7627
3675 7626
3676 7625
3677 7624
3678 7177
3679 7176
3680 7175
3681 7174
3682 7173
3683 7172
3684 7171
3685 7170
3686 7169
3687 7168
3688 9765
3689 9764
3690 9763
3691 7215
3692 7214
3693 7213
3694 7212
3695 7211
3696 7210
3697 7209
3698 7208
3699 7207
3700 7206
3701 7205
3702 7204
3703 7203
3704 7202
3705 7201
3706 7227
3707 7226
3708 7225
3709 7224
3710 7223
3711 7222
3712 7221
3713 7220
3714 7219
3715 7218
3716 7217
3717 7216
3718 7273
3719 7272
3720 7271
3721 7270
3722 7269
3723 7268
3724 7267
3725 7266
3726 7265
3727 7264
3728 7263
3729 7262
3730 7261
3731 7260
3732 9842
3733 9841
3734 9840
3735 9839
3736 9838
3737 9837
3738 9836
3739 9835
3740 9834
3741 9833
3742 9832
3743 9831
3744 9830
3745 9829
3746 9828
3747 9827
3748 9826
3749 9825
3750 9824
3751 9823
3752 9822
3753 9821
3754 7341
3755 7340
3756 7339
3757 7338
3758 7337
3759 7353
3760 7352
3761 7351
3762 7350
3763 7349
3764 7348
3765 7347
3766 7346
3767 7345
3768 7344
3769 7343
3770 7342
3771 7380
3772 7379
3773 7378
3774 7377
3775 7376
3776 7375
3777 7374
3778 7373
3779 7372
3780 7371
3781 7370
3782 7369
3783 7368
3784 7367
3785 7659
3786 7658
3787 7657
3788 7656
3789 7655
3790 7654
3791 7653
3792 7652
3793 7651
3794 7650
3795 7680
3796 7679
3797 7678
3798 7677
3799 7676
3800 7675
3801 7674
3802 7673
3803 7672
3804 7671
3805 8207
3806 8206
3807 8205
3808 8204
3809 8203
3810 8202
3811 8201
3812 8200
3813 8199
3814 8198
3815 8197
3816 8196
3817 8195
3818 8194
3819 8193
3820 8192
3821 8191
3822 7684
3823 7683
3824 7682
3825 7681
3826 7708
3827 7707
3828 7706
3829 7705
3830 7704
3831 7703
3832 7702
3833 7701
3842 3843
3852 8224
3853 8223
3854 3855
3856 8220
3857 8219
3858 8218
3859 8217
3860 8216
3861 8215
3862 8214
3863 8213
3864 8212
3865 3866
3867 8209
3868 8208
3869 7670
3870 7669
3871 7668
3872 7667
3873 7666
3874 7665
3875 7664
3876 3877
3878 7661
3879 7660
3880 7649
3881 7648
3882 7647
3883 7646
3884 7645
3885 7644
3886 7643
3887 7642
3888 7641
3889 7640
3890 3891
3892 7364
3893 7363
3894 8188
3895 8187
3896 8186
3897 8185
3898 3899
3900 8182
3901 8181
3902 8180
3903 8179
3904 8178
3905 3906
3907 8175
3908 8174
3909 8173
3910 8172
3911 3912
3913 8169
3914 8168
3915 8167
3916 8166
3917 8165
3918 3919
3920 8162
3921 8161
3922 8160
3923 8159
3924 8158
3925 3926
3927 8116
3928 8115
3929 8114
3930 8113
3931 3932
3933 8110
3934 8109
3935 8108
3936 8107
3937 8106
3938 8105
3939 8104
3940 3941
3942 8101
3943 8100
3944 8099
3945 8098
3946 9849
3947 3948
3949 9846
3950 9845
3951 9844
3952 9843
3953 7259
3954 3955
3956 7256
3957 7255
3958 7254
3959 7253
3960 7252
3961 7251
3962 3963
3964 7248
3965 7247
3966 7246
3967 7245
3968 7244
3969 3970
3971 7241
3972 7240
3973 7239
3974 7238
3975 7237
3976 3977
3978 8068
3979 8067
3980 8066
3981 8065
3982 8064
3983 8063
3984 3985
3986 8060
3987 8059
3988 8058
3989 9782
3990 9781
3991 9780
3992 9779
3993 9778
3994 9777
3995 9776
3996 9775
3997 3998
3999 9772
4000 9771
4001 9770
4002 9769
4003 9768
4004 4005
4006 7167
4007 7166
4008 7165
4009 7164
4010 7163
4011 7162
4012 4013
4014 7159
4015 7158
4016 8014
4017 8013
4018 8012
4019 7639
4020 4021
4022 7636
4023 7635
4024 7634
4025 7633
4026 7632
4027 7565
4028 4029
4030 7562
4031 7561
4032 7560
4033 7559
4034 7558
4035 7557
4036 4037
4038 7554
4039 7553
4040 7552
4041 7963
4042 7962
4043 7961
4044 7960
4045 7959
4046 7958
4047 7957
4048 7956
4049 4050
4051 9004
4052 9003
4053 9002
4054 9001
4055 9000
4056 8999
4057 4058
4059 8996
4060 8995
4061 8994
4062 8993
4063 8992
4064 4065
4066 8989
4067 8988
4068 8987
4069 8986
4070 8985
4071 8984
4072 4073
4074 8981
4075 8980
4076 8979
4077 8978
4078 8977
4079 7527
4080 4081
4082 7524
4083 7543
4084 7542
4085 7541
4086 7540
4087 7539
4088 4089
4090 7943
4091 7942
4092 7941
4093 7940
4094 7939
4095 7938
4096 7937
4097 7936
4098 7935
4099 4100
4101 7932
4102 7931
4103 7930
4104 7929
4105 7928
4106 4107
4108 7925
4109 7924
4110 7923
4111 7922
4112 7921
4113 7920
4114 4115
4116 7873
4117 7872
4118 7871
4119 7870
4120 7869
4121 4122
4123 7866
4124 7865
4125 7864
4126 7801
4127 7800
4128 4129
4130 7797
4131 7796
4132 7795
4133 7794
4134 7793
4135 4136
4137 7837
4138 7836
4139 7835
4140 7834
4141 7833
4142 4143
4144 7830
4145 7829
4146 7828
4147 7827
4148 7826
4149 7825
4150 7824
4151 6981
4152 4153
4154 6978
4155 6977
4156 6976
4157 6975
4158 8586
4159 4160
4161 8583
4162 8582
4163 8581
4164 8580
4165 4166
4167 8577
4168 8576
4169 8575
4170 8574
4171 4172
4173 8571
4174 8570
4175 8569
4176 8568
4177 4178
4179 8565
4180 8564
4181 8563
4182 8562
4183 4184
4185 8559
4186 8558
4187 6898
4188 6897
4189 4190
4191 6894
4192 6893
4193 6892
4194 6891
4195 6890
4196 4197
4198 7792
4199 7791
4200 7790
4201 7789
4202 7788
4203 7787
4204 7786
4205 7785
4206 7784
4207 7783
4208 4209
4210 7754
4211 7753
4212 7752
4213 7751
4214 7772
4215 7771
4216 4217
4218 7768
4219 7750
4220 7749
4221 7748
4222 7747
4223 7746
4224 7745
4225 4226
4227 7742
4228 7741
4229 7730
4230 7729
4231 7728
4232 7727
4233 7726
4234 4235
4236 7723
4237 7722
4238 7721
4239 7720
4240 8419
4241 8418
4242 8417
4243 8416
4244 4245
4246 8413
4247 8412
4248 8411
4249 8410
4250 8409
4251 8408
4252 8407
4255 8432
4256 8431
4257 8430
4258 8429
4259 8428
4260 8427
4261 8426
4262 4263
4264 8423
4265 8422
4266 8421
4267 8420
4268 7719
4269 7718
4270 7717
4271 7716
4272 4273
4274 7713
4275 7712
4276 7711
4277 7710
4278 7709
4279 7740
4280 7739
4281 4282
4283 7736
4284 7735
4285 7734
4286 7733
4287 7732
4288 7731
4289 7767
4290 4291
4292 7764
4293 7763
4294 7762
4295 7761
4296 7760
4297 7759
4298 4299
4300 7782
4301 7781
4302 7780
4303 7779
4304 7778
4305 7777
4306 7776
4307 7775
4308 7774
4309 7773
4310 4311
4312 6885
4313 6884
4314 6883
4315 6882
4316 4317
4318 6879
4319 6878
4320 6877
4321 6876
4322 6875
4323 4324
4325 6872
4326 10093
4327 10092
4328 10091
4329 4330
4331 10088
4332 10087
4333 10086
4334 10085
4335 4336
4337 10082
4338 10081
4339 8597
4340 4341
4342 8594
4343 8593
4344 8592
4345 8591
4346 4347
4348 8588
4349 8587
4350 8976
4351 8975
4352 4353
4354 8972
4355 8971
4356 8970
4357 8969
4358 8968
4359 8967
4360 8966
4361 8965
4362 8964
4363 8963
4364 4365
4366 7846
4367 7845
4368 7844
4369 7843
4370 4371
4372 7840
4373 8659
4374 8658
4375 8657
4376 8656
4377 4378
4379 8653
4380 8652
4381 7888
4382 7887
4383 7886
4384 4385
4386 7883
4387 7882
4388 7881
4389 7880
4390 4391
4392 7877
4393 7876
4394 7919
4395 7918
4396 7917
4397 4398
4399 7914
4400 7913
4401 7912
4402 9688
4403 9687
4404 4405
4406 9684
4407 9683
4408 9682
4409 9681
4410 9680
4411 9679
4412 9678
4413 9677
4414 9676
4415 9675
4416 9674
4417 4418
4419 9671
4420 9670
4421 9669
4422 9668
4423 8728
4424 4425
4426 8725
4427 8724
4428 8723
4429 8722
4430 8721
4431 8720
4432 4433
4434 8717
4435 8716
4436 8715
4437 8714
4438 8713
4439 4440
4441 9021
4442 9020
4443 9019
4444 9018
4445 9017
4446 4447
4448 9014
4449 9013
4450 9012
4451 9011
4452 9010
4453 4454
4455 9007
4456 9006
4457 9005
4458 7953
4459 7952
4460 4461
4462 7949
4463 7948
4464 7947
4465 7946
4466 7945
4467 7944
4468 7551
4469 7550
4470 7549
4471 4472
4473 7546
4474 7545
4475 7544
4476 10203
4477 10202
4478 4479
4480 10199
4481 10198
4482 10197
4483 10196
4484 10195
4485 4486
4487 10192
4488 10191
4489 10190
4490 8011
4491 8010
4492 4493
4494 8007
4495 8006
4496 8005
4497 9086
4498 9085
4499 4500
4501 9082
4502 9081
4503 9080
4504 9079
4505 9078
4506 4507
4508 9075
4509 9074
4510 9073
4511 9072
4512 9071
4513 4514
4515 9788
4516 9787
4517 9786
4518 9785
4519 9784
4520 9783
4521 8057
4522 8056
4523 8055
4524 4525
4526 8052
4527 8051
4528 8050
4529 8049
4530 8048
4531 4532
4533 8045
4534 8044
4535 8043
4536 8042
4537 4538
4539 8039
4540 8038
4541 8037
4542 8036
4543 8035
4544 4545
4546 8032
4547 8031
4548 8030
4549 8029
4550 8028
4551 4552
4553 8025
4554 8024
4555 9858
4556 9857
4557 9856
4558 4559
4560 9853
4561 9852
4562 9851
4563 9850
4564 4565
4566 8095
4567 8094
4568 8093
4569 8092
4570 8091
4571 8332
4572 8331
4573 8330
4574 8129
4575 8128
4576 4577
4578 8125
4579 8124
4580 8123
4581 8122
4582 8121
4583 4584
4585 8157
4586 8156
4587 8155
4588 8154
4589 4590
4591 8151
4592 8150
4593 8149
4594 8148
4595 4596
4597 8145
4598 8144
4599 8143
4600 8142
4601 4602
4603 8139
4604 8138
4605 8137
4606 8136
4607 8135
4608 4609
4610 8132
4611 8131
4612 8130
4613 8923
4614 4615
4616 8920
4617 8919
4618 8918
4619 8917
4620 8916
4621 8915
4622 4623
4624 8912
4625 8911
4626 8910
4627 8909
4628 8908
4629 8907
4630 8906
4631 8905
4632 8904
4633 4634
4635 8901
4636 8900
4637 8899
4638 8898
4639 8897
4640 8896
4641 8895
4642 4643
4644 8239
4645 8238
4646 8237
4647 8236
4648 8235
4649 8234
4650 8233
4651 8232
4652 4653
4654 8229
4655 8228
4656 8227
4657 8226
4658 8225
4659 9131
4660 9130
4661 9129
4662 9128
4663 4664
4665 9125
4666 9124
4667 9123
4668 9122
4669 9121
4670 9120
4671 9119
4672 9118
4673 4674
4675 9115
4682 4683
4692 4693
4702 4703
4707 8871
4708 8870
4709 8869
4710 8868
4711 8867
4712 4713
4714 8864
4715 11007
4716 11006
4717 11005
4718 11004
4719 11003
4720 4721
4722 11000
4723 10999
4724 10998
4725 10997
4726 10996
4727 10995
4728 10994
4729 10993
4730 10992
4731 10991
4732 10990
4733 10989
4734 4735
4736 10986
4737 9983
4738 9982
4739 9981
4740 4741
4742 10300
4743 10299
4744 10298
4745 10297
4746 4747
4748 10294
4749 10293
4750 10292
4751 10291
4752 4753
4754 10288
4755 10287
4756 12131
4757 12130
4758 4759
4760 12127
4761 12126
4762 12125
4763 12124
4764 4765
4766 9902
4767 9901
4768 9900
4769 9899
4770 4771
4772 9896
4773 9895
4774 9894
4775 9893
4776 4777
4778 10900
4779 10899
4780 10898
4781 10897
4782 10896
4783 10895
4784 10894
4785 4786
4787 10891
4788 10890
4789 10889
4790 10888
4791 9867
4792 4793
4794 9864
4795 9863
4796 9862
4797 9861
4798 4799
4800 8023
4801 8022
4802 8021
4803 8020
4804 4805
4806 8017
4807 8016
4808 8015
4809 12003
4810 12002
4811 4812
4813 11999
4814 11998
4815 11997
4816 9816
4817 4818
4819 9813
4820 9812
4821 9811
4822 9810
4823 4824
4825 9807
4826 9806
4827 9805
4828 9804
4829 9803
4830 4831
4832 9800
4833 9799
4834 9798
4835 9797
4836 9796
4837 9795
4838 9794
4839 4840
4841 9791
4842 9070
4843 9069
4844 9068
4845 4846
4847 9065
4848 9064
4849 9063
4850 11227
4851 4852
4853 11224
4854 11223
4855 11222
4856 11221
4857 11220
4858 4859
4860 11217
4861 11216
4862 11215
4863 11214
4864 4865
4866 11211
4867 11210
4868 11209
4869 11208
4870 10231
4871 4872
4873 10228
4874 10227
4875 10226
4876 10225
4877 4878
4879 9747
4880 9746
4881 9745
4882 9744
4883 9743
4884 4885
4886 9740
4887 9739
4888 9738
4889 9737
4890 9736
4891 9735
4892 9734
4893 4894
4895 9731
4896 9730
4897 9729
4898 9728
4899 4900
4901 9725
4902 9035
4903 9034
4904 9033
4905 9032
4906 4907
4908 9029
4909 9028
4910 9027
4911 9026
4912 4913
4914 9023
4915 9022
4916 8710
4917 8709
4918 8708
4919 4920
4921 8705
4922 8704
4923 13156
4924 13155
4925 4926
4927 13152
4928 13151
4929 13150
4930 13149
4931 13148
4932 4933
4934 13145
4935 9724
4936 9723
4937 9722
4938 4939
4940 9719
4941 9718
4942 9717
4943 9716
4944 9715
4945 9714
4946 9713
4947 9712
4948 4949
4950 9709
4951 9708
4952 10152
4953 10151
4954 10150
4955 4956
4957 10147
4958 10146
4959 10145
4960 10144
4961 4962
4963 10141
4964 10140
4965 10180
4966 10179
4967 4968
4969 10176
4970 10175
4971 10174
4972 10173
4973 10172
4974 4975
4976 8621
4977 8620
4978 8619
4979 8618
4980 4981
4982 8615
4983 8614
4984 8613
4985 10363
4986 4987
4988 10360
4989 10359
4990 10358
4991 10357
4992 8960
4993 4994
4995 8957
4996 8956
4997 8955
4998 8954
4999 8953
5000 5001
5002 9246
5003 9245
5004 9244
5005 9243
5006 5007
5008 9240
5009 9239
5010 9238
5011 5012
5013 9235
5014 9234
5015 9233
5016 9232
5017 5018
5019 10107
5020 10106
5021 10105
5022 10104
5023 5024
5025 10101
5026 10100
5027 10099
5028 10098
5029 5030
5031 10095
5032 10094
5033 10139
5034 10138
5035 5036
5037 10135
5038 10134
5039 10133
5040 10080
5041 5042
5043 10077
5044 10076
5045 10075
5046 10074
5047 5048
5049 10054
5050 10053
5051 10052
5052 10051
5053 10050
5054 10049
5055 10048
5056 10047
5057 10046
5058 10045
5059 5060
5061 10042
5062 10041
5063 10040
5064 10039
5065 10038
5066 10037
5067 5068
5069 10034
5070 10033
5071 10032
5072 10031
5073 10030
5074 10029
5075 5076
5077 8473
5078 8472
5079 8471
5080 8470
5081 8469
5082 8468
5083 8467
5084 8466
5085 5086
5087 8463
5088 8462
5089 8461
5090 10014
5091 10013
5092 10012
5093 10011
5094 10010
5095 5096
5097 10007
5098 10006
5099 10005
5100 10004
5101 10003
5102 10002
5103 10001
5106 10670
5107 10669
5108 10668
5109 10667
5110 10666
5111 10665
5112 10022
5113 10021
5114 5115
5116 10018
5117 10017
5118 10016
5119 10015
5120 8460
5121 8459
5122 8458
5123 5124
5125 8455
5126 8454
5127 8453
5128 8452
5129 8451
5130 8450
5131 11105
5132 11104
5133 5134
5135 12242
5136 12241
5137 12240
5138 12239
5139 12238
5140 12237
5141 5142
5143 12234
5144 12233
5145 12232
5146 12231
5147 12230
5148 12229
5149 5150
5151 12226
5152 12225
5153 10062
5154 10061
5155 10060
5156 10059
5157 10058
5158 10057
5159 10056
5160 10055
5161 5162
5163 10069
5164 10068
5165 10067
5166 10066
5167 5168
5169 10063
5170 10132
5171 10131
5172 10130
5173 5174
5175 10127
5176 10126
5177 10125
5178 10124
5179 5180
5181 10121
5182 10120
5183 10119
5184 5185
5186 10116
5187 10115
5188 10114
5189 10113
5190 5191
5192 10110
5193 10759
5194 10758
5195 10757
5196 5197
5198 10754
5199 10753
5200 10752
5201 5202
5203 10385
5204 10384
5205 10383
5206 10382
5207 5208
5209 10379
5210 10378
5211 10377
5212 10376
5213 10375
5214 10374
5215 5216
5217 10371
5218 10370
5219 10369
5220 10368
5221 5222
5223 10365
5224 10364
5225 8612
5226 8611
5227 5228
5229 8608
5230 8607
5231 8606
5232 8605
5233 5234
5235 8602
5236 10189
5237 10188
5238 10187
5239 5240
5241 10184
5242 10183
5243 10182
5244 10181
5245 5246
5247 10800
5248 10799
5249 10798
5250 10797
5251 5252
5253 10794
5254 11156
5255 11155
5256 11154
5257 5258
5259 11151
5260 11150
5261 11149
5262 11148
5263 5264
5265 11145
5266 11144
5267 11143
5268 11142
5269 11141
5270 5271
5272 13172
5273 13171
5274 13170
5275 13169
5276 5277
5278 13166
5279 13165
5280 13164
5281 13163
5282 5283
5284 13160
5285 13159
5286 13158
5287 13157
5288 5289
5290 8701
5291 8700
5292 8699
5293 8698
5294 5295
5296 8695
5297 8694
5298 8693
5299 8692
5300 5301
5302 8689
5303 11176
5304 11175
5305 11174
5306 5307
5308 11171
5309 11170
5310 11169
5311 11168
5312 5313
5314 11165
5315 11164
5316 10440
5317 10439
5318 5319
5320 10436
5321 10435
5322 10434
5323 10433
5324 10249
5325 10248
5326 5327
5328 10245
5329 10244
5330 10243
5331 10242
5332 5333
5334 10239
5335 10238
5336 10237
5337 10236
5338 5339
5340 10233
5341 10232
5342 11207
5343 11206
5344 5345
5346 11203
5347 11202
5348 11201
5349 11200
5350 5351
5352 11197
5353 11196
5354 11235
5355 11234
5356 5357
5358 11231
5359 11230
5360 11229
5361 11228
5362 5363
5364 9060
5365 9059
5366 9058
5367 9057
5368 5369
5370 9054
5371 9053
5372 9052
5373 9051
5374 5375
5376 9048
5377 9047
5378 9046
5379 8276
5380 8275
5381 5382
5383 8272
5384 8271
5385 8270
5386 12021
5387 5388
5389 12018
5390 12017
5391 12016
5392 12015
5393 5394
5395 12012
5396 12011
5397 12010
5398 12009
5399 5400
5401 12006
5402 12005
5403 12004
5404 10887
5405 5406
5407 10884
5408 10883
5409 10882
5410 10881
5411 5412
5413 10878
5414 10877
5415 10876
5416 10875
5417 5418
5419 10872
5420 10871
5421 10915
5422 10914
5423 5424
5425 10911
5426 10910
5427 10909
5428 5429
5430 10906
5431 10905
5432 10904
5433 10903
5434 10902
5435 10901
5436 5437
5438 9888
5439 9887
5440 9886
5441 5442
5443 10960
5444 10959
5445 10958
5446 10957
5447 5448
5449 12140
5450 12139
5451 12138
5452 12137
5453 5454
5455 12134
5456 12133
5457 12132
5458 5459
5460 10284
5461 10283
5462 10282
5463 10281
5464 5465
5466 10278
5467 10277
5468 10276
5469 10275
5470 5471
5472 10272
5473 10271
5474 10270
5475 5476
5477 10267
5478 10266
5479 10265
5480 10264
5481 10263
5482 5483
5484 11023
5485 11022
5486 11021
5487 11020
5488 11019
5489 11018
5490 11017
5491 11016
5492 5493
5494 11013
5495 11012
5496 11011
5497 11010
5498 11009
5499 11008
5500 5501
5509 5510
5518 5519
5526 10597
5527 5528
5529 10594
5530 10593
5531 10592
5532 10591
5533 10590
5534 10589
5535 10588
5536 10587
5539 11868
5540 11867
5541 11866
5542 5543
5544 11863
5545 11862
5546 11861
5547 11860
5548 11859
5549 11858
5550 11857
5551 5552
5553 11854
5554 11853
5555 11852
5556 11851
5557 11850
5558 11762
5559 5560
5561 11759
5562 11758
5563 11757
5564 11756
5565 11755
5566 11754
5567 11753
5568 5569
5570 11750
5571 11749
5572 11748
5573 11747
5574 11746
5575 11745
5576 5577
5578 11742
5579 11741
5580 11740
5581 11739
5582 11738
5583 5584
5585 11735
5586 11734
5587 11733
5588 11732
5589 11731
5590 11730
5591 5592
5593 12214
5594 12213
5595 12212
5596 12211
5597 5598
5599 12208
5600 12207
5601 12206
5602 12205
5603 5604
5605 12202
5606 12201
5607 12200
5608 5609
5610 12197
5611 12196
5612 12195
5613 12194
5614 5615
5616 12191
5617 12190
5618 12189
5619 5620
5621 12148
5622 12147
5623 12146
5624 12145
5625 5626
5627 12142
5628 12141
5629 10954
5630 5631
5632 10951
5633 10950
5634 10949
5635 5636
5637 10946
5638 10945
5639 10944
5640 10943
5641 5642
5643 10940
5644 10939
5645 10938
5646 10937
5647 10936
5648 10935
5649 10934
5650 5651
5652 10931
5653 12777
5654 12776
5655 12775
5656 5657
5658 12725
5659 12724
5660 12723
5661 12722
5662 5663
5664 12719
5665 12718
5666 12070
5667 5668
5669 12067
5670 12066
5671 12065
5672 12064
5673 5674
5675 12061
5676 12060
5677 12059
5678 12058
5679 5680
5681 12055
5682 12054
5683 12030
5684 5685
5686 12027
5687 12026
5688 12025
5689 12024
5690 5691
5692 12707
5693 12706
5694 12705
5695 12704
5696 5697
5698 12701
5699 12661
5700 12660
5701 12659
5702 12658
5703 12657
5704 12656
5705 12655
5706 5707
5708 12652
5709 12651
5710 12650
5711 12649
5712 5713
5714 11244
5715 11243
5716 11242
5717 5718
5719 11239
5720 11238
5721 11237
5722 11236
5723 5724
5725 12646
5726 12645
5727 12644
5728 5729
5730 12592
5731 12591
5732 12590
5733 12589
5734 5735
5736 12586
5737 12585
5738 12584
5739 5740
5741 12571
5742 12570
5743 12569
5744 12568
5745 5746
5747 12565
5748 12564
5749 12563
5750 13239
5751 5752
5753 13236
5754 13235
5755 13234
5756 13233
5757 5758
5759 11193
5760 11192
5761 11191
5762 5763
5764 11188
5765 11187
5766 11186
5767 11185
5768 5769
5770 11182
5771 11181
5772 11180
5773 11179
5774 5775
5776 12551
5777 12550
5778 12549
5779 5780
5781 12546
5782 12487
5783 12486
5784 12485
5785 5786
5787 12482
5788 12503
5789 12502
5790 5791
5792 12499
5793 13186
5794 13185
5795 13184
5796 5797
5798 13181
5799 13180
5800 13179
5801 5802
5803 13176
5804 13175
5805 13174
5806 13173
5807 5808
5809 11136
5810 11135
5811 11134
5812 11133
5813 11132
5814 11131
5815 11130
5816 11129
5817 5818
5819 11126
5820 12481
5821 12480
5822 5823
5824 12477
5825 12476
5826 12475
5827 12474
5828 5829
5830 12471
5831 12470
5832 12469
5833 12468
5834 5835
5836 11957
5837 11956
5838 11955
5839 5840
5841 11952
5842 11951
5843 11950
5844 11949
5845 5846
5847 11946
5848 11945
5849 11944
5850 11943
5851 5852
5853 11940
5854 11939
5855 12437
5856 5857
5858 12434
5859 12433
5860 12432
5861 12451
5862 5863
5864 12448
5865 12431
5866 12430
5867 12429
5868 12428
5869 12427
5870 12426
5871 5872
5873 12423
5874 12422
5875 12421
5876 12397
5877 5878
5879 12394
5880 12393
5881 12392
5882 5883
5884 12389
5885 12388
5886 12387
5887 12386
5888 5889
5890 12383
5891 12382
5892 12381
5893 5894
5895 12378
5896 12377
5897 12336
5898 12335
5899 5900
5901 12332
5902 12331
5903 12330
5904 5905
5906 12327
5907 12326
5908 11914
5909 11913
5910 5911
5912 11910
5913 11909
5914 11908
5915 11907
5916 5917
5918 12282
5919 12281
5920 12280
5921 12279
5922 12278
5923 12277
5924 12276
5925 12275
5926 12274
5927 12273
5928 5929
5930 12256
5931 12255
5932 12254
5933 12253
5934 12252
5935 5936
5937 12249
5938 12248
5939 12247
5940 12246
5941 12245
5942 12244
5943 12243
5944 5945
5946 11099
5947 11098
5948 11097
5949 11096
5950 11095
5951 11094
5952 11093
5953 5954
5955 11090
5956 11089
5957 11088
5958 11087
5959 11086
5960 13025
5961 13024
5962 13023
5963 5964
5965 13020
5966 13019
5967 10664
5968 10663
5969 10662
5970 10661
5971 10660
5972 10659
5975 13038
5976 13037
5977 13036
5978 13035
5979 13034
5980 13033
5981 13032
5982 13031
5983 5984
5985 13028
5986 13027
5987 13026
5988 11085
5989 11084
5990 11083
5991 11082
5992 11081
5993 5994
5995 11078
5996 11077
5997 11076
5998 11075
5999 11074
6000 11073
6001 11072
6002 6003
6004 11069
6005 11068
6006 11067
6007 11066
6008 11065
6009 11064
6010 12268
6011 6012
6013 12265
6014 12264
6015 12263
6016 12262
6017 12261
6018 6019
6020 12272
6021 12271
6022 12270
6023 12269
6024 12289
6025 12288
6026 12287
6027 12286
6028 12285
6029 6030
6031 11904
6032 11903
6033 11902
6034 11901
6035 6036
6037 11898
6038 12349
6039 12348
6040 12347
6041 6042
6043 12344
6044 12343
6045 12342
6046 12341
6047 6048
6049 12338
6050 12337
6051 12376
6052 6053
6054 12373
6055 12372
6056 12371
6057 12370
6058 6059
6060 12409
6061 12408
6062 12407
6063 6064
6065 12404
6066 12403
6067 12402
6068 12401
6069 6070
6071 12398
6072 12420
6073 12419
6074 6075
6076 12416
6077 12415
6078 12414
6079 12413
6080 12412
6081 12411
6082 12410
6083 12447
6084 6085
6086 12444
6087 12443
6088 12442
6089 6090
6091 12439
6092 12438
6093 13104
6094 13103
6095 6096
6097 13100
6098 13099
6099 13098
6100 6101
6102 11971
6103 11970
6104 11969
6105 11968
6106 6107
6108 11965
6109 11964
6110 11963
6111 6112
6113 11960
6114 12467
6115 12466
6116 6117
6118 12463
6119 12462
6120 12461
6121 12460
6122 6123
6124 12457
6125 12456
6126 12455
6127 6128
6129 12452
6130 13144
6131 13143
6132 6133
6134 13140
6135 13139
6136 13138
6137 13137
6138 13136
6139 13135
6140 6141
6142 13132
6143 13131
6144 13130
6145 6146
6147 13196
6148 13195
6149 13194
6150 6151
6152 13191
6153 13190
6154 13189
6155 6156
6157 12498
6158 12497
6159 12496
6160 12495
6161 6162
6163 12492
6164 12491
6165 12490
6166 6167
6168 12545
6169 12544
6170 12543
6171 6172
6173 12540
6174 12539
6175 12538
6176 6177
6178 12535
6179 12534
6180 12533
6181 12532
6182 6183
6184 12529
6185 13253
6186 13252
6187 6188
6189 13249
6190 13248
6191 13247
6192 13246
6193 13245
6194 13244
6195 13243
6196 6197
6198 13240
6199 12562
6200 12561
6201 6202
6203 12558
6204 12557
6205 12556
6206 6207
6208 12553
6209 12552
6210 12583
6211 12582
6212 6213
6214 12579
6215 12578
6216 12577
6217 6218
6219 12574
6220 12641
6221 12640
6222 6223
6224 12637
6225 12636
6226 12635
6227 6228
6229 12632
6230 12631
6231 12630
6232 12629
6233 6234
6235 12626
6236 12625
6237 12624
6238 6239
6240 12672
6241 12671
6242 12670
6243 6244
6245 12667
6246 12666
6247 12665
6248 12664
6249 12663
6250 12662
6251 12700
6252 6253
6254 12697
6255 12696
6256 12695
6257 6258
6259 13277
6260 13276
6261 13275
6262 13274
6263 6264
6265 13271
6266 13270
6267 13269
6268 6269
6270 12084
6271 12083
6272 12082
6273 12081
6274 6275
6276 12078
6277 12077
6278 12076
6279 6280
6281 12073
6282 12072
6283 12071
6284 6285
6286 12715
6287 12714
6288 12713
6289 12712
6290 6291
6292 12709
6293 12708
6294 12774
6295 6296
6297 12771
6298 12770
6299 12769
6300 6301
6302 12766
6303 12765
6304 12764
6305 12763
6306 12762
6307 12761
6308 6309
6310 12758
6311 12757
6312 12756
6313 6314
6315 12753
6316 12752
6317 12751
6318 6319
6320 12748
6321 12747
6322 13294
6323 6324
6325 13291
6326 13290
6327 13289
6328 13288
6329 6330
6331 13285
6332 13284
6333 11697
6334 6335
6336 11694
6337 11693
6338 11692
6339 6340
6341 11689
6342 11688
6343 11687
6344 6345
6346 11684
6347 11683
6348 11682
6349 6350
6351 11679
6352 11678
6353 11677
6354 11676
6355 6356
6357 11673
6358 11672
6359 11671
6360 11670
6366 6367
6372 6373
6380 6381
6388 6389
6396 6397
6404 6405
6414 13005
6415 13004
6416 13003
6417 13002
6418 13001
6419 13000
6420 6421
6422 12997
6423 12996
6424 12995
6425 11821
6426 11820
6427 11819
6428 11818
6429 11817
6430 11816
6431 11815
6432 11814
6433 11813
6434 11812
6435 11811
6436 11810
6437 11809
6438 11808
6439 11807
6440 11806
6441 11805
6442 11804
6443 11803
6444 11802
6445 11801
6446 11800
6447 12984
6448 12983
6449 12982
6450 12981
6451 12980
6452 12979
6453 12978
6454 12977
6455 12976
6456 12975
6457 12974
6458 12963
6459 12962
6460 12961
6461 12960
6462 12959
6463 12958
6464 12957
6465 12956
6466 12955
6467 12954
6468 12953
6469 11712
6470 11711
6471 11710
6472 11709
6473 11708
6474 11707
6475 11706
6476 6477
6478 11703
6479 11702
6480 11701
6481 11700
6482 11699
6483 11698
6484 13303
6485 13302
6486 13301
6487 13300
6488 13299
6489 13298
6490 13297
6491 13296
6492 13295
6493 12746
6494 12745
6495 12744
6496 12743
6497 12742
6498 12741
6499 12740
6500 12739
6501 12738
6502 12737
6503 12736
6504 12735
6505 12734
6506 12733
6507 12732
6508 12731
6509 12730
6510 12942
6511 12941
6512 12940
6513 12939
6514 12938
6515 12937
6516 12936
6517 12935
6518 12934
6519 12933
6520 12932
6521 12922
6522 12921
6523 12920
6524 12919
6525 12918
6526 6527
6528 12093
6529 12092
6530 12091
6531 12090
6532 12089
6533 12088
6534 12087
6535 12086
6536 12085
6537 13266
6538 13265
6539 13264
6540 13283
6541 13282
6542 13281
6543 13280
6544 13279
6545 13278
6546 12692
6547 12691
6548 12690
6549 12689
6550 12688
6551 12687
6552 12686
6553 12685
6554 12684
6555 6556
6557 12681
6558 12680
6559 12679
6560 12678
6561 12677
6562 12676
6563 12675
6564 12623
6565 12622
6566 12621
6567 12620
6568 12619
6569 12618
6570 12617
6571 12616
6572 12615
6573 12614
6574 12613
6575 12612
6576 12611
6577 12610
6578 12609
6579 6580
6581 12606
6582 12605
6583 12604
6584 12871
6585 12870
6586 12869
6587 12868
6588 12867
6589 12866
6590 12865
6591 12864
6592 12863
6593 12862
6594 12861
6595 12860
6596 12836
6597 12835
6598 12834
6599 12833
6600 13263
6601 13262
6602 13261
6603 13260
6604 6605
6606 13257
6607 13256
6608 13255
6609 13254
6610 12528
6611 12527
6612 12526
6613 12525
6614 12524
6615 12523
6616 12522
6617 12521
6618 12520
6619 12519
6620 12518
6621 12517
6622 12516
6623 12515
6624 12514
6625 12513
6626 12512
6627 6628
6629 12509
6630 12508
6631 12507
6632 12506
6633 12505
6634 12504
6635 13203
6636 13202
6637 13201
6638 13200
6639 13199
6640 13198
6641 13197
6642 13127
6643 13126
6644 13125
6645 13124
6646 13123
6647 13122
6648 13121
6649 13120
6650 13119
6651 13118
6652 13117
6653 13116
6654 13115
6655 13114
6656 13113
6657 13112
6658 11440
6659 11439
6660 11438
6661 11437
6662 11436
6663 11435
6664 6665
6666 11985
6667 11984
6668 11983
6669 11982
6670 11981
6671 11980
6672 11979
6673 11978
6674 11977
6675 11976
6676 11975
6677 11974
6678 11973
6679 11972
6680 13095
6681 13094
6682 13093
6683 13092
6684 13091
6685 13090
6686 13089
6687 13088
6688 13087
6689 13086
6690 13085
6691 13084
6692 13083
6693 13082
6694 13081
6695 13080
6696 13079
6697 13078
6698 13077
6699 10316
6700 10315
6701 10314
6702 10313
6703 10312
6704 10311
6705 10310
6706 10309
6707 10308
6708 10307
6709 10306
6710 10305
6711 10304
6712 10303
6713 10302
6714 10301
6715 12367
6716 12366
6717 12365
6718 12364
6719 12363
6720 12362
6721 12361
6722 12360
6723 12359
6724 12358
6725 12357
6726 12356
6727 12355
6728 12354
6729 12353
6730 12352
6731 12351
6732 12350
6733 11897
6734 11896
6735 11895
6736 11894
6737 11893
6738 11892
6739 11891
6740 11890
6741 9187
6742 9186
6743 9185
6744 9184
6745 9183
6746 9182
6747 9181
6748 9180
6749 9179
6750 9178
6751 9177
6752 9176
6753 9175
6754 9174
6755 9173
6756 9172
6757 11063
6758 11062
6759 11061
6760 11060
6761 11059
6762 11058
6763 11057
6764 11056
6765 11055
6766 11054
6767 11053
6768 11052
6769 11051
6770 11050
6771 11049
6772 11048
6773 12817
6774 12816
6775 12815
6776 12814
6777 12813
6778 12812
6779 12811
6780 12810
6781 13050
6782 13049
6783 13048
6784 13047
6785 13046
6786 13045
6787 13044
6788 13043
