0 3851
1 3850
2 3849
3 3848
4 3847
5 3846
6 3845
7 3844
8 3843
9 3843
10 3841
11 3840
12 3839
13 3838
14 3837
15 3836
16 2192
17 2191
18 2190
19 2189
20 2188
21 2187
22 2186
23 2185
24 2184
25 2183
26 2182
27 2181
28 2180
29 2179
30 2178
31 2177
32 2176
33 2175
34 2174
35 2173
36 2172
37 2171
38 2170
39 2169
40 2168
41 2167
42 4706
43 4705
44 4704
45 4703
46 4703
47 4701
48 4700
49 4699
50 4698
51 4697
52 4696
53 4695
54 4694
55 4693
56 4693
57 4691
58 4690
59 4689
60 4688
61 4687
62 4686
63 4685
64 4684
65 4683
66 4683
67 4681
68 4680
69 4679
70 4678
71 5525
72 5524
73 5523
74 5522
75 5521
76 5520
77 5518
78 5518
79 5517
80 5516
81 5515
82 5514
83 5513
84 5512
85 5511
86 5509
87 5509
88 5508
89 5507
90 5506
91 5505
92 5504
93 5503
94 5502
95 5500
96 5500
97 6411
98 6410
99 6409
100 6408
101 6407
102 6406
103 6404
104 6404
105 6403
106 6402
107 6401
108 6400
109 6399
110 6398
111 6396
112 6396
113 6395
114 6394
115 6393
116 6392
117 6391
118 6390
119 6388
120 6388
121 6387
122 6386
123 6385
124 6384
125 6383
126 6382
127 6380
128 6380
129 6379
130 6378
131 6377
132 6376
133 6375
134 6374
135 6372
136 6372
137 6371
138 6370
139 6369
140 6368
141 6366
142 6366
143 6365
144 6364
145 6363
146 6362
147 6361
149 12810
150 12809
151 12808
152 12807
153 12806
154 12805
155 12804
156 12803
157 12802
158 12801
159 12800
160 12799
161 12798
162 12797
163 12796
164 10986
165 10985
166 11289
167 11288
168 11287
169 11286
170 11285
171 11284
172 11283
173 11282
174 11281
175 11280
176 11279
177 11278
178 11277
179 11276
180 11275
181 11274
182 11273
183 10293
184 10292
185 10291
186 10290
187 10289
188 10288
189 10287
190 10286
191 10285
192 11343
193 11342
194 11341
195 11340
196 11339
197 11338
198 11337
199 11336
200 11335
201 11334
202 11333
203 11332
204 10361
205 10360
206 10359
207 10358
208 10357
209 10356
210 10355
211 10354
212 10353
213 10352
214 10351
215 10350
216 10349
217 10348
218 10347
219 10346
220 10345
221 10344
222 10343
223 10342
224 10341
225 10340
226 12836
227 12835
228 12834
229 12833
230 12832
231 12831
232 12830
233 12829
234 12828
235 12827
236 11353
237 11352
238 11351
239 11350
240 11349
241 11348
242 11347
243 11346
244 11345
245 11344
246 11393
247 11392
248 11391
249 11390
250 11389
251 11388
252 11387
253 11386
254 11385
255 11384
256 11383
257 11382
258 11381
259 11380
260 13111
261 13110
262 13109
263 13108
264 13107
265 13106
266 13105
267 11436
268 11435
269 11434
270 11433
271 11432
272 11431
273 11430
274 11429
275 11428
276 11427
277 11426
278 11425
279 11424
280 11423
281 11422
282 11421
283 11420
284 11419
285 11418
286 11417
287 11416
288 11415
289 11526
290 11525
291 11524
292 11523
293 11522
294 11521
295 11520
296 11519
297 11518
298 11517
299 11516
300 11515
301 11514
302 11513
303 11512
304 11511
305 11510
306 11509
307 11508
308 11507
309 11506
310 11505
311 11504
312 12875
313 12874
314 12873
315 12872
316 12871
317 12870
318 12869
319 12868
320 12867
321 12866
322 12865
323 12581
324 12580
325 12579
326 12578
327 12577
328 12576
329 12575
330 12574
331 12573
332 11656
333 11655
334 11654
335 11653
336 11652
337 11651
338 11650
339 11649
340 11648
341 9500
342 9499
343 9498
344 9497
345 9496
346 9495
347 9494
348 9493
349 9492
350 9491
351 9490
352 9489
353 9488
354 9487
355 9486
356 9485
357 9484
358 9483
359 9482
360 9481
361 12926
362 12925
363 12924
364 12923
365 12922
366 12921
367 12920
368 12919
369 12918
370 12917
371 12916
372 12915
373 12914
374 12947
375 12946
376 12945
377 12944
378 12943
379 12942
380 12941
381 12940
382 12939
383 12938
384 12707
385 12706
386 11707
387 11706
388 11705
389 11704
390 11703
391 11702
392 11701
393 11700
394 11699
395 11698
396 11697
397 11696
398 11695
399 11694
400 11693
401 11692
402 11691
403 11690
404 11689
405 11762
406 11761
407 11760
408 11759
409 11758
410 11757
411 11756
412 11755
413 11754
414 11753
415 11752
416 11751
417 12968
418 12967
419 12966
420 12965
421 12964
422 12963
423 12962
424 12961
425 12960
426 12959
427 12989
428 12988
429 12987
430 12986
431 12985
432 12984
433 12983
434 12982
435 12981
436 12980
437 11837
438 11836
439 11835
440 11834
441 11833
442 11832
443 11831
444 11830
445 11829
446 11828
447 11869
448 11868
449 11867
450 11866
451 11865
452 11864
453 11863
454 11862
455 11861
456 11860
457 13013
458 13012
459 13011
460 13010
461 13009
462 13008
463 13007
464 13006
465 13005
468 11927
469 11926
470 11925
471 11924
472 11923
473 11922
474 11921
475 11920
476 11879
477 11878
478 11877
479 11876
480 11875
481 11874
482 11873
483 11872
484 11871
485 11870
486 11827
487 11826
488 11825
489 11824
490 11823
491 11822
492 11821
493 11820
494 11819
495 11818
496 11817
497 10520
498 10519
499 10518
500 10517
501 10516
502 10515
503 10514
504 10513
505 10512
506 10511
507 10510
508 10509
509 10508
510 10507
511 10506
512 10505
513 10504
514 10503
515 10502
516 12150
517 12149
518 12148
519 12147
520 12146
521 12145
522 11767
523 11766
524 11765
525 11764
526 11763
527 11688
528 11687
529 11686
530 11685
531 11684
532 11683
533 11682
534 11681
535 11680
536 11679
537 11678
538 11677
539 11676
540 11675
541 11674
542 11673
543 11672
544 11671
545 11670
546 11669
547 11668
548 11667
549 11666
550 12890
551 12889
552 12888
553 12887
554 12886
555 12885
556 12884
557 12883
558 12882
559 12881
560 12880
561 12879
562 12878
563 12877
564 12876
565 10501
566 10500
567 10499
568 10498
569 10497
570 10496
571 10495
572 10494
573 10493
574 10492
575 10491
576 10490
577 10489
578 10488
579 10487
580 10486
581 10485
582 9508
583 9507
584 9506
585 9505
586 9504
587 9503
588 9502
589 9501
590 11647
591 11646
592 11645
593 11644
594 11643
595 11642
596 11641
597 11640
598 11639
599 11638
600 11637
601 11636
602 11594
603 11593
604 11592
605 11591
606 11590
607 11589
608 11588
609 11587
610 11586
611 11585
612 11584
613 11583
614 11582
615 11581
616 11580
617 11579
618 11578
619 11577
620 11576
621 11575
622 11574
623 11573
624 11572
625 10446
626 10445
627 10444
628 10443
629 10442
630 10441
631 10440
632 10439
633 10438
634 11534
635 11533
636 11532
637 11531
638 11530
639 11529
640 11528
641 11527
642 11499
643 11498
644 11497
645 11496
646 11495
647 11494
648 11493
649 11492
650 11491
651 11490
652 11489
653 11488
654 11487
655 11444
656 11443
657 11442
658 11441
659 11440
660 11439
661 11438
662 11437
663 11414
664 11413
665 11412
666 11411
667 11410
668 11409
669 11408
670 11407
671 11406
672 11405
673 11404
674 11403
675 11402
676 11401
677 11400
678 11399
679 11398
680 11397
681 11396
682 11395
683 11394
684 11363
685 11362
686 11361
687 11360
688 11359
689 11358
690 11357
691 11356
692 11355
693 11354
694 12826
695 12825
696 12824
697 12823
698 12822
699 12821
700 12820
701 12819
702 12818
703 12817
704 12816
705 12815
706 12814
707 12813
708 12812
709 12811
710 10377
711 10376
712 10375
713 10374
714 10373
715 10372
716 10371
717 10370
718 10369
719 10368
720 10367
721 10366
722 10365
723 10364
724 10363
725 10362
726 11331
727 11330
728 11329
729 11328
730 11327
731 11326
732 10308
733 10307
734 10306
735 10305
736 10304
737 10303
738 10302
739 10301
740 10300
741 10299
742 10298
743 10297
744 10296
745 10295
746 10294
747 11272
748 11271
749 11270
750 11269
751 11268
752 11267
753 11266
754 11265
755 11264
756 11263
757 11262
758 11261
759 11260
760 12772
761 12771
762 12770
763 12769
764 12768
765 12767
766 12766
767 12765
768 12764
769 12763
770 12762
771 12761
772 12760
773 12759
774 12758
775 12757
776 12756
777 11245
778 11244
779 11243
780 11242
783 10622
784 10621
785 10620
786 10619
787 10618
788 10617
789 10616
790 10615
791 12787
792 12786
793 12785
794 12784
795 12783
796 12782
797 12781
798 12780
799 12779
800 12778
801 12777
802 12776
803 12775
804 12774
805 12773
806 11259
807 11258
808 11257
809 11256
810 11255
811 11254
812 11253
813 11252
814 11251
815 11250
816 11249
817 11976
818 11975
819 11974
820 11973
821 11972
822 11971
823 11970
824 11969
825 11968
826 11967
827 11966
828 11965
829 11964
830 11963
831 11962
832 11961
833 11960
834 11959
835 11958
836 11957
837 11956
838 11955
839 11954
840 11953
841 12305
842 12304
843 12303
844 12302
845 12301
846 12300
847 12299
848 12298
849 12297
850 12296
851 12295
852 12294
853 12293
854 12292
855 12291
856 12290
857 12289
858 12288
859 10720
860 10719
861 10718
862 10717
863 10716
864 10715
865 10714
866 10713
867 10712
868 10711
869 10710
870 10709
871 10708
872 10707
873 10706
874 10705
875 10704
876 10703
877 10702
878 10701
879 10700
880 10699
881 10698
882 10697
883 10696
884 10695
885 10694
886 10693
887 10692
888 10691
889 10690
890 10689
891 10688
892 10687
893 10686
894 10685
895 10684
896 10683
897 10682
898 10681
899 10680
900 10679
901 10678
902 10677
903 10676
904 10675
905 10674
906 11371
907 11370
908 11369
909 11368
910 11367
911 11366
912 11365
913 11364
914 11064
915 11063
916 11062
917 11061
918 11060
919 11059
920 11058
921 11057
922 11452
923 11451
924 11450
925 11449
926 11448
927 11447
928 11446
929 11445
930 11486
931 11485
932 11484
933 11483
934 11482
935 11481
936 11480
937 11479
938 11478
939 11477
940 11476
941 11475
942 11474
943 11546
944 11545
945 11544
946 11543
947 11542
948 11541
949 11540
950 11539
951 11538
952 11537
953 11536
954 11535
955 10437
956 10436
957 958
959 10433
960 10432
961 10431
962 10430
963 10429
964 10428
965 10427
966 10426
967 13232
968 13231
969 13230
970 13229
971 13228
972 13227
973 13226
974 13225
975 13224
976 13223
977 13222
978 13221
979 13220
980 13219
981 13218
982 13217
983 13216
984 13215
985 13214
986 11602
987 11601
988 11600
989 11599
990 11598
991 11597
992 11596
993 11595
994 11635
995 11634
996 11633
997 11632
998 11631
999 11630
1000 11629
1001 11628
1002 11627
1003 11626
1004 1005
1006 11623
1007 12033
1008 12032
1009 12031
1010 12030
1011 12029
1012 12028
1013 12027
1014 12026
1015 12025
1016 12024
1017 12023
1018 12022
1019 12021
1020 12020
1021 12019
1022 12018
1023 12017
1024 12016
1025 12015
1026 12014
1027 12013
1028 12012
1029 12011
1030 12084
1031 12083
1032 12082
1033 12081
1034 12080
1035 12079
1036 12078
1037 12077
1038 12076
1039 12075
1040 12074
1041 12906
1042 12905
1043 12904
1044 12903
1045 12902
1046 12901
1047 12900
1048 12899
1049 12898
1050 12897
1051 12896
1052 12895
1053 12894
1054 12893
1055 12892
1056 12891
1057 11665
1058 11664
1059 11663
1060 11662
1061 11661
1062 11660
1063 11659
1064 11658
1065 11657
1066 12144
1067 12143
1068 12142
1069 12141
1070 12140
1071 12139
1072 12138
1073 12137
1074 12136
1075 12135
1076 12134
1077 12133
1078 12132
1079 12131
1080 12130
1081 12129
1082 12166
1083 12165
1084 12164
1085 12163
1086 12162
1087 12161
1088 12160
1089 12159
1090 12158
1091 12157
1092 12156
1093 12155
1094 12154
1095 12153
1096 12152
1097 12151
1098 10984
1099 10983
1100 10982
1101 10981
1102 10980
1103 10979
1104 10978
1105 10977
1106 10976
1107 10975
1108 10974
1109 10973
1110 10972
1111 10971
1112 10527
1113 10526
1114 10525
1115 10524
1116 10523
1117 10522
1118 10521
1119 11816
1120 11815
1121 11814
1122 11813
1123 11812
1124 11811
1125 11810
1126 11809
1127 11808
1128 11807
1129 11806
1130 11805
1131 11804
1132 11803
1133 11802
1134 11801
1135 11887
1136 11886
1137 11885
1138 11884
1139 11883
1140 11882
1141 11881
1142 11880
1143 11919
1144 11918
1145 11917
1146 11916
1147 11915
1148 11914
1149 11913
1150 11912
1151 11911
1154 10575
1155 10574
1156 10573
1157 10572
1158 10571
1159 10570
1160 10569
1161 10568
1162 10567
1163 10566
1164 10614
1165 10613
1166 10612
1167 10611
1168 10610
1169 10609
1170 10608
1171 10607
1172 10606
1173 10605
1174 10604
1175 10603
1176 10602
1177 10601
1178 10543
1179 10542
1180 10541
1181 10540
1182 10539
1183 10538
1184 10537
1185 10536
1186 10535
1187 10534
1188 10533
1189 10532
1190 10531
1191 10530
1192 10529
1193 10528
1194 10970
1195 10969
1196 10968
1197 10967
1198 10966
1199 10965
1200 10964
1201 10963
1202 10228
1203 10227
1204 10226
1205 10225
1206 10224
1207 10223
1208 10222
1209 10221
1210 10220
1211 10924
1212 10923
1213 10922
1214 10921
1215 10920
1216 10919
1217 10918
1218 10917
1219 10916
1220 10915
1221 10914
1222 10913
1223 10912
1224 10911
1225 10910
1226 10909
1227 10908
1228 10907
1229 10906
1230 10905
1231 10904
1232 10903
1233 10902
1234 10901
1235 10900
1236 9916
1237 9915
1238 9914
1239 10869
1240 10868
1241 10867
1242 10866
1243 10865
1244 10864
1245 10863
1246 10862
1247 10861
1248 10860
1249 10859
1250 10858
1251 10857
1252 10856
1253 10855
1254 10809
1255 10808
1256 10807
1257 10806
1258 10805
1259 10804
1260 10803
1261 10802
1262 10801
1263 8395
1264 8394
1265 8393
1266 8392
1267 8391
1268 8390
1269 8389
1270 8388
1271 8387
1272 8386
1273 8385
1274 8384
1275 8383
1276 8382
1277 8381
1278 8380
1279 8379
1280 8378
1281 8377
1282 8376
1283 8375
1284 8374
1285 8373
1286 8372
1287 8371
1288 8370
1289 8994
1290 8993
1291 8992
1292 8991
1293 8990
1294 8989
1295 8988
1296 8987
1297 8986
1298 8985
1299 11622
1300 11621
1301 11620
1302 11619
1303 11618
1304 11617
1305 11616
1306 11615
1307 11614
1308 11613
1309 11612
1310 11611
1311 11610
1312 11609
1313 11608
1314 11607
1315 11606
1316 11605
1317 11604
1318 11603
1319 13213
1320 13212
1321 13211
1322 13210
1323 13209
1324 13208
1325 13207
1326 13206
1327 11561
1328 11560
1329 11559
1330 11558
1331 11557
1332 11556
1333 11555
1334 11554
1335 11553
1336 11552
1337 11551
1338 11550
1339 11549
1340 11548
1341 11547
1342 11102
1343 11101
1344 11100
1345 11099
1346 11098
1347 11097
1348 11096
1349 9375
1350 9374
1351 9373
1352 9372
1353 9371
1354 9370
1355 9369
1356 9368
1357 9367
1358 9366
1359 9365
1360 9364
1361 11473
1362 11472
1363 11471
1364 11470
1365 11469
1366 11468
1367 11467
1368 11466
1369 11465
1370 11464
1371 11463
1372 11462
1373 11461
1374 11460
1375 11459
1376 11458
1377 11457
1378 11456
1379 11455
1380 11454
1381 11453
1382 11056
1383 11055
1384 11054
1385 11053
1386 11052
1387 11051
1388 11050
1389 11049
1390 11048
1391 11047
1392 11046
1393 11045
1394 10766
1395 10765
1396 10764
1397 10763
1398 10762
1399 10761
1400 10760
1401 10759
1402 10758
1403 10757
1404 10756
1405 10755
1406 10754
1407 10753
1408 10752
1409 10751
1410 10750
1411 10749
1412 10748
1413 10747
1414 10746
1415 10745
1416 10744
1417 10743
1418 10742
1419 10741
1420 10740
1421 10739
1422 10738
1423 10737
1424 10736
1425 10735
1426 10734
1427 10733
1428 10417
1429 10416
1430 10415
1431 10414
1432 10413
1433 10412
1434 10411
1435 10410
1436 10409
1437 10728
1438 10727
1439 10726
1440 10725
1441 10724
1442 10723
1443 10722
1444 10721
1445 12287
1446 12286
1447 12285
1448 12284
1449 12283
1450 12282
1451 12281
1452 12280
1453 11315
1454 11314
1455 11313
1456 11312
1457 11311
1458 11310
1459 11309
1460 11308
1461 11307
1462 11306
1463 11305
1464 11304
1465 11303
1466 11302
1467 11301
1468 11300
1469 11299
1470 11298
1471 11297
1472 11296
1473 11295
1474 11294
1475 11293
1476 11292
1477 11291
1478 11290
1479 12204
1480 12203
1481 12202
1482 12201
1483 12200
1484 12199
1485 12198
1486 12197
1487 11248
1488 11247
1489 11246
1490 10673
1491 10672
1492 10671
1493 10670
1494 10669
1495 10668
1496 10667
1497 10666
1498 10665
1499 10664
1500 10663
1501 10662
1502 10661
1503 10660
1504 10659
1505 10658
1506 10657
1507 10656
1508 10655
1509 10654
1510 10653
1511 10652
1512 10651
1513 10650
1514 10649
1515 10648
1516 10647
1517 10646
1518 10645
1519 10644
1520 10643
1523 11237
1524 11236
1525 11235
1526 11234
1527 11233
1528 11232
1529 11231
1530 11230
1531 11229
1532 11228
1533 11227
1534 11226
1535 11225
1536 11224
1537 11223
1538 11222
1539 11221
1540 11220
1541 11219
1542 11218
1543 11217
1544 11216
1545 11215
1546 11214
1547 9114
1548 9113
1549 9112
1550 9111
1551 9110
1552 9109
1553 9108
1554 9107
1555 9106
1556 9105
1557 10323
1558 10322
1559 10321
1560 10320
1561 10319
1562 10318
1563 10317
1564 10316
1565 10315
1566 10314
1567 10313
1568 10312
1569 10311
1570 10310
1571 10309
1572 11325
1573 11324
1574 11323
1575 11322
1576 11321
1577 11320
1578 11319
1579 11318
1580 11317
1581 11316
1582 12279
1583 12278
1584 12277
1585 12276
1586 12275
1587 12274
1588 12273
1589 12272
1590 12271
1591 12270
1592 10379
1593 10378
1594 10425
1595 10424
1596 10423
1597 10422
1598 10421
1599 10420
1600 10419
1601 10418
1602 9284
1603 9283
1604 9282
1605 9281
1606 9280
1607 9279
1608 9278
1609 9277
1610 9276
1611 9275
1612 9274
1613 9273
1614 9272
1615 9271
1616 9270
1617 9269
1618 9268
1619 9267
1620 9301
1621 9300
1622 9299
1623 9298
1624 9297
1625 9296
1626 9295
1627 9294
1628 9293
1629 9292
1630 9359
1631 9358
1632 9357
1633 9356
1634 9355
1635 9354
1636 9353
1637 9352
1638 9351
1639 9350
1640 9349
1641 9348
1642 9347
1643 9346
1644 9345
1645 9344
1646 9343
1647 9342
1648 9341
1649 9340
1650 9339
1651 9338
1652 9390
1653 9389
1654 9388
1655 9387
1656 9386
1657 9385
1658 9384
1659 9383
1660 9382
1661 9381
1662 9380
1663 9379
1664 9378
1665 9377
1666 9376
1667 10455
1668 10454
1669 10453
1670 10452
1671 10451
1672 10450
1673 10449
1674 10448
1675 10447
1676 11571
1677 11570
1678 11569
1679 11568
1680 11567
1681 11566
1682 11565
1683 11564
1684 11563
1685 11562
1686 13205
1687 13204
1688 9480
1689 9479
1690 9478
1691 9477
1692 9476
1693 9475
1694 9474
1695 9473
1696 9472
1697 9471
1698 9470
1699 9469
1700 9468
1701 9467
1702 9466
1703 9465
1704 9464
1705 9521
1706 9520
1707 9519
1708 9518
1709 9517
1710 9516
1711 9515
1712 9514
1713 9513
1714 9512
1715 9511
1716 9510
1717 9509
1718 10484
1719 10483
1720 10482
1721 10481
1722 10480
1723 10479
1724 10478
1725 10477
1726 8407
1727 8406
1728 8405
1729 8404
1730 8403
1731 8402
1732 8401
1733 8400
1734 8399
1735 8398
1736 8397
1737 8396
1738 10800
1739 10799
1740 10798
1741 10797
1742 10796
1743 10795
1744 10794
1745 10793
1746 10792
1747 9565
1748 9564
1749 9563
1750 9562
1751 9561
1752 9560
1753 9559
1754 9558
1755 9557
1756 9556
1757 9555
1758 9554
1759 9553
1760 9552
1761 9551
1762 9550
1763 9549
1764 9548
1765 9547
1766 9546
1767 9545
1768 9544
1769 9543
1770 9542
1771 9541
1772 9540
1773 9539
1774 9538
1775 9537
1776 9536
1777 9535
1778 9534
1779 9533
1780 9532
1781 10219
1782 10218
1783 9602
1784 9601
1785 9600
1786 9599
1787 9598
1788 9597
1789 9596
1790 9595
1791 9594
1792 9593
1793 9592
1794 9591
1795 9590
1796 9589
1797 7377
1798 7376
1799 10554
1800 10553
1801 10552
1802 10551
1803 10550
1804 10549
1805 10548
1806 10547
1807 10546
1808 10545
1809 10544
1810 10600
1811 10599
1812 10598
1813 10597
1814 10596
1815 10595
1816 10594
1817 10593
1818 10592
1819 10591
1820 10590
1821 10589
1822 10588
1823 10587
1824 10586
1825 10585
1826 10584
1827 10583
1828 10582
1829 10581
1830 10580
1833 9659
1834 9658
1835 9657
1836 9656
1837 9678
1838 9677
1839 9676
1840 9675
1841 9674
1842 9639
1843 9638
1844 9637
1845 9636
1846 9635
1847 9634
1848 9633
1849 9632
1850 9631
1851 9630
1852 9629
1853 9628
1854 7391
1855 7390
1856 7389
1857 7388
1858 7387
1859 7386
1860 7385
1861 7384
1862 7383
1863 7382
1864 7381
1865 7380
1866 7379
1867 7378
1868 9588
1869 9587
1870 9586
1871 9585
1872 9584
1873 8482
1874 8481
1875 8480
1876 8479
1877 8478
1878 8477
1879 8476
1880 8475
1881 8474
1882 8473
1883 8472
1884 8471
1885 8470
1886 8469
1887 8468
1888 8467
1889 8466
1890 8465
1891 8464
1892 8463
1893 8462
1894 8461
1895 8460
1896 8459
1897 9583
1898 9582
1899 9581
1900 9580
1901 9579
1902 9578
1903 9577
1904 9576
1905 9575
1906 9574
1907 9573
1908 9572
1909 9571
1910 9570
1911 9569
1912 9568
1913 9567
1914 9566
1915 10791
1916 10790
1917 10789
1918 10788
1919 10787
1920 10786
1921 10785
1922 10784
1923 10783
1924 10782
1925 10781
1926 10780
1927 10779
1928 10778
1929 8414
1930 8413
1931 8412
1932 8411
1933 8410
1934 8409
1935 8408
1936 10476
1937 10475
1938 10474
1939 10473
1940 10472
1941 10471
1942 10470
1943 10469
1944 10468
1945 10467
1946 9531
1947 9530
1948 9529
1949 9528
1950 9527
1951 9526
1952 9525
1953 9524
1954 9523
1955 9522
1956 9463
1957 9462
1958 9461
1959 9460
1960 9459
1961 9458
1962 9457
1963 9456
1964 9455
1965 9454
1966 9453
1967 9452
1968 9451
1969 9450
1970 9449
1971 9448
1972 9447
1973 9446
1974 9445
1975 9444
1976 9443
1977 9442
1978 9441
1979 9440
1980 9439
1981 9438
1982 9437
1983 9436
1984 9435
1985 9434
1986 9433
1987 9432
1988 9410
1989 9409
1990 9408
1991 9407
1992 9406
1993 9405
1994 9404
1995 9403
1996 9402
1997 9401
1998 9400
1999 9399
2000 9398
2001 9397
2002 9396
2003 9395
2004 9394
2005 9393
2006 9392
2007 9391
2008 9337
2009 9336
2010 9335
2011 9334
2012 9333
2013 9332
2014 9331
2015 9330
2016 9329
2017 9328
2018 9327
2019 9326
2020 9325
2021 9324
2022 9323
2023 7969
2024 7968
2025 9363
2026 9362
2027 9361
2028 9360
2029 9291
2030 9290
2031 9289
2032 9288
2033 9287
2034 9286
2035 9285
2036 9304
2037 9303
2038 9302
2039 9266
2040 9265
2041 9264
2042 9263
2043 9262
2044 9261
2045 9260
2046 6933
2047 6932
2048 6931
2049 9239
2050 9238
2051 9237
2052 9236
2053 9235
2054 9234
2055 9233
2056 9232
2057 9231
2058 9230
2059 9229
2060 9228
2061 9227
2062 9226
2063 9225
2064 9224
2065 9223
2066 9222
2067 9221
2068 9220
2069 9219
2070 9218
2071 9217
2072 9168
2073 9167
2074 9166
2075 9165
2076 9164
2077 9163
2078 9162
2079 9161
2080 9160
2081 9159
2082 9158
2083 9157
2084 9156
2085 9155
2086 9154
2087 9153
2088 7435
2089 7434
2090 7433
2091 7432
2092 7431
2093 7430
2094 7429
2095 7428
2096 7427
2097 7426
2098 7425
2099 7424
2100 7423
2101 7422
2102 9104
2103 9103
2104 9102
2105 9101
2106 9120
2107 9119
2108 9118
2109 9117
2110 9116
2111 9115
2112 11213
2113 11212
2114 11211
2115 11210
2116 11209
2117 11208
2118 11207
2119 11206
2120 11205
2121 11204
2122 11203
2123 11202
2124 11201
2125 11200
2126 11199
2127 11198
2128 9082
2129 9081
2130 9100
2131 9099
2132 9098
2133 9097
2134 9096
2135 9095
2138 10029
2139 10028
2140 10027
2141 10026
2142 10025
2143 10024
2144 10023
2145 10022
2146 10021
2147 10020
2148 10019
2149 10018
2150 10017
2151 8578
2152 8577
2153 8576
2154 8575
2155 8574
2156 8573
2157 8572
2158 8571
2159 8570
2160 8569
2161 8568
2162 8567
2163 10059
2164 10058
2165 10057
2166 10056
2193 8879
2194 8878
2195 8877
2196 8876
2197 8875
2198 8874
2199 8873
2200 9180
2201 9179
2202 9178
2203 9177
2204 9176
2205 9175
2206 9174
2207 9173
2208 9172
2209 9171
2210 9170
2211 9169
2212 9216
2213 9215
2214 9214
2215 9213
2216 9212
2217 9211
2218 9210
2219 9209
2220 9208
2221 9207
2222 9206
2223 9205
2224 9204
2225 9203
2226 9202
2227 8958
2228 8957
2229 8956
2230 8955
2231 8954
2232 8953
2233 8952
2234 8951
2235 8633
2236 8632
2237 8631
2238 8630
2239 8629
2240 8628
2241 8627
2242 8626
2243 8625
2244 8624
2245 8623
2246 8622
2247 8621
2248 8620
2249 8619
2250 10145
2251 10144
2252 10143
2253 10142
2254 10141
2255 10140
2256 10139
2257 10138
2258 10137
2259 10136
2260 10135
2261 10134
2262 10133
2263 10132
2264 10131
2265 10130
2266 10129
2267 10128
2268 10127
2269 9718
2270 9717
2271 9716
2272 9715
2273 9714
2274 9713
2275 9712
2276 9711
2277 8675
2278 8674
2279 8673
2280 8672
2281 8671
2282 8670
2283 8669
2284 8668
2285 8667
2286 8666
2287 8665
2288 8664
2289 8663
2290 8662
2291 8661
2292 8660
2293 8659
2294 8658
2295 8657
2296 8656
2297 8655
2298 7042
2299 7041
2300 7040
2301 7039
2302 7038
2303 7037
2304 7036
2305 7035
2306 7034
2307 9420
2308 9419
2309 9418
2310 9417
2311 9416
2312 9415
2313 9414
2314 9413
2315 9412
2316 9411
2317 9431
2318 9430
2319 9429
2320 9428
2321 9427
2322 9426
2323 9425
2324 9424
2325 9423
2326 9422
2327 9421
2328 9793
2329 9792
2330 9791
2331 9790
2332 10182
2333 10181
2334 10180
2335 10179
2336 10178
2337 10177
2338 10176
2339 10175
2340 10174
2341 8769
2342 8768
2343 8767
2344 8766
2345 8765
2346 8764
2347 8763
2348 8762
2349 8761
2350 8760
2351 8759
2352 8758
2353 8757
2354 8756
2355 8755
2356 8754
2357 8753
2358 8752
2359 8751
2360 8750
2361 8749
2362 8330
2363 8329
2364 8328
2365 8327
2366 8326
2367 8325
2368 8324
2369 10466
2370 10465
2371 10464
2372 10463
2373 10462
2374 10461
2375 10460
2376 10459
2377 10458
2378 10457
2379 10456
2380 9853
2381 9852
2382 9851
2383 9850
2384 9849
2385 8812
2386 8811
2387 8810
2388 8809
2389 8808
2390 8807
2391 8806
2392 8805
2393 9913
2394 9912
2395 9911
2396 9910
2397 9909
2398 9908
2399 9907
2400 9906
2401 9905
2402 9904
2403 9903
2404 9902
2405 9901
2406 9960
2407 9959
2408 9958
2409 9957
2410 9956
2411 9955
2412 9954
2413 9953
2414 9952
2415 9951
2416 9950
2417 9949
2418 9948
2419 9947
2420 9946
2421 9945
2422 9944
2423 9943
2424 9942
2425 9941
2426 9940
2427 9939
2428 9938
2429 12103
2430 12102
2431 12101
2432 12100
2433 12099
2434 12098
2435 12097
2436 12096
2437 12095
2438 12094
2439 12093
2440 12092
2441 12091
2442 12090
2443 12089
2444 12088
2445 12087
2446 12086
2447 12085
2448 10011
2449 10010
2450 10009
2451 10008
2452 10007
2453 10006
2454 10005
2455 10004
2456 10003
2457 10002
2458 10001
2459 10000
2460 9999
2461 9998
2462 9997
2463 9996
2464 9995
2465 9994
2466 9993
2467 8832
2468 8831
2469 8830
2470 8829
2471 8828
2472 8827
2473 8826
2474 8825
2475 8824
2476 8823
2477 8822
2478 8821
2479 9655
2480 9654
2481 9653
2482 9652
2483 9651
2484 9650
2485 9649
2486 9648
2487 9647
2488 9646
2489 9645
2490 9644
2491 9643
2492 9642
2493 9641
2494 9640
2495 9673
2496 9672
2497 9671
2498 9670
2499 9669
2500 9668
2501 9667
2502 9666
2503 9665
2504 9664
2507 9059
2508 9058
2509 9057
2510 9056
2511 9055
2512 9054
2513 9053
2514 9052
2515 9051
2516 9050
2517 9049
2518 9048
2519 9047
2520 9618
2521 9617
2522 9616
2523 9615
2524 9614
2525 9613
2526 9612
2527 9611
2528 9610
2529 9609
2530 9608
2531 9607
2532 9606
2533 9605
2534 9604
2535 9603
2536 8841
2537 8840
2538 8839
2539 8838
2540 8837
2541 8836
2542 8835
2543 8834
2544 8833
2545 9992
2546 9991
2547 9990
2548 9989
2549 9988
2550 9987
2551 9986
2552 9985
2553 9984
2554 9983
2555 9982
2556 9981
2557 9980
2558 9979
2559 9978
2560 9977
2561 9976
2562 9975
2563 9974
2564 9973
2565 9972
2566 9971
2567 9970
2568 9969
2569 9968
2570 9967
2571 9966
2572 9965
2573 8451
2574 8450
2575 8449
2576 8448
2577 8447
2578 8446
2579 8445
2580 8444
2581 8443
2582 8442
2583 8441
2584 8440
2585 8439
2586 8438
2587 8437
2588 8436
2589 8435
2590 8434
2591 8433
2592 8432
2593 8431
2594 8430
2595 8429
2596 8428
2597 8427
2598 8426
2599 8174
2600 8173
2601 8172
2602 8171
2603 8170
2604 8169
2605 8168
2606 8167
2607 8166
2608 8165
2609 8164
2610 8163
2611 8162
2612 8161
2613 8160
2614 8159
2615 8158
2616 8157
2617 8156
2618 8155
2619 8804
2620 8803
2621 8802
2622 8801
2623 8800
2624 8799
2625 8798
2626 8797
2627 8796
2628 8795
2629 8794
2630 8793
2631 8792
2632 8791
2633 8790
2634 8789
2635 8788
2636 8344
2637 8343
2638 8342
2639 8341
2640 8340
2641 8339
2642 8338
2643 8337
2644 8336
2645 8335
2646 8334
2647 8333
2648 8332
2649 8331
2650 8748
2651 8747
2652 8746
2653 8745
2654 8744
2655 8743
2656 8742
2657 8741
2658 8740
2659 8739
2660 8738
2661 8737
2662 8777
2663 8776
2664 8775
2665 8774
2666 8773
2667 8772
2668 8771
2669 8770
2670 10173
2671 10172
2672 10171
2673 10170
2674 10169
2675 10168
2676 10167
2677 10166
2678 10165
2679 10164
2680 7565
2681 7564
2682 7563
2683 7562
2684 7561
2685 7560
2686 7559
2687 7558
2688 7066
2689 7065
2690 7064
2691 7063
2692 7062
2693 7061
2694 7060
2695 7059
2696 7058
2697 7057
2698 7056
2699 7055
2700 7054
2701 7053
2702 7052
2703 7051
2704 7050
2705 7049
2706 7048
2707 7047
2708 7046
2709 7045
2710 7044
2711 7043
2712 8736
2713 8735
2714 8734
2715 8733
2716 8732
2717 8731
2718 8730
2719 8729
2720 8728
2721 8727
2722 8726
2723 8725
2724 8724
2725 8683
2726 8682
2727 8681
2728 8680
2729 8679
2730 8678
2731 8677
2732 8676
2733 9710
2734 9709
2735 9708
2736 9707
2737 9706
2738 9705
2739 9704
2740 9703
2741 9702
2742 9701
2743 9700
2744 7990
2745 7989
2746 7988
2747 7987
2748 7986
2749 7985
2750 7984
2751 7983
2752 9249
2753 9248
2754 9247
2755 9246
2756 9245
2757 9244
2758 9243
2759 9242
2760 9241
2761 9240
2762 8646
2763 8645
2764 8644
2765 8643
2766 8642
2767 8641
2768 8640
2769 8639
2770 8638
2771 8637
2772 8636
2773 8635
2774 8634
2775 8950
2776 8949
2777 8948
2778 8947
2779 8946
2780 8945
2781 8944
2782 8943
2783 8942
2784 8941
2785 8940
2786 8939
2787 8938
2788 8937
2789 8936
2790 8935
2791 8934
2792 8933
2793 8932
2794 8931
2795 8930
2796 8929
2797 8928
2798 8898
2799 8897
2800 8896
2801 8895
2802 8894
2803 8893
2804 8892
2805 8891
2806 8890
2807 8889
2808 8888
2809 8887
2810 8886
2811 8885
2812 8884
2813 8883
2814 8882
2815 8881
2816 8880
2817 7481
2818 7480
2819 7479
2820 7478
2821 7477
2822 7476
2823 7475
2824 7474
2825 7473
2826 7472
2827 7471
2828 7470
2829 7469
2830 7468
2831 7467
2832 7466
2833 6828
2834 6827
2835 6826
2836 6825
2837 6824
2838 6823
2839 6822
2840 6821
2841 8596
2842 8595
2843 8594
2844 8593
2845 8592
2846 8591
2847 8590
2848 8589
2849 8588
2850 8587
2851 8586
2852 8585
2853 8584
2854 8583
2855 8582
2856 8581
2857 8580
2858 8579
2859 8542
2860 8541
2861 8540
2862 8539
2863 8538
2864 8537
2865 8536
2866 8535
2867 8534
2868 8533
2869 8532
2870 8531
2871 8530
2874 9090
2875 9089
2876 9088
2877 9087
2878 9086
2879 9085
2880 9084
2881 9083
2882 11197
2883 11196
2884 11195
2885 11194
2886 11193
2887 11192
2888 11191
2889 11190
2890 11189
2891 11188
2892 11187
2893 11186
2894 6871
2895 6870
2896 6869
2897 6868
2898 6867
2899 6866
2900 6865
2901 6864
2902 6863
2903 6862
2904 6861
2905 6860
2906 6859
2907 6858
2908 7449
2909 7448
2910 7447
2911 7446
2912 7445
2913 7444
2914 7443
2915 7442
2916 7441
2917 7440
2918 7439
2919 7438
2920 7437
2921 7436
2922 9152
2923 9151
2924 9150
2925 9149
2926 9148
2927 9147
2928 9146
2929 6927
2930 6926
2931 6925
2932 6924
2933 6923
2934 6922
2935 6921
2936 6920
2937 6919
2938 6918
2939 6917
2940 6916
2941 6915
2942 6914
2943 6913
2944 6912
2945 6911
2946 6910
2947 6909
2948 6908
2949 6907
2950 6947
2951 6946
2952 6945
2953 6944
2954 6943
2955 6942
2956 6941
2957 6940
2958 6939
2959 6938
2960 6937
2961 6936
2962 6935
2963 6934
2964 9259
2965 9258
2966 9257
2967 9256
2968 9255
2969 9254
2970 9253
2971 9252
2972 9251
2973 9250
2974 7982
2975 7981
2976 7980
2977 7979
2978 7978
2979 7977
2980 7976
2981 7975
2982 7974
2983 7973
2984 7972
2985 7971
2986 7970
2987 9322
2988 9321
2989 9320
2990 9319
2991 9318
2992 9317
2993 9316
2994 9315
2995 9314
2996 9313
2997 9312
2998 9311
2999 9310
3000 9309
3001 9308
3002 9307
3003 9306
3004 9305
3005 7033
3006 7032
3007 7031
3008 7030
3009 7029
3010 7028
3011 7027
3012 7026
3013 7025
3014 7078
3015 7077
3016 7076
3017 7075
3018 7074
3019 7073
3020 7072
3021 7071
3022 7070
3023 7069
3024 7068
3025 7067
3026 7108
3027 7107
3028 7106
3029 7105
3030 7104
3031 7103
3032 7102
3033 7101
3034 8059
3035 8058
3036 8057
3037 8056
3038 8055
3039 8054
3040 8053
3041 8052
3042 8051
3043 8050
3044 8049
3045 8048
3046 8047
3047 8046
3048 8045
3049 8044
3050 8043
3051 8362
3052 8361
3053 8360
3054 8359
3055 8358
3056 8357
3057 8356
3058 8355
3059 8354
3060 8353
3061 8352
3062 8351
3063 8350
3064 8349
3065 8348
3066 8347
3067 8346
3068 8345
3069 8787
3070 8786
3071 8785
3072 8422
3073 8421
3074 8420
3075 8419
3076 8418
3077 8417
3078 8416
3079 8415
3080 10777
3081 10776
3082 7244
3083 7243
3084 7242
3085 7241
3086 7240
3087 7239
3088 7268
3089 7267
3090 7266
3091 7265
3092 7264
3093 7263
3094 7262
3095 7261
3096 7260
3097 7259
3098 7258
3099 7257
3100 7256
3101 7255
3102 7254
3103 7253
3104 7252
3105 7251
3106 7250
3107 7249
3108 7248
3109 7247
3110 7246
3111 7245
3112 8458
3113 8457
3114 8456
3115 8455
3116 8454
3117 8453
3118 8452
3119 9964
3120 9963
3121 9962
3122 9961
3123 7375
3124 7374
3125 7373
3126 7372
3127 7371
3128 7370
3129 7369
3130 7368
3131 7367
3132 7366
3133 7365
3134 7364
3135 7363
3136 7362
3137 7361
3138 7360
3139 7359
3140 7358
3141 7357
3142 7403
3143 7402
3144 7401
3145 7400
3146 7399
3147 7398
3148 7397
3149 7396
3150 7395
3151 7394
3152 7393
3153 7392
3154 9627
3155 9626
3156 9625
3157 9624
3158 9623
3159 9622
3160 9621
3161 9620
3162 9619
3163 9046
3164 9045
3165 9044
3166 9043
3167 9042
3168 9041
3169 9040
3170 9039
3171 9038
3172 9037
3173 9036
3176 7658
3177 7657
3178 7656
3179 7655
3180 7654
3181 7653
3182 7652
3183 7651
3184 7650
3185 7649
3186 7648
3187 7647
3188 8274
3189 8273
3190 7421
3191 7420
3192 7419
3193 7418
3194 7417
3195 7416
3196 7415
3197 7414
3198 7413
3199 7412
3200 7411
3201 7410
3202 7409
3203 7408
3204 7407
3205 7406
3206 7405
3207 7404
3208 7356
3209 7355
3210 7354
3211 7353
3212 7352
3213 7351
3214 7350
3215 7349
3216 7348
3217 7347
3218 7346
3219 7345
3220 7344
3221 7343
3222 7342
3223 7341
3224 7340
3225 7339
3226 7338
3227 7337
3228 7336
3229 7335
3230 7334
3231 7315
3232 7314
3233 7313
3234 7312
3235 7311
3236 7310
3237 7309
3238 7308
3239 7307
3240 7289
3241 7288
3242 7287
3243 7286
3244 7285
3245 7284
3246 7283
3247 7282
3248 7281
3249 7280
3250 7279
3251 7278
3252 7277
3253 7276
3254 7275
3255 7274
3256 7273
3257 7272
3258 7271
3259 7270
3260 7269
3261 7238
3262 7237
3263 7236
3264 7235
3265 7234
3266 7233
3267 7232
3268 7231
3269 7230
3270 7229
3271 7228
3272 7227
3273 7189
3274 7188
3275 7187
3276 7186
3277 7185
3278 7184
3279 7183
3280 7182
3281 7181
3282 7154
3283 7153
3284 7152
3285 7151
3286 7150
3287 7149
3288 7148
3289 7147
3290 7146
3291 7145
3292 7144
3293 7143
3294 7142
3295 7141
3296 7140
3297 7139
3298 7138
3299 7137
3300 7136
3301 7135
3302 7134
3303 7133
3304 7132
3305 8068
3306 8067
3307 8066
3308 8065
3309 8064
3310 8063
3311 8062
3312 8061
3313 8060
3314 7100
3315 7099
3316 7098
3317 7097
3318 7096
3319 7095
3320 7094
3321 7093
3322 7092
3323 7091
3324 7090
3325 7089
3326 7086
3327 7085
3328 7084
3329 7083
3330 7082
3331 7081
3332 7080
3333 7079
3334 7024
3335 7023
3336 7022
3337 7021
3338 7020
3339 7019
3340 7018
3341 7017
3342 7016
3343 7015
3344 7014
3345 7013
3346 7012
3347 7011
3348 7010
3349 7009
3350 7008
3351 7007
3352 7006
3353 7005
3354 7004
3355 7003
3356 7002
3357 7001
3358 7000
3359 6999
3360 6998
3361 6997
3362 6996
3363 6995
3364 6994
3365 6993
3366 6992
3367 6991
3368 7927
3369 7926
3370 6974
3371 6973
3372 6972
3373 6971
3374 6970
3375 6969
3376 6968
3377 6967
3378 6966
3379 6965
3380 6964
3381 6963
3382 6962
3383 6961
3384 6960
3385 6959
3386 6958
3387 6957
3388 6956
3389 6955
3390 6954
3391 6953
3392 6952
3393 6951
3394 6950
3395 6949
3396 6948
3397 6906
3398 6905
3399 6904
3400 6903
3401 6902
3402 6901
3403 6900
3404 6899
3405 6898
3406 6897
3407 6896
3408 6895
3409 6894
3410 7816
3411 7815
3412 7814
3413 7813
3414 7812
3415 6930
3416 6929
3417 6928
3418 9145
3419 9144
3420 9143
3421 9142
3422 9141
3423 9140
3424 9139
3425 9138
3426 9137
3427 9136
3428 9135
3429 9134
3430 9133
3431 7457
3432 7456
3433 7455
3434 7454
3435 7453
3436 7452
3437 7451
3438 7450
3439 6857
3440 6856
3441 6855
3442 6854
3443 6853
3444 6852
3445 6851
3446 6850
3447 6849
3448 6848
3449 6847
3450 6846
3451 6845
3452 6810
3453 6809
3454 6808
3455 6807
3456 6806
3457 6805
3458 6804
3459 6803
3460 6802
3461 6801
3462 6800
3463 6799
3464 6798
3465 6797
3466 6796
3467 6795
3468 6794
3469 6793
3470 6792
3471 6791
3472 6790
3475 8495
3476 8494
3477 8493
3478 8492
3479 8491
3480 8490
3481 8489
3482 8488
3483 8487
3484 8486
3485 8485
3486 8484
3487 8483
3488 6820
3489 6819
3490 6818
3491 6817
3492 6816
3493 6815
3494 6814
3495 6813
3496 6812
3497 6811
3498 6844
3499 6843
3500 6842
3501 6841
3502 6840
3503 6839
3504 6838
3505 6837
3506 6836
3507 6835
3508 6834
3509 6833
3510 6832
3511 6831
3512 6830
3513 6829
3514 7465
3515 7464
3516 7463
3517 7462
3518 7461
3519 7460
3520 7459
3521 7458
3522 9132
3523 9131
3524 9130
3525 9129
3526 9128
3527 9127
3528 9126
3529 9125
3530 9124
3531 9123
3532 9122
3533 9121
3534 7831
3535 7830
3536 7829
3537 7828
3538 7827
3539 7826
3540 7825
3541 7824
3542 7823
3543 7822
3544 7821
3545 7820
3546 7819
3547 7818
3548 7817
3549 6893
3550 6892
3551 6891
3552 6890
3553 6889
3554 6888
3555 6887
3556 6886
3557 6885
3558 6884
3559 6883
3560 6882
3561 6881
3562 6880
3563 6879
3564 7902
3565 7901
3566 7900
3567 7899
3568 7898
3569 7897
3570 7896
3571 7895
3572 7894
3573 7893
3574 7892
3575 7891
3576 7890
3577 7889
3578 7888
3579 7887
3580 7886
3581 7885
3582 7884
3583 7883
3584 7882
3585 7881
3586 7942
3587 7941
3588 7940
3589 7939
3590 7938
3591 7937
3592 7936
3593 7935
3594 7934
3595 7933
3596 7932
3597 7931
3598 7930
3599 7929
3600 7928
3601 6990
3602 6989
3603 6988
3604 6987
3605 6986
3606 6985
3607 6984
3608 6983
3609 6982
3610 6981
3611 6980
3612 6979
3613 6978
3614 6977
3615 6976
3616 6975
3617 7494
3618 7493
3619 7492
3620 7491
3621 7490
3622 7489
3623 7488
3624 7487
3625 7486
3626 7529
3627 7528
3628 7527
3629 7526
3630 7525
3631 7524
3632 7523
3633 7522
3634 7521
3635 7520
3636 7519
3637 7518
3638 7517
3639 7516
3640 7515
3641 7514
3642 7513
3643 7512
3644 7511
3645 7510
3646 7509
3647 7508
3648 7507
3649 7506
3650 7505
3651 7504
3652 7503
3653 7502
3654 7088
3655 7087
3656 7601
3657 7600
3658 7599
3659 7598
3660 7597
3661 7596
3662 7595
3663 7594
3664 7593
3665 7592
3666 7591
3667 7590
3668 7589
3669 7588
3670 8076
3671 8075
3672 8074
3673 8073
3674 8072
3675 8071
3676 8070
3677 8069
3678 7131
3679 7130
3680 7129
3681 7128
3682 7127
3683 7126
3684 7125
3685 7124
3686 7123
3687 7122
3688 9797
3689 9796
3690 9795
3691 9794
3692 7168
3693 7167
3694 7166
3695 7165
3696 7164
3697 7163
3698 7162
3699 7161
3700 7160
3701 7159
3702 7158
3703 7157
3704 7156
3705 7155
3706 7180
3707 7179
3708 7178
3709 7177
3710 7176
3711 7175
3712 7174
3713 7173
3714 7172
3715 7171
3716 7170
3717 7169
3718 7226
3719 7225
3720 7224
3721 7223
3722 7222
3723 7221
3724 7220
3725 7219
3726 7218
3727 7217
3728 7216
3729 7215
3730 7214
3731 7213
3732 9875
3733 9874
3734 9873
3735 9872
3736 9871
3737 9870
3738 9869
3739 9868
3740 9867
3741 9866
3742 9865
3743 9864
3744 9863
3745 9862
3746 9861
3747 9860
3748 9859
3749 9858
3750 9857
3751 9856
3752 9855
3753 9854
3754 7294
3755 7293
3756 7292
3757 7291
3758 7290
3759 7306
3760 7305
3761 7304
3762 7303
3763 7302
3764 7301
3765 7300
3766 7299
3767 7298
3768 7297
3769 7296
3770 7295
3771 7333
3772 7332
3773 7331
3774 7330
3775 7329
3776 7328
3777 7327
3778 7326
3779 7325
3780 7324
3781 7323
3782 7322
3783 7321
3784 7320
3785 7621
3786 7620
3787 7619
3788 7618
3789 7617
3790 7616
3791 7615
3792 7614
3793 7613
3794 7612
3795 7642
3796 7641
3797 7640
3798 7639
3799 7638
3800 7637
3801 7636
3802 7635
3803 7634
3804 7633
3805 8291
3806 8290
3807 8289
3808 8288
3809 8287
3810 8286
3811 8285
3812 8284
3813 8283
3814 8282
3815 8281
3816 8280
3817 8279
3818 8278
3819 8277
3820 8276
3821 8275
3822 7646
3823 7645
3824 7644
3825 7643
3826 7670
3827 7669
3828 7668
3829 7667
3830 7666
3831 7665
3832 7664
3833 7663
3842 3843
3852 8308
3853 8307
3854 3855
3856 8304
3857 8303
3858 8302
3859 8301
3860 8300
3861 8299
3862 8298
3863 8297
3864 8296
3865 3866
3867 8293
3868 8292
3869 7632
3870 7631
3871 7630
3872 7629
3873 7628
3874 7627
3875 7626
3876 3877
3878 7623
3879 7622
3880 7611
3881 7610
3882 7609
3883 7608
3884 7607
3885 7606
3886 7605
3887 7604
3888 7603
3889 7602
3890 3891
3892 7317
3893 7316
3894 8272
3895 8271
3896 8270
3897 8269
3898 3899
3900 8266
3901 8265
3902 8264
3903 8263
3904 8262
3905 3906
3907 8259
3908 8258
3909 8257
3910 8256
3911 3912
3913 8253
3914 8252
3915 8251
3916 8250
3917 8249
3918 3919
3920 8246
3921 8245
3922 8244
3923 8243
3924 8242
3925 3926
3927 8200
3928 8199
3929 8198
3930 8197
3931 3932
3933 8194
3934 8193
3935 8192
3936 8191
3937 8190
3938 8189
3939 8188
3940 3941
3942 8185
3943 8184
3944 8183
3945 8182
3946 9882
3947 3948
3949 9879
3950 9878
3951 9877
3952 9876
3953 7212
3954 3955
3956 7209
3957 7208
3958 7207
3959 7206
3960 7205
3961 7204
3962 3963
3964 7201
3965 7200
3966 7199
3967 7198
3968 7197
3969 3970
3971 7194
3972 7193
3973 7192
3974 7191
3975 7190
3976 3977
3978 8152
3979 8151
3980 8150
3981 8149
3982 8148
3983 8147
3984 3985
3986 8144
3987 8143
3988 8142
3989 9814
3990 9813
3991 9812
3992 9811
3993 9810
3994 9809
3995 9808
3996 9807
3997 3998
3999 9804
4000 9803
4001 9802
4002 9801
4003 9800
4004 4005
4006 7121
4007 7120
4008 7119
4009 7118
4010 7117
4011 7116
4012 4013
4014 7113
4015 7112
4016 7111
4017 7110
4018 7109
4019 8084
4020 4021
4022 8081
4023 8080
4024 8079
4025 8078
4026 8077
4027 7587
4028 4029
4030 7584
4031 7583
4032 7582
4033 7581
4034 7580
4035 7579
4036 4037
4038 7576
4039 7575
4040 7574
4041 8042
4042 8041
4043 8040
4044 8039
4045 8038
4046 8037
4047 8036
4048 8035
4049 4050
4051 7557
4052 7556
4053 7555
4054 7554
4055 7553
4056 7552
4057 4058
4059 7549
4060 7548
4061 7547
4062 7546
4063 7545
4064 4065
4066 7542
4067 7541
4068 7540
4069 7539
4070 7538
4071 7537
4072 4073
4074 7534
4075 7533
4076 7532
4077 7531
4078 7530
4079 7485
4080 4081
4082 7482
4083 7501
4084 7500
4085 7499
4086 7498
4087 7497
4088 4089
4090 8022
4091 8021
4092 8020
4093 8019
4094 8018
4095 8017
4096 8016
4097 8015
4098 8014
4099 4100
4101 8011
4102 8010
4103 8009
4104 8008
4105 8007
4106 4107
4108 8004
4109 8003
4110 8002
4111 8001
4112 8000
4113 7999
4114 4115
4116 7952
4117 7951
4118 7950
4119 7949
4120 7948
4121 4122
4123 7945
4124 7944
4125 7943
4126 7880
4127 7879
4128 4129
4130 7876
4131 7875
4132 7874
4133 7873
4134 7872
4135 4136
4137 7916
4138 7915
4139 7914
4140 7913
4141 7912
4142 4143
4144 7909
4145 7908
4146 7907
4147 7906
4148 7905
4149 7904
4150 7903
4151 6878
4152 4153
4154 6875
4155 6874
4156 6873
4157 6872
4158 7860
4159 4160
4161 7857
4162 7856
4163 7855
4164 7854
4165 4166
4167 7851
4168 7850
4169 7849
4170 7848
4171 4172
4173 7845
4174 7844
4175 7843
4176 7842
4177 4178
4179 7839
4180 7838
4181 7837
4182 7836
4183 4184
4185 7833
4186 7832
4187 7811
4188 7810
4189 4190
4191 7807
4192 7806
4193 7805
4194 7804
4195 7803
4196 4197
4198 7754
4199 7753
4200 7752
4201 7751
4202 7750
4203 7749
4204 7748
4205 7747
4206 7746
4207 7745
4208 4209
4210 7716
4211 7715
4212 7714
4213 7713
4214 7734
4215 7733
4216 4217
4218 7730
4219 7712
4220 7711
4221 7710
4222 7709
4223 7708
4224 7707
4225 4226
4227 7704
4228 7703
4229 7692
4230 7691
4231 7690
4232 7689
4233 7688
4234 4235
4236 7685
4237 7684
4238 7683
4239 7682
4240 8512
4241 8511
4242 8510
4243 8509
4244 4245
4246 8506
4247 8505
4248 8504
4249 8503
4250 8502
4251 8501
4252 8500
4255 8525
4256 8524
4257 8523
4258 8522
4259 8521
4260 8520
4261 8519
4262 4263
4264 8516
4265 8515
4266 8514
4267 8513
4268 7681
4269 7680
4270 7679
4271 7678
4272 4273
4274 7675
4275 7674
4276 7673
4277 7672
4278 7671
4279 7702
4280 7701
4281 4282
4283 7698
4284 7697
4285 7696
4286 7695
4287 7694
4288 7693
4289 7729
4290 4291
4292 7726
4293 7725
4294 7724
4295 7723
4296 7722
4297 7721
4298 4299
4300 7744
4301 7743
4302 7742
4303 7741
4304 7740
4305 7739
4306 7738
4307 7737
4308 7736
4309 7735
4310 4311
4312 7798
4313 7797
4314 7796
4315 7795
4316 4317
4318 7792
4319 7791
4320 7790
4321 7789
4322 7788
4323 4324
4325 7785
4326 8911
4327 8910
4328 8909
4329 4330
4331 8906
4332 8905
4333 8904
4334 8903
4335 4336
4337 8900
4338 8899
4339 7871
4340 4341
4342 7868
4343 7867
4344 7866
4345 7865
4346 4347
4348 7862
4349 7861
4350 8984
4351 8983
4352 4353
4354 8980
4355 8979
4356 8978
4357 8977
4358 8976
4359 8975
4360 8974
4361 8973
4362 8972
4363 8971
4364 4365
4366 7925
4367 7924
4368 7923
4369 7922
4370 4371
4372 7919
4373 8654
4374 8653
4375 8652
4376 8651
4377 4378
4379 8648
4380 8647
4381 7967
4382 7966
4383 7965
4384 4385
4386 7962
4387 7961
4388 7960
4389 7959
4390 4391
4392 7956
4393 7955
4394 7998
4395 7997
4396 7996
4397 4398
4399 7993
4400 7992
4401 7991
4402 9699
4403 9698
4404 4405
4406 9695
4407 9694
4408 9693
4409 9692
4410 9691
4411 9690
4412 9689
4413 9688
4414 9687
4415 9686
4416 9685
4417 4418
4419 9682
4420 9681
4421 9680
4422 9679
4423 8723
4424 4425
4426 8720
4427 8719
4428 8718
4429 8717
4430 8716
4431 8715
4432 4433
4434 8712
4435 8711
4436 8710
4437 8709
4438 8708
4439 4440
4441 9752
4442 9751
4443 9750
4444 9749
4445 9748
4446 4447
4448 9745
4449 9744
4450 9743
4451 9742
4452 9741
4453 4454
4455 9738
4456 9737
4457 9736
4458 8032
4459 8031
4460 4461
4462 8028
4463 8027
4464 8026
4465 8025
4466 8024
4467 8023
4468 7573
4469 7572
4470 7571
4471 4472
4473 7568
4474 7567
4475 7566
4476 8098
4477 8097
4478 4479
4480 8094
4481 8093
4482 8092
4483 8091
4484 8090
4485 4486
4487 8087
4488 8086
4489 8085
4490 8784
4491 8783
4492 4493
4494 8780
4495 8779
4496 8778
4497 9035
4498 9034
4499 4500
4501 9031
4502 9030
4503 9029
4504 9028
4505 9027
4506 4507
4508 9024
4509 9023
4510 9022
4511 9021
4512 9020
4513 4514
4515 9820
4516 9819
4517 9818
4518 9817
4519 9816
4520 9815
4521 8141
4522 8140
4523 8139
4524 4525
4526 8136
4527 8135
4528 8134
4529 8133
4530 8132
4531 4532
4533 8129
4534 8128
4535 8127
4536 8126
4537 4538
4539 8123
4540 8122
4541 8121
4542 8120
4543 8119
4544 4545
4546 8116
4547 8115
4548 8114
4549 8113
4550 8112
4551 4552
4553 8109
4554 8108
4555 9891
4556 9890
4557 9889
4558 4559
4560 9886
4561 9885
4562 9884
4563 9883
4564 4565
4566 8179
4567 8178
4568 8177
4569 8176
4570 8175
4571 8425
4572 8424
4573 8423
4574 8213
4575 8212
4576 4577
4578 8209
4579 8208
4580 8207
4581 8206
4582 8205
4583 4584
4585 8241
4586 8240
4587 8239
4588 8238
4589 4590
4591 8235
4592 8234
4593 8233
4594 8232
4595 4596
4597 8229
4598 8228
4599 8227
4600 8226
4601 4602
4603 8223
4604 8222
4605 8221
4606 8220
4607 8219
4608 4609
4610 8216
4611 8215
4612 8214
4613 8872
4614 4615
4616 8869
4617 8868
4618 8867
4619 8866
4620 8865
4621 8864
4622 4623
4624 8861
4625 8860
4626 8859
4627 8858
4628 8857
4629 8856
4630 8855
4631 8854
4632 8853
4633 4634
4635 8850
4636 8849
4637 8848
4638 8847
4639 8846
4640 8845
4641 8844
4642 4643
4644 8323
4645 8322
4646 8321
4647 8320
4648 8319
4649 8318
4650 8317
4651 8316
4652 4653
4654 8313
4655 8312
4656 8311
4657 8310
4658 8309
4659 9080
4660 9079
4661 9078
4662 9077
4663 4664
4665 9074
4666 9073
4667 9072
4668 9071
4669 9070
4670 9069
4671 9068
4672 9067
4673 4674
4675 9064
4682 4683
4692 4693
4702 4703
4707 8820
4708 8819
4709 8818
4710 8817
4711 8816
4712 4713
4714 8813
4715 10946
4716 10945
4717 10944
4718 10943
4719 10942
4720 4721
4722 10939
4723 10938
4724 10937
4725 10936
4726 10935
4727 10934
4728 10933
4729 10932
4730 10931
4731 10930
4732 10929
4733 10928
4734 4735
4736 10925
4737 10016
4738 10015
4739 10014
4740 4741
4742 10268
4743 10267
4744 10266
4745 10265
4746 4747
4748 10262
4749 10261
4750 10260
4751 10259
4752 4753
4754 10256
4755 10255
4756 12111
4757 12110
4758 4759
4760 12107
4761 12106
4762 12105
4763 12104
4764 4765
4766 9935
4767 9934
4768 9933
4769 9932
4770 4771
4772 9929
4773 9928
4774 9927
4775 9926
4776 4777
4778 10839
4779 10838
4780 10837
4781 10836
4782 10835
4783 10834
4784 10833
4785 4786
4787 10830
4788 10829
4789 10828
4790 10827
4791 9900
4792 4793
4794 9897
4795 9896
4796 9895
4797 9894
4798 4799
4800 8107
4801 8106
4802 8105
4803 8104
4804 4805
4806 8101
4807 8100
4808 8099
4809 11983
4810 11982
4811 4812
4813 11979
4814 11978
4815 11977
4816 9848
4817 4818
4819 9845
4820 9844
4821 9843
4822 9842
4823 4824
4825 9839
4826 9838
4827 9837
4828 9836
4829 9835
4830 4831
4832 9832
4833 9831
4834 9830
4835 9829
4836 9828
4837 9827
4838 9826
4839 4840
4841 9823
4842 9019
4843 9018
4844 9017
4845 4846
4847 9014
4848 9013
4849 9012
4850 11166
4851 4852
4853 11163
4854 11162
4855 11161
4856 11160
4857 11159
4858 4859
4860 11156
4861 11155
4862 11154
4863 11153
4864 4865
4866 11150
4867 11149
4868 11148
4869 11147
4870 10191
4871 4872
4873 10188
4874 10187
4875 10186
4876 10185
4877 4878
4879 9789
4880 9788
4881 9787
4882 9786
4883 9785
4884 4885
4886 9782
4887 9781
4888 9780
4889 9779
4890 9778
4891 9777
4892 9776
4893 4894
4895 9773
4896 9772
4897 9771
4898 9770
4899 4900
4901 9767
4902 9766
4903 9765
4904 9764
4905 9763
4906 4907
4908 9760
4909 9759
4910 9758
4911 9757
4912 4913
4914 9754
4915 9753
4916 8705
4917 8704
4918 8703
4919 4920
4921 8700
4922 8699
4923 13156
4924 13155
4925 4926
4927 13152
4928 13151
4929 13150
4930 13149
4931 13148
4932 4933
4934 13145
4935 9735
4936 9734
4937 9733
4938 4939
4940 9730
4941 9729
4942 9728
4943 9727
4944 9726
4945 9725
4946 9724
4947 9723
4948 4949
4950 9720
4951 9719
4952 10126
4953 10125
4954 10124
4955 4956
4957 10121
4958 10120
4959 10119
4960 10118
4961 4962
4963 10115
4964 10114
4965 10154
4966 10153
4967 4968
4969 10150
4970 10149
4971 10148
4972 10147
4973 10146
4974 4975
4976 8616
4977 8615
4978 8614
4979 8613
4980 4981
4982 8610
4983 8609
4984 8608
4985 10386
4986 4987
4988 10383
4989 10382
4990 10381
4991 10380
4992 8968
4993 4994
4995 8965
4996 8964
4997 8963
4998 8962
4999 8961
5000 5001
5002 9201
5003 9200
5004 9199
5005 9198
5006 5007
5008 9195
5009 9194
5010 9193
5011 5012
5013 9190
5014 9189
5015 9188
5016 9187
5017 5018
5019 8925
5020 8924
5021 8923
5022 8922
5023 5024
5025 8919
5026 8918
5027 8917
5028 8916
5029 5030
5031 8913
5032 8912
5033 7784
5034 7783
5035 5036
5037 7780
5038 7779
5039 7778
5040 10113
5041 5042
5043 10110
5044 10109
5045 10108
5046 10107
5047 5048
5049 10087
5050 10086
5051 10085
5052 10084
5053 10083
5054 10082
5055 10081
5056 10080
5057 10079
5058 10078
5059 5060
5061 10075
5062 10074
5063 10073
5064 10072
5065 10071
5066 10070
5067 5068
5069 10067
5070 10066
5071 10065
5072 10064
5073 10063
5074 10062
5075 5076
5077 8566
5078 8565
5079 8564
5080 8563
5081 8562
5082 8561
5083 8560
5084 8559
5085 5086
5087 8556
5088 8555
5089 8554
5090 10047
5091 10046
5092 10045
5093 10044
5094 10043
5095 5096
5097 10040
5098 10039
5099 10038
5100 10037
5101 10036
5102 10035
5103 10034
5106 10638
5107 10637
5108 10636
5109 10635
5110 10634
5111 10633
5112 10055
5113 10054
5114 5115
5116 10051
5117 10050
5118 10049
5119 10048
5120 8553
5121 8552
5122 8551
5123 5124
5125 8548
5126 8547
5127 8546
5128 8545
5129 8544
5130 8543
5131 11044
5132 11043
5133 5134
5135 12222
5136 12221
5137 12220
5138 12219
5139 12218
5140 12217
5141 5142
5143 12214
5144 12213
5145 12212
5146 12211
5147 12210
5148 12209
5149 5150
5151 12206
5152 12205
5153 10095
5154 10094
5155 10093
5156 10092
5157 10091
5158 10090
5159 10089
5160 10088
5161 5162
5163 10102
5164 10101
5165 10100
5166 10099
5167 5168
5169 10096
5170 7777
5171 7776
5172 7775
5173 5174
5175 7772
5176 7771
5177 7770
5178 7769
5179 5180
5181 7766
5182 7765
5183 7764
5184 5185
5186 7761
5187 7760
5188 7759
5189 7758
5190 5191
5192 7755
5193 9186
5194 9185
5195 9184
5196 5197
5198 9181
5199 10732
5200 10731
5201 5202
5203 10408
5204 10407
5205 10406
5206 10405
5207 5208
5209 10402
5210 10401
5211 10400
5212 10399
5213 10398
5214 10397
5215 5216
5217 10394
5218 10393
5219 10392
5220 10391
5221 5222
5223 10388
5224 10387
5225 8607
5226 8606
5227 5228
5229 8603
5230 8602
5231 8601
5232 8600
5233 5234
5235 8597
5236 10163
5237 10162
5238 10161
5239 5240
5241 10158
5242 10157
5243 10156
5244 10155
5245 5246
5247 10773
5248 10772
5249 10771
5250 10770
5251 5252
5253 10767
5254 11095
5255 11094
5256 11093
5257 5258
5259 11090
5260 11089
5261 11088
5262 11087
5263 5264
5265 11084
5266 11083
5267 11082
5268 11081
5269 11080
5270 5271
5272 13172
5273 13171
5274 13170
5275 13169
5276 5277
5278 13166
5279 13165
5280 13164
5281 13163
5282 5283
5284 13160
5285 13159
5286 13158
5287 13157
5288 5289
5290 8696
5291 8695
5292 8694
5293 8693
5294 5295
5296 8690
5297 8689
5298 8688
5299 8687
5300 5301
5302 8684
5303 11115
5304 11114
5305 11113
5306 5307
5308 11110
5309 11109
5310 11108
5311 11107
5312 5313
5314 11104
5315 11103
5316 10217
5317 10216
5318 5319
5320 10213
5321 10212
5322 10211
5323 10210
5324 10209
5325 10208
5326 5327
5328 10205
5329 10204
5330 10203
5331 10202
5332 5333
5334 10199
5335 10198
5336 10197
5337 10196
5338 5339
5340 10193
5341 10192
5342 11146
5343 11145
5344 5345
5346 11142
5347 11141
5348 11140
5349 11139
5350 5351
5352 11136
5353 11135
5354 11174
5355 11173
5356 5357
5358 11170
5359 11169
5360 11168
5361 11167
5362 5363
5364 9009
5365 9008
5366 9007
5367 9006
5368 5369
5370 9003
5371 9002
5372 9001
5373 9000
5374 5375
5376 8997
5377 8996
5378 8995
5379 8369
5380 8368
5381 5382
5383 8365
5384 8364
5385 8363
5386 12001
5387 5388
5389 11998
5390 11997
5391 11996
5392 11995
5393 5394
5395 11992
5396 11991
5397 11990
5398 11989
5399 5400
5401 11986
5402 11985
5403 11984
5404 10826
5405 5406
5407 10823
5408 10822
5409 10821
5410 10820
5411 5412
5413 10817
5414 10816
5415 10815
5416 10814
5417 5418
5419 10811
5420 10810
5421 10854
5422 10853
5423 5424
5425 10850
5426 10849
5427 10848
5428 5429
5430 10845
5431 10844
5432 10843
5433 10842
5434 10841
5435 10840
5436 5437
5438 9921
5439 9920
5440 9919
5441 5442
5443 10899
5444 10898
5445 10897
5446 10896
5447 5448
5449 12120
5450 12119
5451 12118
5452 12117
5453 5454
5455 12114
5456 12113
5457 12112
5458 5459
5460 10252
5461 10251
5462 10250
5463 10249
5464 5465
5466 10246
5467 10245
5468 10244
5469 10243
5470 5471
5472 10240
5473 10239
5474 10238
5475 5476
5477 10235
5478 10234
5479 10233
5480 10232
5481 10231
5482 5483
5484 10962
5485 10961
5486 10960
5487 10959
5488 10958
5489 10957
5490 10956
5491 10955
5492 5493
5494 10952
5495 10951
5496 10950
5497 10949
5498 10948
5499 10947
5500 5501
5509 5510
5518 5519
5526 10565
5527 5528
5529 10562
5530 10561
5531 10560
5532 10559
5533 10558
5534 10557
5535 10556
5536 10555
5539 11906
5540 11905
5541 11904
5542 5543
5544 11901
5545 11900
5546 11899
5547 11898
5548 11897
5549 11896
5550 11895
5551 5552
5553 11892
5554 11891
5555 11890
5556 11889
5557 11888
5558 11800
5559 5560
5561 11797
5562 11796
5563 11795
5564 11794
5565 11793
5566 11792
5567 11791
5568 5569
5570 11788
5571 11787
5572 11786
5573 11785
5574 11784
5575 11783
5576 5577
5578 11780
5579 11779
5580 11778
5581 11777
5582 11776
5583 5584
5585 11773
5586 11772
5587 11771
5588 11770
5589 11769
5590 11768
5591 5592
5593 12194
5594 12193
5595 12192
5596 12191
5597 5598
5599 12188
5600 12187
5601 12186
5602 12185
5603 5604
5605 12182
5606 12181
5607 12180
5608 5609
5610 12177
5611 12176
5612 12175
5613 12174
5614 5615
5616 12171
5617 12170
5618 12169
5619 5620
5621 12128
5622 12127
5623 12126
5624 12125
5625 5626
5627 12122
5628 12121
5629 10893
5630 5631
5632 10890
5633 10889
5634 10888
5635 5636
5637 10885
5638 10884
5639 10883
5640 10882
5641 5642
5643 10879
5644 10878
5645 10877
5646 10876
5647 10875
5648 10874
5649 10873
5650 5651
5652 10870
5653 12755
5654 12754
5655 12753
5656 5657
5658 12703
5659 12702
5660 12701
5661 12700
5662 5663
5664 12697
5665 12696
5666 12050
5667 5668
5669 12047
5670 12046
5671 12045
5672 12044
5673 5674
5675 12041
5676 12040
5677 12039
5678 12038
5679 5680
5681 12035
5682 12034
5683 12010
5684 5685
5686 12007
5687 12006
5688 12005
5689 12004
5690 5691
5692 12685
5693 12684
5694 12683
5695 12682
5696 5697
5698 12679
5699 12639
5700 12638
5701 12637
5702 12636
5703 12635
5704 12634
5705 12633
5706 5707
5708 12630
5709 12629
5710 12628
5711 12627
5712 5713
5714 11183
5715 11182
5716 11181
5717 5718
5719 11178
5720 11177
5721 11176
5722 11175
5723 5724
5725 12624
5726 12623
5727 12622
5728 5729
5730 12572
5731 12571
5732 12570
5733 12569
5734 5735
5736 12566
5737 12565
5738 12564
5739 5740
5741 12551
5742 12550
5743 12549
5744 12548
5745 5746
5747 12545
5748 12544
5749 12543
5750 13239
5751 5752
5753 13236
5754 13235
5755 13234
5756 13233
5757 5758
5759 11132
5760 11131
5761 11130
5762 5763
5764 11127
5765 11126
5766 11125
5767 11124
5768 5769
5770 11121
5771 11120
5772 11119
5773 11118
5774 5775
5776 12531
5777 12530
5778 12529
5779 5780
5781 12526
5782 12467
5783 12466
5784 12465
5785 5786
5787 12462
5788 12483
5789 12482
5790 5791
5792 12479
5793 13186
5794 13185
5795 13184
5796 5797
5798 13181
5799 13180
5800 13179
5801 5802
5803 13176
5804 13175
5805 13174
5806 13173
5807 5808
5809 11075
5810 11074
5811 11073
5812 11072
5813 11071
5814 11070
5815 11069
5816 11068
5817 5818
5819 11065
5820 12461
5821 12460
5822 5823
5824 12457
5825 12456
5826 12455
5827 12454
5828 5829
5830 12451
5831 12450
5832 12449
5833 12448
5834 5835
5836 13076
5837 13075
5838 13074
5839 5840
5841 13071
5842 13070
5843 13069
5844 13068
5845 5846
5847 13065
5848 13064
5849 13063
5850 13062
5851 5852
5853 13059
5854 13058
5855 12431
5856 5857
5858 12428
5859 12427
5860 12426
5861 12425
5862 5863
5864 12422
5865 12411
5866 12410
5867 12409
5868 12408
5869 12407
5870 12406
5871 5872
5873 12403
5874 12402
5875 12401
5876 12377
5877 5878
5879 12374
5880 12373
5881 12372
5882 5883
5884 12369
5885 12368
5886 12367
5887 12366
5888 5889
5890 12363
5891 12362
5892 12361
5893 5894
5895 12358
5896 12357
5897 12316
5898 12315
5899 5900
5901 12312
5902 12311
5903 12310
5904 5905
5906 12307
5907 12306
5908 11952
5909 11951
5910 5911
5912 11948
5913 11947
5914 11946
5915 11945
5916 5917
5918 12262
5919 12261
5920 12260
5921 12259
5922 12258
5923 12257
5924 12256
5925 12255
5926 12254
5927 12253
5928 5929
5930 12236
5931 12235
5932 12234
5933 12233
5934 12232
5935 5936
5937 12229
5938 12228
5939 12227
5940 12226
5941 12225
5942 12224
5943 12223
5944 5945
5946 11038
5947 11037
5948 11036
5949 11035
5950 11034
5951 11033
5952 11032
5953 5954
5955 11029
5956 11028
5957 11027
5958 11026
5959 11025
5960 13020
5961 13019
5962 13018
5963 5964
5965 13015
5966 13014
5967 10632
5968 10631
5969 10630
5970 10629
5971 10628
5972 10627
5975 13033
5976 13032
5977 13031
5978 13030
5979 13029
5980 13028
5981 13027
5982 13026
5983 5984
5985 13023
5986 13022
5987 13021
5988 11024
5989 11023
5990 11022
5991 11021
5992 11020
5993 5994
5995 11017
5996 11016
5997 11015
5998 11014
5999 11013
6000 11012
6001 11011
6002 6003
6004 11008
6005 11007
6006 11006
6007 11005
6008 11004
6009 11003
6010 12248
6011 6012
6013 12245
6014 12244
6015 12243
6016 12242
6017 12241
6018 6019
6020 12252
6021 12251
6022 12250
6023 12249
6024 12269
6025 12268
6026 12267
6027 12266
6028 12265
6029 6030
6031 11942
6032 11941
6033 11940
6034 11939
6035 6036
6037 11936
6038 12329
6039 12328
6040 12327
6041 6042
6043 12324
6044 12323
6045 12322
6046 12321
6047 6048
6049 12318
6050 12317
6051 12356
6052 6053
6054 12353
6055 12352
6056 12351
6057 12350
6058 6059
6060 12389
6061 12388
6062 12387
6063 6064
6065 12384
6066 12383
6067 12382
6068 12381
6069 6070
6071 12378
6072 12400
6073 12399
6074 6075
6076 12396
6077 12395
6078 12394
6079 12393
6080 12392
6081 12391
6082 12390
6083 12421
6084 6085
6086 12418
6087 12417
6088 12416
6089 6090
6091 12413
6092 12412
6093 13057
6094 13056
6095 6096
6097 13053
6098 13052
6099 13051
6100 6101
6102 13090
6103 13089
6104 13088
6105 13087
6106 6107
6108 13084
6109 13083
6110 13082
6111 6112
6113 13079
6114 12447
6115 12446
6116 6117
6118 12443
6119 12442
6120 12441
6121 12440
6122 6123
6124 12437
6125 12436
6126 12435
6127 6128
6129 12432
6130 13144
6131 13143
6132 6133
6134 13140
6135 13139
6136 13138
6137 13137
6138 13136
6139 13135
6140 6141
6142 13132
6143 13131
6144 13130
6145 6146
6147 13196
6148 13195
6149 13194
6150 6151
6152 13191
6153 13190
6154 13189
6155 6156
6157 12478
6158 12477
6159 12476
6160 12475
6161 6162
6163 12472
6164 12471
6165 12470
6166 6167
6168 12525
6169 12524
6170 12523
6171 6172
6173 12520
6174 12519
6175 12518
6176 6177
6178 12515
6179 12514
6180 12513
6181 12512
6182 6183
6184 12509
6185 13253
6186 13252
6187 6188
6189 13249
6190 13248
6191 13247
6192 13246
6193 13245
6194 13244
6195 13243
6196 6197
6198 13240
6199 12542
6200 12541
6201 6202
6203 12538
6204 12537
6205 12536
6206 6207
6208 12533
6209 12532
6210 12563
6211 12562
6212 6213
6214 12559
6215 12558
6216 12557
6217 6218
6219 12554
6220 12619
6221 12618
6222 6223
6224 12615
6225 12614
6226 12613
6227 6228
6229 12610
6230 12609
6231 12608
6232 12607
6233 6234
6235 12604
6236 12603
6237 12602
6238 6239
6240 12650
6241 12649
6242 12648
6243 6244
6245 12645
6246 12644
6247 12643
6248 12642
6249 12641
6250 12640
6251 12678
6252 6253
6254 12675
6255 12674
6256 12673
6257 6258
6259 13277
6260 13276
6261 13275
6262 13274
6263 6264
6265 13271
6266 13270
6267 13269
6268 6269
6270 12064
6271 12063
6272 12062
6273 12061
6274 6275
6276 12058
6277 12057
6278 12056
6279 6280
6281 12053
6282 12052
6283 12051
6284 6285
6286 12693
6287 12692
6288 12691
6289 12690
6290 6291
6292 12687
6293 12686
6294 12752
6295 6296
6297 12749
6298 12748
6299 12747
6300 6301
6302 12744
6303 12743
6304 12742
6305 12741
6306 12740
6307 12739
6308 6309
6310 12736
6311 12735
6312 12734
6313 6314
6315 12731
6316 12730
6317 12729
6318 6319
6320 12726
6321 12725
6322 13294
6323 6324
6325 13291
6326 13290
6327 13289
6328 13288
6329 6330
6331 13285
6332 13284
6333 11735
6334 6335
6336 11732
6337 11731
6338 11730
6339 6340
6341 11727
6342 11726
6343 11725
6344 6345
6346 11722
6347 11721
6348 11720
6349 6350
6351 11717
6352 11716
6353 11715
6354 11714
6355 6356
6357 11711
6358 11710
6359 11709
6360 11708
6366 6367
6372 6373
6380 6381
6388 6389
6396 6397
6404 6405
6414 13000
6415 12999
6416 12998
6417 12997
6418 12996
6419 12995
6420 6421
6422 12992
6423 12991
6424 12990
6425 11859
6426 11858
6427 11857
6428 11856
6429 11855
6430 11854
6431 11853
6432 11852
6433 11851
6434 11850
6435 11849
6436 11848
6437 11847
6438 11846
6439 11845
6440 11844
6441 11843
6442 11842
6443 11841
6444 11840
6445 11839
6446 11838
6447 12979
6448 12978
6449 12977
6450 12976
6451 12975
6452 12974
6453 12973
6454 12972
6455 12971
6456 12970
6457 12969
6458 12958
6459 12957
6460 12956
6461 12955
6462 12954
6463 12953
6464 12952
6465 12951
6466 12950
6467 12949
6468 12948
6469 11750
6470 11749
6471 11748
6472 11747
6473 11746
6474 11745
6475 11744
6476 6477
6478 11741
6479 11740
6480 11739
6481 11738
6482 11737
6483 11736
6484 13303
6485 13302
6486 13301
6487 13300
6488 13299
6489 13298
6490 13297
6491 13296
6492 13295
6493 12724
6494 12723
6495 12722
6496 12721
6497 12720
6498 12719
6499 12718
6500 12717
6501 12716
6502 12715
6503 12714
6504 12713
6505 12712
6506 12711
6507 12710
6508 12709
6509 12708
6510 12937
6511 12936
6512 12935
6513 12934
6514 12933
6515 12932
6516 12931
6517 12930
6518 12929
6519 12928
6520 12927
6521 12913
6522 12912
6523 12911
6524 12910
6525 12909
6526 6527
6528 12073
6529 12072
6530 12071
6531 12070
6532 12069
6533 12068
6534 12067
6535 12066
6536 12065
6537 13266
6538 13265
6539 13264
6540 13283
6541 13282
6542 13281
6543 13280
6544 13279
6545 13278
6546 12670
6547 12669
6548 12668
6549 12667
6550 12666
6551 12665
6552 12664
6553 12663
6554 12662
6555 6556
6557 12659
6558 12658
6559 12657
6560 12656
6561 12655
6562 12654
6563 12653
6564 12601
6565 12600
6566 12599
6567 12598
6568 12597
6569 12596
6570 12595
6571 12594
6572 12593
6573 12592
6574 12591
6575 12590
6576 12589
6577 12588
6578 12587
6579 6580
6581 12584
6582 12583
6583 12582
6584 12864
6585 12863
6586 12862
6587 12861
6588 12860
6589 12859
6590 12858
6591 12857
6592 12856
6593 12855
6594 12854
6595 12853
6596 11503
6597 11502
6598 11501
6599 11500
6600 13263
6601 13262
6602 13261
6603 13260
6604 6605
6606 13257
6607 13256
6608 13255
6609 13254
6610 12508
6611 12507
6612 12506
6613 12505
6614 12504
6615 12503
6616 12502
6617 12501
6618 12500
6619 12499
6620 12498
6621 12497
6622 12496
6623 12495
6624 12494
6625 12493
6626 12492
6627 6628
6629 12489
6630 12488
6631 12487
6632 12486
6633 12485
6634 12484
6635 13203
6636 13202
6637 13201
6638 13200
6639 13199
6640 13198
6641 13197
6642 13127
6643 13126
6644 13125
6645 13124
6646 13123
6647 13122
6648 13121
6649 13120
6650 13119
6651 13118
6652 13117
6653 13116
6654 13115
6655 13114
6656 13113
6657 13112
6658 11379
6659 11378
6660 11377
6661 11376
6662 11375
6663 11374
6664 6665
6666 13104
6667 13103
6668 13102
6669 13101
6670 13100
6671 13099
6672 13098
6673 13097
6674 13096
6675 13095
6676 13094
6677 13093
6678 13092
6679 13091
6680 13048
6681 13047
6682 13046
6683 12852
6684 12851
6685 12850
6686 12849
6687 12848
6688 12847
6689 12846
6690 12845
6691 12844
6692 12843
6693 12842
6694 12841
6695 12840
6696 12839
6697 12838
6698 12837
6699 10339
6700 10338
6701 10337
6702 10336
6703 10335
6704 10334
6705 10333
6706 10332
6707 10331
6708 10330
6709 10329
6710 10328
6711 10327
6712 10326
6713 10325
6714 10324
6715 12347
6716 12346
6717 12345
6718 12344
6719 12343
6720 12342
6721 12341
6722 12340
6723 12339
6724 12338
6725 12337
6726 12336
6727 12335
6728 12334
6729 12333
6730 12332
6731 12331
6732 12330
6733 11935
6734 11934
6735 11933
6736 11932
6737 11931
6738 11930
6739 11929
6740 11928
6741 10284
6742 10283
6743 10282
6744 10281
6745 10280
6746 10279
6747 10278
6748 10277
6749 10276
6750 10275
6751 10274
6752 10273
6753 10272
6754 10271
6755 10270
6756 10269
6757 11002
6758 11001
6759 11000
6760 10999
6761 10998
6762 10997
6763 10996
6764 10995
6765 10994
6766 10993
6767 10992
6768 10991
6769 10990
6770 10989
6771 10988
6772 10987
6773 12795
6774 12794
6775 12793
6776 12792
6777 12791
6778 12790
6779 12789
6780 12788
6781 13045
6782 13044
6783 13043
6784 13042
6785 13041
6786 13040
6787 13039
6788 13038
