1, 0, 1, 0.2
2, 3, 2, 0.2
3, 5, 4, 0.2
4, 2, 1, 0.2
5, 0, 5, 0.2
6, 3, 4, 0.2
7, 2, 1, 0.5
8, 0, 5, 0.5
9, 3, 4, 0.2
10, 2, 3, 0.3
11, 1, 0, 0.2
12, 2, 1, 1.8
13, 4, 5, 1.2
14, 0, 1, 0.5
15, 3, 4, 0.3
16, 2, 3, 2.4
17, 5, 0, 0.6
19, 4, 5, 1.8
20, 0, 1, 0.5
22, 2, 1, 0.6
23, 0, 5, 2.9
24, 3, 4, 1.2
25, 2, 3, 0.8
26, 1, 0, 0.5
27, 4, 5, 0.6
29, 0, 5, 0.5
30, 3, 4, 0.3
31, 2, 3, 2.1
32, 1, 0, 1.5
34, 4, 5, 0.2
36, 3, 4, 1.2
37, 2, 3, 1.5
38, 5, 0, 0.9
40, 2, 3, 2.4
42, 0, 1, 1.8
45, 3, 4, 1.2
48, 3, 4, 2.1
54, 3, 4, 0.3
55, 2, 1, 1.2
56, 5, 0, 2.1
58, 4, 3, 3.0
60, 0, 1, 1.8
61, 5, 0, 3.0
63, 4, 5, 1.2
65, 0, 1, 2.3
66, 3, 2, 1.8
70, 2, 1, 1.1
71, 5, 0, 0.9
18, 2, 1, 0.2, LOOP
21, 3, 2, 0.5, LOOP
28, 2, 1, 0.2, LOOP
33, 2, 1, 0.2, LOOP
35, 0, 1, 0.5, LOOP
39, 2, 1, 0.5, LOOP
41, 4, 5, 0.2, LOOP
43, 2, 1, 0.6, LOOP
44, 0, 5, 0.6, LOOP
46, 2, 1, 0.6, LOOP
47, 0, 5, 0.9, LOOP
49, 2, 1, 0.6, LOOP
50, 0, 1, 0.6, LOOP
51, 3, 2, 0.5, LOOP
52, 4, 5, 0.2, LOOP
53, 0, 1, 0.9, LOOP
57, 3, 2, 0.5, LOOP
59, 2, 1, 0.8, LOOP
62, 2, 3, 0.9, LOOP
64, 2, 1, 0.8, LOOP
67, 4, 5, 0.6, LOOP
68, 0, 1, 1.1, LOOP
69, 3, 4, 0.9, LOOP
72, 3, 2, 1.2, LOOP
73, 4, 5, 0.6, LOOP
Helix 0 has an average crossover density of 24/369 = 0.0650 (1/bp). Target is 0.0700 (1/bp).
Helix 1 has an average crossover density of 28/425 = 0.0659 (1/bp). Target is 0.0700 (1/bp).
Helix 2 has an average crossover density of 28/428 = 0.0654 (1/bp). Target is 0.0700 (1/bp).
Helix 3 has an average crossover density of 24/369 = 0.0650 (1/bp). Target is 0.0700 (1/bp).
Helix 4 has an average crossover density of 21/313 = 0.0671 (1/bp). Target is 0.0700 (1/bp).
Helix 5 has an average crossover density of 21/310 = 0.0677 (1/bp). Target is 0.0700 (1/bp).
