0 11151
1 11150
2 11149
3 11148
4 11147
5 11146
6 11145
7 11144
8 11143
9 11142
10 11141
11 11140
12 11139
13 11138
14 11212
15 11211
16 11210
17 11209
18 11208
19 11207
20 11206
21 11205
22 11204
23 11203
24 11202
25 11201
26 11200
27 11199
28 11198
29 12474
30 12473
31 12472
32 12471
33 12470
34 12469
35 12468
36 12467
37 12466
38 12465
39 12464
40 12463
41 12462
42 12461
43 12460
44 12459
45 12568
46 12567
47 12566
48 12565
49 12564
50 12563
51 12562
52 12561
53 12560
54 12559
55 12558
56 12557
57 12556
58 12231
59 12230
60 12229
61 12228
62 12227
63 12226
64 12225
65 12224
66 12223
67 12222
68 12221
69 12220
70 12219
71 12218
72 12217
73 12216
74 12215
75 12214
76 12213
77 12212
78 12146
79 12145
80 12144
81 12143
82 12142
83 12141
84 12644
85 12778
86 12777
87 12776
88 12775
89 12774
90 12773
91 12772
92 12771
93 12770
94 12769
95 12768
96 12767
97 12766
98 11309
99 11308
100 11307
101 11306
102 11305
103 11304
104 11303
105 11302
106 11301
107 11300
108 11299
109 11298
110 11297
111 11296
112 11295
113 11418
114 11417
115 11416
116 11415
117 11414
118 11413
119 11412
120 11411
121 11410
122 11409
123 11408
124 11407
125 11406
126 11494
127 11493
128 11492
129 11491
130 11490
131 11489
132 11488
133 11487
134 11486
135 11485
136 11484
137 11483
138 11482
139 11481
140 11480
141 11479
142 11638
143 11637
144 11636
145 11635
146 11634
147 11633
148 11632
149 11631
150 11630
151 11629
152 11628
153 11627
154 11626
155 11625
156 11624
157 11623
158 11622
159 11621
160 11620
161 11619
162 11660
163 11659
164 11658
165 11657
166 11656
167 11655
168 11654
169 11653
170 11652
171 11651
172 13225
173 13224
174 13223
175 13222
176 13221
177 13220
178 13219
179 13218
180 13217
181 13254
182 13253
183 13252
184 13251
185 13250
186 13249
187 13248
188 13247
189 13246
190 12929
191 12928
192 12927
193 12926
194 12925
195 12924
196 12923
197 11725
198 11724
199 11723
200 11722
201 11721
202 11720
203 11719
204 11718
205 11717
206 13324
207 13323
208 13322
209 13321
210 13320
211 13319
212 13318
213 13317
214 13316
215 13315
216 13314
217 13313
218 13312
219 13311
220 13310
221 13415
222 13414
223 13413
224 13412
225 13411
226 13410
227 13409
228 13408
229 13407
230 13406
231 13405
232 13404
233 13403
234 13402
235 13401
236 13461
237 13460
238 13459
239 13458
240 13457
241 13456
242 13455
243 13454
244 13453
245 13452
246 13451
247 13450
248 13449
249 13448
250 13447
251 13446
252 13612
253 12047
254 12046
255 12045
256 12044
257 12043
258 12042
259 12041
260 12040
261 12039
262 12038
263 12037
264 13670
265 13669
266 13668
267 13667
268 13666
269 13665
270 13664
271 13663
272 13662
273 13661
274 13660
275 13659
276 13658
277 13657
278 13656
279 13655
280 13654
281 11812
282 11811
283 11810
284 11809
285 11808
286 11807
287 11806
288 11805
289 11804
290 11803
291 11802
292 11801
293 11800
294 11799
295 11798
296 11797
297 11796
298 11795
299 11794
300 11793
301 11792
302 11791
303 11790
304 11789
305 11788
306 11787
307 11786
308 11785
309 13750
310 13749
311 13748
312 13747
313 13746
314 13745
315 13744
316 13743
317 13742
318 13741
319 13740
320 13739
321 13738
322 13737
323 13736
324 13735
325 13926
326 12068
327 12067
328 12066
329 12065
330 12064
331 12063
332 12062
333 12061
334 12060
335 12059
336 12058
337 12090
338 12089
339 12088
340 12087
341 12086
342 12085
343 12084
344 12083
345 12082
346 12081
347 12080
348 12079
349 14010
350 14009
351 14008
352 14007
353 14006
354 14005
355 14004
356 14003
357 14002
358 14001
359 14000
360 13999
361 13998
362 13997
363 13996
364 13995
365 14192
366 14191
367 14190
368 14189
369 14188
370 14187
371 14186
372 14185
373 14184
374 14183
375 14182
376 14181
377 14180
378 14140
379 14139
380 14138
381 14137
382 14136
383 14135
384 14134
385 14133
386 14132
387 14131
388 14130
389 14129
390 14128
391 14127
392 14126
393 14048
394 14047
395 14046
396 14045
397 14044
398 14043
399 14042
400 14041
401 14040
402 14039
403 14038
404 14037
405 14036
406 14035
407 14034
408 14033
409 14349
410 14412
411 14411
412 14410
413 14409
414 14408
415 14407
416 14406
417 14405
418 14404
419 14403
420 14402
421 14401
422 14400
423 14399
424 14398
425 14397
426 14396
427 14395
428 14794
429 14793
430 14792
431 14791
432 14790
433 14789
434 14788
435 14787
436 14786
437 14785
438 14784
439 14783
440 14782
441 14781
442 14780
443 14779
444 14778
445 14777
446 14776
447 14700
448 14699
449 14698
450 14697
451 14696
452 14695
453 14694
454 14693
455 14692
456 14691
457 14690
458 14689
459 14688
460 14687
461 14686
462 14916
463 14915
464 14914
465 14913
466 14912
467 14911
468 14910
469 14909
470 14573
471 14572
472 14571
473 14570
474 14569
475 14568
476 14567
477 14465
478 14464
479 14463
480 14462
481 14461
482 14460
483 14459
484 14458
485 14988
486 15408
487 15407
488 15406
489 15405
490 15404
491 15403
492 15402
493 15401
494 15400
495 15399
496 15398
497 15397
498 15396
499 15395
500 15394
501 15393
502 15392
503 15391
504 15390
505 15389
506 15388
507 15387
508 15310
509 15309
510 15308
511 15307
512 15306
513 15305
514 15304
515 15303
516 15302
517 15301
518 15300
519 15299
520 15298
521 15297
522 15296
523 15295
524 15294
525 15293
526 15292
527 15291
528 15290
529 15289
530 15288
531 15287
532 15286
533 15285
534 15284
535 15283
536 15282
537 15281
538 15280
539 15240
540 15239
541 15238
542 15237
543 15236
544 15235
545 15234
546 15233
547 15232
548 15231
549 15230
550 15229
551 15228
552 15227
553 15226
554 15225
555 15224
556 15223
557 15222
558 15221
559 15220
560 15219
561 15218
562 15217
563 15216
564 15215
565 15214
566 15213
567 15212
568 15211
569 15210
570 15209
571 15208
572 15755
573 15754
574 15753
575 15752
576 15751
577 15750
578 15749
579 15748
580 15747
581 15746
582 15745
583 15744
584 15743
585 15742
586 15741
587 15740
588 15890
589 15889
590 15888
591 15887
592 15886
593 15885
594 15884
595 15883
596 15882
597 15881
598 15880
599 15879
600 15878
601 15877
602 15876
603 12026
604 12025
605 12024
606 12023
607 12022
608 12021
609 12020
610 12019
611 12018
612 12017
613 12016
614 12015
615 12014
616 12013
617 12012
618 12011
619 12010
620 12009
621 12008
622 12007
623 12006
624 9494
625 9493
626 9492
627 9491
628 9490
629 9489
630 9488
631 9487
632 9486
633 9485
634 9484
635 9483
636 9482
637 9481
638 9480
639 9479
640 9478
641 12110
642 12109
643 12108
644 12107
645 12106
646 12105
647 12104
648 12103
649 12102
650 12101
651 12100
652 9765
653 9764
654 9763
655 9762
656 9761
657 9760
658 9759
659 9758
660 9757
661 9756
662 9755
663 9754
664 9753
665 9752
666 9751
667 9750
668 9749
669 9748
670 9747
671 9746
672 9745
673 9744
674 9743
675 9742
676 9741
677 9740
678 9739
679 9738
680 9813
681 9812
682 9811
683 9810
684 9809
685 9808
686 9807
687 9806
688 9805
689 9804
690 9803
691 9802
692 9801
693 9800
694 9925
695 9924
696 9923
697 9922
698 9921
699 9920
700 9919
701 9918
702 9917
703 9916
704 9915
705 9914
706 9913
707 9912
708 9911
709 9201
710 9200
711 9199
712 9198
713 9197
714 9196
715 9195
716 9194
717 9193
718 9192
719 9191
720 9190
721 9189
722 9359
723 9358
724 9357
725 9356
726 9355
727 9354
728 9353
729 9352
730 9351
731 9350
732 9349
733 9348
734 9347
735 9346
736 9345
737 9344
738 9343
739 9083
740 9082
741 9081
742 9080
743 9079
744 9078
745 9077
746 9076
747 9075
748 9074
749 9073
750 9072
751 9071
752 9070
753 9069
754 9068
755 9067
756 10108
757 10107
758 10106
759 10105
760 10104
761 10103
762 10102
763 10101
764 10100
765 10099
766 10098
767 10097
768 10096
769 10095
770 8898
771 8897
772 8896
773 8895
774 8894
775 8893
776 8892
777 8891
778 8890
779 8889
780 8888
781 8887
782 8886
783 8885
784 8884
785 8883
786 8882
787 8881
788 8880
789 8879
790 8878
791 8877
794 11122
795 11121
796 11120
797 11119
798 11118
799 8916
800 8915
801 8914
802 8913
803 8912
804 8911
805 8910
806 8909
809 8906
810 8905
811 8904
812 8903
813 8902
814 8901
815 8900
816 8899
817 10094
818 10093
819 10092
820 10091
821 10090
822 10089
823 10088
824 10087
825 10086
826 10085
827 9105
828 9104
829 9103
830 9102
831 9101
832 9100
833 9099
834 9098
835 9097
836 9096
837 9095
838 9094
839 9093
840 9092
841 9091
843 9089
844 9088
845 9087
846 9086
847 9085
848 9084
849 9342
850 9341
851 9340
852 9339
853 9338
854 9337
855 9336
856 9335
857 9334
858 9333
861 9330
862 9329
863 9328
864 9327
865 9326
866 9325
867 9324
868 9323
869 9322
870 9321
871 9320
872 9210
873 9209
874 9208
875 9207
876 9206
877 9205
878 9204
879 9203
880 9202
881 9910
882 9909
883 9908
886 9905
887 9904
888 9903
889 9902
890 9901
891 9900
892 9899
893 9898
894 9897
895 9896
896 9895
897 9894
898 9893
899 9892
900 9891
901 9890
903 9888
904 9887
905 9886
906 9885
907 9884
908 9883
909 9882
910 9881
911 9880
912 9879
913 9878
914 9877
915 9876
916 11099
917 11098
918 11097
919 11096
920 11095
921 11094
922 11093
923 11092
924 11091
925 11112
926 11078
929 11075
930 11074
931 11073
932 11072
933 11071
934 11070
935 11090
936 11058
937 11057
938 11056
939 11055
940 11054
941 11053
942 11052
945 11038
946 11037
947 11036
948 11035
949 11034
950 11033
951 11032
952 11031
953 11050
954 9514
955 9513
956 9512
957 9511
958 9510
959 9509
960 9508
961 9507
962 9506
963 9505
964 9504
965 9503
966 9502
967 9501
968 9500
969 9499
970 9498
971 9497
972 9496
974 12005
975 12004
976 12003
977 12002
978 12001
979 12000
980 11999
981 11998
982 11997
983 11996
984 11995
985 11994
986 11993
989 11819
990 11818
991 11817
992 11816
993 11815
994 11814
995 12027
996 15875
997 15874
998 15873
999 15872
1000 15871
1001 15870
1002 15869
1003 15868
1004 15867
1005 15866
1006 15865
1007 15864
1008 15776
1009 15775
1010 15774
1011 15773
1012 15772
1013 15771
1014 15770
1017 15767
1018 15766
1019 15765
1020 15764
1021 15763
1022 15762
1023 15761
1024 15760
1025 15759
1026 15758
1027 15757
1028 15756
1029 15207
1030 15206
1032 15204
1033 15203
1034 15202
1035 15201
1036 15200
1037 15199
1038 15198
1039 15197
1040 15196
1041 15195
1042 11018
1043 11017
1044 11016
1045 11015
1046 11014
1047 11013
1048 11012
1051 11030
1052 15545
1053 15544
1054 15543
1055 15542
1056 15541
1057 15540
1058 15539
1059 15538
1060 15537
1061 15536
1062 15535
1064 15533
1065 15532
1066 15531
1067 15530
1068 15529
1069 15528
1070 15527
1071 10997
1072 10996
1073 10995
1074 10994
1075 10993
1077 10991
1078 10990
1079 11009
1080 15329
1081 15328
1082 15327
1083 15326
1084 15325
1085 15324
1086 15323
1087 15322
1088 15321
1089 15320
1090 15319
1091 15318
1092 15317
1093 15316
1094 15315
1095 15314
1096 15313
1097 15312
1099 15386
1100 15385
1101 15384
1102 15383
1103 15382
1104 15381
1105 15380
1106 15379
1107 15378
1108 15377
1111 15374
1112 15373
1113 15372
1114 15371
1115 14482
1116 14481
1117 14480
1118 14479
1121 14476
1122 14475
1123 14474
1124 14473
1125 14472
1126 14471
1127 14470
1128 14469
1129 14468
1130 14467
1131 14466
1132 14566
1133 14565
1134 14564
1135 14563
1136 14562
1137 14561
1138 14560
1139 14559
1140 14558
1141 14557
1142 14556
1143 14722
1144 14721
1145 14720
1147 14718
1148 14717
1149 14716
1150 14715
1151 14714
1152 14713
1153 14712
1154 14711
1157 14708
1158 14707
1159 14706
1160 14705
1161 14704
1162 14703
1163 14702
1164 14701
1166 14774
1167 14773
1168 14772
1169 14771
1170 14770
1171 14769
1172 14768
1173 14767
1174 14766
1175 14765
1177 14764
1178 10981
1179 10980
1180 10979
1181 10978
1182 10977
1183 10976
1184 10975
1186 10973
1187 10972
1188 10971
1189 10970
1190 10969
1191 10968
1192 10967
1193 10966
1195 10964
1196 10963
1197 10962
1198 10893
1199 10892
1200 10891
1201 10890
1204 10887
1205 10886
1206 10904
1207 10874
1208 10873
1209 10872
1210 10871
1212 10869
1213 10868
1214 10867
1215 10885
1216 14058
1217 14057
1218 14056
1219 14055
1220 14054
1221 14053
1222 14052
1223 14051
1224 14050
1226 14125
1227 14124
1228 14123
1229 14122
1230 14121
1231 14120
1234 14117
1235 14116
1236 14115
1237 14114
1238 14113
1239 14112
1242 14109
1243 14108
1244 14107
1245 14106
1246 14105
1247 14104
1250 14101
1251 14100
1252 10849
1253 10848
1254 10847
1255 10846
1256 10845
1258 10843
1259 10842
1260 10841
1261 10840
1262 10839
1263 10838
1264 10837
1265 10836
1266 10835
1267 10834
1268 10833
1269 10832
1272 10769
1273 10768
1274 10767
1275 10766
1276 10765
1277 10764
1280 10781
1281 10746
1282 10745
1283 10744
1284 10743
1285 10742
1288 10739
1289 10738
1290 10737
1291 10736
1292 10735
1293 10734
1294 10733
1295 10732
1296 10731
1297 10730
1298 10729
1299 10728
1300 13771
1302 13769
1303 13768
1304 13767
1305 13766
1306 13765
1307 13764
1308 13763
1309 13762
1312 13759
1313 13758
1314 13757
1315 13756
1316 13755
1317 13754
1318 13753
1320 13751
1321 11784
1322 11783
1323 11782
1324 11781
1326 11779
1327 11778
1328 11777
1329 11776
1330 11775
1331 11774
1334 11771
1335 11770
1336 10665
1337 10664
1338 10663
1339 10662
1340 10661
1342 10659
1343 10658
1344 10657
1345 10678
1346 10644
1347 10643
1349 10641
1350 10640
1351 10639
1352 10638
1353 10637
1354 10636
1355 10656
1356 13510
1357 13509
1359 13507
1360 13506
1361 13505
1362 13504
1363 13503
1366 13500
1367 13499
1368 13498
1369 13497
1370 13496
1371 13495
1374 13492
1375 13491
1376 13490
1377 13489
1378 13488
1381 13485
1382 13484
1383 13483
1384 13482
1385 13481
1388 13478
1389 13477
1390 13476
1391 13475
1392 13474
1393 13473
1396 13470
1397 13469
1398 13468
1399 13467
1400 13466
1401 13465
1402 13464
1405 13400
1406 13399
1407 13398
1408 13397
1409 13396
1411 13394
1412 13393
1413 13392
1414 13391
1415 13390
1416 13389
1419 13386
1420 13385
1421 13384
1422 13383
1423 13382
1424 13381
1427 13378
1428 13377
1429 13376
1430 13333
1431 13332
1433 13330
1434 13329
1435 13328
1436 13327
1437 13326
1438 13325
1441 11714
1442 11713
1443 11712
1444 11711
1445 11710
1446 11709
1447 11708
1448 12939
1449 12939
1451 12936
1452 12935
1453 12934
1454 12933
1455 12932
1457 12931
1458 13245
1459 13244
1460 13243
1461 13242
1462 13241
1464 13239
1465 13238
1466 13237
1467 13236
1468 13235
1469 13234
1470 13233
1473 13230
1474 13229
1475 13228
1476 13227
1477 13226
1479 11649
1480 11648
1481 11647
1482 11646
1483 11645
1484 11644
1487 11641
1488 11640
1489 11661
1490 11618
1491 11617
1492 11616
1493 11615
1496 11612
1497 11611
1498 11610
1499 11609
1500 11608
1503 11605
1504 11503
1505 11502
1506 11501
1507 11500
1508 11499
1510 11497
1511 11496
1512 11639
1513 11478
1514 11477
1515 11476
1518 11473
1519 11472
1520 11471
1521 11470
1522 11469
1523 11426
1524 11425
1526 11423
1527 11422
1528 11421
1529 11420
1530 11495
1533 11403
1534 11402
1535 11401
1536 11400
1537 11399
1538 11398
1539 11397
1540 11396
1541 11395
1542 11394
1543 11393
1544 11392
1545 11327
1546 11326
1548 11325
1549 11323
1550 11322
1551 11321
1552 11320
1553 11319
1554 11317
1555 11318
1556 11316
1557 11315
1558 11314
1559 11313
1560 11312
1561 11310
1563 12765
1564 12764
1565 12763
1566 12762
1567 12761
1568 12760
1571 12757
1572 12756
1573 12755
1574 12754
1575 12753
1576 12752
1579 12152
1580 12151
1581 12150
1582 12149
1583 12148
1584 12147
1585 12211
1586 12210
1587 12209
1588 12209
1589 12206
1590 12206
1591 12205
1592 12204
1593 12203
1594 12202
1595 12201
1596 12200
1597 12242
1598 12241
1599 12240
1600 12239
1603 12236
1604 12235
1605 12234
1606 12233
1607 12232
1609 12554
1610 12553
1611 12552
1612 12551
1613 12550
1614 12549
1617 12546
1618 12545
1619 12544
1620 12543
1621 12542
1624 12539
1625 12538
1626 12537
1627 12536
1628 12535
1629 12534
1630 11239
1631 11238
1632 11237
1633 11236
1634 11235
1635 11234
1636 11233
1637 11232
1638 11231
1640 11229
1641 11228
1642 11227
1643 11226
1644 11225
1645 11224
1646 11223
1647 11222
1648 11221
1650 11219
1651 11218
1652 11217
1653 11216
1654 11215
1655 11214
1656 11213
1657 11137
1658 11136
1659 11135
1662 11132
1663 11131
1664 11130
1665 11129
1666 11128
1667 11127
1668 11126
1669 11125
1670 11124
1671 11123
1674 8125
1675 8124
1676 8123
1677 8122
1680 8119
1681 8118
1682 8117
1683 8116
1684 8115
1687 8112
1688 8111
1689 8110
1690 8109
1691 8108
1694 8105
1695 8104
1696 8103
1697 8102
1700 8099
1701 8098
1702 8097
1703 11167
1704 11167
1705 11164
1706 11164
1707 11163
1708 11162
1709 11161
1710 11159
1711 11158
1712 11158
1713 11157
1714 11156
1715 11156
1716 11154
1717 11153
1718 11152
1719 11240
1720 12533
1721 12532
1722 12531
1723 12529
1725 12528
1726 12527
1727 12525
1728 12526
1729 12524
1730 12523
1732 12522
1733 12521
1734 8145
1735 8143
1737 8142
1738 8141
1740 8139
1741 8138
1742 8137
1743 8136
1744 8135
1745 12255
1746 12254
1748 12253
1749 12251
1750 12250
1751 12250
1752 12248
1753 12247
1754 12245
1756 12244
1757 12243
1758 12199
1759 12198
1761 12197
1762 12195
1763 12193
1765 12192
1766 12167
1769 12166
1770 12164
1771 12163
1772 12162
1773 12160
1775 12158
1776 12158
1777 12157
1778 12156
1779 12155
1780 12751
1781 12750
1782 12749
1784 12748
1785 12746
1786 12744
1788 12742
1789 12742
1790 12741
1791 12739
1792 12738
1793 12738
1794 12737
1795 12737
1796 12735
1797 8205
1798 8204
1799 8203
1800 8201
1802 8200
1803 8199
1804 8197
1805 8196
1806 8196
1807 8195
1809 11246
1810 11245
1811 11244
1812 11242
1814 11241
1815 11328
1816 11391
1818 11390
1819 11388
1820 11387
1822 11386
1823 11384
1824 11383
1825 11382
1826 11381
1828 11379
1829 11439
1830 11438
1831 11436
1833 11435
1834 11434
1835 11432
1837 11431
1838 11429
1840 11428
1841 11427
1842 11468
1843 11466
1845 11465
1846 11464
1847 11463
1848 11463
1849 11462
1850 11517
1851 11516
1852 11514
1853 11515
1854 11513
1855 11512
1856 11510
1858 11509
1859 11508
1860 11507
1861 11505
1863 11504
1864 11604
1866 11603
1867 11601
1868 11600
1870 11599
1871 8225
1872 8224
1875 8221
1876 8220
1877 8219
1878 8217
1880 8216
1881 13057
1882 13056
1883 13056
1884 13055
1885 13053
1886 13052
1888 13051
1889 13050
1890 13048
1892 13045
1893 13045
1894 13044
1896 13041
1897 13041
1898 13040
1899 13039
1900 13037
1902 12964
1903 12963
1904 12962
1906 12960
1907 12959
1909 12957
1910 12956
1911 12955
1912 12954
1914 12953
1915 12951
1916 12951
1918 12948
1919 12947
1920 12946
1923 12944
1924 12942
1927 11707
1928 11706
1929 11705
1930 11704
1932 11702
1933 11701
1934 13346
1935 13345
1936 13344
1937 13343
1938 13342
1939 13340
1940 13341
1941 13339
1942 13337
1944 13336
1945 13335
1946 13334
1948 13375
1949 13373
1950 13372
1951 13370
1954 13369
1955 8516
1957 8515
1958 8513
1959 8512
1962 8509
1963 8508
1965 8506
1966 8505
1967 8504
1968 8503
1969 8503
1970 8501
1971 8500
1972 8499
1973 8499
1974 8498
1975 8496
1976 10345
1977 10345
1978 10344
1979 10342
1980 10341
1981 10340
1982 10340
1983 10339
1984 10337
1985 10336
1986 10335
1987 10333
1989 10332
1990 10331
1993 10329
1994 10326
1997 8245
1998 8244
2000 8242
2001 8241
2002 8240
2003 8238
2004 8239
2005 8237
2006 8236
2007 8266
2010 8263
2011 8262
2013 8261
2014 8259
2015 8258
2018 13523
2019 13522
2020 13521
2021 13520
2022 13519
2023 13518
2024 13517
2025 13516
2027 13514
2028 13513
2030 13512
2031 10655
2032 10654
2033 10653
2034 10653
2036 10650
2037 10649
2038 10648
2039 10647
2040 10645
2041 10645
2042 10677
2043 10675
2044 10674
2045 10674
2046 10673
2048 10671
2049 10670
2050 10669
2053 10666
2054 11769
2055 11768
2056 11768
2057 11767
2058 11765
2059 11764
2060 8597
2062 8596
2063 8595
2064 8594
2066 8593
2067 8591
2069 8589
2070 8588
2071 8587
2072 8586
2074 8585
2075 8583
2076 8582
2077 8580
2078 8579
2079 8579
2080 8578
2081 13783
2082 13784
2083 13782
2084 13781
2085 13780
2086 13779
2087 13777
2088 13777
2089 13776
2090 13775
2091 13774
2093 13772
2094 10727
2095 10726
2096 10724
2097 10724
2098 10723
2099 10722
2100 10721
2101 10720
2102 10760
2103 10758
2104 10757
2106 10756
2107 10755
2109 10754
2110 10752
2111 10751
2114 10748
2115 10747
2118 10778
2119 10777
2120 10776
2121 10774
2123 10773
2124 10772
2125 10771
2127 10829
2128 10827
2130 10826
2131 10825
2132 10824
2133 10865
2134 10864
2135 10863
2136 10862
2137 10861
2138 10859
2139 10859
2140 10858
2141 10857
2143 10855
2144 10854
2145 10853
2146 10852
2148 10850
2149 14098
2152 14096
2153 14095
2154 14094
2157 14091
2158 14090
2159 14088
2161 14087
2162 14086
2165 14083
2166 14082
2167 14081
2170 14078
2171 14077
2172 14076
2173 14075
2174 14074
2175 14073
2176 14071
2178 14070
2179 14069
2180 14068
2181 14066
2182 14065
2183 14065
2184 14064
2185 14063
2186 14062
2187 14061
2188 14059
2190 10884
2191 10883
2192 10882
2193 10880
2194 10881
2195 10879
2196 10878
2197 10876
2198 10877
2199 10875
2200 10903
2201 10901
2203 10899
2204 10899
2205 10898
2206 10897
2208 10895
2209 10894
2210 10960
2211 10961
2212 10959
2213 10958
2214 10957
2215 10956
2217 10954
2218 10953
2219 10953
2221 10950
2222 10949
2223 10947
2225 10946
2226 10988
2227 10987
2228 10986
2229 10985
2230 10984
2231 10983
2232 10982
2234 14762
2235 14760
2236 14759
2237 14758
2238 14757
2239 14756
2240 14754
2241 14755
2242 14753
2243 14751
2244 14750
2246 14749
2247 14748
2248 14747
2251 14745
2252 14743
2254 14742
2255 14740
2256 14739
2257 14738
2258 14736
2260 14735
2261 14734
2263 14733
2264 14731
2265 14730
2266 14729
2267 14727
2269 14726
2270 14725
2271 14724
2273 14555
2274 14554
2275 14553
2278 14551
2279 14549
2280 14548
2281 14546
2283 14545
2284 14544
2285 14543
2286 14542
2287 14541
2288 14540
2289 14498
2290 14497
2291 14497
2292 14495
2293 14494
2294 14492
2297 14490
2298 14489
2299 14488
2300 14487
2301 14486
2302 14485
2303 14484
2304 14483
2305 15369
2306 15368
2307 15368
2308 15367
2309 15365
2311 15364
2312 15363
2313 15362
2314 15360
2315 15361
2316 15359
2317 15358
2318 15357
2319 15355
2321 15354
2322 15353
2323 15353
2325 15350
2326 15349
2327 15348
2328 15346
2329 15347
2330 15345
2331 15344
2332 15343
2334 15342
2335 15341
2336 15339
2337 15338
2338 15337
2339 15336
2340 15335
2342 15334
2343 15332
2344 15331
2345 15330
2346 11008
2348 11006
2349 11005
2352 11002
2353 11001
2354 11000
2355 10998
2357 15526
2358 15525
2359 15524
2362 15521
2363 15520
2364 15519
2366 15558
2367 15557
2368 15556
2369 15555
2371 15554
2372 15552
2373 15551
2374 15550
2375 15548
2376 15547
2377 15547
2378 15546
2379 11029
2382 11026
2383 11025
2384 11024
2386 11023
2387 11021
2388 11020
2389 11019
2390 15194
2392 15192
2393 15191
2394 15190
2395 15189
2397 15188
2398 15186
2399 15185
2400 15184
2402 15183
2403 15181
2404 15180
2405 15178
2406 15177
2408 15176
2409 15175
2410 15174
2411 15173
2412 15172
2413 15171
2414 15170
2415 15169
2416 15167
2418 15788
2419 15787
2420 15786
2421 15785
2423 15783
2424 15782
2425 15781
2426 15779
2428 15778
2429 15777
2430 15863
2432 15861
2433 15860
2434 15859
2435 15858
2436 15857
2437 15856
2438 11837
2439 11835
2441 11834
2442 11833
2443 11832
2444 11831
2446 11828
2447 11828
2448 11827
2449 11826
2450 11824
2452 11823
2453 11822
2454 11992
2455 11991
2457 11989
2458 11988
2459 11986
2461 11985
2462 11984
2463 11983
2464 11982
2465 11981
2467 11980
2468 11978
2469 9538
2470 9537
2472 9535
2473 9534
2474 9533
2475 9531
2478 9529
2479 9528
2480 9527
2481 9527
2483 9525
2484 9523
2485 9522
2486 9521
2487 9520
2488 9519
2489 9518
2491 9516
2492 9515
2493 11049
2494 11048
2496 11047
2497 11045
2498 11044
2499 11043
2500 11042
2502 11041
2503 11039
2504 11068
2506 11067
2507 11065
2508 11064
2509 11063
2510 11063
2512 11061
2513 11059
2514 11089
2517 11086
2518 11085
2519 11084
2520 11084
2522 11081
2523 11080
2524 11079
2526 11111
2527 11109
2528 11108
2529 11107
2530 11106
2532 11105
2533 11103
2534 11102
2535 11101
2536 11100
2537 9875
2538 9875
2539 9874
2540 9872
2541 9871
2542 9870
2543 9870
2544 9869
2545 9868
2546 9866
2547 9865
2548 9864
2549 9862
2551 9861
2552 9860
2553 9859
2555 9858
2556 9857
2557 9855
2558 9854
2559 9853
2561 9852
2562 9850
2563 9849
2564 9235
2565 9234
2566 9233
2567 9232
2568 9231
2569 9230
2570 9228
2572 9227
2573 9226
2574 9225
2576 9224
2577 9222
2578 9221
2579 9220
2580 9219
2582 9217
2583 9216
2584 9215
2585 9214
2586 9213
2588 9211
2589 9319
2590 9318
2591 9317
2593 9316
2594 9314
2595 9151
2596 9150
2599 9147
2600 9146
2601 9145
2603 9144
2604 9142
2605 9141
2606 9139
2607 9138
2608 9138
2609 9137
2610 9136
2611 9135
2613 9133
2614 9132
2615 9131
2616 9130
2618 9128
2619 9127
2620 9126
2622 9123
2623 9123
2624 9122
2625 9121
2626 9120
2627 9118
2629 9117
2630 9116
2631 9115
2632 9114
2633 9113
2634 9112
2635 9111
2636 9110
2638 9109
2639 9107
2640 9106
2641 10084
2642 10083
2643 10082
2646 10079
2647 10078
2648 10077
2649 10076
2650 10075
2651 10074
2654 10071
2655 10070
2656 8932
2657 8931
2658 8930
2659 8929
2662 8926
2663 8925
2664 8924
2665 8923
2666 8922
2667 8921
2668 8920
2670 8918
2671 8917
2672 11117
2673 11116
2674 11115
2675 11114
2676 11113
2679 8482
2681 8480
2682 8479
2683 8478
2684 8477
2685 8476
2687 8947
2688 8946
2689 8945
2690 8944
2691 8943
2693 8941
2694 8940
2695 8939
2696 8938
2697 8937
2700 8934
2701 8933
2702 10069
2703 10068
2704 10066
2706 10065
2707 10064
2708 10063
2709 10062
2710 10061
2711 10060
2713 10058
2714 10057
2715 10056
2716 10056
2718 10053
2719 10052
2720 10051
2721 10050
2723 10048
2724 10047
2725 10046
2726 10045
2728 10042
2729 10042
2730 10041
2731 10040
2733 10038
2734 10037
2735 10036
2736 10036
2737 10034
2738 10033
2739 10032
2740 10032
2741 10031
2742 10030
2743 10028
2744 10026
2746 10025
2747 10024
2748 10022
2750 10021
2751 10019
2754 10017
2755 10016
2756 10015
2758 9160
2759 9159
2760 9159
2762 9156
2764 9154
2765 9153
2766 9152
2769 9311
2770 9310
2772 9308
2773 9307
2774 9306
2776 9305
2777 9303
2778 9302
2779 9301
2780 9300
2781 9299
2782 9298
2783 9297
2784 9296
2785 9295
2787 9293
2788 9292
2789 9292
2791 9244
2792 9243
2793 9242
2794 9241
2795 9240
2796 9239
2797 9237
2799 9236
2800 9848
2801 9847
2802 9847
2803 9845
2804 9844
2805 9842
2808 9840
2809 9839
2810 9838
2811 9837
2812 9836
2813 8456
2814 8456
2815 8453
2816 8453
2817 8452
2818 8450
2820 8449
2821 8448
2822 8467
2823 8436
2825 8435
2826 8433
2828 8432
2829 8431
2830 8430
2831 8429
2832 8447
2834 9605
2835 9604
2836 9603
2837 9602
2838 9600
2839 9600
2840 9599
2842 9597
2843 9596
2844 9595
2846 9594
2847 9593
2848 9591
2849 9590
2850 9588
2852 9587
2853 9586
2854 9584
2856 9583
2857 9581
2860 9579
2861 9578
2863 9576
2864 9575
2865 9574
2867 9572
2868 9571
2869 9570
2870 9570
2871 9569
2872 9567
2873 9566
2874 9565
2876 9564
2877 9562
2878 9561
2879 9559
2881 9558
2882 9557
2883 9556
2884 9555
2886 9554
2887 9553
2888 9550
2890 9549
2891 9548
2892 9547
2893 9546
2896 9543
2897 9542
2898 9542
2899 9541
2900 9539
2901 11977
2904 11974
2905 11972
2908 11970
2909 11969
2910 11967
2912 11966
2913 11965
2914 11963
2916 11962
2917 8418
2918 8418
2919 8417
2920 8415
2921 8414
2922 8413
2923 8411
2924 8412
2925 8428
2926 11845
2927 11845
2929 11842
2930 11840
2932 11839
2933 11838
2934 15855
2935 15854
2936 15853
2937 15851
2939 15850
2940 15849
2942 15847
2943 15846
2944 15845
2945 15844
2946 15844
2947 15843
2948 15841
2949 15795
2950 15795
2952 15792
2953 15791
2954 15791
2956 15166
2957 15165
2960 15162
2961 15161
2962 15161
2963 15159
2964 15158
2965 15157
2966 15157
2968 15154
2969 15153
2970 15151
2971 15152
2972 15150
2973 15149
2974 15148
2976 15145
2977 15145
2978 15144
2979 15144
2981 15141
2982 15140
2984 15585
2985 15584
2986 15583
2987 15582
2988 15581
2989 15581
2990 15580
2991 15578
2992 15577
2993 15576
2994 15574
2996 15573
2997 15571
2999 15570
3000 15569
3001 15567
3003 15565
3004 15565
3005 15564
3008 15562
3009 15560
3012 15516
3013 15515
3014 15513
3015 15514
3016 15512
3017 15511
3018 15510
3020 15508
3021 15507
3022 15505
3023 15504
3024 15504
3025 15503
3026 15502
3028 15501
3029 15500
3030 15498
3032 15496
3033 15495
3034 15494
3036 15493
3037 15491
3038 15490
3039 15489
3040 15488
3041 15487
3042 15485
3044 15484
3045 15483
3046 15482
3047 15480
3048 15480
3049 15478
3052 15476
3053 8400
3055 8399
3056 8397
3057 8396
3059 8394
3060 8393
3061 8392
3062 8391
3063 8410
3064 8378
3065 8377
3068 8374
3069 8373
3070 8372
3072 8370
3073 8368
3074 8390
3076 14512
3077 14511
3078 14510
3079 14509
3080 14508
3081 14507
3082 14506
3083 14505
3085 14503
3086 14502
3088 14499
3089 14499
3090 14539
3091 14538
3092 14537
3093 14537
3095 14535
3096 14533
3097 14885
3099 14884
3100 14883
3101 14881
3102 14880
3104 14879
3105 14878
3108 14876
3109 14874
3111 14873
3112 14872
3113 14869
3114 14868
3115 14867
3116 14867
3117 14866
3119 14863
3120 14863
3121 14862
3122 14860
3124 14859
3125 14858
3126 14856
3128 14855
3129 14854
3130 14853
3131 14852
3132 14851
3133 14850
3134 14849
3135 14848
3137 14847
3138 14845
3139 14843
3140 14844
3141 14842
3142 14841
3143 14840
3144 14838
3147 10911
3148 10910
3151 10908
3152 10906
3154 10905
3155 10945
3156 10943
3159 10942
3160 10940
3161 10939
3164 10936
3165 10935
3166 10934
3168 10932
3169 8355
3171 8354
3172 8352
3173 8351
3174 8350
3175 8348
3176 8348
3177 8347
3178 8347
3179 8346
3180 8345
3181 8334
3183 8331
3184 8331
3185 8330
3186 8328
3187 8327
3189 8326
3190 8344
3192 14255
3193 14254
3194 14253
3195 14252
3196 14251
3198 14248
3199 14248
3200 14246
3201 14245
3202 14244
3203 14244
3204 14243
3205 14242
3206 14240
3207 14240
3208 14239
3209 14237
3210 14238
3211 14236
3212 14235
3213 14234
3214 14233
3215 14232
3216 14231
3217 14231
3219 14228
3220 14227
3221 14226
3223 14224
3224 14223
3225 14222
3226 14222
3227 14221
3228 14220
3229 14218
3230 14217
3231 14216
3232 8315
3233 8314
3234 8312
3236 8311
3237 8310
3239 8308
3240 8325
3241 10789
3242 10788
3243 10787
3245 10785
3246 10784
3247 10783
3248 10866
3250 10823
3251 10822
3252 10821
3254 10819
3255 10818
3256 10817
3259 10814
3260 10813
3262 10810
3263 10810
3264 10694
3265 10694
3266 10693
3267 10691
3268 10690
3269 10688
3271 10687
3272 10686
3273 10685
3275 10683
3276 10682
3277 10680
3280 10761
3281 10719
3282 10718
3283 10716
3284 10716
3285 10715
3286 13800
3287 13799
3288 13798
3289 13797
3291 13796
3292 13794
3293 13793
3294 13792
3295 13791
3296 13789
3297 13789
3298 13788
3299 13787
3300 13786
3301 13785
3302 8577
3303 8576
3305 8574
3306 8573
3307 8572
3308 8571
3309 8570
3310 8569
3311 8568
3312 8566
3313 8648
3315 8606
3316 8605
3318 8604
3319 8602
3320 8601
3321 8600
3323 11763
3324 11762
3326 11761
3327 11759
3328 11758
3329 11757
3330 11755
3332 11754
3333 11753
3335 11752
3336 11751
3337 8296
3340 8295
3341 8293
3343 8292
3344 8290
3345 8289
3346 8307
3347 8277
3348 8276
3349 8276
3350 8275
3351 8274
3352 8273
3353 8271
3354 8271
3355 8270
3356 8268
3357 8269
3358 8288
3359 13530
3361 13529
3362 13527
3363 13526
3365 13525
3366 8255
3367 8254
3368 8253
3369 8252
3370 8251
3371 8250
3372 8248
3374 8247
3375 8267
3376 8235
3377 8234
3378 8232
3379 8232
3380 8231
3382 8229
3383 8228
3384 8227
3385 8246
3388 10322
3389 10320
3390 10319
3392 10318
3393 10316
3396 10314
3397 10355
3398 10354
3400 10353
3401 10351
3402 10350
3403 10349
3406 10347
3407 8495
3408 8493
3409 8494
3410 8492
3411 8491
3412 8489
3414 8488
3415 8487
3416 8486
3417 8486
3418 8485
3419 8484
3420 8565
3422 8522
3423 8521
3424 8520
3425 8520
3427 8517
3428 13366
3431 13365
3432 13363
3433 13362
3435 13361
3436 13359
3437 13358
3438 13357
3439 13356
3440 13355
3441 13353
3442 13352
3444 13351
3445 13349
3447 13347
3448 13347
3449 11700
3450 11699
3453 11696
3454 11695
3455 11694
3458 12987
3459 12986
3460 12984
3462 12983
3463 12982
3464 12982
3465 12981
3466 12980
3467 12978
3468 12977
3471 12974
3472 12972
3474 12971
3475 12970
3476 12968
3479 12966
3480 12965
3481 13035
3482 13036
3483 13034
3484 13033
3485 13031
3487 13029
3488 13029
3489 13027
3491 13026
3492 13025
3493 13024
3494 13065
3496 13064
3497 13062
3500 13060
3501 13058
3502 8215
3503 8215
3505 8213
3506 8211
3507 8210
3508 8208
3509 8209
3510 8207
3511 8226
3513 11597
3514 11595
3515 11594
3516 11594
3517 11592
3518 11591
3519 11590
3520 11589
3521 11589
3523 11587
3524 11585
3525 11583
3526 11584
3527 11523
3528 11521
3531 11519
3532 11518
3533 11460
3534 11459
3535 11458
3536 11457
3537 11456
3538 11454
3540 11453
3541 11452
3542 11450
3543 11451
3544 11449
3545 11448
3546 11446
3548 11445
3549 11444
3551 11442
3552 11441
3553 11440
3554 11378
3555 11376
3557 11375
3558 11374
3559 11373
3561 11371
3562 11370
3563 11369
3564 11367
3565 11368
3566 11366
3567 11255
3568 11253
3569 11252
3571 11251
3572 11250
3573 11250
3574 11249
3575 8194
3576 8193
3578 8192
3579 8190
3580 8189
3581 8188
3584 8185
3585 8206
3586 12733
3588 12732
3589 12731
3592 12729
3593 12726
3596 12724
3597 12723
3600 8174
3601 8173
3602 8172
3603 8171
3605 8170
3606 8168
3607 8166
3609 8184
3610 12175
3611 12174
3612 12173
3613 12172
3616 12169
3617 12191
3620 12188
3621 12187
3624 8154
3625 8152
3627 8151
3628 8150
3629 8148
3631 8147
3632 12262
3633 12261
3635 12260
3636 12258
3637 12256
3638 12257
3639 8134
3640 8133
3641 8133
3643 8130
3644 8128
3647 8126
3648 8146
3649 12519
3650 12517
3651 12518
3652 12516
3653 12515
3655 12512
3656 12512
3657 12511
3658 12509
3660 12508
3661 12507
3662 12506
3663 12505
3664 12504
3665 12503
3667 12500
3668 12500
3669 12499
3670 12498
3671 11175
3672 11174
3673 11174
3674 11173
3675 11172
3676 11171
3677 11171
3678 11169
3679 11168
3680 8096
3681 8095
3682 8094
3683 8093
3684 8092
3685 8091
3686 8090
3687 8089
3688 8088
3691 8085
3692 8084
3693 8083
3694 8039
3695 8038
3696 8037
3698 8035
3699 8034
3700 8033
3701 8032
3702 8031
3705 8028
3706 8027
3707 8026
3708 8025
3711 8053
3712 8052
3713 8051
3714 8050
3715 8049
3716 8048
3717 8047
3718 8046
3719 8045
3720 8044
3723 8041
3724 8040
3725 8082
3726 8081
3727 8080
3728 8079
3729 8078
3730 8077
3731 8076
3732 8075
3733 11189
3735 11187
3736 11186
3737 11185
3738 11184
3739 11183
3740 11182
3741 11181
3742 11180
3743 11179
3745 11178
3746 12497
3747 12496
3748 12495
3749 12494
3750 12493
3751 12492
3752 12491
3753 12490
3754 12489
3755 12488
3756 12286
3757 12285
3758 12284
3759 12283
3761 12281
3762 12280
3763 12279
3764 12278
3765 12277
3766 12276
3769 12273
3770 12272
3771 12271
3772 12270
3773 12269
3776 12266
3777 12265
3778 12264
3779 12263
3780 8163
3781 8162
3782 8161
3783 8161
3784 8160
3785 8159
3786 8158
3787 8157
3789 12186
3790 12185
3791 12184
3792 12183
3793 12182
3796 12179
3797 12178
3798 12177
3799 12176
3800 8183
3801 8182
3802 8181
3803 8180
3805 8178
3806 8177
3807 8176
3808 8175
3809 12720
3810 12719
3813 12716
3814 12715
3815 12714
3816 12713
3817 11276
3818 11275
3821 11272
3822 11271
3823 11270
3824 11269
3825 11268
3828 11265
3829 11264
3830 11263
3831 11262
3832 11261
3833 11260
3835 11258
3836 11257
3837 11256
3838 11365
3839 11364
3840 11363
3842 11361
3843 11360
3844 11359
3845 11358
3846 11357
3847 11356
3848 11355
3849 11354
3850 11353
3852 11351
3853 11350
3854 11349
3855 11348
3856 11347
3857 11346
3860 11536
3861 11535
3862 11534
3863 11533
3864 11532
3867 11529
3868 11528
3869 11527
3870 11526
3871 11525
3872 11524
3873 11582
3875 11580
3876 11579
3877 11578
3878 11577
3879 11576
3880 11575
3881 11574
3882 11573
3883 11572
3884 11571
3885 11570
3886 11569
3887 11568
3889 11567
3890 13077
3891 13076
3892 13075
3893 13074
3894 13073
3895 13072
3896 13071
3898 13069
3899 13068
3900 13067
3901 13066
3902 13023
3903 13022
3905 13020
3906 13019
3907 13018
3908 13017
3909 13016
3910 13015
3911 13014
3913 13012
3914 13011
3915 13010
3916 13009
3917 13008
3918 13007
3920 13005
3921 13004
3922 13003
3923 13002
3924 13001
3925 13000
3926 12999
3929 12996
3930 12995
3931 12994
3932 12993
3933 12992
3934 12991
3936 11693
3937 11692
3938 11691
3939 11690
3940 11689
3941 11688
3942 11687
3945 11684
3946 11683
3947 11682
3948 11681
3949 11680
3952 11677
3953 8537
3954 8536
3955 8535
3956 8534
3957 8533
3959 8531
3960 8530
3961 8529
3962 8528
3963 8527
3964 8526
3967 8564
3968 8563
3969 8562
3970 8561
3971 8560
3972 8559
3974 8557
3975 10367
3976 10366
3977 10365
3978 10364
3979 10363
3980 10362
3981 10361
3982 10360
3983 10359
3984 10358
3985 10357
3986 10356
3987 10313
3988 10312
3989 10311
3990 10310
3991 10309
3992 10308
3993 10307
3994 10306
3995 10305
3998 10302
3999 10301
4000 10300
4001 10299
4002 10298
4003 10297
4005 10295
4006 10294
4007 10293
4008 10292
4009 13542
4010 13541
4013 13538
4014 13537
4015 13536
4016 13535
4017 13533
4020 13531
4021 8287
4022 8286
4023 8285
4024 8284
4025 8283
4026 8282
4027 8281
4028 8280
4029 8279
4030 8306
4031 8305
4032 8304
4033 8303
4035 8301
4036 8300
4037 8299
4038 8298
4039 11749
4041 11747
4042 11746
4043 11745
4044 11744
4045 11743
4046 11742
4048 8616
4049 8616
4050 8615
4051 8614
4052 8613
4053 8612
4054 8611
4055 8609
4056 8610
4057 8608
4058 8607
4059 8647
4060 8646
4061 8645
4062 8644
4065 8641
4066 8640
4067 8639
4068 8638
4069 13815
4070 13814
4071 13813
4072 13812
4073 13811
4074 13810
4075 13809
4076 13808
4077 13807
4078 13806
4079 13805
4080 13804
4081 13803
4082 13802
4083 13801
4084 10714
4085 10713
4088 10710
4089 10709
4090 10708
4091 10707
4092 10706
4095 10703
4096 10702
4097 10701
4098 10700
4099 10699
4102 10696
4103 10695
4104 10809
4105 10808
4106 10807
4108 10805
4109 10804
4110 10803
4111 10802
4112 10801
4113 10800
4115 10798
4116 10797
4117 10796
4118 10795
4119 10794
4120 10793
4121 10792
4122 10791
4123 10790
4126 8322
4127 8321
4128 8320
4129 8319
4130 8318
4131 8318
4132 8316
4133 14215
4134 14214
4135 14213
4136 14212
4137 14211
4140 14208
4141 14207
4142 8669
4143 8668
4144 8667
4146 8666
4147 8664
4148 8663
4149 8662
4150 8661
4151 8660
4153 8659
4154 14270
4155 14269
4156 14268
4157 14267
4158 14266
4159 14265
4160 14264
4161 14263
4162 14262
4163 14261
4164 14260
4165 14259
4166 14258
4167 14257
4168 8343
4169 8342
4172 8339
4173 8338
4174 8337
4175 8336
4176 8335
4177 8365
4178 8366
4179 8364
4180 8363
4181 8362
4182 8361
4185 8358
4186 8357
4187 8356
4188 10931
4189 10930
4190 10929
4192 10927
4193 10926
4194 10925
4195 10924
4196 10923
4199 10920
4200 10919
4201 10918
4202 10917
4205 10914
4206 10913
4207 10912
4208 14836
4209 14835
4210 14834
4211 14833
4212 14832
4213 14831
4214 14830
4215 14829
4216 14828
4218 14826
4219 14825
4220 14824
4221 14823
4224 14820
4225 14819
4226 8691
4227 8690
4228 8689
4230 8688
4231 8686
4232 8685
4233 8684
4236 8681
4237 8680
4238 14900
4239 14899
4240 14898
4242 14896
4243 14895
4244 14894
4245 14893
4246 14892
4249 14889
4250 14888
4251 14887
4252 14532
4255 14529
4256 14528
4257 14527
4258 14526
4259 14525
4260 14524
4261 14523
4262 14522
4264 14520
4265 14519
4266 14518
4267 14517
4270 14514
4271 14513
4272 8389
4273 8388
4274 8387
4276 8385
4277 8384
4278 8383
4279 8382
4280 8382
4282 8379
4283 8409
4284 8408
4285 8407
4287 8405
4288 8404
4289 8403
4290 8402
4291 8401
4292 15474
4294 15473
4295 15472
4296 15471
4297 15470
4299 15469
4300 15467
4301 15466
4302 15640
4303 15639
4304 15638
4305 15637
4306 15636
4307 15635
4308 15634
4311 15631
4312 15630
4313 15629
4314 15628
4317 15625
4318 15624
4319 15623
4320 15622
4323 15619
4324 15618
4325 15617
4326 15616
4329 15613
4330 15612
4331 15611
4332 15610
4333 15609
4334 15608
4335 15607
4336 15606
4337 15605
4340 15602
4341 15601
4342 15600
4343 15599
4346 15596
4347 15595
4348 15594
4349 15593
4351 15591
4352 15590
4353 15589
4354 15588
4355 15587
4356 15139
4357 15137
4358 15138
4359 15136
4360 15135
4361 15134
4362 15133
4364 15132
4365 15130
4366 15129
4367 15128
4368 15126
4369 15127
4370 15125
4371 15124
4372 15123
4373 15810
4374 15810
4376 15808
4377 15806
4378 15805
4379 15803
4381 15801
4382 15801
4383 15800
4384 15799
4385 15798
4387 15797
4388 15840
4389 15839
4390 15838
4393 15835
4394 15834
4395 15833
4396 15832
4398 11856
4399 11855
4400 11854
4401 11853
4402 11852
4403 11851
4404 11850
4405 11849
4406 11847
4407 11847
4408 11846
4409 8426
4411 8425
4412 8424
4413 8423
4414 8422
4415 8421
4417 8420
4418 11961
4419 11960
4420 11959
4421 11958
4422 11958
4423 11957
4424 11955
4425 11954
4426 11953
4428 11952
4429 11950
4430 11949
4431 11948
4432 11947
4433 11946
4434 11945
4435 11944
4436 8711
4437 8710
4438 8708
4440 8707
4441 8706
4442 8705
4443 8704
4445 8702
4446 8701
4447 9654
4448 9653
4449 9652
4450 9651
4451 9650
4452 9649
4454 9646
4455 9646
4456 9645
4457 9644
4458 9642
4459 9643
4460 9641
4461 9640
4462 9639
4463 9637
4464 9636
4466 9635
4467 9634
4468 9633
4469 9631
4471 9630
4472 9629
4473 9628
4474 9627
4475 9626
4476 9625
4477 9624
4478 9623
4479 9622
4480 9621
4482 9620
4483 9619
4484 9617
4485 9616
4487 9615
4488 9613
4489 9612
4490 9611
4491 9610
4492 9609
4494 9608
4495 8446
4496 8445
4497 8444
4498 8443
4499 8442
4500 8441
4503 8438
4504 8466
4505 8464
4506 8463
4507 8462
4508 8462
4509 8461
4510 8460
4511 8459
4512 8459
4514 9835
4515 9834
4516 9833
4517 9832
4519 9831
4520 9829
4521 9257
4522 9256
4524 9254
4525 9253
4526 9252
4527 9251
4528 9250
4529 9248
4530 9247
4531 9247
4532 9246
4533 9245
4535 9288
4536 9287
4537 9286
4538 9285
4539 9284
4540 9283
4542 9281
4543 9280
4544 9279
4545 9180
4546 9179
4547 9178
4548 9177
4550 9176
4551 9174
4552 9173
4554 9172
4555 9170
4556 9169
4557 9168
4558 9168
4560 9166
4561 9164
4562 9163
4563 9161
4564 9162
4565 10013
4566 10012
4567 10011
4568 10010
4570 10008
4571 10007
4572 10006
4573 10005
4574 10004
4575 10002
4576 10002
4577 10001
4578 10000
4579 9999
4580 9998
4581 9997
4582 9996
4583 8995
4585 8993
4586 8992
4587 8991
4588 8990
4589 8989
4592 8986
4593 8985
4594 8984
4595 8983
4596 8982
4597 8981
4598 8980
4599 8979
4601 8977
4602 8976
4603 8975
4604 8974
4605 8973
4608 8970
4609 8969
4610 8968
4611 8967
4612 8966
4613 8965
4615 8963
4616 8962
4617 8961
4618 8960
4619 8959
4620 8958
4621 8957
4624 8954
4625 8953
4626 8952
4627 8951
4628 8950
4629 8949
4630 8948
4633 8472
4634 8471
4635 8470
4636 8469
4637 8468
4640 10191
4641 10190
4642 10189
4643 10188
4644 10187
4645 10186
4647 10184
4648 10183
4649 10182
4650 10181
4651 10180
4652 10179
4653 10178
4654 10177
4655 10176
4656 10175
4657 10174
4658 10173
4659 10172
4660 10171
4661 10170
4662 10169
4663 10168
4664 10167
4665 8864
4666 8863
4667 8862
4668 8861
4669 8860
4670 8859
4671 8858
4672 8857
4673 8856
4674 8855
4675 8876
4676 9008
4677 9007
4678 9006
4679 9005
4680 9004
4681 9003
4682 9002
4683 9001
4684 9000
4685 8999
4686 8998
4687 8997
4688 8996
4689 9995
4690 9994
4691 9993
4692 9992
4693 9991
4694 9990
4695 9989
4696 9988
4697 9987
4698 9374
4699 9373
4702 9370
4703 9369
4704 9368
4705 9367
4706 9366
4707 9365
4708 9364
4709 9363
4710 9362
4711 9361
4712 9360
4713 9188
4714 9187
4715 9186
4716 9185
4717 9184
4718 9183
4719 9182
4720 9181
4721 9278
4722 9277
4723 9276
4724 9275
4725 9274
4726 9273
4727 9272
4728 9271
4729 9270
4730 9269
4731 9268
4732 9267
4733 9266
4734 9265
4735 9264
4736 9263
4738 9261
4739 9260
4740 9259
4741 9258
4742 9828
4743 9827
4744 9826
4745 9825
4746 9824
4747 9823
4748 9822
4749 9821
4750 9820
4751 9819
4752 9818
4753 9817
4754 9816
4755 9815
4756 9814
4757 9737
4758 9736
4759 9735
4760 9734
4761 9733
4762 9732
4763 9731
4764 9730
4765 9729
4766 9728
4767 9727
4768 9726
4769 9725
4770 9724
4771 9723
4772 9722
4773 9721
4774 9720
4775 9719
4776 9718
4777 9717
4779 9715
4780 8844
4781 8843
4782 8842
4783 8841
4784 8840
4785 8839
4786 8838
4787 8837
4788 8836
4789 8854
4790 9669
4791 9668
4792 9667
4793 9666
4794 9665
4795 9664
4796 9663
4797 9662
4798 9661
4799 9660
4800 9659
4801 9658
4802 9657
4803 9656
4804 9655
4805 8700
4806 8699
4807 8698
4808 8697
4809 8696
4810 8695
4811 8694
4812 8693
4813 8712
4814 11943
4815 11942
4816 11941
4817 11940
4819 11938
4820 11937
4821 11936
4822 11935
4823 11934
4824 11933
4825 11932
4826 11931
4827 11930
4828 11929
4829 11928
4830 11927
4831 11926
4832 11925
4833 11924
4834 11923
4835 11869
4836 11868
4837 11867
4838 11866
4839 11865
4840 11864
4841 11863
4842 11862
4843 11861
4844 11860
4845 11859
4846 11858
4847 15831
4848 15830
4849 15829
4850 15828
4851 15827
4852 15826
4853 15825
4854 15824
4855 15823
4856 15822
4857 15821
4860 15818
4861 15817
4862 15816
4863 15815
4864 15814
4865 15813
4866 15812
4867 15811
4868 15122
4869 15121
4870 15120
4871 15119
4872 15118
4873 15117
4874 15116
4875 15115
4876 15114
4877 15113
4878 15112
4879 15111
4880 15110
4881 15109
4882 15108
4883 15107
4884 15106
4885 15105
4886 15104
4887 15103
4888 15102
4889 15101
4890 15100
4891 15099
4892 15098
4893 15097
4896 15094
4897 15093
4898 15092
4899 15091
4900 15090
4901 15089
4902 15088
4903 15087
4904 15086
4905 15085
4906 8825
4907 8824
4908 8823
4909 8822
4910 8821
4911 8820
4912 8819
4913 8818
4914 8817
4915 8835
4916 15653
4917 15652
4918 15651
4919 15650
4920 15649
4921 15648
4922 15647
4923 15646
4924 15645
4925 15644
4926 15643
4927 15642
4928 15641
4931 15463
4932 15462
4933 15461
4934 15460
4935 15459
4936 15458
4937 15457
4938 8805
4939 8804
4940 8803
4941 8802
4942 8801
4943 8800
4944 8799
4945 8798
4946 8797
4947 8796
4948 8816
4949 14600
4950 14599
4951 14598
4952 14597
4953 14596
4954 14595
4955 14594
4956 14593
4957 14592
4958 14591
4959 14590
4960 14589
4961 14588
4962 14587
4963 14586
4964 14585
4965 14584
4966 14583
4967 14582
4968 14581
4969 14580
4970 14579
4971 14578
4972 14577
4973 14576
4974 14575
4975 14574
4976 14908
4977 14907
4978 14906
4979 14905
4980 14904
4981 14903
4982 14902
4983 14901
4984 8679
4985 8678
4986 8677
4987 8676
4988 8675
4989 8674
4990 8673
4991 8672
4992 8671
4993 8692
4994 14818
4995 14817
4996 14816
4997 14815
4998 14814
4999 14813
5000 14812
5001 14811
5002 14810
5003 14809
5004 14808
5005 14807
5006 14806
5007 14805
5008 14804
5009 14803
5010 14802
5011 14801
5012 14800
5013 14799
5014 14798
5015 14797
5016 14796
5017 14795
5018 14394
5019 14393
5020 14392
5021 14391
5022 14390
5023 14389
5024 14388
5025 14387
5026 14386
5027 14385
5028 14384
5029 14383
5030 14382
5031 14381
5032 8784
5033 8783
5034 8782
5035 8781
5036 8780
5037 8779
5038 8778
5039 8777
5040 8776
5041 8775
5042 8795
5043 14284
5044 14283
5045 14282
5046 14281
5047 14280
5048 14279
5049 14278
5050 14277
5051 14276
5052 14275
5053 14274
5054 14273
5055 14272
5056 14271
5057 8657
5058 8656
5059 8655
5060 8654
5061 8653
5062 8652
5063 8651
5064 8650
5065 8649
5066 8670
5067 14206
5068 14205
5069 14204
5070 14203
5071 14202
5072 14201
5073 14200
5074 14199
5075 14198
5076 14197
5077 14196
5078 14195
5079 14194
5080 14193
5081 13994
5082 13993
5083 13992
5084 13991
5085 13990
5086 13989
5087 13988
5088 13987
5089 13986
5090 13985
5091 13984
5092 13983
5093 13982
5094 13981
5095 13980
5096 13979
5097 13978
5098 13977
5099 13976
5100 13975
5101 13974
5102 13973
5103 13972
5104 13971
5105 8764
5106 8763
5107 8762
5108 8761
5109 8760
5110 8759
5111 8758
5112 8757
5113 8756
5114 8755
5115 8774
5116 13829
5117 13828
5118 13827
5119 13826
5120 13825
5121 13824
5122 13823
5123 13822
5124 13821
5125 13820
5126 13819
5127 13818
5128 13817
5129 13816
5130 8637
5131 8636
5132 8635
5133 8634
5134 8633
5135 8632
5136 8631
5137 8630
5138 8629
5139 8628
5140 8627
5141 8626
5142 8625
5143 8624
5144 8623
5145 8622
5146 8621
5147 8620
5148 8619
5149 11741
5150 11740
5151 11739
5152 11738
5153 11737
5154 11736
5155 11735
5156 11734
5157 11733
5158 11732
5159 11731
5160 11730
5161 11729
5162 11728
5163 11727
5164 11813
5165 13653
5166 13652
5167 13651
5168 13650
5169 13649
5170 13648
5171 13647
5172 13646
5173 13645
5174 13644
5175 13550
5176 13549
5177 13548
5178 13547
5179 13546
5180 13545
5181 13544
5182 13543
5183 10291
5184 10290
5185 10289
5186 10288
5187 10287
5188 10286
5189 10285
5190 10284
5191 10283
5192 10282
5193 10281
5194 10280
5195 10279
5196 10278
5197 10277
5198 10276
5199 10426
5200 10381
5201 10380
5202 10379
5203 10378
5204 10377
5205 10376
5206 10375
5207 10374
5208 10373
5209 10372
5210 10371
5211 10370
5212 10369
5213 10368
5214 8556
5215 8555
5216 8554
5217 8553
5218 8552
5219 8551
5220 8550
5221 8549
5222 8548
5223 8547
5224 8546
5225 8545
5226 8544
5227 8543
5228 8542
5229 8541
5230 8540
5231 8539
5232 8538
5233 11676
5234 11675
5235 11674
5236 11673
5237 11672
5238 11671
5239 11670
5240 11669
5241 11668
5242 11667
5243 11666
5244 11665
5245 11664
5246 11663
5247 11662
5248 11726
5249 12922
5250 12921
5251 12920
5252 12919
5253 12918
5254 12917
5255 12916
5256 12915
5257 12914
5258 12913
5259 12912
5260 12911
5261 12910
5262 12909
5263 8743
5264 8742
5265 8741
5266 8740
5267 8739
5268 8738
5269 8737
5270 8736
5271 8735
5272 8734
5273 8754
5274 13091
5275 13090
5276 13089
5277 13088
5278 13087
5279 13086
5280 13085
5281 13084
5282 13083
5283 13082
5284 13081
5285 13080
5286 13079
5287 13078
5288 11565
5289 11564
5290 11563
5291 11562
5292 11561
5293 11560
5294 11559
5295 11558
5296 11557
5297 11556
5298 11555
5299 11554
5300 11553
5301 11552
5302 11551
5303 11550
5304 11549
5305 11548
5306 11547
5307 11546
5308 11545
5309 11544
5310 11543
5311 11542
5312 11541
5313 11540
5314 11539
5315 11345
5316 11344
5317 11343
5318 11342
5319 11341
5320 11340
5321 11339
5322 11338
5323 11337
5324 11336
5325 11335
5326 11334
5327 11333
5328 11332
5329 11331
5330 11330
5331 11329
5332 11419
5333 11294
5334 11293
5335 11292
5336 11291
5337 11290
5338 11289
5339 11288
5340 11287
5341 11286
5342 11285
5343 11284
5344 11283
5345 11282
5346 11281
5347 11280
5348 11279
5349 11278
5350 11277
5351 12712
5352 12711
5353 12710
5354 12709
5355 12708
5356 12707
5357 12706
5358 8722
5359 8721
5360 8720
5361 8719
5362 8718
5363 8717
5364 8716
5365 8715
5366 8714
5367 8713
5368 8733
5369 12321
5370 12320
5371 12319
5372 12318
5373 12317
5374 12316
5375 12315
5376 12314
5377 12313
5378 12312
5379 12311
5380 12310
5381 12309
5382 12308
5383 12307
5384 12306
5385 12305
5386 12304
5387 12303
5388 12302
5389 12301
5390 12300
5391 12299
5392 12298
5393 12297
5394 12296
5395 12295
5396 12294
5397 12293
5398 12292
5399 12291
5400 12290
5401 12289
5402 12288
5403 12287
5404 12487
5405 12486
5406 12485
5407 12484
5408 12483
5409 12482
5410 12481
5411 12480
5412 12479
5413 12478
5414 12477
5415 12476
5416 12475
5417 11197
5418 11196
5419 11195
5420 11194
5421 11193
5422 11192
5423 11191
5424 11190
5425 8074
5426 8073
5427 8072
5428 8071
5429 8070
5430 8069
5431 8068
5432 8067
5433 8066
5434 8065
5435 8064
5436 8063
5437 8062
5438 8061
5439 8060
5440 8059
5441 8058
5442 8057
5443 8056
5444 8055
5445 8054
5448 10214
5449 10213
5450 10212
5451 10211
5452 10210
5453 10209
5454 10208
5455 10207
5456 10206
5457 10205
5458 10204
5459 10203
5460 10234
5461 10233
5462 10232
5463 10231
5464 10230
5465 10229
5466 10228
5467 10227
5468 10226
5469 10225
5470 10224
5471 12366
5472 12365
5473 12364
5474 12363
5475 12362
5476 12361
5477 12360
5478 12359
5479 12358
5480 12357
5481 12356
5482 12355
5483 12354
5484 12353
5485 12352
5486 12351
5487 12350
5488 12349
5489 12348
5490 12347
5491 12346
5492 12345
5493 12344
5494 12343
5495 12342
5496 12341
5497 12340
5498 12339
5499 12338
5500 12337
5501 12336
5502 12335
5503 12334
5504 12333
5505 12332
5506 12331
5507 12330
5508 12329
5509 12328
5510 12327
5511 12326
5512 12325
5513 12324
5514 12323
5515 12322
5516 8732
5517 8731
5518 8730
5519 8729
5520 8728
5521 8727
5522 8726
5523 8725
5524 8724
5525 8723
5526 12705
5527 12704
5528 12703
5529 12702
5530 12701
5531 12700
5532 12699
5533 12698
5534 12697
5535 12696
5536 12695
5537 12694
5538 12693
5539 12692
5540 12691
5541 12690
5542 12689
5543 12688
5544 12687
5545 12686
5546 12685
5547 12684
5548 12683
5549 12682
5550 12681
5551 12680
5552 12679
5553 12678
5554 12677
5555 12676
5556 12675
5557 12674
5558 12673
5559 12672
5560 12671
5561 12670
5562 12669
5563 12668
5564 12667
5565 12666
5566 12665
5567 12664
5568 12663
5569 12662
5570 12661
5571 12660
5572 12659
5573 12658
5574 13116
5575 13115
5576 13114
5577 13113
5578 13112
5579 13111
5580 13110
5581 13109
5582 13108
5583 13107
5584 13106
5585 13105
5586 13104
5587 13103
5588 13102
5589 13101
5590 13100
5591 13099
5592 13098
5593 13097
5594 13096
5595 13095
5596 13094
5597 13093
5598 13092
5599 8753
5600 8752
5601 8751
5602 8750
5603 8749
5604 8748
5605 8747
5606 8746
5607 8745
5608 8744
5609 12908
5610 12907
5611 12906
5612 12905
5613 12904
5614 12903
5615 12902
5616 12901
5617 12900
5618 12899
5619 12898
5620 12897
5621 12896
5622 12895
5623 12894
5624 12893
5625 12892
5626 12891
5627 10252
5628 10251
5629 10250
5630 10249
5631 10248
5632 10247
5633 10246
5634 10245
5635 10244
5636 10243
5637 10274
5638 10273
5639 10272
5640 10271
5641 10270
5642 10269
5643 10268
5644 10267
5645 10266
5646 10265
5647 10264
5648 10263
5649 10394
5650 10393
5651 10392
5652 10391
5653 10390
5654 10389
5655 10388
5656 10387
5657 10386
5658 10385
5659 10384
5660 10383
5661 10382
5662 10425
5663 10424
5664 10423
5665 10422
5666 10421
5667 10420
5668 10419
5669 10418
5670 10417
5671 10416
5672 13562
5673 13561
5674 13560
5675 13559
5676 13558
5677 13557
5678 13556
5679 13555
5680 13554
5681 13553
5682 13552
5683 13551
5684 13643
5685 13642
5686 13641
5687 13640
5688 13639
5689 13638
5690 13637
5691 13636
5692 13635
5693 13634
5694 13633
5695 13632
5696 13631
5697 13630
5698 13629
5699 13628
5700 10445
5701 10444
5702 10443
5703 10442
5704 10441
5705 10440
5706 10439
5707 10438
5708 10437
5709 10436
5710 10435
5711 10465
5712 10464
5713 10463
5714 10462
5715 10461
5716 10460
5717 10459
5718 10458
5719 10457
5720 10456
5721 10455
5722 13842
5723 13841
5724 13840
5725 13839
5726 13838
5727 13837
5728 13836
5729 13835
5730 13834
5731 13833
5732 13832
5733 13831
5734 13830
5735 8773
5736 8772
5737 8771
5738 8770
5739 8769
5740 8768
5741 8767
5742 8766
5743 8765
5744 13970
5745 13969
5746 13968
5747 13967
5748 13966
5749 13965
5750 13964
5751 13963
5752 13962
5753 13961
5754 13960
5755 13959
5756 13958
5757 13957
5758 13956
5759 13955
5760 13954
5761 13953
5762 13952
5763 13951
5764 13950
5765 13949
5766 13948
5767 13947
5768 13946
5769 13945
5770 13944
5771 13943
5772 13942
5773 13941
5774 10485
5775 10484
5776 10483
5777 10482
5778 10481
5779 10480
5780 10479
5781 10478
5782 10477
5783 10476
5784 10475
5785 14298
5786 14297
5787 14296
5788 14295
5789 14294
5790 14293
5791 14292
5792 14291
5793 14290
5794 14289
5795 14288
5796 14287
5797 14286
5798 14285
5799 8794
5800 8793
5801 8792
5802 8791
5803 8790
5804 8789
5805 8788
5806 8787
5807 8786
5808 8785
5809 14380
5810 14379
5811 14378
5812 14377
5813 14376
5814 14375
5815 14374
5816 14373
5817 14372
5818 14371
5819 14370
5820 14369
5821 14368
5822 14367
5823 14366
5824 14365
5825 14364
5826 10505
5827 10504
5828 10503
5829 10502
5830 10501
5831 10500
5832 10499
5833 10498
5834 10497
5835 10496
5836 10495
5837 14647
5838 14646
5839 14645
5840 14644
5841 14643
5842 14642
5843 14641
5844 14640
5845 14639
5846 14638
5847 14637
5848 14636
5849 14635
5850 14634
5851 14633
5852 14632
5853 14631
5854 14630
5855 14629
5856 14628
5857 14627
5858 14626
5859 14625
5860 14624
5861 14623
5862 14622
5863 14621
5864 14620
5865 14619
5866 14618
5867 14617
5868 14616
5869 14615
5870 14614
5871 14613
5872 14612
5873 14611
5874 14610
5875 14609
5876 14608
5877 14607
5878 14606
5879 14605
5880 14604
5881 14603
5882 14602
5883 14601
5884 8815
5885 8814
5886 8813
5887 8812
5888 8811
5889 8810
5890 8809
5891 8808
5892 8807
5893 8806
5894 15456
5895 15455
5896 15454
5897 15453
5898 15452
5899 15451
5900 15450
5901 15666
5902 15665
5903 15664
5904 15663
5905 15662
5906 15661
5907 15660
5908 15659
5909 15658
5910 15657
5911 15656
5912 15655
5913 15654
5914 8834
5915 8833
5916 8832
5917 8831
5918 8830
5919 8829
5920 8828
5921 8827
5922 8826
5923 15084
5924 15083
5925 15082
5926 15081
5927 15080
5928 15079
5929 15078
5930 15077
5931 15076
5932 15075
5933 15074
5934 15073
5935 15072
5936 15071
5937 15070
5938 15069
5939 15068
5940 15067
5941 15066
5942 15065
5943 15064
5944 15063
5945 15062
5946 15061
5947 15060
5948 15059
5949 15058
5950 15057
5951 15056
5952 15055
5953 15054
5954 15053
5955 15052
5956 15051
5957 15050
5958 15049
5959 15048
5960 15047
5961 15046
5962 15045
5963 15044
5964 15043
5965 15042
5966 11891
5967 11890
5968 11889
5969 11888
5970 11887
5971 11886
5972 11885
5973 11884
5974 11883
5975 11882
5976 11881
5977 11880
5978 11879
5979 11878
5980 11877
5981 11876
5982 11875
5983 11874
5984 11873
5985 11872
5986 11871
5987 11870
5988 11922
5989 11921
5990 11920
5991 11919
5992 11918
5993 11917
5994 11916
5995 10523
5996 10522
5997 10521
5998 10520
5999 10519
6000 10518
6001 10517
6002 10516
6003 10515
6004 10514
6005 10545
6006 10544
6007 10543
6008 10542
6009 10541
6010 10540
6011 10539
6012 10538
6013 10537
6014 10536
6015 10535
6016 10534
6017 9682
6018 9681
6019 9680
6020 9679
6021 9678
6022 9677
6023 9676
6024 9675
6025 9674
6026 9673
6027 9672
6028 9671
6029 9670
6030 8853
6031 8852
6032 8851
6033 8850
6034 8849
6035 8848
6036 8847
6037 8846
6038 8845
6039 9714
6040 9713
6041 9712
6042 9711
6043 9710
6044 9709
6045 9708
6046 9707
6047 10566
6048 10565
6049 10564
6050 10563
6051 10562
6052 10561
6053 10560
6054 10559
6055 10558
6056 10557
6057 10556
6058 10585
6059 10584
6060 10583
6061 10582
6062 10581
6063 10580
6064 10579
6065 10578
6066 10577
6067 10576
6068 10575
6069 10609
6070 10608
6071 10607
6072 10606
6073 10605
6074 10604
6075 10603
6076 10602
6077 10601
6078 10600
6079 10599
6080 10598
6081 10597
6082 9406
6083 9405
6084 9404
6085 9403
6086 9402
6087 9401
6088 9400
6089 9399
6090 9398
6091 9397
6092 9396
6093 9395
6094 9394
6095 9393
6096 9392
6097 9391
6098 9390
6099 9389
6100 9388
6101 9387
6102 9386
6103 9385
6104 9384
6105 9383
6106 9382
6107 9381
6108 9380
6109 9379
6110 9378
6111 9377
6112 9376
6113 9375
6114 9986
6115 9985
6116 9984
6117 9983
6118 9982
6119 9981
6120 9980
6121 9022
6122 9021
6123 9020
6124 9019
6125 9018
6126 9017
6127 9016
6128 9015
6129 9014
6130 9013
6131 9012
6132 9011
6133 9010
6134 9009
6135 8875
6136 8874
6137 8873
6138 8872
6139 8871
6140 8870
6141 8869
6142 8868
6143 8867
6144 8866
6145 8865
6146 10166
6147 10165
6148 10164
6149 10163
6150 10162
6151 10161
6152 10160
6153 10159
6154 10158
6155 10157
6156 10623
6157 10622
6158 10621
6159 10620
6160 10619
6161 10618
6162 10617
6163 10616
6164 10615
6165 10614
6166 10613
6167 10612
6168 10611
6171 10635
6172 10634
6173 10633
6174 10632
6175 10631
6176 10630
6177 10629
6178 10628
6179 10627
6180 10626
6181 10625
6182 10624
6183 10156
6184 10155
6185 10154
6186 10153
6187 10152
6188 10151
6189 10150
6190 10149
6191 10148
6192 10147
6193 10146
6194 10145
6195 10144
6196 10143
6197 10142
6198 10141
6199 10140
6200 10139
6201 10138
6202 10137
6203 10136
6204 9032
6205 9031
6206 9030
6207 9029
6208 9028
6209 9027
6210 9026
6211 9025
6212 9024
6213 9023
6214 9979
6215 9978
6216 9977
6217 9976
6218 9975
6219 9974
6220 9973
6221 9972
6222 9971
6223 9970
6224 9969
6225 9968
6226 9967
6227 9966
6228 9965
6229 9964
6230 9963
6231 9962
6232 9961
6233 9960
6234 9959
6235 9958
6236 9957
6237 9956
6238 9413
6239 9412
6240 9411
6241 9410
6242 9409
6243 9408
6244 9407
6245 10596
6246 10595
6247 10594
6248 10593
6249 10592
6250 10591
6251 10590
6252 10589
6253 10588
6254 10587
6255 10610
6256 10574
6257 10573
6258 10572
6259 10571
6260 10570
6261 10569
6262 10568
6263 10586
6264 10555
6265 10554
6266 10553
6267 10552
6268 10551
6269 10550
6270 10549
6271 10548
6272 10547
6273 10567
6274 9706
6275 9705
6276 9704
6277 9703
6278 9702
6279 9701
6280 9700
6281 9699
6282 9698
6283 9697
6284 9696
6285 9695
6286 9694
6287 9693
6288 9692
6289 9691
6290 9690
6291 9689
6292 9688
6293 9687
6294 9686
6295 9685
6296 9684
6297 9683
6298 10533
6299 10532
6300 10531
6301 10530
6302 10529
6303 10528
6304 10527
6305 10526
6306 10525
6307 10546
6308 10513
6309 10512
6310 10511
6311 10510
6312 10509
6313 10508
6314 10507
6315 10524
6316 11915
6317 11914
6318 11913
6319 11912
6320 11911
6321 11910
6322 11909
6323 11908
6324 11907
6325 11906
6326 11905
6327 11904
6328 11903
6329 11902
6330 11901
6331 11900
6332 11899
6333 11898
6334 11897
6335 11896
6336 11895
6337 11894
6338 11893
6339 11892
6340 15041
6341 15040
6342 15039
6343 15038
6344 15037
6345 15036
6346 15035
6347 15034
6348 15033
6349 15032
6350 15031
6351 15030
6352 15029
6353 15932
6354 15704
6355 15703
6356 15702
6357 15701
6358 15700
6359 15699
6360 15698
6361 15697
6362 15696
6363 15695
6364 15694
6365 15693
6366 15692
6367 15691
6368 15690
6369 15689
6370 15688
6371 15687
6372 15686
6373 15685
6374 15684
6375 15683
6376 15682
6377 15681
6378 15680
6379 15679
6380 15678
6381 15677
6382 15676
6383 15675
6384 15674
6385 15673
6386 15672
6387 15671
6388 15670
6389 15669
6390 15668
6391 15667
6392 15449
6393 15448
6394 15447
6395 15446
6396 15445
6397 15444
6398 15443
6399 15442
6400 15441
6401 15440
6402 15439
6403 15438
6404 15437
6405 15436
6406 15435
6407 15434
6408 15433
6409 15432
6410 14960
6411 14959
6412 14958
6413 14957
6414 14956
6415 14955
6416 14954
6417 14953
6418 14952
6419 14951
6420 14950
6421 14949
6422 14948
6423 14947
6424 14946
6425 14945
6426 14944
6427 14943
6428 14942
6429 14941
6430 14940
6431 14939
6432 14938
6433 14937
6434 14936
6435 14935
6436 14934
6437 14655
6438 14654
6439 14653
6440 14652
6441 14651
6442 14650
6443 14649
6444 14648
6445 10494
6446 10493
6447 10492
6448 10491
6449 10490
6450 10489
6451 10488
6452 10487
6453 10506
6454 14363
6455 14362
6456 14361
6457 14360
6458 14359
6459 14358
6460 14357
6461 14356
6462 14355
6463 14354
6464 14353
6465 14352
6466 14351
6467 14350
6468 14437
6469 14316
6470 14315
6471 14314
6472 14313
6473 14312
6474 14311
6475 14310
6476 14309
6477 14308
6478 14307
6479 14306
6480 14305
6481 14304
6482 14303
6483 14302
6484 14301
6485 14300
6486 14299
6487 10474
6488 10473
6489 10472
6490 10471
6491 10470
6492 10469
6493 10468
6494 10467
6495 10486
6496 13940
6497 13939
6498 13938
6499 13937
6500 13936
6501 13935
6502 13934
6503 13933
6504 13932
6505 13931
6506 13930
6507 13929
6508 13928
6509 13927
6510 14032
6511 13871
6512 13870
6513 13869
6514 13868
6515 13867
6516 13866
6517 13865
6518 13864
6519 13863
6520 13862
6521 13861
6522 13860
6523 13859
6524 13858
6525 13857
6526 13856
6527 13855
6528 13854
6529 13853
6530 13852
6531 13851
6532 13850
6533 13849
6534 13848
6535 13847
6536 13846
6537 13845
6538 13844
6539 13843
6540 10454
6541 10453
6542 10452
6543 10451
6544 10450
6545 10449
6546 10448
6547 10447
6548 10466
6549 10434
6550 10433
6551 10432
6552 10431
6553 10430
6554 10429
6555 10428
6556 10427
6557 10446
6558 13627
6559 13626
6560 13625
6561 13624
6562 13623
6563 13622
6564 13621
6565 13620
6566 13619
6567 13618
6568 13617
6569 13616
6570 13615
6571 13614
6572 13613
6573 13714
6574 13569
6575 13568
6576 13567
6577 13566
6578 13565
6579 13564
6580 13563
6581 10415
6582 10414
6583 10413
6584 10412
6585 10411
6586 10410
6587 10409
6588 10408
6589 10407
6590 10406
6591 10405
6592 10404
6593 10403
6594 10402
6595 10401
6596 10400
6597 10399
6598 10398
6599 10397
6600 10396
6601 10395
6602 10262
6603 10261
6604 10260
6605 10259
6606 10258
6607 10257
6608 10256
6609 10255
6610 10254
6611 10275
6612 10242
6613 10241
6614 10240
6615 10239
6616 10238
6617 10237
6618 10236
6619 10253
6620 12890
6621 12889
6622 12888
6623 12887
6624 12886
6625 12885
6626 12884
6627 12883
6628 12882
6629 12881
6630 12880
6631 12879
6632 12878
6633 12877
6634 12876
6635 12875
6636 13300
6637 13185
6638 13184
6639 13183
6640 13182
6641 13181
6642 13180
6643 13179
6644 13178
6645 13177
6646 13176
6647 13175
6648 13174
6649 13173
6650 13172
6651 13171
6652 13170
6653 13169
6654 13168
6655 13167
6656 13166
6657 13165
6658 13123
6659 13122
6660 13121
6661 13120
6662 13119
6663 13118
6664 13117
6665 12657
6666 12656
6667 12655
6668 12654
6669 12653
6670 12652
6671 12651
6672 12650
6673 12649
6674 12648
6675 12647
6676 12646
6677 12645
6678 12874
6679 12823
6680 12822
6681 12821
6682 12820
6683 12819
6684 12818
6685 12817
6686 12816
6687 12815
6688 12814
6689 12813
6690 12812
6691 12811
6692 12810
6693 12809
6694 12808
6695 12807
6696 12806
6697 12805
6698 12804
6699 12803
6700 12621
6701 12620
6702 12619
6703 12618
6704 12617
6705 12616
6706 12615
6707 12614
6708 12613
6709 12612
6710 12611
6711 12610
6712 12609
6713 12608
6714 12607
6715 12606
6716 12605
6717 12604
6718 12603
6719 12602
6720 12601
6721 12395
6722 12394
6723 12393
6724 12392
6725 12391
6726 12390
6727 12389
6728 12388
6729 12387
6730 12386
6731 12385
6732 12384
6733 12383
6734 12382
6735 12381
6736 12380
6737 12379
6738 12378
6739 12377
6740 12376
6741 12375
6742 12374
6743 12373
6744 12372
6745 12371
6746 12370
6747 12369
6748 12368
6749 12367
6750 10223
6751 10222
6752 10221
6753 10220
6754 10219
6755 10218
6756 10217
6757 10216
6758 10215
6759 10235
6760 10202
6761 10201
6762 10200
6763 10199
6764 10198
6765 10197
6766 10196
6767 10195
6768 10194
6769 10193
6770 10192
6773 12140
6774 12139
6775 12138
6776 12137
6777 12136
6778 12135
6779 12134
6780 12133
6781 12132
6782 12131
6783 12130
6784 12129
6785 12128
6786 12127
6787 12431
6788 12430
6789 12429
6790 12428
6791 12427
6792 12426
6793 12425
6794 12424
6795 12423
6796 12422
6797 12421
6798 12420
6799 12419
6800 12418
6801 12417
6802 12416
6803 12415
6804 12414
6805 12413
6806 12412
6807 12411
6808 12410
6809 12409
6810 12408
6811 12407
6812 12406
6813 12405
6814 12404
6815 12403
6816 12402
6817 12401
6818 12400
6819 12399
6820 12398
6821 12397
6822 12396
6823 12600
6824 12599
6825 12598
6826 12597
6827 12596
6828 12595
6829 12594
6830 12635
6831 12634
6832 12633
6833 12632
6834 12631
6835 12630
6836 12629
6837 12628
6838 12627
6839 12626
6840 12625
6841 12624
6842 12623
6843 12622
6844 12802
6845 12801
6846 12800
6847 12799
6848 12798
6849 12797
6850 12796
6851 12837
6852 12836
6853 12835
6854 12834
6855 12833
6856 12832
6857 12831
6858 12830
6859 12829
6860 12828
6861 12827
6862 12826
6863 12825
6864 12824
6865 12873
6866 12872
6867 12871
6868 12870
6869 12869
6870 12868
6871 12867
6872 12866
6873 12865
6874 13135
6875 13134
6876 13133
6877 13132
6878 13131
6879 13130
6880 13129
6881 13128
6882 13127
6883 13126
6884 13125
6885 13124
6886 13164
6887 13163
6888 13162
6889 13161
6890 13160
6891 13159
6892 13158
6893 13199
6894 13198
6895 13197
6896 13196
6897 13195
6898 13194
6899 13193
6900 13192
6901 13191
6902 13190
6903 13189
6904 13188
6905 13187
6906 13186
6907 13299
6908 13298
6909 13297
6910 13296
6911 13295
6912 13294
6913 13293
6914 13292
6915 13291
6916 13290
6917 13289
6918 13288
6919 13287
6920 13286
6921 13285
6922 13284
6923 13283
6924 13282
6925 13281
6926 13280
6927 13444
6928 13443
6929 13442
6930 13441
6931 13440
6932 13439
6933 13438
6934 13437
6935 13436
6936 13435
6937 13434
6938 13433
6939 13432
6940 13431
6941 13430
6942 13429
6943 13428
6944 13427
6945 13594
6946 13593
6947 13592
6948 13591
6949 13590
6950 13589
6951 13588
6952 13587
6953 13586
6954 13585
6955 13584
6956 13583
6957 13582
6958 13581
6959 13580
6960 13579
6961 13578
6962 13577
6963 13576
6964 13575
6965 13574
6966 13573
6967 13572
6968 13571
6969 13570
6970 13713
6971 13712
6972 13711
6973 13710
6974 13709
6975 13708
6976 13707
6977 13706
6978 13705
6979 13704
6980 13703
6981 13702
6982 13701
6983 13700
6984 13699
6985 13698
6986 13697
6987 13696
6988 13733
6989 13732
6990 13731
6991 13730
6992 13729
6993 13728
6994 13727
6995 13726
6996 13725
6997 13907
6998 13906
6999 13905
7000 13904
7001 13903
7002 13902
7003 13901
7004 13900
7005 13899
7006 13898
7007 13897
7008 13896
7009 13895
7010 13894
7011 13893
7012 13892
7013 13891
7014 13890
7015 13889
7016 13888
7017 13887
7018 13886
7019 13885
7020 13884
7021 13883
7022 13882
7023 13881
7024 13880
7025 13879
7026 13878
7027 13877
7028 13876
7029 13875
7030 13874
7031 13873
7032 13872
7033 14031
7034 14030
7035 14029
7036 14028
7037 14027
7038 14026
7039 14025
7040 14169
7041 14168
7042 14167
7043 14166
7044 14165
7045 14164
7046 14163
7047 14162
7048 14161
7049 14160
7050 14159
7051 14158
7052 14157
7053 14156
7054 14155
7055 14154
7056 14153
7057 14152
7058 14331
7059 14330
7060 14329
7061 14328
7062 14327
7063 14326
7064 14325
7065 14324
7066 14323
7067 14322
7068 14321
7069 14320
7070 14319
7071 14318
7072 14317
7073 14436
7074 14435
7075 14434
7076 14433
7077 14432
7078 14431
7079 14430
7080 14429
7081 14428
7082 14427
7083 14456
7084 14455
7085 14454
7086 14453
7087 14452
7088 14451
7089 14450
7090 14449
7091 14448
7092 14667
7093 14666
7094 14665
7095 14664
7096 14663
7097 14662
7098 14661
7099 14660
7100 14659
7101 14658
7102 14657
7103 14656
7104 14933
7105 14932
7106 14931
7107 14930
7108 14929
7109 14928
7110 14927
7111 14926
7112 14925
7113 14975
7114 14974
7115 14973
7116 14972
7117 14971
7118 14970
7119 14969
7120 14968
7121 14967
7122 14966
7123 14965
7124 14964
7125 14963
7126 14962
7127 14961
7128 15431
7129 15430
7130 15429
7131 15428
7132 15427
7133 15426
7134 15425
7135 15424
7136 15006
7137 15005
7138 15004
7139 15003
7140 15002
7141 15001
7142 15000
7143 14999
7144 14998
7145 15027
7146 15026
7147 15025
7148 15024
7149 15023
7150 15022
7151 15021
7152 15020
7153 15019
7154 15018
7155 15272
7156 15271
7157 15270
7158 15269
7159 15268
7160 15267
7161 15266
7162 15265
7163 15264
7164 15263
7165 15262
7166 15261
7167 15260
7168 15259
7169 15258
7170 15257
7171 15256
7172 15255
7173 15711
7174 15710
7175 15709
7176 15708
7177 15707
7178 15706
7179 15705
7180 15931
7181 15930
7182 15929
7183 15928
7184 15927
7185 15926
7186 15925
7187 15924
7188 15923
7189 15922
7190 15921
7191 15920
7192 15919
7193 15918
7194 15917
7195 15916
7196 15915
7197 15914
7198 15913
7199 15912
7200 15911
7201 15910
7202 15909
7203 15908
7204 15907
7205 15906
7206 15905
7207 15904
7208 15952
7209 15951
7210 15950
7211 15949
7212 15948
7213 15947
7214 15946
7215 15945
7216 15944
7217 15943
7218 15974
7219 15973
7220 15972
7221 15971
7222 15970
7223 15969
7224 15968
7225 15967
7226 15966
7227 15965
7228 9470
7229 9469
7230 9468
7231 9467
7232 9466
7233 9465
7234 9464
7235 9463
7236 9462
7237 9461
7238 9460
7239 9459
7240 9458
7241 9457
7242 9456
7243 9455
7244 9454
7245 9453
7246 9452
7247 9451
7248 9450
7249 9449
7250 9448
7251 9447
7252 9446
7253 9445
7254 9444
7255 9443
7256 9442
7257 9441
7258 9440
7259 9439
7260 9438
7261 9437
7262 9436
7263 9435
7264 9434
7265 9433
7266 9432
7267 9431
7268 9430
7269 9429
7270 9428
7271 9427
7272 9426
7273 9425
7274 9424
7275 9423
7276 9422
7277 9421
7278 9420
7279 9419
7280 9418
7281 9417
7282 9416
7283 9415
7284 9414
7285 9955
7286 9954
7287 9953
7288 9952
7289 9951
7290 9950
7291 9949
7292 15993
7293 15992
7294 15991
7295 15990
7296 15989
7297 15988
7298 15987
7299 15986
7300 15985
7301 9047
7302 9046
7303 9045
7304 9044
7305 9043
7306 9042
7307 9041
7308 9040
7309 9039
7310 9038
7311 9037
7312 9036
7313 9035
7314 9034
7315 9033
7316 10135
7317 10134
7318 10133
7319 10132
7320 10131
7321 10130
7322 10129
7323 10128
7324 10127
7325 10126
7326 10125
7327 10124
7328 10123
7329 10122
7330 16011
7331 16010
7332 16009
7333 16008
7334 16007
7335 16006
7336 16005
7337 16004
7338 16003
7339 16002
7340 16001
7341 16000
7342 15999
7343 15998
7344 15997
7345 15996
7346 15995
7349 16029
7350 16028
7351 16027
7352 16026
7353 16025
7354 16024
7355 16023
7356 16022
7357 16021
7358 16020
7359 16019
7360 16018
7361 16017
7362 16016
7363 16015
7364 16014
7365 16013
7366 16012
7367 10121
7368 10120
7369 10119
7370 10118
7371 10117
7372 10116
7373 10115
7374 10114
7375 10113
7376 10112
7377 10111
7378 10110
7379 10109
7380 9066
7381 9065
7382 9064
7383 9063
7384 9062
7385 9061
7386 9060
7387 9059
7388 9058
7389 9057
7390 9056
7391 9055
7392 9054
7393 9053
7394 9052
7395 9051
7396 9050
7397 9049
7398 9048
7399 15984
7400 15983
7401 15982
7402 15981
7403 15980
7404 15979
7405 15978
7406 15977
7407 15976
7408 15994
7409 9948
7410 9947
7411 9946
7412 9945
7413 9944
7414 9943
7415 9942
7416 9941
7417 9940
7418 9939
7419 9938
7420 9937
7421 9936
7422 9935
7423 9934
7424 9933
7425 9932
7426 9931
7427 9930
7428 9929
7429 9928
7430 9927
7431 9926
7432 9799
7433 9798
7434 9797
7435 9796
7436 9795
7437 9794
7438 9793
7439 9792
7440 9791
7441 9790
7442 9789
7443 9788
7444 9787
7445 9786
7446 9785
7447 9784
7448 9783
7449 9782
7450 9781
7451 9780
7452 9779
7453 9778
7454 9777
7455 9776
7456 9775
7457 9774
7458 9773
7459 9772
7460 9771
7461 9770
7462 9769
7463 9768
7464 9767
7465 9766
7466 12099
7467 12098
7468 12097
7469 12096
7470 12095
7471 12094
7472 12093
7473 12092
7474 12111
7475 9477
7476 9476
7477 9475
7478 9474
7479 9473
7480 9472
7481 9471
7482 15964
7483 15963
7484 15962
7485 15961
7486 15960
7487 15959
7488 15958
7489 15957
7490 15956
7491 15955
7492 15954
7493 15975
7494 15942
7495 15941
7496 15940
7497 15939
7498 15938
7499 15937
7500 15936
7501 15935
7502 15934
7503 15933
7504 15953
7505 15903
7506 15902
7507 15901
7508 15900
7509 15899
7510 15898
7511 15897
7512 15896
7513 15895
7514 15894
7515 15893
7516 15892
7517 15891
7518 15739
7519 15738
7520 15737
7521 15736
7522 15735
7523 15734
7524 15733
7525 15732
7526 15731
7527 15730
7528 15729
7529 15728
7530 15727
7531 15726
7532 15725
7533 15724
7534 15723
7535 15722
7536 15721
7537 15720
7538 15719
7539 15718
7540 15717
7541 15716
7542 15715
7543 15714
7544 15713
7545 15712
7546 15254
7547 15253
7548 15252
7549 15251
7550 15250
7551 15249
7552 15248
7553 15247
7554 15246
7555 15245
7556 15244
7557 15243
7558 15242
7559 15241
7560 15279
7561 15278
7562 15277
7563 15276
7564 15275
7565 15274
7566 15273
7567 15017
7568 15016
7569 15015
7570 15014
7571 15013
7572 15012
7573 15011
7574 15010
7575 15009
7576 15008
7577 15028
7578 14997
7579 14996
7580 14995
7581 14994
7582 14993
7583 14992
7584 14991
7585 14990
7586 14989
7587 15007
7588 15423
7589 15422
7590 15421
7591 15420
7592 15419
7593 15418
7594 15417
7595 15416
7596 15415
7597 15414
7598 15413
7599 15412
7600 15411
7601 15410
7602 15409
7603 14987
7604 14986
7605 14985
7606 14984
7607 14983
7608 14982
7609 14981
7610 14980
7611 14979
7612 14978
7613 14977
7614 14976
7615 14924
7616 14923
7617 14922
7618 14921
7619 14920
7620 14919
7621 14918
7622 14917
7623 14685
7624 14684
7625 14683
7626 14682
7627 14681
7628 14680
7629 14679
7630 14678
7631 14677
7632 14676
7633 14675
7634 14674
7635 14673
7636 14672
7637 14671
7638 14670
7639 14669
7640 14668
7641 14447
7642 14446
7643 14445
7644 14444
7645 14443
7646 14442
7647 14441
7648 14440
7649 14439
7650 14438
7651 14457
7652 14426
7653 14425
7654 14424
7655 14423
7656 14422
7657 14421
7658 14420
7659 14419
7660 14418
7661 14417
7662 14416
7663 14415
7664 14414
7665 14413
7666 14348
7667 14347
7668 14346
7669 14345
7670 14344
7671 14343
7672 14342
7673 14341
7674 14340
7675 14339
7676 14338
7677 14337
7678 14336
7679 14335
7680 14334
7681 14333
7682 14332
7683 14151
7684 14150
7685 14149
7686 14148
7687 14147
7688 14146
7689 14145
7690 14144
7691 14143
7692 14142
7693 14141
7694 14179
7695 14178
7696 14177
7697 14176
7698 14175
7699 14174
7700 14173
7701 14172
7702 14171
7703 14170
7704 14024
7705 14023
7706 14022
7707 14021
7708 14020
7709 14019
7710 14018
7711 14017
7712 14016
7713 14015
7714 14014
7715 14013
7716 14012
7717 14011
7718 12078
7719 12077
7720 12076
7721 12075
7722 12074
7723 12073
7724 12072
7725 12071
7726 12070
7727 12091
7728 12057
7729 12056
7730 12055
7731 12054
7732 12053
7733 12052
7734 12051
7735 12050
7736 12049
7737 12069
7738 13925
7739 13924
7740 13923
7741 13922
7742 13921
7743 13920
7744 13919
7745 13918
7746 13917
7747 13916
7748 13915
7749 13914
7750 13913
7751 13912
7752 13911
7753 13910
7754 13909
7755 13908
7756 13724
7757 13723
7758 13722
7759 13721
7760 13720
7761 13719
7762 13718
7763 13717
7764 13716
7765 13715
7766 13734
7767 13695
7768 13694
7769 13693
7770 13692
7771 13691
7772 13690
7773 13689
7774 13688
7775 13687
7776 13686
7777 13685
7778 13684
7779 13683
7780 13682
7781 13681
7782 13680
7783 13679
7784 13678
7785 13677
7786 13676
7787 13675
7788 13674
7789 13673
7790 13672
7791 13671
7792 12036
7793 12035
7794 12034
7795 12033
7796 12032
7797 12031
7798 12030
7799 12029
7800 12028
7801 12048
7802 13611
7803 13610
7804 13609
7805 13608
7806 13607
7807 13606
7808 13605
7809 13604
7810 13603
7811 13602
7812 13601
7813 13600
7814 13599
7815 13598
7816 13597
7817 13596
7818 13595
7819 13426
7820 13425
7821 13424
7822 13423
7823 13422
7824 13421
7825 13420
7826 13419
7827 13418
7828 13417
7829 13416
7830 13309
7831 13308
7832 13307
7833 13306
7834 13305
7835 13304
7836 13303
7837 13302
7838 13301
7839 13445
7840 13279
7841 13278
7842 13277
7843 13276
7844 13275
7845 13274
7846 13273
7847 13272
7848 13271
7849 13270
7850 13269
7851 13268
7852 13267
7853 13266
7854 13265
7855 13264
7856 13263
7857 13262
7858 13261
7859 13260
7860 13259
7861 13258
7862 13257
7863 13256
7864 13255
7865 13216
7866 13215
7867 13214
7868 13213
7869 13212
7870 13211
7871 13210
7872 13209
7873 13208
7874 13207
7875 13206
7876 13205
7877 13204
7878 13203
7879 13202
7880 13201
7881 13200
7882 13157
7883 13156
7884 13155
7885 13154
7886 13153
7887 13152
7888 13151
7889 13150
7890 13149
7891 13148
7892 13147
7893 13146
7894 13145
7895 13144
7896 13143
7897 13142
7898 13141
7899 13140
7900 13139
7901 13138
7902 13137
7903 13136
7904 12864
7905 12863
7906 12862
7907 12861
7908 12860
7909 12859
7910 12858
7911 12857
7912 12856
7913 12855
7914 12854
7915 12853
7916 12852
7917 12851
7918 12850
7919 12849
7920 12848
7921 12847
7922 12846
7923 12845
7924 12844
7925 12843
7926 12842
7927 12841
7928 12840
7929 12839
7930 12838
7931 12795
7932 12794
7933 12793
7934 12792
7935 12791
7936 12790
7937 12789
7938 12788
7939 12787
7940 12786
7941 12785
7942 12784
7943 12783
7944 12782
7945 12781
7946 12780
7947 12779
7948 12643
7949 12642
7950 12641
7951 12640
7952 12639
7953 12638
7954 12637
7955 12636
7956 12593
7957 12592
7958 12591
7959 12590
7960 12589
7961 12588
7962 12587
7963 12586
7964 12585
7965 12584
7966 12583
7967 12582
7968 12581
7969 12580
7970 12579
7971 12578
7972 12577
7973 12576
7974 12575
7975 12574
7976 12573
7977 12572
7978 12571
7979 12570
7980 12569
7981 12458
7982 12457
7983 12456
7984 12455
7985 12454
7986 12453
7987 12452
7988 12451
7989 12450
7990 12449
7991 12448
7992 12447
7993 12446
7994 12445
7995 12444
7996 12443
7997 12442
7998 12441
7999 12440
8000 12439
8001 12438
8002 12437
8003 12436
8004 12435
8005 12434
8006 12433
8007 12432
8008 12126
8009 12125
8010 12124
8011 12123
8012 12122
8013 12121
8014 12120
8015 12119
8016 12118
8017 12117
8018 12116
8019 12115
8020 12114
8021 12113
8022 12112
