4
6.16830170573133, 1.9836876692863996, 22.759373466298282
1.3480507163521003, 16.113891387721512, 20.612897949088712
-11.672366376054873, 25.520066088871545, 18.36567778131175
-27.581573476035036, 25.40702704568965, 16.18769718951534
-40.35793198704022, 15.918374580415191, 14.168037801116599
-45.14389044470574, 0.7535547617947458, 12.06695146353494
-40.11167614466014, -14.312099631835368, 9.893404631476592
-27.165631912255694, -23.536388640282603, 7.83691017759085
-11.284712959048818, -23.472306885480357, 5.4792995281633115
1.5338283788887508, -14.05023020758744, 3.2142705460621617
6.405293773277189, 1.1128403049312905, 0.912262565997568
1.4666173710833241, 16.251071473373177, -1.6007988939946856
-11.437577797354175, 25.629089866757468, -4.099399265904072
-27.428853372358944, 25.628304436825413, -6.500501443819748
-40.34312208862399, 16.244909825688303, -8.947371913398715
-45.31247282971347, 1.0710328678664474, -11.279301386401839
-40.41876748880205, -14.155755935866528, -13.42905844277147
-27.547861534899116, -23.577042416093004, -15.71299936546212
-11.573354333767497, -23.65709230548948, -17.876223010191612
1.4890526938597544, -14.175032041986864, -20.106151242023753
6.299482047872241, 0.006148553683903657, -22.25096506925158
5
3.985203510764323, 1.762843596115563, 23.95741777536081
-0.5810814203274841, 15.069530113722298, 21.811963722347542
-12.517457725166397, 23.52969192616516, 19.620361527953794
-27.111348567052932, 23.310139862179767, 17.46517622049971
-38.713882628121226, 14.481873151582842, 15.386054775711225
-42.95816205004741, 0.5627889310118244, 13.265366993553654
-38.2374528293834, -13.189632190182875, 11.10886907229878
-26.307982821976193, -21.505165985222277, 9.015287266434832
-11.749506139012015, -21.379693304313818, 6.76574256995609
-0.035212237417167724, -12.644852383189406, 4.560756608029603
4.361715177114347, 1.3391054287465283, 2.334440689528507
-0.22872510538621516, 15.332205350253664, -0.009730405443218348
-12.250623276162061, 24.02530177242715, -2.3624994996900357
-27.19046498675187, 23.948301782246403, -4.664537920703038
-39.27868876349953, 15.08954065654758, -7.002608745461924
-43.863071194817984, 0.750613585863058, -9.267693476176111
-39.06131868702506, -13.56536089186094, -11.41442040020207
-26.806706154871414, -22.369463516983252, -13.65328047564223
-11.681763008550893, -22.256099280192863, -15.808502985066855
0.5800258704204477, -13.159652992941709, -18.010280153185512
5.066370258993033, 0.5743130329150274, -20.151768927709025
6
1.9160187556910169, 1.1696221902743673, 22.68597654076756
-2.2526071211687957, 13.70960838950991, 20.544440651377172
-13.000524692426026, 21.39885042007939, 18.405387955778366
-26.251046815922457, 21.287295984490832, 16.274385078654
-36.853650375760544, 13.374963235394322, 14.135340417945777
-40.81437291338437, 0.7661076626661236, 11.995394698232221
-36.611899747682735, -11.762565425376895, 9.855450695474966
-25.84363767064919, -19.414505389686536, 7.725511373221892
-12.607722709008824, -19.350577758509896, 5.584152784641508
-1.9431608336216128, -11.479491865146779, 3.441977354901933
2.0927932112790795, 1.1741657918961697, 1.2977208483245832
-2.0524053930220867, 13.842420744426862, -0.8492136016596851
-12.897755596641566, 21.699897120794713, -3.013431881706053
-26.356407815775725, 21.64768439944746, -5.175916736754914
-37.24356734621177, 13.679114574666956, -7.347542194764193
-41.37430522408271, 0.7871771054069213, -9.501588862938343
-37.06994465027976, -12.071295130290178, -11.642886909517317
-26.054781267717175, -19.989850648267694, -13.801778149433414
-12.464329964611917, -19.88562676484655, -15.94433012988373
-1.5087798074494756, -11.788302930829614, -18.089588710375267
2.6086729945865534, 1.025713427126127, -20.228981884102126
7
-0.26707943927599403, 0.9487781171035305, 23.884020849830087
-4.181739257848384, 12.665247115510693, 21.743506424636003
-13.845616041537552, 19.408476257373003, 19.660071702420407
-25.780821906940353, 19.190408800980947, 17.551864109638373
-35.209601016841546, 11.938461806561971, 15.353357392540403
-38.628644518726034, 0.575341831883202, 13.193810228250936
-34.73767643240599, -10.6400979837244, 11.070915136297154
-24.98598858036969, -17.383282734626206, 8.903888462065876
-13.072515888972022, -17.25796417734335, 6.870595826434286
-3.512201449927535, -10.074114040748741, 4.788463416869375
0.04921461511623346, 1.4004309157114079, 2.7198989718555238
-3.7477478694916284, 12.92355462130735, 0.7418548868917838
-13.710801075449453, 20.09610902646439, -1.276532115492015
-26.11801943016865, 19.967681744868443, -3.3399532136382026
-36.1791340210873, 12.52374540552623, -5.4027790268274
-39.92490358918722, 0.46675782340353145, -7.489980952712613
-35.71249584850276, -11.480900086284587, -9.628248866947917
-25.313625887689472, -18.782271749157946, -11.742059259613521
-12.572738639395313, -18.484633739549928, -13.876610104758969
-2.417806630888785, -10.772923881784454, -15.993717621537023
1.3755612057073425, 1.5938779063572517, -18.12978574255957
8
-2.3362641943493014, 0.3555567112623347, 22.612579615236836
-5.853264958689697, 11.305325391298306, 20.475983353665633
-14.328683008797181, 17.27763475128723, 18.445098130244983
-24.92052015580988, 17.16756492329201, 16.36107296779266
-33.349368764480865, 10.83155189037345, 14.102643034774957
-36.48485538206298, 0.7786605635375009, 11.923837932929503
-33.11212335070532, -9.21303121891842, 9.81749675947334
-24.521643429042687, -15.292622139090463, 7.614112568852934
-13.93073245896883, -15.22884863153943, 5.689006041119706
-5.420150046131981, -8.908753522706114, 3.6696841637417066
-2.2197073507190357, 1.2354912788610495, 1.6831791306516006
-5.571428157127501, 11.433770015480546, -0.09762830932468147
-14.357933395928958, 17.770704374831954, -1.9274644975080313
-25.283962259192506, 17.667064362069503, -3.851332029690077
-34.14401260379955, 11.113319323645605, -5.747712476129669
-37.43613761845194, 0.503321342947395, -7.723876339474845
-33.72112181175746, -9.986834324713822, -9.85671537626316
-24.561701000535233, -16.402658880442388, -11.890556933404701
-13.355305595456336, -16.114161224203617, -14.01243724957584
-4.50661230875871, -9.40157381967236, -16.073026178726778
-1.0821360586991386, 2.045278300568352, -18.206998698952667
3
6.28221514562503, 1.61131033661604, 20.2898879226425
1.6056571521903724, 15.798330937508338, 18.146309104859505
-11.31034199420298, 25.379598745492167, 15.89602046249428
-27.19149663388667, 25.48107035151059, 13.719427016685252
-40.14174909359854, 16.24796609305902, 11.699306468756525
-45.18582970270102, 1.1476393242319667, 9.598563638194788
-40.3603463782362, -14.007500308681877, 7.424521813830589
-27.558935851208197, -23.476950699807187, 5.368757195533924
-11.67813634908243, -23.53580492084297, 3.01126670105595
1.194920398990224, -14.29024751394285, 0.7490052309670494
6.179950403604762, 0.7216355442656937, -1.5466353987372963
1.3382795599169903, 15.68015299066588, -4.031350578762619
-11.271664639025794, 24.90747330945536, -6.487231414134127
-26.833184586989873, 25.007689708605483, -8.847843782988335
-39.37243399646071, 15.9898529129484, -11.237068530637776
-44.273108493873686, 1.4280156694137007, -13.524804683389798
-39.78484225383373, -13.252085218301353, -15.672162994656114
-27.53709202777258, -22.40500844648719, -17.921215929073195
-12.24751261504513, -22.68761281543979, -20.079770180133245
0.309273839429137, -13.819061028919924, -22.281330888051748
5.074896572344967, -0.1106155313361199, -24.427374167187235
2
4.213030390551723, 1.018088930774844, 19.018446688049245
-0.06586854865093854, 14.438409213295948, 16.87878603388913
-11.793408961462612, 23.248757239406398, 14.68104689031885
-26.331194882756193, 23.458226473821654, 12.528635874839537
-38.28151684123786, 15.141056176870501, 10.448592110991077
-43.042040566037976, 1.350958055886266, 8.328591342873354
-38.73479329653553, -12.580433543875897, 6.171103437006774
-27.094590699881195, -21.386290104271446, 4.078981302320981
-12.53635291907924, -21.50668937503905, 1.8296769157413677
-0.7130281972142216, -13.124886995900223, -0.36977402216062094
3.9110284377694935, 0.556695907415335, -2.58335523994122
-0.4854007277188818, 14.190368384839076, -4.870833774979086
-11.918796959505299, 22.58206865782292, -7.1381637961501445
-25.999127416013728, 22.707072325806543, -9.35922259904021
-37.33731257917296, 14.579426831067776, -11.582001979940047
-41.784342523138406, 1.4645791889575641, -13.75870007015203
-37.79346821708843, -11.758019456730588, -15.90062950397136
-26.78516714061834, -20.025395577771633, -18.06971360286438
-13.030079571106155, -20.317140300093477, -20.21559732495012
-1.7795318384407863, -12.447710966807831, -22.360639445241507
2.6171993079384865, 0.34078486287498, -24.504587123580336
1
2.029932195584717, 0.7972448576040078, 20.216490997111777
-1.9950006853305227, 13.394047939296735, 18.077851807147965
-12.638500310574134, 21.258383076700014, 15.935730636960894
-25.860969973774086, 21.361339290311776, 13.806114905823911
-36.63746748231886, 13.70455474803815, 11.666609085585703
-40.85631217137965, 1.1601922251033443, 9.52700687289207
-36.86056998125879, -11.457966102223406, 7.386567877828961
-26.236941609601693, -19.355067449211123, 5.257358391164965
-13.001146099042437, -19.41407579387251, 3.1161199575341465
-2.28206881352014, -11.719509171502189, 0.9767120398068211
1.8674498416066525, 0.7829610312305729, -1.1611771164102804
-2.1807432041884196, 13.271502261719569, -3.2797652864276188
-12.731842438313183, 20.978280563492604, -5.401264029936108
-25.760739030406654, 21.02706967122753, -7.523259075923499
-36.27287925404849, 13.424057661927053, -9.637238812003254
-40.33494088824292, 1.1441599069541744, -11.747092159926304
-36.43601941531144, -11.167624412724999, -13.88599146140196
-26.04401176059064, -18.817816678661885, -16.009994713044485
-13.13848824588955, -18.916147274796856, -18.147877299825364
-2.688558661880093, -11.432331917762674, -20.264768356403263
1.3840875190592794, 0.9089493421061035, -22.40539098203778
0
-0.039252559488595476, 0.20402345176281106, 18.945049762518522
-3.6665263861718387, 12.034126215084344, 16.810328736177592
-13.121567277833767, 19.127541570614238, 14.720757064785467
-25.000668222643615, 19.33849541262283, 12.615323763978198
-34.77723522995818, 12.597644831849628, 10.415894727820255
-38.7125230347166, 1.3635109567576436, 8.257034577570636
-35.23501689955812, -10.030899337417422, 6.133149501005146
-25.772596458274695, -17.26440685367537, 3.9675824979520233
-13.859362669039246, -17.384960248068584, 1.9345301722195645
-4.1900174097245895, -10.554148653459558, -0.14206721332084893
-0.40147212422862166, 0.6180213943802144, -2.1978969576142036
-4.004423491824297, 11.781717655892761, -4.119248482644084
-13.378974758792692, 18.65287591186016, -6.052196411952123
-24.926681859430513, 18.726452288428586, -8.034637891975374
-34.237757836760736, 12.013631580046425, -9.982172261305521
-37.84617491750764, 1.1807234264980375, -11.98098754668853
-34.444645378566136, -9.673558651154233, -14.114457970717204
-25.292086873436396, -16.438203809946323, -16.158492386835665
-13.921055201950574, -16.54567475945054, -18.283704444642233
-4.7773643397500205, -10.060981855650578, -20.344076913593018
-1.073609745347206, 1.3603497363172048, -22.482603938430877
9
-2.2223507544556016, -0.01682062140802526, 20.143094071581054
-5.595658522851423, 10.989764941085133, 18.009394509436422
-13.96665862694529, 17.137167407907853, 15.975440811427507
-24.530443313661507, 17.241608229112952, 13.89280279496257
-33.13318587103918, 11.161143403017281, 11.633911702414881
-36.52679464005826, 1.172745125974722, 9.455450107589353
-33.36079358428139, -8.90843189576493, 7.348613941827335
-24.91494736799519, -15.233184198615048, 5.145959586796007
-14.324155849002445, -15.292346666902041, 3.2209732140123424
-5.759058026030509, -9.148770829061522, 1.2044188486465925
-2.445050720391463, 0.8442865181954522, -0.7757188340832648
-5.6997659682938355, 10.86285153277325, -2.528179994092617
-14.192020237600579, 17.049087817529838, -4.315296645738087
-24.688293473823435, 17.046449633849573, -6.198674368858663
-33.17332451163627, 10.858262410905702, -8.037409093368732
-36.396773282612145, 0.860304144494648, -9.969379636462804
-33.08719657678915, -9.083163607148645, -12.099819928147806
-24.550931493408694, -15.230624910836575, -14.098773497015777
-14.029463876733967, -15.144681734153922, -16.215984419517476
-5.686391163189327, -9.04560280660542, -18.248205824754773
-2.3067215342264134, 1.9285142155483284, -20.38340779688832
