0 3879
1 3878
2 3877
3 3876
4 3875
5 3874
6 3873
7 3872
8 3871
9 3871
10 3869
11 3868
12 3867
13 3866
14 3865
15 3864
16 4640
17 4639
18 4638
19 4636
20 4636
21 4635
22 4634
23 4633
24 4632
25 4631
26 4629
27 4629
28 4628
29 4627
30 4626
31 4625
32 4623
33 4623
34 4622
35 4621
36 4620
37 4619
38 4617
39 4617
40 4616
41 4615
42 4614
43 4613
44 2220
45 2219
46 2218
47 2217
48 2216
49 2215
50 2214
51 2213
52 2212
53 2211
54 2210
55 2209
56 2208
57 2207
58 2206
59 2205
60 2204
61 2203
62 2202
63 2201
64 2200
65 2199
66 2198
67 2197
68 2196
69 2195
70 4734
71 4733
72 4732
73 4731
74 4731
75 4729
76 4728
77 4727
78 4726
79 4725
80 4724
81 4723
82 4722
83 4721
84 4721
85 4719
86 4718
87 4717
88 4716
89 4715
90 4714
91 4713
92 4712
93 4711
94 4711
95 4709
96 4708
97 4707
98 4706
99 5553
100 5552
101 5551
102 5550
103 5549
104 5548
105 5546
106 5546
107 5545
108 5544
109 5543
110 5542
111 5541
112 5540
113 5539
114 5537
115 5537
116 5536
117 5535
118 5534
119 5533
120 5532
121 5531
122 5530
123 5528
124 5528
125 6439
126 6438
127 6437
128 6436
129 6435
130 6434
131 6432
132 6432
133 6431
134 6430
135 6429
136 6428
137 6427
138 6426
139 6424
140 6424
141 6423
142 6422
143 6421
144 6420
145 6419
146 6418
147 6416
148 6416
149 6415
150 6414
151 6413
152 6412
153 6411
154 6410
155 6408
156 6408
157 6407
158 6406
159 6405
160 6404
161 6403
162 6402
163 6400
164 6400
165 6399
166 6398
167 6397
168 6396
169 6394
170 6394
171 6393
172 6392
173 6391
174 6390
175 6389
177 12763
178 12762
179 12761
180 12760
181 12759
182 12758
183 12757
184 12756
185 12755
186 12754
187 12753
188 12752
189 12751
190 12750
191 12749
192 11039
193 11038
194 11387
195 11386
196 11385
197 11384
198 11383
199 11382
200 11381
201 11380
202 11379
203 11378
204 11377
205 11376
206 11375
207 11374
208 11373
209 11372
210 11371
211 9139
212 9138
213 9137
214 9136
215 9135
216 9134
217 9133
218 9132
219 9131
220 11441
221 11440
222 11439
223 11438
224 11437
225 11436
226 11435
227 11434
228 11433
229 11432
230 11431
231 11430
232 10339
233 10338
234 10337
235 10336
236 10335
237 10334
238 10333
239 10332
240 10331
241 10330
242 10329
243 10328
244 10327
245 10326
246 10325
247 10324
248 10323
249 10322
250 10321
251 10320
252 10319
253 10318
254 12789
255 12788
256 12787
257 12786
258 12785
259 12784
260 12783
261 12782
262 12781
263 12780
264 11451
265 11450
266 11449
267 11448
268 11447
269 11446
270 11445
271 11444
272 11443
273 11442
274 11491
275 11490
276 11489
277 11488
278 11487
279 11486
280 11485
281 11484
282 11483
283 11482
284 11481
285 11480
286 11479
287 11478
288 13064
289 13063
290 13062
291 13061
292 13060
293 13059
294 13058
295 11534
296 11533
297 11532
298 11531
299 11530
300 11529
301 11528
302 11527
303 11526
304 11525
305 11524
306 11523
307 11522
308 11521
309 11520
310 11519
311 11518
312 11517
313 11516
314 11515
315 11514
316 11513
317 10750
318 10749
319 10748
320 10747
321 10746
322 10745
323 10744
324 10743
325 10742
326 10741
327 10740
328 10739
329 10738
330 10737
331 10736
332 10735
333 10734
334 10733
335 10732
336 10731
337 10730
338 10729
339 10728
340 12828
341 12827
342 12826
343 12825
344 12824
345 12823
346 12822
347 12821
348 12820
349 12819
350 12818
351 12584
352 12583
353 12582
354 12581
355 12580
356 12579
357 12578
358 12577
359 12576
360 11707
361 11706
362 11705
363 11704
364 11703
365 11702
366 11701
367 11700
368 11699
369 9551
370 9550
371 9549
372 9548
373 9547
374 9546
375 9545
376 9544
377 9543
378 9542
379 9541
380 9540
381 9539
382 9538
383 9537
384 9536
385 9535
386 9534
387 9533
388 9532
389 12879
390 12878
391 12877
392 12876
393 12875
394 12874
395 12873
396 12872
397 12871
398 12870
399 12869
400 12868
401 12867
402 12900
403 12899
404 12898
405 12897
406 12896
407 12895
408 12894
409 12893
410 12892
411 12891
412 13238
413 13237
414 11758
415 11757
416 11756
417 11755
418 11754
419 11753
420 11752
421 11751
422 11750
423 11749
424 11748
425 11747
426 11746
427 11745
428 11744
429 11743
430 11742
431 11741
432 11740
433 11813
434 11812
435 11811
436 11810
437 11809
438 11808
439 11807
440 11806
441 11805
442 11804
443 11803
444 11802
445 12921
446 12920
447 12919
448 12918
449 12917
450 12916
451 12915
452 12914
453 12913
454 12912
455 12942
456 12941
457 12940
458 12939
459 12938
460 12937
461 12936
462 12935
463 12934
464 12933
465 11888
466 11887
467 11886
468 11885
469 11884
470 11883
471 11882
472 11881
473 11880
474 11879
475 11920
476 11919
477 11918
478 11917
479 11916
480 11915
481 11914
482 11913
483 11912
484 11911
485 12966
486 12965
487 12964
488 12963
489 12962
490 12961
491 12960
492 12959
493 12958
496 11978
497 11977
498 11976
499 11975
500 11974
501 11973
502 11972
503 11971
504 11930
505 11929
506 11928
507 11927
508 11926
509 11925
510 11924
511 11923
512 11922
513 11921
514 11878
515 11877
516 11876
517 11875
518 11874
519 11873
520 11872
521 11871
522 11870
523 11869
524 11868
525 10468
526 10467
527 10466
528 10465
529 10464
530 10463
531 10462
532 10461
533 10460
534 10459
535 10458
536 10457
537 10456
538 10455
539 10454
540 10453
541 10452
542 10451
543 10450
544 12201
545 12200
546 12199
547 12198
548 12197
549 12196
550 11818
551 11817
552 11816
553 11815
554 11814
555 11739
556 11738
557 11737
558 11736
559 11735
560 11734
561 11733
562 11732
563 11731
564 11730
565 11729
566 11728
567 11727
568 11726
569 11725
570 11724
571 11723
572 11722
573 11721
574 11720
575 11719
576 11718
577 11717
578 12843
579 12842
580 12841
581 12840
582 12839
583 12838
584 12837
585 12836
586 12835
587 12834
588 12833
589 12832
590 12831
591 12830
592 12829
593 10449
594 10448
595 10447
596 10446
597 10445
598 10444
599 10443
600 10442
601 10441
602 10440
603 10439
604 10438
605 10437
606 10436
607 10435
608 10434
609 10433
610 9559
611 9558
612 9557
613 9556
614 9555
615 9554
616 9553
617 9552
618 11698
619 11697
620 11696
621 11695
622 11694
623 11693
624 11692
625 11691
626 11690
627 11689
628 11688
629 11687
630 11645
631 11644
632 11643
633 11642
634 11641
635 11640
636 11639
637 11638
638 11637
639 11636
640 11635
641 11634
642 11633
643 11632
644 11631
645 11630
646 11629
647 11628
648 11627
649 11626
650 11625
651 11624
652 11623
653 10803
654 10802
655 10801
656 10800
657 10799
658 10798
659 10797
660 10796
661 10795
662 10758
663 10757
664 10756
665 10755
666 10754
667 10753
668 10752
669 10751
670 11597
671 11596
672 11595
673 11594
674 11593
675 11592
676 11591
677 11590
678 11589
679 11588
680 11587
681 11586
682 11585
683 11542
684 11541
685 11540
686 11539
687 11538
688 11537
689 11536
690 11535
691 11512
692 11511
693 11510
694 11509
695 11508
696 11507
697 11506
698 11505
699 11504
700 11503
701 11502
702 11501
703 11500
704 11499
705 11498
706 11497
707 11496
708 11495
709 11494
710 11493
711 11492
712 11461
713 11460
714 11459
715 11458
716 11457
717 11456
718 11455
719 11454
720 11453
721 11452
722 12779
723 12778
724 12777
725 12776
726 12775
727 12774
728 12773
729 12772
730 12771
731 12770
732 12769
733 12768
734 12767
735 12766
736 12765
737 12764
738 10355
739 10354
740 10353
741 10352
742 10351
743 10350
744 10349
745 10348
746 10347
747 10346
748 10345
749 10344
750 10343
751 10342
752 10341
753 10340
754 11429
755 11428
756 11427
757 11426
758 11425
759 11424
760 9154
761 9153
762 9152
763 9151
764 9150
765 9149
766 9148
767 9147
768 9146
769 9145
770 9144
771 9143
772 9142
773 9141
774 9140
775 11370
776 11369
777 11368
778 11367
779 11366
780 11365
781 11364
782 11363
783 11362
784 11361
785 11360
786 11359
787 11358
788 12725
789 12724
790 12723
791 12722
792 12721
793 12720
794 12719
795 12718
796 12717
797 12716
798 12715
799 12714
800 12713
801 12712
802 12711
803 12710
804 12709
805 11343
806 11342
807 11341
808 11340
811 10570
812 10569
813 10568
814 10567
815 10566
816 10565
817 10564
818 10563
819 12740
820 12739
821 12738
822 12737
823 12736
824 12735
825 12734
826 12733
827 12732
828 12731
829 12730
830 12729
831 12728
832 12727
833 12726
834 11357
835 11356
836 11355
837 11354
838 11353
839 11352
840 11351
841 11350
842 11349
843 11348
844 11347
845 12027
846 12026
847 12025
848 12024
849 12023
850 12022
851 12021
852 12020
853 12019
854 12018
855 12017
856 12016
857 12015
858 12014
859 12013
860 12012
861 12011
862 12010
863 12009
864 12008
865 12007
866 12006
867 12005
868 12004
869 12356
870 12355
871 12354
872 12353
873 12352
874 12351
875 12350
876 12349
877 12348
878 12347
879 12346
880 12345
881 12344
882 12343
883 12342
884 12341
885 12340
886 12339
887 10668
888 10667
889 10666
890 10665
891 10664
892 10663
893 10662
894 10661
895 10660
896 10659
897 10658
898 10657
899 10656
900 10655
901 10654
902 10653
903 10652
904 10651
905 10650
906 10649
907 10648
908 10647
909 10646
910 10645
911 10644
912 10643
913 10642
914 10641
915 10640
916 10639
917 10638
918 10637
919 10636
920 10635
921 10634
922 10633
923 10632
924 10631
925 10630
926 10629
927 10628
928 10627
929 10626
930 10625
931 10624
932 10623
933 10622
934 11469
935 11468
936 11467
937 11466
938 11465
939 11464
940 11463
941 11462
942 11117
943 11116
944 11115
945 11114
946 11113
947 11112
948 11111
949 11110
950 11550
951 11549
952 11548
953 11547
954 11546
955 11545
956 11544
957 11543
958 11584
959 11583
960 11582
961 11581
962 11580
963 11579
964 11578
965 11577
966 11576
967 11575
968 11574
969 11573
970 11572
971 10770
972 10769
973 10768
974 10767
975 10766
976 10765
977 10764
978 10763
979 10762
980 10761
981 10760
982 10759
983 10794
984 10793
985 986
987 10790
988 10789
989 10788
990 10787
991 10786
992 10785
993 10784
994 10783
995 13185
996 13184
997 13183
998 13182
999 13181
1000 13180
1001 13179
1002 13178
1003 13177
1004 13176
1005 13175
1006 13174
1007 13173
1008 13172
1009 13171
1010 13170
1011 13169
1012 13168
1013 13167
1014 11653
1015 11652
1016 11651
1017 11650
1018 11649
1019 11648
1020 11647
1021 11646
1022 11686
1023 11685
1024 11684
1025 11683
1026 11682
1027 11681
1028 11680
1029 11679
1030 11678
1031 11677
1032 1033
1034 11674
1035 12084
1036 12083
1037 12082
1038 12081
1039 12080
1040 12079
1041 12078
1042 12077
1043 12076
1044 12075
1045 12074
1046 12073
1047 12072
1048 12071
1049 12070
1050 12069
1051 12068
1052 12067
1053 12066
1054 12065
1055 12064
1056 12063
1057 12062
1058 12135
1059 12134
1060 12133
1061 12132
1062 12131
1063 12130
1064 12129
1065 12128
1066 12127
1067 12126
1068 12125
1069 12859
1070 12858
1071 12857
1072 12856
1073 12855
1074 12854
1075 12853
1076 12852
1077 12851
1078 12850
1079 12849
1080 12848
1081 12847
1082 12846
1083 12845
1084 12844
1085 11716
1086 11715
1087 11714
1088 11713
1089 11712
1090 11711
1091 11710
1092 11709
1093 11708
1094 12195
1095 12194
1096 12193
1097 12192
1098 12191
1099 12190
1100 12189
1101 12188
1102 12187
1103 12186
1104 12185
1105 12184
1106 12183
1107 12182
1108 12181
1109 12180
1110 12217
1111 12216
1112 12215
1113 12214
1114 12213
1115 12212
1116 12211
1117 12210
1118 12209
1119 12208
1120 12207
1121 12206
1122 12205
1123 12204
1124 12203
1125 12202
1126 11037
1127 11036
1128 11035
1129 11034
1130 11033
1131 11032
1132 11031
1133 11030
1134 11029
1135 11028
1136 11027
1137 11026
1138 11025
1139 11024
1140 10475
1141 10474
1142 10473
1143 10472
1144 10471
1145 10470
1146 10469
1147 11867
1148 11866
1149 11865
1150 11864
1151 11863
1152 11862
1153 11861
1154 11860
1155 11859
1156 11858
1157 11857
1158 11856
1159 11855
1160 11854
1161 11853
1162 11852
1163 11938
1164 11937
1165 11936
1166 11935
1167 11934
1168 11933
1169 11932
1170 11931
1171 11970
1172 11969
1173 11968
1174 11967
1175 11966
1176 11965
1177 11964
1178 11963
1179 11962
1182 10523
1183 10522
1184 10521
1185 10520
1186 10519
1187 10518
1188 10517
1189 10516
1190 10515
1191 10514
1192 10562
1193 10561
1194 10560
1195 10559
1196 10558
1197 10557
1198 10556
1199 10555
1200 10554
1201 10553
1202 10552
1203 10551
1204 10550
1205 10549
1206 10491
1207 10490
1208 10489
1209 10488
1210 10487
1211 10486
1212 10485
1213 10484
1214 10483
1215 10482
1216 10481
1217 10480
1218 10479
1219 10478
1220 10477
1221 10476
1222 11023
1223 11022
1224 11021
1225 11020
1226 11019
1227 11018
1228 11017
1229 11016
1230 10261
1231 10260
1232 10259
1233 10258
1234 10257
1235 10256
1236 10255
1237 10254
1238 10253
1239 10977
1240 10976
1241 10975
1242 10974
1243 10973
1244 10972
1245 10971
1246 10970
1247 10969
1248 10968
1249 10967
1250 10966
1251 10965
1252 10964
1253 10963
1254 10962
1255 10961
1256 10960
1257 10959
1258 10958
1259 10957
1260 10956
1261 10955
1262 10954
1263 10953
1264 9951
1265 9950
1266 9949
1267 10919
1268 10918
1269 10917
1270 10916
1271 10915
1272 10914
1273 10913
1274 10912
1275 10911
1276 10910
1277 10909
1278 10908
1279 10907
1280 10906
1281 10905
1282 10859
1283 10858
1284 10857
1285 10856
1286 10855
1287 10854
1288 10853
1289 10852
1290 10851
1291 8383
1292 8382
1293 8381
1294 8380
1295 8379
1296 8378
1297 8377
1298 8376
1299 8375
1300 8374
1301 8373
1302 8372
1303 8371
1304 8370
1305 8369
1306 8368
1307 8367
1308 8366
1309 8365
1310 8364
1311 8363
1312 8362
1313 8361
1314 8360
1315 8359
1316 8358
1317 8988
1318 8987
1319 8986
1320 8985
1321 8984
1322 8983
1323 8982
1324 8981
1325 8980
1326 8979
1327 11673
1328 11672
1329 11671
1330 11670
1331 11669
1332 11668
1333 11667
1334 11666
1335 11665
1336 11664
1337 11663
1338 11662
1339 11661
1340 11660
1341 11659
1342 11658
1343 11657
1344 11656
1345 11655
1346 11654
1347 13166
1348 13165
1349 13164
1350 13163
1351 13162
1352 13161
1353 13160
1354 13159
1355 11612
1356 11611
1357 11610
1358 11609
1359 11608
1360 11607
1361 11606
1362 11605
1363 11604
1364 11603
1365 11602
1366 11601
1367 11600
1368 11599
1369 11598
1370 10819
1371 10818
1372 10817
1373 10816
1374 10815
1375 10814
1376 10813
1377 10782
1378 10781
1379 10780
1380 10779
1381 10778
1382 10777
1383 10776
1384 10775
1385 10774
1386 10773
1387 10772
1388 10771
1389 11571
1390 11570
1391 11569
1392 11568
1393 11567
1394 11566
1395 11565
1396 11564
1397 11563
1398 11562
1399 11561
1400 11560
1401 11559
1402 11558
1403 11557
1404 11556
1405 11555
1406 11554
1407 11553
1408 11552
1409 11551
1410 11109
1411 11108
1412 11107
1413 11106
1414 11105
1415 11104
1416 11103
1417 11102
1418 11101
1419 11100
1420 11099
1421 11098
1422 10714
1423 10713
1424 10712
1425 10711
1426 10710
1427 10709
1428 10708
1429 10707
1430 10706
1431 10705
1432 10704
1433 10703
1434 10702
1435 10701
1436 10700
1437 10699
1438 10698
1439 10697
1440 10696
1441 10695
1442 10694
1443 10693
1444 10692
1445 10691
1446 10690
1447 10689
1448 10688
1449 10687
1450 10686
1451 10685
1452 10684
1453 10683
1454 10682
1455 10681
1456 10395
1457 10394
1458 10393
1459 10392
1460 10391
1461 10390
1462 10389
1463 10388
1464 10387
1465 10676
1466 10675
1467 10674
1468 10673
1469 10672
1470 10671
1471 10670
1472 10669
1473 12338
1474 12337
1475 12336
1476 12335
1477 12334
1478 12333
1479 12332
1480 12331
1481 11413
1482 11412
1483 11411
1484 11410
1485 11409
1486 11408
1487 11407
1488 11406
1489 11405
1490 11404
1491 11403
1492 11402
1493 11401
1494 11400
1495 11399
1496 11398
1497 11397
1498 11396
1499 11395
1500 11394
1501 11393
1502 11392
1503 11391
1504 11390
1505 11389
1506 11388
1507 12255
1508 12254
1509 12253
1510 12252
1511 12251
1512 12250
1513 12249
1514 12248
1515 11346
1516 11345
1517 11344
1518 10621
1519 10620
1520 10619
1521 10618
1522 10617
1523 10616
1524 10615
1525 10614
1526 10613
1527 10612
1528 10611
1529 10610
1530 10609
1531 10608
1532 10607
1533 10606
1534 10605
1535 10604
1536 10603
1537 10602
1538 10601
1539 10600
1540 10599
1541 10598
1542 10597
1543 10596
1544 10595
1545 10594
1546 10593
1547 10592
1548 10591
1551 11335
1552 11334
1553 11333
1554 11332
1555 11331
1556 11330
1557 11329
1558 11328
1559 11327
1560 11326
1561 11325
1562 11324
1563 11323
1564 11322
1565 11321
1566 11320
1567 11319
1568 11318
1569 11317
1570 11316
1571 11315
1572 11314
1573 11313
1574 11312
1575 9104
1576 9103
1577 9102
1578 9101
1579 9100
1580 9099
1581 9098
1582 9097
1583 9096
1584 9095
1585 9169
1586 9168
1587 9167
1588 9166
1589 9165
1590 9164
1591 9163
1592 9162
1593 9161
1594 9160
1595 9159
1596 9158
1597 9157
1598 9156
1599 9155
1600 11423
1601 11422
1602 11421
1603 11420
1604 11419
1605 11418
1606 11417
1607 11416
1608 11415
1609 11414
1610 12330
1611 12329
1612 12328
1613 12327
1614 12326
1615 12325
1616 12324
1617 12323
1618 12322
1619 12321
1620 10357
1621 10356
1622 10403
1623 10402
1624 10401
1625 10400
1626 10399
1627 10398
1628 10397
1629 10396
1630 9338
1631 9337
1632 9336
1633 9335
1634 9334
1635 9333
1636 9332
1637 9331
1638 9330
1639 9329
1640 9328
1641 9327
1642 9326
1643 9325
1644 9324
1645 9323
1646 9322
1647 9321
1648 9355
1649 9354
1650 9353
1651 9352
1652 9351
1653 9350
1654 9349
1655 9348
1656 9347
1657 9346
1658 9413
1659 9412
1660 9411
1661 9410
1662 9409
1663 9408
1664 9407
1665 9406
1666 9405
1667 9404
1668 9403
1669 9402
1670 9401
1671 9400
1672 9399
1673 9398
1674 9397
1675 9396
1676 9395
1677 9394
1678 9393
1679 9392
1680 9432
1681 9431
1682 9430
1683 9429
1684 9428
1685 9427
1686 9426
1687 9425
1688 9424
1689 9423
1690 9422
1691 9421
1692 9420
1693 9419
1694 9418
1695 10812
1696 10811
1697 10810
1698 10809
1699 10808
1700 10807
1701 10806
1702 10805
1703 10804
1704 11622
1705 11621
1706 11620
1707 11619
1708 11618
1709 11617
1710 11616
1711 11615
1712 11614
1713 11613
1714 13158
1715 13157
1716 9531
1717 9530
1718 9529
1719 9528
1720 9527
1721 9526
1722 9525
1723 9524
1724 9523
1725 9522
1726 9521
1727 9520
1728 9519
1729 9518
1730 9517
1731 9516
1732 9515
1733 9572
1734 9571
1735 9570
1736 9569
1737 9568
1738 9567
1739 9566
1740 9565
1741 9564
1742 9563
1743 9562
1744 9561
1745 9560
1746 10432
1747 10431
1748 10430
1749 10429
1750 10428
1751 10427
1752 10426
1753 10425
1754 8395
1755 8394
1756 8393
1757 8392
1758 8391
1759 8390
1760 8389
1761 8388
1762 8387
1763 8386
1764 8385
1765 8384
1766 10850
1767 10849
1768 10848
1769 10847
1770 10846
1771 10845
1772 10844
1773 10843
1774 10842
1775 9616
1776 9615
1777 9614
1778 9613
1779 9612
1780 9611
1781 9610
1782 9609
1783 9608
1784 9607
1785 9606
1786 9605
1787 9604
1788 9603
1789 9602
1790 9601
1791 9600
1792 9599
1793 9598
1794 9597
1795 9596
1796 9595
1797 9594
1798 9593
1799 9592
1800 9591
1801 9590
1802 9589
1803 9588
1804 9587
1805 9586
1806 9585
1807 9584
1808 9583
1809 10252
1810 10251
1811 9653
1812 9652
1813 9651
1814 9650
1815 9649
1816 9648
1817 9647
1818 9646
1819 9645
1820 9644
1821 9643
1822 9642
1823 9641
1824 9640
1825 7380
1826 7379
1827 10502
1828 10501
1829 10500
1830 10499
1831 10498
1832 10497
1833 10496
1834 10495
1835 10494
1836 10493
1837 10492
1838 10548
1839 10547
1840 10546
1841 10545
1842 10544
1843 10543
1844 10542
1845 10541
1846 10540
1847 10539
1848 10538
1849 10537
1850 10536
1851 10535
1852 10534
1853 10533
1854 10532
1855 10531
1856 10530
1857 10529
1858 10528
1861 9710
1862 9709
1863 9708
1864 9707
1865 9729
1866 9728
1867 9727
1868 9726
1869 9725
1870 9690
1871 9689
1872 9688
1873 9687
1874 9686
1875 9685
1876 9684
1877 9683
1878 9682
1879 9681
1880 9680
1881 9679
1882 7394
1883 7393
1884 7392
1885 7391
1886 7390
1887 7389
1888 7388
1889 7387
1890 7386
1891 7385
1892 7384
1893 7383
1894 7382
1895 7381
1896 9639
1897 9638
1898 9637
1899 9636
1900 9635
1901 8470
1902 8469
1903 8468
1904 8467
1905 8466
1906 8465
1907 8464
1908 8463
1909 8462
1910 8461
1911 8460
1912 8459
1913 8458
1914 8457
1915 8456
1916 8455
1917 8454
1918 8453
1919 8452
1920 8451
1921 8450
1922 8449
1923 8448
1924 8447
1925 9634
1926 9633
1927 9632
1928 9631
1929 9630
1930 9629
1931 9628
1932 9627
1933 9626
1934 9625
1935 9624
1936 9623
1937 9622
1938 9621
1939 9620
1940 9619
1941 9618
1942 9617
1943 10841
1944 10840
1945 10839
1946 10838
1947 10837
1948 10836
1949 10835
1950 10834
1951 10833
1952 10832
1953 10831
1954 10830
1955 10829
1956 10828
1957 8402
1958 8401
1959 8400
1960 8399
1961 8398
1962 8397
1963 8396
1964 10424
1965 10423
1966 10422
1967 10421
1968 10420
1969 10419
1970 10418
1971 10417
1972 10416
1973 10415
1974 9582
1975 9581
1976 9580
1977 9579
1978 9578
1979 9577
1980 9576
1981 9575
1982 9574
1983 9573
1984 9514
1985 9513
1986 9512
1987 9511
1988 9510
1989 9509
1990 9508
1991 9507
1992 9506
1993 9505
1994 9504
1995 9503
1996 9502
1997 9501
1998 9500
1999 9499
2000 9498
2001 9497
2002 9496
2003 9495
2004 9494
2005 9493
2006 9492
2007 9491
2008 9490
2009 9489
2010 9488
2011 9487
2012 9486
2013 9485
2014 9484
2015 9483
2016 9452
2017 9451
2018 9450
2019 9449
2020 9448
2021 9447
2022 9446
2023 9445
2024 9444
2025 9443
2026 9442
2027 9441
2028 9440
2029 9439
2030 9438
2031 9437
2032 9436
2033 9435
2034 9434
2035 9433
2036 9391
2037 9390
2038 9389
2039 9388
2040 9387
2041 9386
2042 9385
2043 9384
2044 9383
2045 9382
2046 9381
2047 9380
2048 9379
2049 9378
2050 9377
2051 8016
2052 8015
2053 9417
2054 9416
2055 9415
2056 9414
2057 9345
2058 9344
2059 9343
2060 9342
2061 9341
2062 9340
2063 9339
2064 9358
2065 9357
2066 9356
2067 9320
2068 9319
2069 9318
2070 9317
2071 9316
2072 9315
2073 9314
2074 6961
2075 6960
2076 6959
2077 9293
2078 9292
2079 9291
2080 9290
2081 9289
2082 9288
2083 9287
2084 9286
2085 9285
2086 9284
2087 9283
2088 9282
2089 9281
2090 9280
2091 9279
2092 9278
2093 9277
2094 9276
2095 9275
2096 9274
2097 9273
2098 9272
2099 9271
2100 9222
2101 9221
2102 9220
2103 9219
2104 9218
2105 9217
2106 9216
2107 9215
2108 9214
2109 9213
2110 9212
2111 9211
2112 9210
2113 9209
2114 9208
2115 9207
2116 7433
2117 7432
2118 7431
2119 7430
2120 7429
2121 7428
2122 7427
2123 7426
2124 7425
2125 9174
2126 9173
2127 9172
2128 9171
2129 9170
2130 9114
2131 9113
2132 9112
2133 9111
2134 9110
2135 9109
2136 9108
2137 9107
2138 9106
2139 9105
2140 11311
2141 11310
2142 11309
2143 11308
2144 11307
2145 11306
2146 11305
2147 11304
2148 11303
2149 11302
2150 11301
2151 11300
2152 11299
2153 11298
2154 11297
2155 11296
2156 9076
2157 9075
2158 9094
2159 9093
2160 9092
2161 9091
2162 9090
2163 9089
2166 10062
2167 10061
2168 10060
2169 10059
2170 10058
2171 10057
2172 10056
2173 10055
2174 10054
2175 10053
2176 10052
2177 10051
2178 10050
2179 8566
2180 8565
2181 8564
2182 8563
2183 8562
2184 8561
2185 8560
2186 8559
2187 8558
2188 8557
2189 8556
2190 8555
2191 10092
2192 10091
2193 10090
2194 10089
2221 8873
2222 8872
2223 8871
2224 8870
2225 8869
2226 8868
2227 8867
2228 9234
2229 9233
2230 9232
2231 9231
2232 9230
2233 9229
2234 9228
2235 9227
2236 9226
2237 9225
2238 9224
2239 9223
2240 9270
2241 9269
2242 9268
2243 9267
2244 9266
2245 9265
2246 9264
2247 9263
2248 9262
2249 9261
2250 9260
2251 9259
2252 9258
2253 9257
2254 9256
2255 8952
2256 8951
2257 8950
2258 8949
2259 8948
2260 8947
2261 8946
2262 8945
2263 8621
2264 8620
2265 8619
2266 8618
2267 8617
2268 8616
2269 8615
2270 8614
2271 8613
2272 8612
2273 8611
2274 8610
2275 8609
2276 8608
2277 8607
2278 10178
2279 10177
2280 10176
2281 10175
2282 10174
2283 10173
2284 10172
2285 10171
2286 10170
2287 10169
2288 10168
2289 10167
2290 10166
2291 10165
2292 10164
2293 10163
2294 10162
2295 10161
2296 10160
2297 9748
2298 9747
2299 9746
2300 9745
2301 9744
2302 9743
2303 9742
2304 9741
2305 8653
2306 8652
2307 8651
2308 8650
2309 8649
2310 8648
2311 8647
2312 8646
2313 8645
2314 8644
2315 8643
2316 8730
2317 8729
2318 8728
2319 8727
2320 8726
2321 8725
2322 8724
2323 8723
2324 8722
2325 8721
2326 9471
2327 9470
2328 9469
2329 9468
2330 9467
2331 9466
2332 9465
2333 9464
2334 9463
2335 9462
2336 9461
2337 9460
2338 9459
2339 9458
2340 9457
2341 9456
2342 9455
2343 9454
2344 9453
2345 9482
2346 9481
2347 9480
2348 9479
2349 9478
2350 9477
2351 9476
2352 9475
2353 9474
2354 9473
2355 9472
2356 9828
2357 9827
2358 9826
2359 9825
2360 10215
2361 10214
2362 10213
2363 10212
2364 10211
2365 10210
2366 10209
2367 10208
2368 10207
2369 8763
2370 8762
2371 8761
2372 8760
2373 8759
2374 8758
2375 8757
2376 8756
2377 8755
2378 8754
2379 8753
2380 8752
2381 8751
2382 8750
2383 8749
2384 8748
2385 8747
2386 8746
2387 8745
2388 8744
2389 8743
2390 8318
2391 8317
2392 8316
2393 8315
2394 8314
2395 8313
2396 8312
2397 10414
2398 10413
2399 10412
2400 10411
2401 10410
2402 10409
2403 10408
2404 10407
2405 10406
2406 10405
2407 10404
2408 9888
2409 9887
2410 9886
2411 9885
2412 9884
2413 8806
2414 8805
2415 8804
2416 8803
2417 8802
2418 8801
2419 8800
2420 8799
2421 9948
2422 9947
2423 9946
2424 9945
2425 9944
2426 9943
2427 9942
2428 9941
2429 9940
2430 9939
2431 9938
2432 9937
2433 9936
2434 9995
2435 9994
2436 9993
2437 9992
2438 9991
2439 9990
2440 9989
2441 9988
2442 9987
2443 9986
2444 9985
2445 9984
2446 9983
2447 9982
2448 9981
2449 9980
2450 9979
2451 9978
2452 9977
2453 9976
2454 9975
2455 9974
2456 9973
2457 12154
2458 12153
2459 12152
2460 12151
2461 12150
2462 12149
2463 12148
2464 12147
2465 12146
2466 12145
2467 12144
2468 12143
2469 12142
2470 12141
2471 12140
2472 12139
2473 12138
2474 12137
2475 12136
2476 10044
2477 10043
2478 10042
2479 10041
2480 10040
2481 10039
2482 10038
2483 10037
2484 10036
2485 10035
2486 10034
2487 10033
2488 10032
2489 10031
2490 10030
2491 10029
2492 10028
2493 10027
2494 10026
2495 8826
2496 8825
2497 8824
2498 8823
2499 8822
2500 8821
2501 8820
2502 8819
2503 8818
2504 8817
2505 8816
2506 8815
2507 9706
2508 9705
2509 9704
2510 9703
2511 9702
2512 9701
2513 9700
2514 9699
2515 9698
2516 9697
2517 9696
2518 9695
2519 9694
2520 9693
2521 9692
2522 9691
2523 9724
2524 9723
2525 9722
2526 9721
2527 9720
2528 9719
2529 9718
2530 9717
2531 9716
2532 9715
2535 9053
2536 9052
2537 9051
2538 9050
2539 9049
2540 9048
2541 9047
2542 9046
2543 9045
2544 9044
2545 9043
2546 9042
2547 9041
2548 9669
2549 9668
2550 9667
2551 9666
2552 9665
2553 9664
2554 9663
2555 9662
2556 9661
2557 9660
2558 9659
2559 9658
2560 9657
2561 9656
2562 9655
2563 9654
2564 8835
2565 8834
2566 8833
2567 8832
2568 8831
2569 8830
2570 8829
2571 8828
2572 8827
2573 10025
2574 10024
2575 10023
2576 10022
2577 10021
2578 10020
2579 10019
2580 10018
2581 10017
2582 10016
2583 10015
2584 10014
2585 10013
2586 10012
2587 10011
2588 10010
2589 10009
2590 10008
2591 10007
2592 10006
2593 10005
2594 10004
2595 10003
2596 10002
2597 10001
2598 10000
2599 9999
2600 9998
2601 8439
2602 8438
2603 8437
2604 8436
2605 8435
2606 8434
2607 8433
2608 8432
2609 8431
2610 8430
2611 8429
2612 8428
2613 8427
2614 8426
2615 8425
2616 8424
2617 8423
2618 8422
2619 8421
2620 8420
2621 8419
2622 8418
2623 8417
2624 8416
2625 8415
2626 8414
2627 8221
2628 8220
2629 8219
2630 8218
2631 8217
2632 8216
2633 8215
2634 8214
2635 8213
2636 8212
2637 8211
2638 8210
2639 8209
2640 8208
2641 8207
2642 8206
2643 8205
2644 8204
2645 8203
2646 8202
2647 8798
2648 8797
2649 8796
2650 8795
2651 8794
2652 8793
2653 8792
2654 8791
2655 8790
2656 8789
2657 8788
2658 8787
2659 8786
2660 8785
2661 8784
2662 8783
2663 8782
2664 8332
2665 8331
2666 8330
2667 8329
2668 8328
2669 8327
2670 8326
2671 8325
2672 8324
2673 8323
2674 8322
2675 8321
2676 8320
2677 8319
2678 8742
2679 8741
2680 8740
2681 8739
2682 8738
2683 8737
2684 8736
2685 8735
2686 8734
2687 8733
2688 8732
2689 8731
2690 8771
2691 8770
2692 8769
2693 8768
2694 8767
2695 8766
2696 8765
2697 8764
2698 10206
2699 10205
2700 10204
2701 10203
2702 10202
2703 10201
2704 10200
2705 10199
2706 10198
2707 10197
2708 7563
2709 7562
2710 7561
2711 7560
2712 7559
2713 7558
2714 7557
2715 7556
2716 7085
2717 7084
2718 7083
2719 7082
2720 7081
2721 7080
2722 7079
2723 7078
2724 7077
2725 7076
2726 7075
2727 7074
2728 7073
2729 7072
2730 7071
2731 7070
2732 7069
2733 7068
2734 7067
2735 7066
2736 7065
2737 7064
2738 7063
2739 7062
2740 8720
2741 8719
2742 8718
2743 8717
2744 8716
2745 8715
2746 8714
2747 8713
2748 8712
2749 8711
2750 8710
2751 8709
2752 8708
2753 8661
2754 8660
2755 8659
2756 8658
2757 8657
2758 8656
2759 8655
2760 8654
2761 9740
2762 9739
2763 9738
2764 9737
2765 9736
2766 9735
2767 9734
2768 9733
2769 9732
2770 9731
2771 9730
2772 8037
2773 8036
2774 8035
2775 8034
2776 8033
2777 8032
2778 8031
2779 8030
2780 9303
2781 9302
2782 9301
2783 9300
2784 9299
2785 9298
2786 9297
2787 9296
2788 9295
2789 9294
2790 8634
2791 8633
2792 8632
2793 8631
2794 8630
2795 8629
2796 8628
2797 8627
2798 8626
2799 8625
2800 8624
2801 8623
2802 8622
2803 8944
2804 8943
2805 8942
2806 8941
2807 8940
2808 8939
2809 8938
2810 8937
2811 8936
2812 8935
2813 8934
2814 8933
2815 8932
2816 8931
2817 8930
2818 8929
2819 8928
2820 8927
2821 8926
2822 8925
2823 8924
2824 8923
2825 8922
2826 8892
2827 8891
2828 8890
2829 8889
2830 8888
2831 8887
2832 8886
2833 8885
2834 8884
2835 8883
2836 8882
2837 8881
2838 8880
2839 8879
2840 8878
2841 8877
2842 8876
2843 8875
2844 8874
2845 7479
2846 7478
2847 7477
2848 7476
2849 7475
2850 7474
2851 7473
2852 7472
2853 7471
2854 7470
2855 7469
2856 7468
2857 7467
2858 7466
2859 7465
2860 7464
2861 6856
2862 6855
2863 6854
2864 6853
2865 6852
2866 6851
2867 6850
2868 6849
2869 8584
2870 8583
2871 8582
2872 8581
2873 8580
2874 8579
2875 8578
2876 8577
2877 8576
2878 8575
2879 8574
2880 8573
2881 8572
2882 8571
2883 8570
2884 8569
2885 8568
2886 8567
2887 8530
2888 8529
2889 8528
2890 8527
2891 8526
2892 8525
2893 8524
2894 8523
2895 8522
2896 8521
2897 8520
2898 8519
2899 8518
2902 9084
2903 9083
2904 9082
2905 9081
2906 9080
2907 9079
2908 9078
2909 9077
2910 11295
2911 11294
2912 11293
2913 11292
2914 11291
2915 11290
2916 11289
2917 11288
2918 11287
2919 11286
2920 11285
2921 11284
2922 6899
2923 6898
2924 6897
2925 6896
2926 6895
2927 6894
2928 6893
2929 6892
2930 6891
2931 6890
2932 6889
2933 6888
2934 6887
2935 6886
2936 7447
2937 7446
2938 7445
2939 7444
2940 7443
2941 7442
2942 7441
2943 7440
2944 7439
2945 7438
2946 7437
2947 7436
2948 7435
2949 7434
2950 9206
2951 9205
2952 9204
2953 9203
2954 9202
2955 9201
2956 9200
2957 6955
2958 6954
2959 6953
2960 6952
2961 6951
2962 6950
2963 6949
2964 6948
2965 6947
2966 6946
2967 6945
2968 6944
2969 6943
2970 6942
2971 6941
2972 6940
2973 6939
2974 6938
2975 6937
2976 6936
2977 6935
2978 6975
2979 6974
2980 6973
2981 6972
2982 6971
2983 6970
2984 6969
2985 6968
2986 6967
2987 6966
2988 6965
2989 6964
2990 6963
2991 6962
2992 9313
2993 9312
2994 9311
2995 9310
2996 9309
2997 9308
2998 9307
2999 9306
3000 9305
3001 9304
3002 8029
3003 8028
3004 8027
3005 8026
3006 8025
3007 8024
3008 8023
3009 8022
3010 8021
3011 8020
3012 8019
3013 8018
3014 8017
3015 9376
3016 9375
3017 9374
3018 9373
3019 9372
3020 9371
3021 9370
3022 9369
3023 9368
3024 9367
3025 9366
3026 9365
3027 9364
3028 9363
3029 9362
3030 9361
3031 9360
3032 9359
3033 7061
3034 7060
3035 7059
3036 7058
3037 7057
3038 7056
3039 7055
3040 7054
3041 7053
3042 7097
3043 7096
3044 7095
3045 7094
3046 7093
3047 7092
3048 7091
3049 7090
3050 7089
3051 7088
3052 7087
3053 7086
3054 7127
3055 7126
3056 7125
3057 7124
3058 7123
3059 7122
3060 7121
3061 7120
3062 8106
3063 8105
3064 8104
3065 8103
3066 8102
3067 8101
3068 8100
3069 8099
3070 8098
3071 8097
3072 8096
3073 8095
3074 8094
3075 8093
3076 8092
3077 8091
3078 8090
3079 8350
3080 8349
3081 8348
3082 8347
3083 8346
3084 8345
3085 8344
3086 8343
3087 8342
3088 8341
3089 8340
3090 8339
3091 8338
3092 8337
3093 8336
3094 8335
3095 8334
3096 8333
3097 8781
3098 8780
3099 8779
3100 8410
3101 8409
3102 8408
3103 8407
3104 8406
3105 8405
3106 8404
3107 8403
3108 10827
3109 10826
3110 7263
3111 7262
3112 7261
3113 7260
3114 7259
3115 7258
3116 7287
3117 7286
3118 7285
3119 7284
3120 7283
3121 7282
3122 7281
3123 7280
3124 7279
3125 7278
3126 7277
3127 7276
3128 7275
3129 7274
3130 7273
3131 7272
3132 7271
3133 7270
3134 7269
3135 7268
3136 7267
3137 7266
3138 7265
3139 7264
3140 8446
3141 8445
3142 8444
3143 8443
3144 8442
3145 8441
3146 8440
3147 9997
3148 9996
3149 7378
3150 7377
3151 7376
3152 7375
3153 7374
3154 7373
3155 7372
3156 7371
3157 7370
3158 7369
3159 7368
3160 7367
3161 7366
3162 7365
3163 7364
3164 7363
3165 7362
3166 7361
3167 7360
3168 7359
3169 7358
3170 7406
3171 7405
3172 7404
3173 7403
3174 7402
3175 7401
3176 7400
3177 7399
3178 7398
3179 7397
3180 7396
3181 7395
3182 9678
3183 9677
3184 9676
3185 9675
3186 9674
3187 9673
3188 9672
3189 9671
3190 9670
3191 9040
3192 9039
3193 9038
3194 9037
3195 9036
3196 9035
3197 9034
3198 9033
3199 9032
3200 9031
3201 9030
3204 7705
3205 7704
3206 7703
3207 7702
3208 7701
3209 7700
3210 7699
3211 7698
3212 7697
3213 7696
3214 7695
3215 7694
3216 8262
3217 8261
3218 7424
3219 7423
3220 7422
3221 7421
3222 7420
3223 7419
3224 7418
3225 7417
3226 7416
3227 7415
3228 7414
3229 7413
3230 7412
3231 7411
3232 7410
3233 7409
3234 7408
3235 7407
3236 7357
3237 7356
3238 7355
3239 7354
3240 7353
3241 7352
3242 7351
3243 7350
3244 7349
3245 7348
3246 7347
3247 7346
3248 7345
3249 7344
3250 7343
3251 7342
3252 7341
3253 7340
3254 7339
3255 7338
3256 7337
3257 7336
3258 7335
3259 7326
3260 7325
3261 7324
3262 7323
3263 7322
3264 7321
3265 7320
3266 7319
3267 7318
3268 7308
3269 7307
3270 7306
3271 7305
3272 7304
3273 7303
3274 7302
3275 7301
3276 7300
3277 7299
3278 7298
3279 7297
3280 7296
3281 7295
3282 7294
3283 7293
3284 7292
3285 7291
3286 7290
3287 7289
3288 7288
3289 7257
3290 7256
3291 7255
3292 7254
3293 7253
3294 7252
3295 7251
3296 7250
3297 7249
3298 7248
3299 7247
3300 7246
3301 7208
3302 7207
3303 7206
3304 7205
3305 7204
3306 7203
3307 7202
3308 7201
3309 7200
3310 7173
3311 7172
3312 7171
3313 7170
3314 7169
3315 7168
3316 7167
3317 7166
3318 7165
3319 7164
3320 7163
3321 7162
3322 7161
3323 7160
3324 7159
3325 7158
3326 7157
3327 7156
3328 7155
3329 7154
3330 7153
3331 7152
3332 7151
3333 8115
3334 8114
3335 8113
3336 8112
3337 8111
3338 8110
3339 8109
3340 8108
3341 8107
3342 7119
3343 7118
3344 7117
3345 7116
3346 7115
3347 7114
3348 7113
3349 7112
3350 7111
3351 7110
3352 7109
3353 7108
3354 7105
3355 7104
3356 7103
3357 7102
3358 7101
3359 7100
3360 7099
3361 7098
3362 7052
3363 7051
3364 7050
3365 7049
3366 7048
3367 7047
3368 7046
3369 7045
3370 7044
3371 7043
3372 7042
3373 7041
3374 7040
3375 7039
3376 7038
3377 7037
3378 7036
3379 7035
3380 7034
3381 7033
3382 7032
3383 7031
3384 7030
3385 7029
3386 7028
3387 7027
3388 7026
3389 7025
3390 7024
3391 7023
3392 7022
3393 7021
3394 7020
3395 7019
3396 7974
3397 7973
3398 7002
3399 7001
3400 7000
3401 6999
3402 6998
3403 6997
3404 6996
3405 6995
3406 6994
3407 6993
3408 6992
3409 6991
3410 6990
3411 6989
3412 6988
3413 6987
3414 6986
3415 6985
3416 6984
3417 6983
3418 6982
3419 6981
3420 6980
3421 6979
3422 6978
3423 6977
3424 6976
3425 6934
3426 6933
3427 6932
3428 6931
3429 6930
3430 6929
3431 6928
3432 6927
3433 6926
3434 6925
3435 6924
3436 6923
3437 6922
3438 7863
3439 7862
3440 7861
3441 7860
3442 7859
3443 6958
3444 6957
3445 6956
3446 9199
3447 9198
3448 9197
3449 9196
3450 9195
3451 9194
3452 9193
3453 9192
3454 9191
3455 9190
3456 9189
3457 9188
3458 9187
3459 7455
3460 7454
3461 7453
3462 7452
3463 7451
3464 7450
3465 7449
3466 7448
3467 6885
3468 6884
3469 6883
3470 6882
3471 6881
3472 6880
3473 6879
3474 6878
3475 6877
3476 6876
3477 6875
3478 6874
3479 6873
3480 6838
3481 6837
3482 6836
3483 6835
3484 6834
3485 6833
3486 6832
3487 6831
3488 6830
3489 6829
3490 6828
3491 6827
3492 6826
3493 6825
3494 6824
3495 6823
3496 6822
3497 6821
3498 6820
3499 6819
3500 6818
3503 8483
3504 8482
3505 8481
3506 8480
3507 8479
3508 8478
3509 8477
3510 8476
3511 8475
3512 8474
3513 8473
3514 8472
3515 8471
3516 6848
3517 6847
3518 6846
3519 6845
3520 6844
3521 6843
3522 6842
3523 6841
3524 6840
3525 6839
3526 6872
3527 6871
3528 6870
3529 6869
3530 6868
3531 6867
3532 6866
3533 6865
3534 6864
3535 6863
3536 6862
3537 6861
3538 6860
3539 6859
3540 6858
3541 6857
3542 7463
3543 7462
3544 7461
3545 7460
3546 7459
3547 7458
3548 7457
3549 7456
3550 9186
3551 9185
3552 9184
3553 9183
3554 9182
3555 9181
3556 9180
3557 9179
3558 9178
3559 9177
3560 9176
3561 9175
3562 7878
3563 7877
3564 7876
3565 7875
3566 7874
3567 7873
3568 7872
3569 7871
3570 7870
3571 7869
3572 7868
3573 7867
3574 7866
3575 7865
3576 7864
3577 6921
3578 6920
3579 6919
3580 6918
3581 6917
3582 6916
3583 6915
3584 6914
3585 6913
3586 6912
3587 6911
3588 6910
3589 6909
3590 6908
3591 6907
3592 7949
3593 7948
3594 7947
3595 7946
3596 7945
3597 7944
3598 7943
3599 7942
3600 7941
3601 7940
3602 7939
3603 7938
3604 7937
3605 7936
3606 7935
3607 7934
3608 7933
3609 7932
3610 7931
3611 7930
3612 7929
3613 7928
3614 7989
3615 7988
3616 7987
3617 7986
3618 7985
3619 7984
3620 7983
3621 7982
3622 7981
3623 7980
3624 7979
3625 7978
3626 7977
3627 7976
3628 7975
3629 7018
3630 7017
3631 7016
3632 7015
3633 7014
3634 7013
3635 7012
3636 7011
3637 7010
3638 7009
3639 7008
3640 7007
3641 7006
3642 7005
3643 7004
3644 7003
3645 7492
3646 7491
3647 7490
3648 7489
3649 7488
3650 7487
3651 7486
3652 7485
3653 7484
3654 7527
3655 7526
3656 7525
3657 7524
3658 7523
3659 7522
3660 7521
3661 7520
3662 7519
3663 7518
3664 7517
3665 7516
3666 7515
3667 7514
3668 7513
3669 7512
3670 7511
3671 7510
3672 7509
3673 7508
3674 7507
3675 7506
3676 7505
3677 7504
3678 7503
3679 7502
3680 7501
3681 7500
3682 7107
3683 7106
3684 7599
3685 7598
3686 7597
3687 7596
3688 7595
3689 7594
3690 7593
3691 7592
3692 7591
3693 7590
3694 7589
3695 7588
3696 7587
3697 7586
3698 8123
3699 8122
3700 8121
3701 8120
3702 8119
3703 8118
3704 8117
3705 8116
3706 7150
3707 7149
3708 7148
3709 7147
3710 7146
3711 7145
3712 7144
3713 7143
3714 7142
3715 7141
3716 9832
3717 9831
3718 9830
3719 9829
3720 7187
3721 7186
3722 7185
3723 7184
3724 7183
3725 7182
3726 7181
3727 7180
3728 7179
3729 7178
3730 7177
3731 7176
3732 7175
3733 7174
3734 7199
3735 7198
3736 7197
3737 7196
3738 7195
3739 7194
3740 7193
3741 7192
3742 7191
3743 7190
3744 7189
3745 7188
3746 7245
3747 7244
3748 7243
3749 7242
3750 7241
3751 7240
3752 7239
3753 7238
3754 7237
3755 7236
3756 7235
3757 7234
3758 7233
3759 7232
3760 9910
3761 9909
3762 9908
3763 9907
3764 9906
3765 9905
3766 9904
3767 9903
3768 9902
3769 9901
3770 9900
3771 9899
3772 9898
3773 9897
3774 9896
3775 9895
3776 9894
3777 9893
3778 9892
3779 9891
3780 9890
3781 9889
3782 7313
3783 7312
3784 7311
3785 7310
3786 7309
3787 7317
3788 7316
3789 7315
3790 7314
3791 7334
3792 7333
3793 7332
3794 7331
3795 7330
3796 7329
3797 7328
3798 7327
3799 7648
3800 7647
3801 7646
3802 7645
3803 7644
3804 7643
3805 7642
3806 7641
3807 7640
3808 7639
3809 7638
3810 7637
3811 7636
3812 7635
3813 7668
3814 7667
3815 7666
3816 7665
3817 7664
3818 7663
3819 7662
3820 7661
3821 7660
3822 7659
3823 7689
3824 7688
3825 7687
3826 7686
3827 7685
3828 7684
3829 7683
3830 7682
3831 7681
3832 7680
3833 8279
3834 8278
3835 8277
3836 8276
3837 8275
3838 8274
3839 8273
3840 8272
3841 8271
3842 8270
3843 8269
3844 8268
3845 8267
3846 8266
3847 8265
3848 8264
3849 8263
3850 7693
3851 7692
3852 7691
3853 7690
3854 7717
3855 7716
3856 7715
3857 7714
3858 7713
3859 7712
3860 7711
3861 7710
3870 3871
3880 8296
3881 8295
3882 3883
3884 8292
3885 8291
3886 8290
3887 8289
3888 8288
3889 8287
3890 8286
3891 8285
3892 8284
3893 3894
3895 8281
3896 8280
3897 7679
3898 7678
3899 7677
3900 7676
3901 7675
3902 7674
3903 7673
3904 3905
3906 7670
3907 7669
3908 7658
3909 7657
3910 7656
3911 7655
3912 7654
3913 7653
3914 7652
3915 7651
3916 7650
3917 7649
3918 3919
3920 7632
3921 7631
3922 7630
3923 7629
3924 7628
3925 7627
3926 3927
3928 7624
3929 7623
3930 7622
3931 7621
3932 7620
3933 3934
3935 7617
3936 7616
3937 7615
3938 7614
3939 3940
3941 7611
3942 7610
3943 7609
3944 7608
3945 7607
3946 3947
3948 7604
3949 7603
3950 7602
3951 7601
3952 7600
3953 3954
3955 8247
3956 8246
3957 8245
3958 8244
3959 3960
3961 8241
3962 8240
3963 8239
3964 8238
3965 8237
3966 8236
3967 8235
3968 3969
3970 8232
3971 8231
3972 8230
3973 8229
3974 9917
3975 3976
3977 9914
3978 9913
3979 9912
3980 9911
3981 7231
3982 3983
3984 7228
3985 7227
3986 7226
3987 7225
3988 7224
3989 7223
3990 3991
3992 7220
3993 7219
3994 7218
3995 7217
3996 7216
3997 3998
3999 7213
4000 7212
4001 7211
4002 7210
4003 7209
4004 4005
4006 8199
4007 8198
4008 8197
4009 8196
4010 8195
4011 8194
4012 4013
4014 8191
4015 8190
4016 8189
4017 9849
4018 9848
4019 9847
4020 9846
4021 9845
4022 9844
4023 9843
4024 9842
4025 4026
4027 9839
4028 9838
4029 9837
4030 9836
4031 9835
4032 4033
4034 7140
4035 7139
4036 7138
4037 7137
4038 7136
4039 7135
4040 4041
4042 7132
4043 7131
4044 7130
4045 7129
4046 7128
4047 8131
4048 4049
4050 8128
4051 8127
4052 8126
4053 8125
4054 8124
4055 7585
4056 4057
4058 7582
4059 7581
4060 7580
4061 7579
4062 7578
4063 7577
4064 4065
4066 7574
4067 7573
4068 7572
4069 8089
4070 8088
4071 8087
4072 8086
4073 8085
4074 8084
4075 8083
4076 8082
4077 4078
4079 7555
4080 7554
4081 7553
4082 7552
4083 7551
4084 7550
4085 4086
4087 7547
4088 7546
4089 7545
4090 7544
4091 7543
4092 4093
4094 7540
4095 7539
4096 7538
4097 7537
4098 7536
4099 7535
4100 4101
4102 7532
4103 7531
4104 7530
4105 7529
4106 7528
4107 7483
4108 4109
4110 7480
4111 7499
4112 7498
4113 7497
4114 7496
4115 7495
4116 4117
4118 8069
4119 8068
4120 8067
4121 8066
4122 8065
4123 8064
4124 8063
4125 8062
4126 8061
4127 4128
4129 8058
4130 8057
4131 8056
4132 8055
4133 8054
4134 4135
4136 8051
4137 8050
4138 8049
4139 8048
4140 8047
4141 8046
4142 4143
4144 7999
4145 7998
4146 7997
4147 7996
4148 7995
4149 4150
4151 7992
4152 7991
4153 7990
4154 7927
4155 7926
4156 4157
4158 7923
4159 7922
4160 7921
4161 7920
4162 7919
4163 4164
4165 7963
4166 7962
4167 7961
4168 7960
4169 7959
4170 4171
4172 7956
4173 7955
4174 7954
4175 7953
4176 7952
4177 7951
4178 7950
4179 6906
4180 4181
4182 6903
4183 6902
4184 6901
4185 6900
4186 7907
4187 4188
4189 7904
4190 7903
4191 7902
4192 7901
4193 4194
4195 7898
4196 7897
4197 7896
4198 7895
4199 4200
4201 7892
4202 7891
4203 7890
4204 7889
4205 4206
4207 7886
4208 7885
4209 7884
4210 7883
4211 4212
4213 7880
4214 7879
4215 7858
4216 7857
4217 4218
4219 7854
4220 7853
4221 7852
4222 7851
4223 7850
4224 4225
4226 7801
4227 7800
4228 7799
4229 7798
4230 7797
4231 7796
4232 7795
4233 7794
4234 7793
4235 7792
4236 4237
4238 7763
4239 7762
4240 7761
4241 7760
4242 7781
4243 7780
4244 4245
4246 7777
4247 7759
4248 7758
4249 7757
4250 7756
4251 7755
4252 7754
4253 4254
4255 7751
4256 7750
4257 7739
4258 7738
4259 7737
4260 7736
4261 7735
4262 4263
4264 7732
4265 7731
4266 7730
4267 7729
4268 8500
4269 8499
4270 8498
4271 8497
4272 4273
4274 8494
4275 8493
4276 8492
4277 8491
4278 8490
4279 8489
4280 8488
4283 8513
4284 8512
4285 8511
4286 8510
4287 8509
4288 8508
4289 8507
4290 4291
4292 8504
4293 8503
4294 8502
4295 8501
4296 7728
4297 7727
4298 7726
4299 7725
4300 4301
4302 7722
4303 7721
4304 7720
4305 7719
4306 7718
4307 7749
4308 7748
4309 4310
4311 7745
4312 7744
4313 7743
4314 7742
4315 7741
4316 7740
4317 7776
4318 4319
4320 7773
4321 7772
4322 7771
4323 7770
4324 7769
4325 7768
4326 4327
4328 7791
4329 7790
4330 7789
4331 7788
4332 7787
4333 7786
4334 7785
4335 7784
4336 7783
4337 7782
4338 4339
4340 7845
4341 7844
4342 7843
4343 7842
4344 4345
4346 7839
4347 7838
4348 7837
4349 7836
4350 7835
4351 4352
4353 7832
4354 8905
4355 8904
4356 8903
4357 4358
4359 8900
4360 8899
4361 8898
4362 8897
4363 4364
4365 8894
4366 8893
4367 7918
4368 4369
4370 7915
4371 7914
4372 7913
4373 7912
4374 4375
4376 7909
4377 7908
4378 8978
4379 8977
4380 4381
4382 8974
4383 8973
4384 8972
4385 8971
4386 8970
4387 8969
4388 8968
4389 8967
4390 8966
4391 8965
4392 4393
4394 7972
4395 7971
4396 7970
4397 7969
4398 4399
4400 7966
4401 8642
4402 8641
4403 8640
4404 8639
4405 4406
4407 8636
4408 8635
4409 8014
4410 8013
4411 8012
4412 4413
4414 8009
4415 8008
4416 8007
4417 8006
4418 4419
4420 8003
4421 8002
4422 8045
4423 8044
4424 8043
4425 4426
4427 8040
4428 8039
4429 8038
4430 8682
4431 8681
4432 4433
4434 8678
4435 8677
4436 8676
4437 8675
4438 8674
4439 8673
4440 8672
4441 8671
4442 8670
4443 8669
4444 8668
4445 4446
4447 8665
4448 8664
4449 8663
4450 8662
4451 8707
4452 4453
4454 8704
4455 8703
4456 8702
4457 8701
4458 8700
4459 8699
4460 4461
4462 8696
4463 8695
4464 8694
4465 8693
4466 8692
4467 4468
4469 9787
4470 9786
4471 9785
4472 9784
4473 9783
4474 4475
4476 9780
4477 9779
4478 9778
4479 9777
4480 9776
4481 4482
4483 9773
4484 9772
4485 9771
4486 8079
4487 8078
4488 4489
4490 8075
4491 8074
4492 8073
4493 8072
4494 8071
4495 8070
4496 7571
4497 7570
4498 7569
4499 4500
4501 7566
4502 7565
4503 7564
4504 8145
4505 8144
4506 4507
4508 8141
4509 8140
4510 8139
4511 8138
4512 8137
4513 4514
4515 8134
4516 8133
4517 8132
4518 8778
4519 8777
4520 4521
4522 8774
4523 8773
4524 8772
4525 9029
4526 9028
4527 4528
4529 9025
4530 9024
4531 9023
4532 9022
4533 9021
4534 4535
4536 9018
4537 9017
4538 9016
4539 9015
4540 9014
4541 4542
4543 9855
4544 9854
4545 9853
4546 9852
4547 9851
4548 9850
4549 8188
4550 8187
4551 8186
4552 4553
4554 8183
4555 8182
4556 8181
4557 8180
4558 8179
4559 4560
4561 8176
4562 8175
4563 8174
4564 8173
4565 4566
4567 8170
4568 8169
4569 8168
4570 8167
4571 8166
4572 4573
4574 8163
4575 8162
4576 8161
4577 8160
4578 8159
4579 4580
4581 8156
4582 8155
4583 9926
4584 9925
4585 9924
4586 4587
4588 9921
4589 9920
4590 9919
4591 9918
4592 4593
4594 8226
4595 8225
4596 8224
4597 8223
4598 8222
4599 8413
4600 8412
4601 8411
4602 8260
4603 8259
4604 4605
4606 8256
4607 8255
4608 8254
4609 8253
4610 8252
4611 4612
4617 4618
4623 4624
4629 4630
4636 4637
4641 8866
4642 4643
4644 8863
4645 8862
4646 8861
4647 8860
4648 8859
4649 8858
4650 4651
4652 8855
4653 8854
4654 8853
4655 8852
4656 8851
4657 8850
4658 8849
4659 8848
4660 8847
4661 4662
4663 8844
4664 8843
4665 8842
4666 8841
4667 8840
4668 8839
4669 8838
4670 4671
4672 8311
4673 8310
4674 8309
4675 8308
4676 8307
4677 8306
4678 8305
4679 8304
4680 4681
4682 8301
4683 8300
4684 8299
4685 8298
4686 8297
4687 9074
4688 9073
4689 9072
4690 9071
4691 4692
4693 9068
4694 9067
4695 9066
4696 9065
4697 9064
4698 9063
4699 9062
4700 9061
4701 4702
4703 9058
4710 4711
4720 4721
4730 4731
4735 8814
4736 8813
4737 8812
4738 8811
4739 8810
4740 4741
4742 8807
4743 10999
4744 10998
4745 10997
4746 10996
4747 10995
4748 4749
4750 10992
4751 10991
4752 10990
4753 10989
4754 10988
4755 10987
4756 10986
4757 10985
4758 10984
4759 10983
4760 10982
4761 10981
4762 4763
4764 10978
4765 10049
4766 10048
4767 10047
4768 4769
4770 10301
4771 10300
4772 10299
4773 10298
4774 4775
4776 10295
4777 10294
4778 10293
4779 10292
4780 4781
4782 10289
4783 10288
4784 12162
4785 12161
4786 4787
4788 12158
4789 12157
4790 12156
4791 12155
4792 4793
4794 9970
4795 9969
4796 9968
4797 9967
4798 4799
4800 9964
4801 9963
4802 9962
4803 9961
4804 4805
4806 10889
4807 10888
4808 10887
4809 10886
4810 10885
4811 10884
4812 10883
4813 4814
4815 10880
4816 10879
4817 10878
4818 10877
4819 9935
4820 4821
4822 9932
4823 9931
4824 9930
4825 9929
4826 4827
4828 8154
4829 8153
4830 8152
4831 8151
4832 4833
4834 8148
4835 8147
4836 8146
4837 12034
4838 12033
4839 4840
4841 12030
4842 12029
4843 12028
4844 9883
4845 4846
4847 9880
4848 9879
4849 9878
4850 9877
4851 4852
4853 9874
4854 9873
4855 9872
4856 9871
4857 9870
4858 4859
4860 9867
4861 9866
4862 9865
4863 9864
4864 9863
4865 9862
4866 9861
4867 4868
4869 9858
4870 9013
4871 9012
4872 9011
4873 4874
4875 9008
4876 9007
4877 9006
4878 11264
4879 4880
4881 11261
4882 11260
4883 11259
4884 11258
4885 11257
4886 4887
4888 11254
4889 11253
4890 11252
4891 11251
4892 4893
4894 11248
4895 11247
4896 11246
4897 11245
4898 10224
4899 4900
4901 10221
4902 10220
4903 10219
4904 10218
4905 4906
4907 9824
4908 9823
4909 9822
4910 9821
4911 9820
4912 4913
4914 9817
4915 9816
4916 9815
4917 9814
4918 9813
4919 9812
4920 9811
4921 4922
4923 9808
4924 9807
4925 9806
4926 9805
4927 4928
4929 9802
4930 9801
4931 9800
4932 9799
4933 9798
4934 4935
4936 9795
4937 9794
4938 9793
4939 9792
4940 4941
4942 9789
4943 9788
4944 8689
4945 8688
4946 8687
4947 4948
4949 8684
4950 8683
4951 13104
4952 13103
4953 4954
4955 13100
4956 13099
4957 13098
4958 9770
4959 9769
4960 4961
4962 9766
4963 9765
4964 9764
4965 9763
4966 4967
4968 9760
4969 9759
4970 9758
4971 9757
4972 9756
4973 9755
4974 9754
4975 9753
4976 4977
4978 9750
4979 9749
4980 10159
4981 10158
4982 10157
4983 4984
4985 10154
4986 10153
4987 10152
4988 10151
4989 4990
4991 10148
4992 10147
4993 10187
4994 10186
4995 4996
4997 10183
4998 10182
4999 10181
5000 10180
5001 10179
5002 5003
5004 8604
5005 8603
5006 8602
5007 8601
5008 5009
5010 8598
5011 8597
5012 8596
5013 10364
5014 5015
5016 10361
5017 10360
5018 10359
5019 10358
5020 8962
5021 5022
5023 8959
5024 8958
5025 8957
5026 8956
5027 8955
5028 5029
5030 9255
5031 9254
5032 9253
5033 9252
5034 5035
5036 9249
5037 9248
5038 9247
5039 5040
5041 9244
5042 9243
5043 9242
5044 9241
5045 5046
5047 8919
5048 8918
5049 8917
5050 8916
5051 5052
5053 8913
5054 8912
5055 8911
5056 8910
5057 5058
5059 8907
5060 8906
5061 7831
5062 7830
5063 5064
5065 7827
5066 7826
5067 7825
5068 10146
5069 5070
5071 10143
5072 10142
5073 10141
5074 10140
5075 5076
5077 10120
5078 10119
5079 10118
5080 10117
5081 10116
5082 10115
5083 10114
5084 10113
5085 10112
5086 10111
5087 5088
5089 10108
5090 10107
5091 10106
5092 10105
5093 10104
5094 10103
5095 5096
5097 10100
5098 10099
5099 10098
5100 10097
5101 10096
5102 10095
5103 5104
5105 8554
5106 8553
5107 8552
5108 8551
5109 8550
5110 8549
5111 8548
5112 8547
5113 5114
5115 8544
5116 8543
5117 8542
5118 10080
5119 10079
5120 10078
5121 10077
5122 10076
5123 5124
5125 10073
5126 10072
5127 10071
5128 10070
5129 10069
5130 10068
5131 10067
5134 10586
5135 10585
5136 10584
5137 10583
5138 10582
5139 10581
5140 10088
5141 10087
5142 5143
5144 10084
5145 10083
5146 10082
5147 10081
5148 8541
5149 8540
5150 8539
5151 5152
5153 8536
5154 8535
5155 8534
5156 8533
5157 8532
5158 8531
5159 11097
5160 11096
5161 5162
5163 12273
5164 12272
5165 12271
5166 12270
5167 12269
5168 12268
5169 5170
5171 12265
5172 12264
5173 12263
5174 12262
5175 12261
5176 12260
5177 5178
5179 12257
5180 12256
5181 10128
5182 10127
5183 10126
5184 10125
5185 10124
5186 10123
5187 10122
5188 10121
5189 5190
5191 10135
5192 10134
5193 10133
5194 10132
5195 5196
5197 10129
5198 7824
5199 7823
5200 7822
5201 5202
5203 7819
5204 7818
5205 7817
5206 7816
5207 5208
5209 7813
5210 7812
5211 7811
5212 5213
5214 7808
5215 7807
5216 7806
5217 7805
5218 5219
5220 7802
5221 9240
5222 9239
5223 9238
5224 5225
5226 9235
5227 10680
5228 10679
5229 5230
5231 10386
5232 10385
5233 10384
5234 10383
5235 5236
5237 10380
5238 10379
5239 10378
5240 10377
5241 10376
5242 10375
5243 5244
5245 10372
5246 10371
5247 10370
5248 10369
5249 5250
5251 10366
5252 10365
5253 8595
5254 8594
5255 5256
5257 8591
5258 8590
5259 8589
5260 8588
5261 5262
5263 8585
5264 10196
5265 10195
5266 10194
5267 5268
5269 10191
5270 10190
5271 10189
5272 10188
5273 5274
5275 10721
5276 10720
5277 10719
5278 10718
5279 5280
5281 10715
5282 11148
5283 11147
5284 11146
5285 5286
5287 11143
5288 11142
5289 11141
5290 11140
5291 5292
5293 11137
5294 11136
5295 11135
5296 11134
5297 11133
5298 5299
5300 13120
5301 13119
5302 13118
5303 13117
5304 5305
5306 13114
5307 13113
5308 13112
5309 13111
5310 5311
5312 13108
5313 13107
5314 13106
5315 13105
5316 5317
5318 11204
5319 11203
5320 11202
5321 11201
5322 5323
5324 11198
5325 11197
5326 11196
5327 11195
5328 5329
5330 11192
5331 11213
5332 11212
5333 11211
5334 5335
5336 11208
5337 11207
5338 10825
5339 10824
5340 5341
5342 10821
5343 10820
5344 10250
5345 10249
5346 5347
5348 10246
5349 10245
5350 10244
5351 10243
5352 10242
5353 10241
5354 5355
5356 10238
5357 10237
5358 10236
5359 10235
5360 5361
5362 10232
5363 10231
5364 10230
5365 10229
5366 5367
5368 10226
5369 10225
5370 11244
5371 11243
5372 5373
5374 11240
5375 11239
5376 11238
5377 11237
5378 5379
5380 11234
5381 11233
5382 11272
5383 11271
5384 5385
5386 11268
5387 11267
5388 11266
5389 11265
5390 5391
5392 9003
5393 9002
5394 9001
5395 9000
5396 5397
5398 8997
5399 8996
5400 8995
5401 8994
5402 5403
5404 8991
5405 8990
5406 8989
5407 8357
5408 8356
5409 5410
5411 8353
5412 8352
5413 8351
5414 12052
5415 5416
5417 12049
5418 12048
5419 12047
5420 12046
5421 5422
5423 12043
5424 12042
5425 12041
5426 12040
5427 5428
5429 12037
5430 12036
5431 12035
5432 10876
5433 5434
5435 10873
5436 10872
5437 10871
5438 10870
5439 5440
5441 10867
5442 10866
5443 10865
5444 10864
5445 5446
5447 10861
5448 10860
5449 10904
5450 10903
5451 5452
5453 10900
5454 10899
5455 10898
5456 5457
5458 10895
5459 10894
5460 10893
5461 10892
5462 10891
5463 10890
5464 5465
5466 9956
5467 9955
5468 9954
5469 5470
5471 10952
5472 10951
5473 10950
5474 10949
5475 5476
5477 12171
5478 12170
5479 12169
5480 12168
5481 5482
5483 12165
5484 12164
5485 12163
5486 5487
5488 10285
5489 10284
5490 10283
5491 10282
5492 5493
5494 10279
5495 10278
5496 10277
5497 10276
5498 5499
5500 10273
5501 10272
5502 10271
5503 5504
5505 10268
5506 10267
5507 10266
5508 10265
5509 10264
5510 5511
5512 11015
5513 11014
5514 11013
5515 11012
5516 11011
5517 11010
5518 11009
5519 11008
5520 5521
5522 11005
5523 11004
5524 11003
5525 11002
5526 11001
5527 11000
5528 5529
5537 5538
5546 5547
5554 10513
5555 5556
5557 10510
5558 10509
5559 10508
5560 10507
5561 10506
5562 10505
5563 10504
5564 10503
5567 11957
5568 11956
5569 11955
5570 5571
5572 11952
5573 11951
5574 11950
5575 11949
5576 11948
5577 11947
5578 11946
5579 5580
5581 11943
5582 11942
5583 11941
5584 11940
5585 11939
5586 11851
5587 5588
5589 11848
5590 11847
5591 11846
5592 11845
5593 11844
5594 11843
5595 11842
5596 5597
5598 11839
5599 11838
5600 11837
5601 11836
5602 11835
5603 11834
5604 5605
5606 11831
5607 11830
5608 11829
5609 11828
5610 11827
5611 5612
5613 11824
5614 11823
5615 11822
5616 11821
5617 11820
5618 11819
5619 5620
5621 12245
5622 12244
5623 12243
5624 12242
5625 5626
5627 12239
5628 12238
5629 12237
5630 12236
5631 5632
5633 12233
5634 12232
5635 12231
5636 5637
5638 12228
5639 12227
5640 12226
5641 12225
5642 5643
5644 12222
5645 12221
5646 12220
5647 5648
5649 12179
5650 12178
5651 12177
5652 12176
5653 5654
5655 12173
5656 12172
5657 10946
5658 5659
5660 10943
5661 10942
5662 10941
5663 5664
5665 10938
5666 10937
5667 10936
5668 10935
5669 5670
5671 10932
5672 10931
5673 10930
5674 10929
5675 10928
5676 10927
5677 10926
5678 5679
5680 10923
5681 10922
5682 10921
5683 10920
5684 5685
5686 12691
5687 12690
5688 12689
5689 12708
5690 5691
5692 12705
5693 12704
5694 12101
5695 5696
5697 12098
5698 12097
5699 12096
5700 12095
5701 5702
5703 12092
5704 12091
5705 12090
5706 12089
5707 5708
5709 12086
5710 12085
5711 12061
5712 5713
5714 12058
5715 12057
5716 12056
5717 12055
5718 5719
5720 12688
5721 12687
5722 12686
5723 12685
5724 5725
5726 12682
5727 12642
5728 12641
5729 12640
5730 12639
5731 12638
5732 12637
5733 12636
5734 5735
5736 12633
5737 12632
5738 12631
5739 12630
5740 5741
5742 11281
5743 11280
5744 11279
5745 5746
5747 11276
5748 11275
5749 11274
5750 11273
5751 5752
5753 12627
5754 12626
5755 12625
5756 5757
5758 12575
5759 12574
5760 12573
5761 12572
5762 5763
5764 12569
5765 12568
5766 12567
5767 5768
5769 12554
5770 12553
5771 12552
5772 12551
5773 5774
5775 12548
5776 12547
5777 12546
5778 13192
5779 5780
5781 13189
5782 13188
5783 13187
5784 13186
5785 5786
5787 11230
5788 11229
5789 11228
5790 5791
5792 11225
5793 11224
5794 11223
5795 11222
5796 5797
5798 11219
5799 11218
5800 11217
5801 11216
5802 5803
5804 11191
5805 11190
5806 11189
5807 5808
5809 11186
5810 12518
5811 12517
5812 12516
5813 5814
5815 12513
5816 12534
5817 12533
5818 5819
5820 12530
5821 13134
5822 13133
5823 13132
5824 5825
5826 13129
5827 13128
5828 13127
5829 5830
5831 13124
5832 13123
5833 13122
5834 13121
5835 5836
5837 11128
5838 11127
5839 11126
5840 11125
5841 11124
5842 11123
5843 11122
5844 11121
5845 5846
5847 11118
5848 12512
5849 12511
5850 5851
5852 12508
5853 12507
5854 12506
5855 12505
5856 5857
5858 12502
5859 12501
5860 12500
5861 12499
5862 5863
5864 13029
5865 13028
5866 13027
5867 5868
5869 13024
5870 13023
5871 13022
5872 13021
5873 5874
5875 13018
5876 13017
5877 13016
5878 13015
5879 5880
5881 13012
5882 13011
5883 12482
5884 5885
5886 12479
5887 12478
5888 12477
5889 12476
5890 5891
5892 12473
5893 12462
5894 12461
5895 12460
5896 12459
5897 12458
5898 12457
5899 5900
5901 12454
5902 12453
5903 12452
5904 12428
5905 5906
5907 12425
5908 12424
5909 12423
5910 5911
5912 12420
5913 12419
5914 12418
5915 12417
5916 5917
5918 12414
5919 12413
5920 12412
5921 5922
5923 12409
5924 12408
5925 12367
5926 12366
5927 5928
5929 12363
5930 12362
5931 12361
5932 5933
5934 12358
5935 12357
5936 12003
5937 12002
5938 5939
5940 11999
5941 11998
5942 11997
5943 11996
5944 5945
5946 12313
5947 12312
5948 12311
5949 12310
5950 12309
5951 12308
5952 12307
5953 12306
5954 12305
5955 12304
5956 5957
5958 12287
5959 12286
5960 12285
5961 12284
5962 12283
5963 5964
5965 12280
5966 12279
5967 12278
5968 12277
5969 12276
5970 12275
5971 12274
5972 5973
5974 11091
5975 11090
5976 11089
5977 11088
5978 11087
5979 11086
5980 11085
5981 5982
5983 11082
5984 11081
5985 11080
5986 11079
5987 11078
5988 12973
5989 12972
5990 12971
5991 5992
5993 12968
5994 12967
5995 10580
5996 10579
5997 10578
5998 10577
5999 10576
6000 10575
6003 12986
6004 12985
6005 12984
6006 12983
6007 12982
6008 12981
6009 12980
6010 12979
6011 6012
6013 12976
6014 12975
6015 12974
6016 11077
6017 11076
6018 11075
6019 11074
6020 11073
6021 6022
6023 11070
6024 11069
6025 11068
6026 11067
6027 11066
6028 11065
6029 11064
6030 6031
6032 11061
6033 11060
6034 11059
6035 11058
6036 11057
6037 11056
6038 12299
6039 6040
6041 12296
6042 12295
6043 12294
6044 12293
6045 12292
6046 6047
6048 12303
6049 12302
6050 12301
6051 12300
6052 12320
6053 12319
6054 12318
6055 12317
6056 12316
6057 6058
6059 11993
6060 11992
6061 11991
6062 11990
6063 6064
6065 11987
6066 12380
6067 12379
6068 12378
6069 6070
6071 12375
6072 12374
6073 12373
6074 12372
6075 6076
6077 12369
6078 12368
6079 12407
6080 6081
6082 12404
6083 12403
6084 12402
6085 12401
6086 6087
6088 12440
6089 12439
6090 12438
6091 6092
6093 12435
6094 12434
6095 12433
6096 12432
6097 6098
6099 12429
6100 12451
6101 12450
6102 6103
6104 12447
6105 12446
6106 12445
6107 12444
6108 12443
6109 12442
6110 12441
6111 12472
6112 6113
6114 12469
6115 12468
6116 12467
6117 6118
6119 12464
6120 12463
6121 13010
6122 13009
6123 6124
6125 13006
6126 13005
6127 13004
6128 6129
6130 13043
6131 13042
6132 13041
6133 13040
6134 6135
6136 13037
6137 13036
6138 13035
6139 6140
6141 13032
6142 12498
6143 12497
6144 6145
6146 12494
6147 12493
6148 12492
6149 12491
6150 6151
6152 12488
6153 12487
6154 12486
6155 6156
6157 12483
6158 13097
6159 13096
6160 6161
6162 13093
6163 13092
6164 13091
6165 13090
6166 13089
6167 13088
6168 6169
6170 13085
6171 13084
6172 13083
6173 6174
6175 13144
6176 13143
6177 13142
6178 6179
6180 13139
6181 13138
6182 13137
6183 6184
6185 12529
6186 12528
6187 12527
6188 12526
6189 6190
6191 12523
6192 12522
6193 12521
6194 6195
6196 11185
6197 11184
6198 11183
6199 6200
6201 11180
6202 11179
6203 11178
6204 6205
6206 11175
6207 11174
6208 11173
6209 11172
6210 6211
6212 11169
6213 13206
6214 13205
6215 6216
6217 13202
6218 13201
6219 13200
6220 13199
6221 13198
6222 13197
6223 13196
6224 6225
6226 13193
6227 12545
6228 12544
6229 6230
6231 12541
6232 12540
6233 12539
6234 6235
6236 12536
6237 12535
6238 12566
6239 12565
6240 6241
6242 12562
6243 12561
6244 12560
6245 6246
6247 12557
6248 12622
6249 12621
6250 6251
6252 12618
6253 12617
6254 12616
6255 6256
6257 12613
6258 12612
6259 12611
6260 12610
6261 6262
6263 12607
6264 12606
6265 12605
6266 6267
6268 12653
6269 12652
6270 12651
6271 6272
6273 12648
6274 12647
6275 12646
6276 12645
6277 12644
6278 12643
6279 12681
6280 6281
6282 12678
6283 12677
6284 12676
6285 6286
6287 13230
6288 13229
6289 13228
6290 13227
6291 6292
6293 13224
6294 13223
6295 13222
6296 6297
6298 12115
6299 12114
6300 12113
6301 12112
6302 6303
6304 12109
6305 12108
6306 12107
6307 6308
6309 12104
6310 12103
6311 12102
6312 6313
6314 12701
6315 12700
6316 12699
6317 12698
6318 6319
6320 12695
6321 12694
6322 13283
6323 6324
6325 13280
6326 13279
6327 13278
6328 6329
6330 13275
6331 13274
6332 13273
6333 13272
6334 13271
6335 13270
6336 6337
6338 13267
6339 13266
6340 13265
6341 6342
6343 13262
6344 13261
6345 13260
6346 6347
6348 13257
6349 13256
6350 13294
6351 6352
6353 13291
6354 13290
6355 13289
6356 13288
6357 6358
6359 13285
6360 13284
6361 11786
6362 6363
6364 11783
6365 11782
6366 11781
6367 6368
6369 11778
6370 11777
6371 11776
6372 6373
6374 11773
6375 11772
6376 11771
6377 6378
6379 11768
6380 11767
6381 11766
6382 11765
6383 6384
6385 11762
6386 11761
6387 11760
6388 11759
6394 6395
6400 6401
6408 6409
6416 6417
6424 6425
6432 6433
6442 12953
6443 12952
6444 12951
6445 12950
6446 12949
6447 12948
6448 6449
6450 12945
6451 12944
6452 12943
6453 11910
6454 11909
6455 11908
6456 11907
6457 11906
6458 11905
6459 11904
6460 11903
6461 11902
6462 11901
6463 11900
6464 11899
6465 11898
6466 11897
6467 11896
6468 11895
6469 11894
6470 11893
6471 11892
6472 11891
6473 11890
6474 11889
6475 12932
6476 12931
6477 12930
6478 12929
6479 12928
6480 12927
6481 12926
6482 12925
6483 12924
6484 12923
6485 12922
6486 12911
6487 12910
6488 12909
6489 12908
6490 12907
6491 12906
6492 12905
6493 12904
6494 12903
6495 12902
6496 12901
6497 11801
6498 11800
6499 11799
6500 11798
6501 11797
6502 11796
6503 11795
6504 6505
6506 11792
6507 11791
6508 11790
6509 11789
6510 11788
6511 11787
6512 13303
6513 13302
6514 13301
6515 13300
6516 13299
6517 13298
6518 13297
6519 13296
6520 13295
6521 13255
6522 13254
6523 13253
6524 13252
6525 13251
6526 13250
6527 13249
6528 13248
6529 13247
6530 13246
6531 13245
6532 13244
6533 13243
6534 13242
6535 13241
6536 13240
6537 13239
6538 12890
6539 12889
6540 12888
6541 12887
6542 12886
6543 12885
6544 12884
6545 12883
6546 12882
6547 12881
6548 12880
6549 12866
6550 12865
6551 12864
6552 12863
6553 12862
6554 6555
6556 12124
6557 12123
6558 12122
6559 12121
6560 12120
6561 12119
6562 12118
6563 12117
6564 12116
6565 13219
6566 13218
6567 13217
6568 13236
6569 13235
6570 13234
6571 13233
6572 13232
6573 13231
6574 12673
6575 12672
6576 12671
6577 12670
6578 12669
6579 12668
6580 12667
6581 12666
6582 12665
6583 6584
6585 12662
6586 12661
6587 12660
6588 12659
6589 12658
6590 12657
6591 12656
6592 12604
6593 12603
6594 12602
6595 12601
6596 12600
6597 12599
6598 12598
6599 12597
6600 12596
6601 12595
6602 12594
6603 12593
6604 12592
6605 12591
6606 12590
6607 6608
6609 12587
6610 12586
6611 12585
6612 12817
6613 12816
6614 12815
6615 12814
6616 12813
6617 12812
6618 12811
6619 12810
6620 12809
6621 12808
6622 12807
6623 12806
6624 10727
6625 10726
6626 10725
6627 10724
6628 13216
6629 13215
6630 13214
6631 13213
6632 6633
6634 13210
6635 13209
6636 13208
6637 13207
6638 11168
6639 11167
6640 11166
6641 11165
6642 11164
6643 11163
6644 11162
6645 11161
6646 11160
6647 11159
6648 11158
6649 11157
6650 11156
6651 11155
6652 11154
6653 11153
6654 11152
6655 6656
6657 11149
6658 13156
6659 13155
6660 13154
6661 13153
6662 13152
6663 13151
6664 13150
6665 13149
6666 13148
6667 13147
6668 13146
6669 13145
6670 13080
6671 13079
6672 13078
6673 13077
6674 13076
6675 13075
6676 13074
6677 13073
6678 13072
6679 13071
6680 13070
6681 13069
6682 13068
6683 13067
6684 13066
6685 13065
6686 11477
6687 11476
6688 11475
6689 11474
6690 11473
6691 11472
6692 6693
6694 13057
6695 13056
6696 13055
6697 13054
6698 13053
6699 13052
6700 13051
6701 13050
6702 13049
6703 13048
6704 13047
6705 13046
6706 13045
6707 13044
6708 13001
6709 13000
6710 12999
6711 12805
6712 12804
6713 12803
6714 12802
6715 12801
6716 12800
6717 12799
6718 12798
6719 12797
6720 12796
6721 12795
6722 12794
6723 12793
6724 12792
6725 12791
6726 12790
6727 10317
6728 10316
6729 10315
6730 10314
6731 10313
6732 10312
6733 10311
6734 10310
6735 10309
6736 10308
6737 10307
6738 10306
6739 10305
6740 10304
6741 10303
6742 10302
6743 12398
6744 12397
6745 12396
6746 12395
6747 12394
6748 12393
6749 12392
6750 12391
6751 12390
6752 12389
6753 12388
6754 12387
6755 12386
6756 12385
6757 12384
6758 12383
6759 12382
6760 12381
6761 11986
6762 11985
6763 11984
6764 11983
6765 11982
6766 11981
6767 11980
6768 11979
6769 9130
6770 9129
6771 9128
6772 9127
6773 9126
6774 9125
6775 9124
6776 9123
6777 9122
6778 9121
6779 9120
6780 9119
6781 9118
6782 9117
6783 9116
6784 9115
6785 11055
6786 11054
6787 11053
6788 11052
6789 11051
6790 11050
6791 11049
6792 11048
6793 11047
6794 11046
6795 11045
6796 11044
6797 11043
6798 11042
6799 11041
6800 11040
6801 12748
6802 12747
6803 12746
6804 12745
6805 12744
6806 12743
6807 12742
6808 12741
6809 12998
6810 12997
6811 12996
6812 12995
6813 12994
6814 12993
6815 12992
6816 12991
