1 2598
2 2597
3 2596
4 2595
5 2594
6 2593
7 2592
8 2591
9 2590
10 4395
11 4394
12 4393
13 4392
14 4391
15 4390
16 4389
17 4388
18 4387
19 4386
20 4385
21 4384
22 4383
23 2276
24 2275
25 2274
26 2273
27 2272
28 2271
29 2270
30 2269
31 2268
32 2267
33 2266
34 4193
35 4192
36 4191
37 4190
38 4189
39 4188
40 4187
41 4186
42 4185
43 4184
44 4183
45 4182
46 4181
47 4180
48 4179
49 4159
50 4158
51 4157
52 4156
53 4155
54 4154
55 4153
56 4152
57 4151
58 4150
59 4149
60 4148
61 4147
62 4146
63 4145
64 4144
65 4014
66 4013
67 4012
68 4011
69 4010
70 4009
71 4008
72 4007
73 4006
74 4005
75 4004
76 4003
77 4002
78 4001
79 4000
80 3999
81 3998
82 3997
83 3996
84 3995
85 3994
86 3993
87 3992
88 3991
89 3990
90 3989
91 3988
92 3987
93 2569
94 2568
95 2567
96 2566
97 2565
98 2564
99 2563
100 2562
101 2561
102 2560
103 3932
104 3931
105 3930
106 3929
107 3928
108 3927
109 3926
110 3925
111 3924
112 3923
113 3922
114 3921
115 3920
116 3919
117 3918
118 3757
119 3756
120 3755
121 3754
122 3753
123 3752
124 3751
125 3750
126 3749
127 3748
128 3747
129 3746
130 3745
131 3744
132 3743
133 3742
134 3741
135 3740
136 3801
137 3800
138 3799
139 3798
140 3797
141 3796
142 3795
143 3794
144 3793
145 3792
146 3791
147 3790
148 3789
149 3367
150 3366
151 3365
152 3364
153 3363
154 3362
155 3361
156 3360
157 3552
158 3551
159 3550
160 3549
161 3548
162 3547
163 3546
164 3545
165 3544
166 3543
167 3542
168 3541
169 3540
170 3539
171 3538
172 3537
173 3536
174 3535
175 3534
176 3533
177 3532
178 3531
179 3530
180 3529
181 3528
182 3527
183 3526
184 3525
185 3524
186 3523
187 3522
188 3521
189 3520
190 3519
191 3272
192 3271
193 3270
194 3269
195 3268
196 3267
197 3266
198 3265
199 3264
200 3263
201 3262
202 3261
203 3260
204 3240
205 3239
206 3238
207 3237
208 3236
209 3235
210 3234
211 3233
212 3134
213 3133
214 3132
215 3131
216 3130
217 3129
218 3128
219 3127
220 3104
221 3103
222 3102
223 3101
224 3100
225 3099
226 3098
227 3097
228 3096
229 3095
230 3094
231 3093
232 3092
233 3091
234 3090
235 3089
236 3088
237 3087
238 3086
239 3085
240 3019
241 3018
242 3017
243 3016
244 3015
245 3014
246 3013
247 3012
248 3011
249 3010
250 3009
251 3008
252 3007
253 3006
254 2865
255 2864
256 2863
257 2862
258 2861
259 2860
260 2859
261 2858
262 2857
263 2856
264 2855
265 2854
266 2853
267 2852
268 2851
269 2850
270 2849
271 2848
272 2847
273 2846
274 2845
275 2809
276 2808
277 2807
278 2806
279 2805
280 2804
281 2803
282 2802
283 2723
284 2722
285 2721
286 2720
287 2719
288 2718
289 2717
290 2716
291 2715
292 2714
293 2713
294 2712
295 2711
296 2649
297 2648
298 2647
299 2646
300 2645
301 2644
302 2643
303 2642
304 2549
305 2548
306 2547
307 2546
308 2545
309 2544
310 2543
311 2542
312 2541
313 2540
314 2527
315 2526
316 2525
317 2524
318 2523
319 2522
320 2521
321 2520
322 2519
323 2518
324 2517
327 2244
328 2243
329 2242
330 2241
331 2240
332 2239
333 2238
334 2237
335 2236
336 2235
337 2234
338 2233
339 2232
340 2231
341 2664
342 2663
343 2662
344 2661
345 2660
346 2659
347 2658
348 2657
349 2656
350 2655
351 2654
352 2653
353 2652
354 2651
355 2650
356 2710
357 2709
358 2708
359 2707
360 2706
361 2705
362 2704
363 2703
364 2702
365 2701
366 2700
367 2699
368 2698
369 2697
370 2816
371 2815
372 2814
373 2813
374 2812
375 2811
376 2810
377 2844
378 2843
379 2842
380 2841
381 2840
382 2839
383 2838
384 2837
385 2836
386 2877
387 2876
388 2875
389 2874
390 2873
391 2872
392 2871
393 2870
394 2869
395 2868
396 2867
397 2866
398 3005
399 3004
400 3003
401 3002
402 3001
403 3000
404 2999
405 2998
406 2997
407 2996
408 2995
409 2994
410 2993
411 2992
412 2991
413 2990
414 2989
415 2265
416 2264
417 2263
418 2262
419 2261
420 2260
421 2259
422 2258
423 2257
424 2256
425 3149
426 3148
427 3147
428 3146
429 3145
430 3144
431 3143
432 3142
433 3141
434 3140
435 3139
436 3138
437 3137
438 3136
439 3135
440 3232
441 3231
442 3230
443 3229
444 3228
445 3227
446 3226
447 3225
448 3224
449 3223
450 3222
451 3282
452 3281
453 3280
454 3279
455 3278
456 3277
457 3276
458 3275
459 3274
460 3273
461 3518
462 3517
463 3516
464 3515
465 3514
466 3513
467 3512
468 3511
469 3510
470 3509
471 3508
472 3507
473 3506
474 3505
475 3504
476 3503
477 3502
478 3501
479 3500
480 3499
481 3498
482 3497
483 3496
484 3495
485 3494
486 3493
487 3492
488 3382
489 3381
490 3380
491 3379
492 3378
493 3377
494 3376
495 3375
496 3374
497 3373
498 3372
499 3371
500 3370
501 3369
502 3368
503 3788
504 3787
505 3786
506 3785
507 3784
508 3783
509 3782
510 3781
511 3780
512 3779
513 3778
514 3777
515 3776
516 3775
517 3774
518 3773
519 3772
520 3771
521 3770
522 3769
523 3768
524 3767
525 3766
526 3765
527 3764
528 3763
529 3762
530 3761
531 3760
532 3759
533 3758
534 3917
535 3916
536 3915
537 3914
538 3913
539 3912
540 3911
541 3910
542 3660
543 3659
544 3658
545 3657
546 3656
547 3655
548 3654
549 3653
550 3652
551 3651
552 3650
553 3649
554 3648
555 3647
556 3646
557 3645
558 3644
559 3643
560 3642
561 3641
562 3640
563 3639
564 3638
565 3637
566 3636
567 3635
568 3634
569 3633
570 3632
571 3631
572 3630
573 3629
574 3628
575 3627
576 3626
577 3625
578 3624
579 3623
580 4021
581 4020
582 4019
583 4018
584 4017
585 4016
586 4015
587 4143
588 4142
589 4141
590 4140
591 4139
592 4138
593 4137
594 4136
595 4135
596 4134
597 4133
598 4132
599 4131
600 4130
601 4129
602 4128
603 4127
604 4126
605 4206
606 4205
607 4204
608 4203
609 4202
610 4201
611 4200
612 4199
613 4198
614 4197
615 4196
616 4195
617 4194
618 2287
619 2286
620 2285
621 2284
622 2283
623 2282
624 2281
625 2280
626 2279
627 2278
628 2277
629 4382
630 4381
631 4380
632 4379
633 4378
634 4377
635 4376
636 2307
637 2306
638 2305
639 2304
640 2303
641 2302
642 2301
643 2300
644 2299
645 2298
646 2311
647 2310
648 2309
649 2308
652 2316
653 2315
654 2314
655 2313
656 2312
657 2297
658 2296
659 2295
660 2294
661 2293
662 2292
663 2291
664 2290
665 2289
666 2288
667 4375
668 4374
669 4373
670 4372
671 4371
672 4370
673 4369
674 4368
675 4367
676 4366
677 4365
678 4364
679 4363
680 4362
681 4361
682 2406
683 2405
684 2404
685 2403
686 2402
687 2401
688 2400
689 2399
690 2398
691 4216
692 4215
693 4214
694 4213
695 4212
696 4211
697 4210
698 4209
699 4208
700 4207
701 4125
702 4124
703 4123
704 4122
705 4121
706 4120
707 4119
708 4118
709 4117
710 4116
711 4115
712 4114
713 4113
714 4112
715 4111
716 4110
717 4109
718 4108
719 4107
720 4106
721 4105
722 4104
723 4103
724 4028
725 4027
726 4026
727 4025
728 4024
729 4023
730 4022
731 3622
732 3621
733 3620
734 3619
735 3618
736 3617
737 3616
738 3615
739 3614
740 3613
741 3612
742 3611
743 3610
744 3609
745 3608
746 2386
747 2385
748 2384
749 2383
750 2382
751 2381
752 2380
753 2379
754 2378
755 2377
756 2365
757 2364
758 2363
759 2362
760 2361
761 2360
762 2359
763 2358
764 2357
765 2356
766 3668
767 3667
768 3666
769 3665
770 3664
771 3663
772 3662
773 3661
774 3909
775 3908
776 3907
777 3906
778 3905
779 3904
780 3903
781 3902
782 3901
783 3900
784 3899
785 3898
786 3897
787 3896
788 3895
789 3894
790 3893
791 3892
792 3891
793 3890
794 3889
795 3888
796 3887
797 3886
798 3885
799 3884
800 3883
801 3882
802 3881
803 3880
804 3879
805 3878
806 3877
807 3876
808 3875
809 3874
810 3873
811 3872
812 3871
813 3870
814 3869
815 3868
816 3867
817 3866
818 3865
819 3399
820 3398
821 3397
822 3396
823 3395
824 3394
825 3393
826 3392
827 3391
828 3390
829 3389
830 3388
831 3387
832 3386
833 3385
834 3384
835 3383
836 3491
837 3490
838 3489
839 3488
840 3487
841 3486
842 3485
843 3484
844 3483
845 3482
846 3481
847 3480
848 3479
849 3478
850 2345
851 2344
852 2343
853 2342
854 2341
855 2340
856 2339
857 2338
858 2337
859 2325
860 2324
861 2323
862 2322
863 2321
864 2320
865 2319
866 2318
867 2317
868 3293
869 3292
870 3291
871 3290
872 3289
873 3288
874 3287
875 3286
876 3285
877 3284
878 3283
879 3221
880 3220
881 3219
882 3218
883 3217
884 3216
885 3215
886 3214
887 3213
888 3212
889 3211
890 3210
891 3209
892 3166
893 3165
894 3164
895 3163
896 3162
897 3161
898 3160
899 3159
900 3158
901 3157
902 3156
903 3155
904 3154
905 3153
906 3152
907 3151
908 3150
909 2255
910 2254
911 2253
912 2252
913 2251
914 2250
915 2249
916 2248
917 2247
918 2246
919 2245
920 2988
921 2987
922 2986
923 2985
924 2984
925 2983
926 2982
927 2981
928 2980
929 2979
930 2978
931 2977
932 2976
933 2897
934 2896
935 2895
936 2894
937 2893
938 2892
939 2891
940 2890
941 2889
942 2888
943 2887
944 2886
945 2885
946 2884
947 2883
948 2882
949 2881
950 2880
951 2879
952 2878
953 2835
954 2834
955 2833
956 2832
957 2831
958 2830
959 2829
960 2828
961 2827
962 2826
963 2825
964 2824
965 2823
966 2822
967 2821
968 2820
969 2819
970 2818
971 2817
972 2696
973 2695
974 2694
975 2693
976 2692
977 2691
978 2690
979 2689
980 2688
981 2687
982 2686
983 2685
984 2684
985 2683
986 2682
987 2681
988 2680
989 2679
990 2678
991 2677
992 2676
993 2675
994 2674
995 2673
996 2672
997 2671
998 2670
999 2669
1000 2668
1001 2667
1002 2666
1003 2665
1004 2230
1005 2229
1006 2228
1007 2227
1008 2226
1009 2225
1010 2224
1011 2223
1012 2222
1013 2221
1014 2220
1015 2219
1016 2218
1017 2217
1018 2216
1021 2474
1022 2473
1023 2472
1024 2471
1025 2470
1026 2469
1027 2468
1028 2467
1029 2466
1030 2465
1031 2464
1032 1033
1034 2461
1035 2460
1036 2459
1037 2458
1038 2457
1039 2456
1040 2455
1041 2454
1042 2453
1043 2452
1044 1045
1046 2449
1047 2448
1048 2447
1049 2446
1050 2619
1051 2618
1052 2617
1053 2616
1054 2615
1055 2614
1056 1057
1058 2611
1059 2610
1060 2609
1061 2608
1062 2607
1063 2606
1064 2605
1065 2604
1066 1067
1068 2601
1069 2600
1070 2599
1071 2773
1072 2772
1073 2771
1074 2770
1075 2769
1076 2768
1077 1078
1079 2765
1080 2764
1081 2763
1082 2762
1083 2761
1084 2760
1085 1086
1087 2757
1088 2756
1089 2755
1090 2754
1091 2753
1092 2494
1093 1094
1095 2491
1096 2490
1097 2489
1098 2488
1099 2487
1100 1101
1102 2912
1103 2911
1104 2910
1105 2909
1106 2908
1107 2907
1108 1109
1110 2904
1111 2903
1112 2902
1113 2901
1114 2900
1115 1116
1117 2975
1118 2974
1119 2973
1120 2972
1121 2971
1122 2970
1123 2969
1124 2968
1125 2967
1126 2966
1127 2965
1128 1129
1130 2962
1131 2961
1132 2960
1133 2959
1134 3062
1135 3061
1136 1137
1138 3058
1139 3057
1140 3056
1141 3055
1142 3054
1143 3053
1144 3052
1145 1146
1147 3049
1148 3048
1149 3047
1150 3046
1151 3045
1152 3044
1153 1154
1155 3174
1156 3173
1157 3172
1158 3171
1159 3170
1160 3169
1161 1162
1163 3208
1164 3207
1165 3206
1166 3205
1167 3204
1168 3203
1169 3202
1170 1171
1172 3199
1173 3198
1174 3197
1175 3196
1176 3306
1177 3305
1178 3304
1179 3303
1180 3302
1181 1182
1183 3299
1184 3298
1185 3297
1186 3296
1187 3295
1188 3294
1189 1190
1191 2334
1192 2333
1193 2332
1194 2331
1195 2330
1196 2329
1197 2328
1198 1199
1200 2355
1201 2354
1202 2353
1203 2352
1204 2351
1205 2350
1206 1207
1208 2347
1209 2346
1210 3477
1211 3476
1212 3475
1213 3474
1214 3473
1215 1216
1217 3470
1218 3426
1219 3425
1220 3424
1221 3423
1222 3422
1223 1224
1225 3419
1226 3418
1227 3417
1228 3416
1229 3415
1230 3414
1231 3413
1232 3412
1233 1234
1235 3409
1236 3408
1237 3407
1238 3406
1239 3405
1240 3404
1241 3403
1242 1243
1244 3400
1245 3864
1246 3863
1247 3862
1248 3861
1249 3860
1250 1251
1252 3857
1253 3856
1254 3855
1255 3854
1256 3853
1257 3852
1258 3851
1259 1260
1261 3848
1262 3847
1263 3846
1264 3845
1265 3844
1266 3843
1267 1268
1269 3840
1270 2516
1271 2515
1272 2514
1273 2513
1274 2512
1275 2511
1276 1277
1278 2508
1279 2507
1280 2506
1281 3692
1282 3691
1283 3690
1284 3689
1285 1286
1287 3686
1288 3685
1289 3684
1290 3683
1291 3682
1292 3681
1293 3680
1294 1295
1296 3677
1297 3676
1298 3675
1299 3674
1300 3673
1301 3672
1302 1303
1304 3669
1305 2376
1306 2375
1307 2374
1308 2373
1309 2372
1310 1311
1312 2369
1313 2368
1314 2367
1315 2366
1316 2397
1317 2396
1318 1319
1320 2393
1321 2392
1322 2391
1323 2390
1324 2389
1325 2388
1326 2387
1327 1328
1329 3605
1330 3604
1331 3603
1332 3602
1333 3601
1334 3600
1335 3599
1336 3598
1337 1338
1339 3595
1340 3594
1341 3593
1342 3592
1343 3591
1344 4036
1345 1346
1347 4033
1348 4032
1349 4031
1350 4030
1351 4029
1352 1353
1354 4100
1355 4099
1356 4098
1357 4097
1358 4096
1359 4095
1360 1361
1362 4092
1363 4091
1364 4090
1365 4240
1366 4239
1367 4238
1368 1369
1370 4235
1371 4234
1372 4233
1373 4232
1374 4231
1375 4230
1376 1377
1378 4227
1379 4226
1380 4225
1381 4224
1382 4223
1383 4222
1384 4221
1385 4220
1386 4219
1387 4218
1388 4217
1389 2416
1390 2415
1391 2414
1392 1393
1394 2411
1395 2410
1396 2409
1397 2408
1398 2407
1399 4360
1400 4359
1401 4358
1402 4357
1403 4356
1404 1405
1406 4308
1407 4307
1408 4306
1409 4305
1410 4304
1411 4303
1412 4302
1413 4301
1414 4300
1415 4299
1416 4298
1417 1418
1419 4295
1420 4294
1421 4293
1422 4292
1423 4291
1424 4290
1425 4289
1426 4288
1427 4287
1428 4286
1429 1430
1431 4283
1434 4419
1435 4418
1436 4417
1437 4416
1438 1439
1440 4413
1441 4412
1442 4411
1443 4410
1444 4409
1445 4408
1446 4407
1447 4406
1448 4405
1449 4404
1450 4403
1451 1452
1453 4315
1454 4314
1455 4313
1456 4312
1457 4311
1458 4310
1459 4309
1460 4353
1461 4352
1462 4351
1463 1464
1465 4348
1466 4347
1467 4346
1468 4345
1469 4344
1470 4343
1471 4342
1472 4341
1473 1474
1475 4267
1476 4266
1477 4265
1478 4264
1479 4263
1480 4262
1481 4261
1482 4260
1483 4259
1484 1485
1486 4256
1487 4255
1488 4254
1489 4253
1490 4252
1491 4251
1492 1493
1494 4248
1495 4247
1496 4246
1497 4245
1498 4244
1499 4243
1500 1501
1502 4178
1503 4177
1504 4176
1505 4175
1506 4174
1507 1508
1509 4050
1510 4049
1511 4048
1512 4047
1513 4046
1514 1515
1516 4043
1517 4042
1518 4041
1519 4040
1520 4039
1521 1522
1523 3986
1524 3985
1525 3984
1526 3983
1527 3982
1528 3981
1529 1530
1531 3978
1532 3977
1533 3976
1534 3975
1535 3974
1536 3973
1537 3972
1538 3971
1539 3970
1540 3969
1541 3968
1542 1543
1544 3965
1545 3964
1546 3963
1547 3962
1548 3961
1549 1550
1551 3958
1552 3957
1553 3956
1554 3955
1555 3954
1556 3953
1557 1558
1559 3950
1560 3949
1561 3948
1562 3947
1563 3946
1564 3945
1565 1566
1567 3942
1568 3941
1569 3940
1570 3708
1571 3707
1572 3706
1573 1574
1575 3703
1576 3702
1577 3701
1578 3700
1579 3699
1580 1581
1582 3696
1583 3695
1584 3694
1585 3693
1586 2505
1587 2504
1588 2503
1589 2502
1590 2501
1591 2500
1592 2499
1593 2498
1594 1595
1596 2495
1597 3839
1598 3838
1599 3837
1600 3836
1601 3835
1602 1603
1604 3832
1605 3831
1606 3830
1607 3829
1608 3828
1609 1610
1611 3825
1612 3824
1613 3823
1614 3822
1615 3821
1616 3820
1617 1618
1619 3817
1620 3816
1621 3580
1622 3579
1623 3578
1624 3577
1625 1626
1627 3574
1628 3573
1629 3572
1630 3571
1631 3570
1632 3569
1633 1634
1635 3566
1636 3565
1637 3564
1638 3563
1639 3562
1640 3561
1641 3434
1642 3433
1643 3432
1644 3431
1645 3430
1646 1647
1648 3427
1649 3469
1650 3468
1651 3467
1652 3466
1653 3465
1654 1655
1656 3462
1657 3461
1658 3460
1659 3459
1660 3458
1661 3457
1662 1663
1664 3333
1665 3332
1666 3331
1667 3330
1668 3329
1669 1670
1671 3326
1672 3325
1673 3324
1674 3323
1675 3322
1676 3321
1677 1678
1679 3318
1680 3317
1681 3316
1682 3315
1683 3314
1684 3313
1685 1686
1687 3310
1688 3309
1689 3308
1690 3307
1691 3259
1692 3258
1693 3257
1694 3256
1695 3255
1696 3254
1697 3253
1698 1699
1700 3250
1701 3249
1702 3184
1703 3183
1704 3182
1705 3181
1706 1707
1708 3178
1709 3177
1710 3176
1711 3175
1712 3126
1713 3125
1714 1715
1716 3122
1717 3121
1718 3120
1719 3119
1720 3118
1721 3117
1722 1723
1724 3114
1725 3070
1726 3069
1727 3068
1728 3067
1729 1730
1731 3064
1732 3063
1733 3041
1734 3040
1735 3039
1736 3038
1737 1738
1739 3035
1740 3034
1741 3033
1742 3032
1743 3031
1744 3030
1745 3029
1746 3028
1747 3027
1748 2929
1749 2928
1750 2927
1751 1752
1753 2924
1754 2923
1755 2922
1756 2921
1757 2920
1758 1759
1760 2917
1761 2916
1762 2915
1763 2914
1764 2913
1765 2484
1766 1767
1768 2481
1769 2480
1770 2479
1771 2478
1772 2477
1773 1774
1775 2752
1776 2751
1777 2750
1778 2749
1779 2748
1780 2747
1781 1782
1783 2786
1784 2785
1785 2784
1786 2783
1787 2782
1788 1789
1790 2779
1791 2778
1792 2777
1793 2776
1794 2775
1795 2774
1796 2746
1797 2745
1798 2744
1799 1800
1801 2741
1802 2740
1803 2739
1804 2738
1805 2737
1806 2736
1807 2735
1808 2628
1809 1810
1811 2625
1812 2624
1813 2623
1814 2622
1815 2621
1816 2620
1817 2445
1818 2444
1819 2443
1820 2442
1821 1822
1823 2439
1824 2438
1825 2437
1826 2436
1827 2435
1828 2434
1829 2433
1830 2432
1831 2431
1832 2430
1833 1834
1835 2427
1836 2426
1837 2425
1838 2424
1839 2423
1840 2422
1841 2421
1842 2420
1843 2419
1844 2418
1845 2417
1848 2539
1849 2538
1850 2537
1851 2536
1852 2535
1853 2534
1854 2533
1855 2532
1856 2531
1857 2530
1858 2529
1859 2528
1860 2559
1861 2558
1862 2557
1863 2556
1864 2555
1865 2554
1866 2553
1867 2552
1868 2551
1869 2550
1870 2641
1871 2640
1872 2639
1873 2638
1874 2637
1875 2636
1876 2635
1877 2634
1878 2633
1879 2632
1880 2631
1881 2630
1882 2629
1883 2734
1884 2733
1885 2732
1886 2731
1887 2730
1888 2729
1889 2728
1890 2727
1891 2726
1892 2725
1893 2724
1894 2801
1895 2800
1896 2799
1897 2798
1898 2797
1899 2796
1900 2795
1901 2794
1902 2793
1903 2792
1904 2791
1905 2790
1906 2789
1907 2958
1908 2957
1909 2956
1910 2955
1911 2954
1912 2953
1913 2952
1914 2951
1915 2950
1916 2949
1917 2948
1918 2947
1919 2946
1920 2945
1921 2944
1922 2943
1923 2942
1924 2941
1925 2940
1926 2939
1927 2938
1928 2937
1929 2936
1930 2935
1931 2934
1932 2933
1933 2932
1934 2931
1935 2930
1936 3026
1937 3025
1938 3024
1939 3023
1940 3022
1941 3021
1942 3020
1943 3084
1944 3083
1945 3082
1946 3081
1947 3080
1948 3079
1949 3078
1950 3077
1951 3076
1952 3075
1953 3074
1954 3073
1955 3072
1956 3071
1957 3113
1958 3112
1959 3111
1960 3110
1961 3109
1962 3108
1963 3107
1964 3106
1965 3105
1966 3195
1967 3194
1968 3193
1969 3192
1970 3191
1971 3190
1972 3189
1973 3188
1974 3187
1975 3186
1976 3185
1977 3248
1978 3247
1979 3246
1980 3245
1981 3244
1982 3243
1983 3242
1984 3241
1985 3359
1986 3358
1987 3357
1988 3356
1989 3355
1990 3354
1991 3353
1992 3352
1993 3351
1994 3350
1995 3349
1996 3348
1997 3347
1998 3346
1999 3345
2000 3344
2001 3343
2002 3342
2003 3341
2004 3340
2005 3339
2006 3338
2007 3337
2008 3336
2009 3335
2010 3334
2011 3454
2012 3453
2013 3452
2014 3451
2015 3450
2016 3449
2017 3448
2018 3447
2019 3446
2020 3445
2021 3444
2022 3443
2023 3442
2024 3441
2025 3440
2026 3439
2027 3438
2028 3437
2029 3436
2030 3435
2031 3560
2032 3559
2033 3558
2034 3557
2035 3556
2036 3555
2037 3554
2038 3553
2039 3590
2040 3589
2041 3588
2042 3587
2043 3586
2044 3585
2045 3584
2046 3583
2047 3582
2048 3581
2049 3815
2050 3814
2051 3813
2052 3812
2053 3811
2054 3810
2055 3809
2056 3808
2057 3807
2058 3806
2059 3805
2060 3804
2061 3803
2062 3802
2063 3739
2064 3738
2065 3737
2066 3736
2067 3735
2068 3734
2069 3733
2070 3732
2071 3731
2072 3730
2073 3729
2074 3728
2075 3727
2076 3726
2077 3725
2078 3724
2079 3723
2080 3722
2081 3721
2082 3720
2083 3719
2084 3718
2085 3717
2086 3716
2087 3715
2088 3714
2089 3713
2090 3712
2091 3711
2092 3710
2093 3709
2094 3939
2095 3938
2096 3937
2097 3936
2098 3935
2099 3934
2100 3933
2101 2580
2102 2579
2103 2578
2104 2577
2105 2576
2106 2575
2107 2574
2108 2573
2109 2572
2110 2571
2111 2570
2112 4089
2113 4088
2114 4087
2115 4086
2116 4085
2117 4084
2118 4083
2119 4082
2120 4081
2121 4080
2122 4079
2123 4078
2124 4077
2125 4076
2126 4075
2127 4074
2128 4073
2129 4072
2130 4071
2131 4070
2132 4069
2133 4068
2134 4067
2135 4066
2136 4065
2137 4064
2138 4063
2139 4062
2140 4061
2141 4060
2142 4059
2143 4058
2144 4057
2145 4056
2146 4055
2147 4054
2148 4053
2149 4173
2150 4172
2151 4171
2152 4170
2153 4169
2154 4168
2155 4167
2156 4166
2157 4165
2158 4164
2159 4163
2160 4162
2161 4161
2162 4160
2163 4282
2164 4281
2165 4280
2166 4279
2167 4278
2168 4277
2169 4276
2170 4275
2171 4274
2172 4273
2173 4272
2174 4271
2175 4270
2176 4269
2177 4268
2178 4338
2179 4337
2180 4336
2181 4335
2182 4334
2183 4333
2184 4332
2185 4331
2186 4330
2187 4329
2188 4328
2189 4327
2190 4326
2191 4325
2192 4324
2193 4323
2194 4322
2195 4321
2196 4320
2197 4319
2198 4318
2199 4402
2200 4401
2201 4400
2202 4399
2203 4398
2204 4397
2205 4396
2206 2589
2207 2588
2208 2587
2209 2586
2210 2585
2211 2584
2212 2583
2213 2582
2214 2581
