1 2560
2 2559
3 2558
4 2557
5 2556
6 2555
7 2554
8 2553
9 2552
10 2551
11 2550
12 2549
13 2548
14 2547
15 2428
16 2427
17 2426
18 2425
19 2424
20 2423
21 2422
22 2421
23 2420
24 2419
25 2418
26 2417
27 2416
28 2464
29 2463
30 2462
31 2461
32 2460
33 2459
34 2458
35 2457
36 2456
37 2455
38 2454
39 2453
40 4351
41 4350
42 4349
43 4348
44 4347
45 4346
46 4345
47 4344
48 4343
49 4311
50 4310
51 4309
52 4308
53 4307
54 4306
55 4305
56 4304
57 4303
58 4302
59 4301
60 4300
61 4299
62 4298
63 4297
64 4296
65 4295
66 4294
67 4293
68 4292
69 4291
70 4290
71 4289
72 4288
73 4287
74 4286
75 4285
76 4284
77 4283
78 4282
79 4281
80 4280
81 4279
82 4278
83 4277
84 4276
85 4275
86 4274
87 4273
88 4272
89 4271
90 4270
91 4269
92 4268
93 3837
94 3836
95 3835
96 3834
97 3833
98 3832
99 3831
100 3830
101 3829
102 4011
103 4010
104 4009
105 4008
106 4007
107 4006
108 4005
109 4004
110 4003
111 4002
112 4001
113 4000
114 3999
115 3998
116 3997
117 3996
118 3995
119 3994
120 3993
121 3992
122 3991
123 3990
124 3989
125 3988
126 3987
127 3986
128 3985
129 3984
130 3983
131 3982
132 3981
133 3980
134 3979
135 3978
136 3977
137 3976
138 3975
139 3974
140 3973
141 3972
142 3971
143 3970
144 3969
145 3968
146 2253
147 2252
148 2251
149 2250
150 2249
151 2248
152 2247
153 2246
154 2245
155 2244
156 2243
157 2242
158 2241
159 2240
160 2239
161 2238
162 2237
163 2236
164 2235
165 2234
166 2233
167 3594
168 3593
169 3592
170 3591
171 3590
172 3589
173 3588
174 3587
175 3671
176 3670
177 3669
178 3668
179 3667
180 3666
181 3665
182 3664
183 3663
184 3662
185 3661
186 3660
187 3659
188 3658
189 3497
190 3496
191 3495
192 3494
193 3493
194 3492
195 3491
196 3490
197 3489
198 3488
199 3487
200 3486
201 3485
202 3484
203 3468
204 3467
205 3466
206 3465
207 3464
208 3463
209 3462
210 3237
211 3236
212 3235
213 3234
214 3233
215 3232
216 3231
217 3230
218 3270
219 3269
220 3268
221 3267
222 3266
223 3265
224 3264
225 3263
226 3262
227 3261
228 3260
229 3259
230 3258
231 3343
232 3342
233 3341
234 3340
235 3339
236 3338
237 3337
238 3207
239 3206
240 3205
241 3204
242 3203
243 3202
244 3201
245 3200
246 3199
247 3198
248 3197
249 3196
250 3195
251 3194
252 2946
253 2945
254 2944
255 2943
256 2942
257 2941
258 2940
259 2939
260 2938
261 2937
262 2936
263 2935
264 2934
265 2975
266 2974
267 2973
268 2972
269 2971
270 2970
271 2969
272 2968
273 3001
274 3000
275 2999
276 2998
277 2997
278 2996
279 2995
280 2994
281 2908
282 2907
283 2906
284 2905
285 2904
286 2903
287 2902
288 2901
289 2900
290 2899
291 2898
292 2897
293 2896
294 2895
295 2894
296 2893
297 2892
298 2891
299 2890
300 2889
301 2888
302 2824
303 2823
304 2822
305 2821
306 2820
307 2819
308 2818
309 2817
310 2816
311 2815
312 2814
313 2813
314 2223
315 2222
316 2221
317 2220
318 2219
319 2218
320 2217
321 2216
322 2215
325 2232
326 2231
327 2230
328 2229
329 2228
330 2227
331 2226
332 2225
333 2224
334 2812
335 2811
336 2810
337 2809
338 2808
339 2807
340 2806
341 2805
342 2804
343 2803
344 2802
345 2801
346 2800
347 2799
348 2798
349 3027
350 3026
351 3025
352 3024
353 3023
354 3022
355 3021
356 3020
357 3019
358 3018
359 3017
360 3016
361 3015
362 3014
363 3013
364 3012
365 3011
366 3010
367 3009
368 3008
369 3007
370 3006
371 3005
372 3004
373 3003
374 3002
375 2967
376 2966
377 2965
378 2964
379 2963
380 2962
381 2961
382 2960
383 2959
384 2958
385 2957
386 2956
387 2955
388 2954
389 2953
390 2952
391 2951
392 2950
393 2949
394 2948
395 2947
396 3193
397 3192
398 3191
399 3190
400 3189
401 3188
402 3187
403 3357
404 3356
405 3355
406 3354
407 3353
408 3352
409 3351
410 3350
411 3349
412 3348
413 3347
414 3346
415 3345
416 3344
417 3257
418 3256
419 3255
420 3254
421 3253
422 3252
423 3251
424 3250
425 3249
426 3248
427 3247
428 3246
429 3245
430 3244
431 3243
432 3242
433 3241
434 3240
435 3239
436 3238
437 3461
438 3460
439 3459
440 3458
441 3457
442 3456
443 3455
444 3454
445 3453
446 3452
447 3508
448 3507
449 3506
450 3505
451 3504
452 3503
453 3502
454 3501
455 3500
456 3499
457 3498
458 3657
459 3656
460 3655
461 3654
462 3653
463 3652
464 3651
465 3609
466 3608
467 3607
468 3606
469 3605
470 3604
471 3603
472 3602
473 3601
474 3600
475 3599
476 3598
477 3597
478 3596
479 3595
480 2273
481 2272
482 2271
483 2270
484 2269
485 2268
486 2267
487 2266
488 2265
489 2264
490 2263
491 2262
492 2261
493 2260
494 2259
495 2258
496 2257
497 2256
498 2255
499 2254
500 3967
501 3966
502 3965
503 3964
504 3963
505 3962
506 3961
507 3960
508 3959
509 2295
510 2294
511 2293
512 2292
513 2291
514 2290
515 2289
516 2288
517 2287
518 2286
519 2314
520 2313
521 2312
522 2311
523 2310
524 2309
525 2308
526 2307
527 2306
528 3861
529 3860
530 3859
531 3858
532 3857
533 3856
534 3855
535 3854
536 3853
537 3852
538 3851
539 3850
540 3849
541 3848
542 3847
543 3846
544 3845
545 3844
546 3843
547 3842
548 3841
549 3840
550 3839
551 3838
552 4267
553 4266
554 4265
555 4264
556 4263
557 4262
558 4261
559 4260
560 4259
561 4258
562 4257
563 4256
564 4255
565 4254
566 4253
567 4252
568 4251
569 4250
570 4249
571 4248
572 2333
573 2332
574 2331
575 2330
576 2329
577 2328
578 2327
579 2326
580 2325
581 2353
582 2352
583 2351
584 2350
585 2349
586 2348
587 2347
588 2346
589 2345
590 4364
591 4363
592 4362
593 4361
594 4360
595 4359
596 4358
597 4357
598 4356
599 4355
600 4354
601 4353
602 4352
603 2452
604 2451
605 2450
606 2449
607 2448
608 2447
609 2446
610 2445
611 2444
612 2443
613 2442
614 2441
615 2440
616 2439
617 2438
618 2437
619 2436
620 2435
621 2434
622 2433
623 2432
624 2431
625 2430
626 2429
627 2546
628 2545
629 2544
630 2543
631 2542
632 2541
633 2540
634 2539
635 2538
636 2566
637 2565
638 2564
639 2563
640 2562
641 2561
644 2572
645 2571
646 2570
647 2569
648 2568
649 2567
650 2537
651 2536
652 2535
653 2534
654 2533
655 2532
656 2531
657 2530
658 2529
659 2528
660 2527
661 2526
662 2525
663 2524
664 2523
665 2522
666 2521
667 2520
668 2519
669 2518
670 2517
671 2516
672 2515
673 2514
674 2513
675 2647
676 2646
677 2645
678 2644
679 2643
680 2642
681 2641
682 2640
683 2639
684 2638
685 2626
686 2625
687 2624
688 2623
689 2622
690 2621
691 2620
692 2619
693 2618
694 2617
695 4371
696 4370
697 4369
698 4368
699 4367
700 4366
701 4365
702 2344
703 2343
704 2342
705 2341
706 2340
707 2339
708 2338
709 2337
710 2336
711 2335
712 2334
713 2324
714 2323
715 2322
716 2321
717 2320
718 2319
719 2318
720 2317
721 2316
722 2315
723 4247
724 4246
725 4245
726 4244
727 4243
728 4242
729 4241
730 4240
731 4239
732 4238
733 4237
734 4236
735 4235
736 4234
737 4233
738 4100
739 4099
740 4098
741 4097
742 4096
743 4095
744 4094
745 4093
746 4092
747 4091
748 4090
749 4089
750 4088
751 4087
752 4086
753 4085
754 4084
755 4083
756 4082
757 4081
758 2605
759 2604
760 2603
761 2602
762 2601
763 2600
764 2599
765 2598
766 2597
767 2596
768 3869
769 3868
770 3867
771 3866
772 3865
773 3864
774 3863
775 3862
776 2305
777 2304
778 2303
779 2302
780 2301
781 2300
782 2299
783 2298
784 2297
785 2296
786 2285
787 2284
788 2283
789 2282
790 2281
791 2280
792 2279
793 2278
794 2277
795 2276
796 2275
797 2274
798 3958
799 3957
800 3956
801 3955
802 3954
803 3953
804 3952
805 3951
806 3950
807 3949
808 3948
809 3947
810 3946
811 3749
812 3748
813 3747
814 3746
815 3745
816 3744
817 3743
818 3742
819 3741
820 3740
821 3739
822 3738
823 3737
824 3736
825 3735
826 3734
827 3733
828 3732
829 3731
830 3730
831 3729
832 3728
833 3727
834 3726
835 3725
836 3724
837 3723
838 3722
839 3721
840 3720
841 3719
842 3616
843 3615
844 3614
845 3613
846 3612
847 3611
848 3610
849 3650
850 3649
851 3648
852 3647
853 3646
854 3645
855 3644
856 3643
857 3642
858 3641
859 3640
860 3639
861 3518
862 3517
863 3516
864 3515
865 3514
866 3513
867 3512
868 3511
869 3510
870 3509
871 3451
872 3450
873 3449
874 3448
875 3447
876 3446
877 3445
878 3444
879 3443
880 3399
881 3398
882 3397
883 3396
884 3395
885 3394
886 3393
887 3392
888 3391
889 3390
890 3389
891 3388
892 3387
893 3386
894 3385
895 3384
896 3383
897 3382
898 3381
899 3380
900 3379
901 3378
902 3377
903 3376
904 3375
905 3374
906 3373
907 3372
908 3371
909 3370
910 3369
911 3368
912 3367
913 3366
914 3365
915 3364
916 3363
917 3362
918 3361
919 3360
920 3359
921 3358
922 3186
923 3185
924 3184
925 3183
926 3182
927 3181
928 3180
929 3179
930 3178
931 3177
932 3176
933 3175
934 3174
935 3077
936 3076
937 3075
938 3074
939 3073
940 3072
941 3071
942 3070
943 3069
944 3068
945 3067
946 3066
947 3065
948 3064
949 3063
950 3062
951 3061
952 3060
953 3059
954 3058
955 3057
956 3056
957 3055
958 3054
959 3053
960 3052
961 3051
962 3050
963 3049
964 3048
965 3047
966 3046
967 3045
968 3044
969 3043
970 3042
971 3041
972 3040
973 3039
974 3038
975 3037
976 3036
977 3035
978 3034
979 3033
980 3032
981 3031
982 3030
983 3029
984 3028
985 2797
986 2796
987 2795
988 2794
989 2793
990 2792
991 2791
992 2790
993 2789
994 2788
995 2787
996 2786
997 2785
998 2784
999 2783
1000 2583
1001 2582
1002 2581
1003 2580
1004 2579
1005 2578
1006 2577
1007 2576
1008 2575
1009 2574
1010 2573
1013 2595
1014 2594
1015 2593
1016 2592
1017 2591
1018 2590
1019 2589
1020 2588
1021 2587
1022 2586
1023 1024
1025 2782
1026 2781
1027 2780
1028 2779
1029 2778
1030 2777
1031 2776
1032 2775
1033 2774
1034 1035
1036 2771
1037 2770
1038 2769
1039 2768
1040 2767
1041 2766
1042 2868
1043 2867
1044 2866
1045 1046
1047 2863
1048 2862
1049 2861
1050 2860
1051 2859
1052 2858
1053 2857
1054 2856
1055 1056
1057 2853
1058 2852
1059 2851
1060 2850
1061 2849
1062 2848
1063 2678
1064 2677
1065 2676
1066 2675
1067 2674
1068 1069
1070 2671
1071 2670
1072 2669
1073 2698
1074 2697
1075 2696
1076 1077
1078 2693
1079 2692
1080 2691
1081 2690
1082 2689
1083 1084
1085 3089
1086 3088
1087 3087
1088 3086
1089 3085
1090 1091
1092 3082
1093 3081
1094 3080
1095 3079
1096 3078
1097 1098
1099 3171
1100 3170
1101 3169
1102 3168
1103 3167
1104 1105
1106 3164
1107 3163
1108 3162
1109 3161
1110 3160
1111 1112
1113 3157
1114 3156
1115 3155
1116 3154
1117 3153
1118 3152
1119 3151
1120 3150
1121 1122
1123 3147
1124 3146
1125 3145
1126 3316
1127 3315
1128 1129
1130 3312
1131 3311
1132 3310
1133 3309
1134 3308
1135 3307
1136 1137
1138 3304
1139 3303
1140 3302
1141 3301
1142 3300
1143 3299
1144 1145
1146 3296
1147 3413
1148 3412
1149 3411
1150 3410
1151 3409
1152 1153
1154 3406
1155 3405
1156 3404
1157 3403
1158 3402
1159 1160
1161 3442
1162 3441
1163 3440
1164 3439
1165 3438
1166 3437
1167 3532
1168 3531
1169 3530
1170 3529
1171 3528
1172 3527
1173 1174
1175 3524
1176 3523
1177 3522
1178 3521
1179 3520
1180 3519
1181 1182
1183 3636
1184 3635
1185 3634
1186 3633
1187 3632
1188 3631
1189 1190
1191 3628
1192 3627
1193 3626
1194 3625
1195 3624
1196 3623
1197 1198
1199 3620
1200 3619
1201 3618
1202 3617
1203 3718
1204 3717
1205 1206
1207 3714
1208 3713
1209 3712
1210 3711
1211 3710
1212 3709
1213 1214
1215 3706
1216 3705
1217 3704
1218 3703
1219 2718
1220 2717
1221 2716
1222 2715
1223 2714
1224 2713
1225 2712
1226 1227
1228 2709
1229 3758
1230 3757
1231 3756
1232 3755
1233 3754
1234 1235
1236 3751
1237 3750
1238 3945
1239 3944
1240 3943
1241 3942
1242 1243
1244 3939
1245 3938
1246 3937
1247 3936
1248 3935
1249 1250
1251 2736
1252 2735
1253 2734
1254 2733
1255 2732
1256 2731
1257 1258
1259 2728
1260 3896
1261 3895
1262 3894
1263 3893
1264 3892
1265 1266
1267 3889
1268 3888
1269 3887
1270 3886
1271 3885
1272 3884
1273 3883
1274 3882
1275 3881
1276 3880
1277 3879
1278 1279
1280 3876
1281 3875
1282 3874
1283 3873
1284 3872
1285 1286
1287 2616
1288 2615
1289 2614
1290 2613
1291 2612
1292 2611
1293 1294
1295 2608
1296 2607
1297 2606
1298 4080
1299 4079
1300 4078
1301 1302
1303 4075
1304 4074
1305 4073
1306 4072
1307 4071
1308 4070
1309 1310
1311 4067
1312 4066
1313 4108
1314 4107
1315 4106
1316 1317
1318 4103
1319 4102
1320 4101
1321 4232
1322 4231
1323 4230
1324 4229
1325 4228
1326 4227
1327 4226
1328 4225
1329 1330
1331 4222
1332 4221
1333 4220
1334 4219
1335 4218
1336 4217
1337 1338
1339 4214
1340 4213
1341 4212
1342 4211
1343 4210
1344 1345
1346 4207
1347 4206
1348 4205
1349 4204
1350 4203
1351 1352
1353 4200
1354 4199
1355 4198
1356 4197
1357 4196
1358 1359
1360 4193
1361 4192
1362 4191
1363 4378
1364 4377
1365 4376
1366 1367
1368 4373
1369 4372
1370 2637
1371 2636
1372 2635
1373 2634
1374 1375
1376 2631
1377 2630
1378 2629
1379 2628
1380 2627
1381 2658
1382 2657
1383 2656
1384 2655
1385 1386
1387 2652
1388 2651
1389 2650
1390 2649
1391 2648
1392 2512
1393 2511
1394 2510
1395 2509
1396 1397
1398 2506
1399 2505
1400 2504
1401 2503
1402 2502
1403 2501
1404 2500
1405 2374
1406 2373
1407 2372
1408 1409
1410 2369
1411 2368
1412 2367
1413 2366
1414 2365
1415 2364
1416 2363
1417 2362
1418 2361
1419 2360
1420 1421
1422 2357
1423 2356
1424 2355
1425 2354
1428 4417
1429 4416
1430 4415
1431 4414
1432 4413
1433 2390
1434 2389
1435 2388
1436 1437
1438 2385
1439 2384
1440 2383
1441 2382
1442 2381
1443 2380
1444 2379
1445 2378
1446 2377
1447 1448
1449 2499
1450 2498
1451 2497
1452 2496
1453 2495
1454 2494
1455 2493
1456 2492
1457 2491
1458 1459
1460 2488
1461 2487
1462 2486
1463 2485
1464 2484
1465 2483
1466 2482
1467 2481
1468 1469
1470 2478
1471 2477
1472 2476
1473 4396
1474 4395
1475 4394
1476 4393
1477 4392
1478 4391
1479 4390
1480 4389
1481 4388
1482 1483
1484 4385
1485 4384
1486 4383
1487 4382
1488 4381
1489 1490
1491 4342
1492 4341
1493 4340
1494 4339
1495 4338
1496 1497
1498 4335
1499 4334
1500 4333
1501 4332
1502 4331
1503 1504
1505 4180
1506 4179
1507 4178
1508 4177
1509 4176
1510 1511
1512 4173
1513 4172
1514 4171
1515 4170
1516 1517
1518 4132
1519 4131
1520 4130
1521 4129
1522 4128
1523 1524
1525 4125
1526 4124
1527 4123
1528 4122
1529 4121
1530 4120
1531 4119
1532 4118
1533 1534
1535 4115
1536 4114
1537 4113
1538 4112
1539 4111
1540 1541
1542 4065
1543 4064
1544 4063
1545 4062
1546 4061
1547 1548
1549 4058
1550 4057
1551 4056
1552 4055
1553 4054
1554 1555
1556 4051
1557 4050
1558 4049
1559 4048
1560 4047
1561 4046
1562 1563
1564 4043
1565 4042
1566 4041
1567 4040
1568 4039
1569 1570
1571 4036
1572 4035
1573 4034
1574 4033
1575 4032
1576 1577
1578 3818
1579 3817
1580 3816
1581 3815
1582 3814
1583 3813
1584 3812
1585 3811
1586 1587
1588 3808
1589 3903
1590 3902
1591 3901
1592 3900
1593 1594
1595 3897
1596 2727
1597 2726
1598 2725
1599 2724
1600 1601
1602 2721
1603 2720
1604 2719
1605 3932
1606 3931
1607 1608
1609 3928
1610 3927
1611 3926
1612 3925
1613 3772
1614 3771
1615 1616
1617 3768
1618 3767
1619 3766
1620 3765
1621 3764
1622 1623
1624 3761
1625 3760
1626 3759
1627 2708
1628 2707
1629 1630
1631 2704
1632 2703
1633 2702
1634 2701
1635 2700
1636 2699
1637 3702
1638 3701
1639 1640
1641 3698
1642 3697
1643 3696
1644 3695
1645 3694
1646 1647
1648 3691
1649 3690
1650 3689
1651 3688
1652 3687
1653 3686
1654 1655
1656 3683
1657 3682
1658 3681
1659 3680
1660 3679
1661 1662
1663 3574
1664 3573
1665 3572
1666 3571
1667 3570
1668 1669
1670 3567
1671 3566
1672 3565
1673 3549
1674 3548
1675 1676
1677 3545
1678 3544
1679 3543
1680 3542
1681 3541
1682 1683
1684 3538
1685 3537
1686 3536
1687 3535
1688 3534
1689 3533
1690 3483
1691 3482
1692 1693
1694 3479
1695 3478
1696 3477
1697 3476
1698 3426
1699 3425
1700 1701
1702 3422
1703 3421
1704 3420
1705 3419
1706 3418
1707 1708
1709 3415
1710 3414
1711 3295
1712 3294
1713 3293
1714 1715
1716 3290
1717 3289
1718 3288
1719 3287
1720 3286
1721 1722
1723 3283
1724 3324
1725 3323
1726 3322
1727 3321
1728 1729
1730 3318
1731 3317
1732 3229
1733 3228
1734 3227
1735 3226
1736 1737
1738 3223
1739 3222
1740 3221
1741 3220
1742 3219
1743 3218
1744 3217
1745 3216
1746 1747
1748 3118
1749 3117
1750 3116
1751 3115
1752 3114
1753 1754
1755 3111
1756 3110
1757 3109
1758 3108
1759 3107
1760 1761
1762 3104
1763 3103
1764 3102
1765 3101
1766 3100
1767 1768
1769 3097
1770 3096
1771 3095
1772 3094
1773 1774
1775 2688
1776 2687
1777 2686
1778 2685
1779 2684
1780 2683
1781 1782
1783 2680
1784 2679
1785 2668
1786 2667
1787 2666
1788 1789
1790 2663
1791 2662
1792 2661
1793 2660
1794 2659
1795 2933
1796 2932
1797 2931
1798 2930
1799 2929
1800 2928
1801 1802
1803 2925
1804 2924
1805 2923
1806 2922
1807 2921
1808 2876
1809 2875
1810 1811
1812 2872
1813 2871
1814 2870
1815 2869
1816 2847
1817 2846
1818 2845
1819 2844
1820 2843
1821 1822
1823 2840
1824 2839
1825 2838
1826 2837
1827 2836
1828 2835
1829 2834
1830 2751
1831 2750
1832 2749
1833 1834
1835 2746
1836 2745
1837 2744
1838 2743
1839 2742
1840 2741
1841 2740
1842 2739
1843 2738
1844 2737
1847 2765
1848 2764
1849 2763
1850 2762
1851 2761
1852 2760
1853 2759
1854 2758
1855 2757
1856 2756
1857 2755
1858 2754
1859 2753
1860 2752
1861 2833
1862 2832
1863 2831
1864 2830
1865 2829
1866 2828
1867 2827
1868 2826
1869 2825
1870 2887
1871 2886
1872 2885
1873 2884
1874 2883
1875 2882
1876 2881
1877 2880
1878 2879
1879 2878
1880 2877
1881 2920
1882 2919
1883 2918
1884 2917
1885 2916
1886 2915
1887 2914
1888 2913
1889 2912
1890 2911
1891 2910
1892 2909
1893 2993
1894 2992
1895 2991
1896 2990
1897 2989
1898 2988
1899 2987
1900 2986
1901 2985
1902 2984
1903 2983
1904 2982
1905 2981
1906 2980
1907 2979
1908 2978
1909 2977
1910 2976
1911 3144
1912 3143
1913 3142
1914 3141
1915 3140
1916 3139
1917 3138
1918 3137
1919 3136
1920 3135
1921 3134
1922 3133
1923 3132
1924 3131
1925 3130
1926 3129
1927 3128
1928 3127
1929 3126
1930 3125
1931 3124
1932 3123
1933 3122
1934 3121
1935 3215
1936 3214
1937 3213
1938 3212
1939 3211
1940 3210
1941 3209
1942 3208
1943 3336
1944 3335
1945 3334
1946 3333
1947 3332
1948 3331
1949 3330
1950 3329
1951 3328
1952 3327
1953 3326
1954 3325
1955 3282
1956 3281
1957 3280
1958 3279
1959 3278
1960 3277
1961 3276
1962 3275
1963 3274
1964 3273
1965 3272
1966 3271
1967 3436
1968 3435
1969 3434
1970 3433
1971 3432
1972 3431
1973 3430
1974 3429
1975 3428
1976 3427
1977 3475
1978 3474
1979 3473
1980 3472
1981 3471
1982 3470
1983 3469
1984 3564
1985 3563
1986 3562
1987 3561
1988 3560
1989 3559
1990 3558
1991 3557
1992 3556
1993 3555
1994 3554
1995 3553
1996 3552
1997 3551
1998 3550
1999 3586
2000 3585
2001 3584
2002 3583
2003 3582
2004 3581
2005 3580
2006 3579
2007 3578
2008 3577
2009 3678
2010 3677
2011 3676
2012 3675
2013 3674
2014 3673
2015 3672
2016 3807
2017 3806
2018 3805
2019 3804
2020 3803
2021 3802
2022 3801
2023 3800
2024 3799
2025 3798
2026 3797
2027 3796
2028 3795
2029 3794
2030 3793
2031 3792
2032 3791
2033 3790
2034 3789
2035 3788
2036 3787
2037 3786
2038 3785
2039 3784
2040 3783
2041 3782
2042 3781
2043 3780
2044 3779
2045 3778
2046 3777
2047 3776
2048 3775
2049 3774
2050 3773
2051 3924
2052 3923
2053 3922
2054 3921
2055 3920
2056 3919
2057 3918
2058 3917
2059 3916
2060 3915
2061 3914
2062 3913
2063 3912
2064 3911
2065 3910
2066 3909
2067 3908
2068 3907
2069 3906
2070 3905
2071 3904
2072 3828
2073 3827
2074 3826
2075 3825
2076 3824
2077 3823
2078 3822
2079 3821
2080 3820
2081 3819
2082 4029
2083 4028
2084 4027
2085 4026
2086 4025
2087 4024
2088 4023
2089 4022
2090 4021
2091 4020
2092 4019
2093 4018
2094 4017
2095 4016
2096 4015
2097 4014
2098 4013
2099 4012
2100 4169
2101 4168
2102 4167
2103 4166
2104 4165
2105 4164
2106 4163
2107 4162
2108 4161
2109 4160
2110 4159
2111 4158
2112 4157
2113 4156
2114 4155
2115 4154
2116 4153
2117 4152
2118 4151
2119 4150
2120 4149
2121 4148
2122 4147
2123 4146
2124 4145
2125 4144
2126 4143
2127 4142
2128 4141
2129 4140
2130 4139
2131 4138
2132 4137
2133 4136
2134 4135
2135 4190
2136 4189
2137 4188
2138 4187
2139 4186
2140 4185
2141 4184
2142 4183
2143 4182
2144 4181
2145 4328
2146 4327
2147 4326
2148 4325
2149 4324
2150 4323
2151 4322
2152 4321
2153 4320
2154 4319
2155 4318
2156 4317
2157 4316
2158 4315
2159 4314
2160 4313
2161 4312
2162 4407
2163 4406
2164 4405
2165 4404
2166 4403
2167 4402
2168 4401
2169 4400
2170 4399
2171 4398
2172 4397
2173 2475
2174 2474
2175 2473
2176 2472
2177 2471
2178 2470
2179 2469
2180 2468
2181 2467
2182 2466
2183 2465
2184 2415
2185 2414
2186 2413
2187 2412
2188 2411
2189 2410
2190 2409
2191 2408
2192 2407
2193 2406
2194 2405
2195 2404
2196 2403
2197 2402
2198 2401
2199 2400
2200 2399
2201 2398
2202 2397
2203 2396
2204 2395
2205 2394
2206 2393
2207 2392
2208 2391
2209 4412
2210 4411
2211 4410
2212 4409
2213 4408
