0 3851
1 3850
2 3849
3 3848
4 3847
5 3846
6 3845
7 3844
8 3843
9 3843
10 3841
11 3840
12 3839
13 3838
14 3837
15 3836
16 2192
17 2191
18 2190
19 2189
20 2188
21 2187
22 2186
23 2185
24 2184
25 2183
26 2182
27 2181
28 2180
29 2179
30 2178
31 2177
32 2176
33 2175
34 2174
35 2173
36 2172
37 2171
38 2170
39 2169
40 2168
41 2167
42 4706
43 4705
44 4704
45 4703
46 4703
47 4701
48 4700
49 4699
50 4698
51 4697
52 4696
53 4695
54 4694
55 4693
56 4693
57 4691
58 4690
59 4689
60 4688
61 4687
62 4686
63 4685
64 4684
65 4683
66 4683
67 4681
68 4680
69 4679
70 4678
71 5525
72 5524
73 5523
74 5522
75 5521
76 5520
77 5518
78 5518
79 5517
80 5516
81 5515
82 5514
83 5513
84 5512
85 5511
86 5509
87 5509
88 5508
89 5507
90 5506
91 5505
92 5504
93 5503
94 5502
95 5500
96 5500
97 6411
98 6410
99 6409
100 6408
101 6407
102 6406
103 6404
104 6404
105 6403
106 6402
107 6401
108 6400
109 6399
110 6398
111 6396
112 6396
113 6395
114 6394
115 6393
116 6392
117 6391
118 6390
119 6388
120 6388
121 6387
122 6386
123 6385
124 6384
125 6383
126 6382
127 6380
128 6380
129 6379
130 6378
131 6377
132 6376
133 6375
134 6374
135 6372
136 6372
137 6371
138 6370
139 6369
140 6368
141 6366
142 6366
143 6365
144 6364
145 6363
146 6362
147 6361
149 12763
150 12762
151 12761
152 12760
153 12759
154 12758
155 12757
156 12756
157 12755
158 12754
159 12753
160 12752
161 12751
162 12750
163 12749
164 11039
165 11038
166 11387
167 11386
168 11385
169 11384
170 11383
171 11382
172 11381
173 11380
174 11379
175 11378
176 11377
177 11376
178 11375
179 11374
180 11373
181 11372
182 11371
183 10271
184 10270
185 10269
186 10268
187 10267
188 10266
189 10265
190 10264
191 10263
192 11441
193 11440
194 11439
195 11438
196 11437
197 11436
198 11435
199 11434
200 11433
201 11432
202 11431
203 11430
204 10339
205 10338
206 10337
207 10336
208 10335
209 10334
210 10333
211 10332
212 10331
213 10330
214 10329
215 10328
216 10327
217 10326
218 10325
219 10324
220 10323
221 10322
222 10321
223 10320
224 10319
225 10318
226 12789
227 12788
228 12787
229 12786
230 12785
231 12784
232 12783
233 12782
234 12781
235 12780
236 11451
237 11450
238 11449
239 11448
240 11447
241 11446
242 11445
243 11444
244 11443
245 11442
246 11491
247 11490
248 11489
249 11488
250 11487
251 11486
252 11485
253 11484
254 11483
255 11482
256 11481
257 11480
258 11479
259 11478
260 13064
261 13063
262 13062
263 13061
264 13060
265 13059
266 13058
267 11534
268 11533
269 11532
270 11531
271 11530
272 11529
273 11528
274 11527
275 11526
276 11525
277 11524
278 11523
279 11522
280 11521
281 11520
282 11519
283 11518
284 11517
285 11516
286 11515
287 11514
288 11513
289 10750
290 10749
291 10748
292 10747
293 10746
294 10745
295 10744
296 10743
297 10742
298 10741
299 10740
300 10739
301 10738
302 10737
303 10736
304 10735
305 10734
306 10733
307 10732
308 10731
309 10730
310 10729
311 10728
312 12828
313 12827
314 12826
315 12825
316 12824
317 12823
318 12822
319 12821
320 12820
321 12819
322 12818
323 12584
324 12583
325 12582
326 12581
327 12580
328 12579
329 12578
330 12577
331 12576
332 11707
333 11706
334 11705
335 11704
336 11703
337 11702
338 11701
339 11700
340 11699
341 9494
342 9493
343 9492
344 9491
345 9490
346 9489
347 9488
348 9487
349 9486
350 9485
351 9484
352 9483
353 9482
354 9481
355 9480
356 9479
357 9478
358 9477
359 9476
360 9475
361 12879
362 12878
363 12877
364 12876
365 12875
366 12874
367 12873
368 12872
369 12871
370 12870
371 12869
372 12868
373 12867
374 12900
375 12899
376 12898
377 12897
378 12896
379 12895
380 12894
381 12893
382 12892
383 12891
384 13238
385 13237
386 11758
387 11757
388 11756
389 11755
390 11754
391 11753
392 11752
393 11751
394 11750
395 11749
396 11748
397 11747
398 11746
399 11745
400 11744
401 11743
402 11742
403 11741
404 11740
405 11813
406 11812
407 11811
408 11810
409 11809
410 11808
411 11807
412 11806
413 11805
414 11804
415 11803
416 11802
417 12921
418 12920
419 12919
420 12918
421 12917
422 12916
423 12915
424 12914
425 12913
426 12912
427 12942
428 12941
429 12940
430 12939
431 12938
432 12937
433 12936
434 12935
435 12934
436 12933
437 11888
438 11887
439 11886
440 11885
441 11884
442 11883
443 11882
444 11881
445 11880
446 11879
447 11920
448 11919
449 11918
450 11917
451 11916
452 11915
453 11914
454 11913
455 11912
456 11911
457 12966
458 12965
459 12964
460 12963
461 12962
462 12961
463 12960
464 12959
465 12958
468 11978
469 11977
470 11976
471 11975
472 11974
473 11973
474 11972
475 11971
476 11930
477 11929
478 11928
479 11927
480 11926
481 11925
482 11924
483 11923
484 11922
485 11921
486 11878
487 11877
488 11876
489 11875
490 11874
491 11873
492 11872
493 11871
494 11870
495 11869
496 11868
497 10468
498 10467
499 10466
500 10465
501 10464
502 10463
503 10462
504 10461
505 10460
506 10459
507 10458
508 10457
509 10456
510 10455
511 10454
512 10453
513 10452
514 10451
515 10450
516 12201
517 12200
518 12199
519 12198
520 12197
521 12196
522 11818
523 11817
524 11816
525 11815
526 11814
527 11739
528 11738
529 11737
530 11736
531 11735
532 11734
533 11733
534 11732
535 11731
536 11730
537 11729
538 11728
539 11727
540 11726
541 11725
542 11724
543 11723
544 11722
545 11721
546 11720
547 11719
548 11718
549 11717
550 12843
551 12842
552 12841
553 12840
554 12839
555 12838
556 12837
557 12836
558 12835
559 12834
560 12833
561 12832
562 12831
563 12830
564 12829
565 10449
566 10448
567 10447
568 10446
569 10445
570 10444
571 10443
572 10442
573 10441
574 10440
575 10439
576 10438
577 10437
578 10436
579 10435
580 10434
581 10433
582 9502
583 9501
584 9500
585 9499
586 9498
587 9497
588 9496
589 9495
590 11698
591 11697
592 11696
593 11695
594 11694
595 11693
596 11692
597 11691
598 11690
599 11689
600 11688
601 11687
602 11645
603 11644
604 11643
605 11642
606 11641
607 11640
608 11639
609 11638
610 11637
611 11636
612 11635
613 11634
614 11633
615 11632
616 11631
617 11630
618 11629
619 11628
620 11627
621 11626
622 11625
623 11624
624 11623
625 10803
626 10802
627 10801
628 10800
629 10799
630 10798
631 10797
632 10796
633 10795
634 10758
635 10757
636 10756
637 10755
638 10754
639 10753
640 10752
641 10751
642 11597
643 11596
644 11595
645 11594
646 11593
647 11592
648 11591
649 11590
650 11589
651 11588
652 11587
653 11586
654 11585
655 11542
656 11541
657 11540
658 11539
659 11538
660 11537
661 11536
662 11535
663 11512
664 11511
665 11510
666 11509
667 11508
668 11507
669 11506
670 11505
671 11504
672 11503
673 11502
674 11501
675 11500
676 11499
677 11498
678 11497
679 11496
680 11495
681 11494
682 11493
683 11492
684 11461
685 11460
686 11459
687 11458
688 11457
689 11456
690 11455
691 11454
692 11453
693 11452
694 12779
695 12778
696 12777
697 12776
698 12775
699 12774
700 12773
701 12772
702 12771
703 12770
704 12769
705 12768
706 12767
707 12766
708 12765
709 12764
710 10355
711 10354
712 10353
713 10352
714 10351
715 10350
716 10349
717 10348
718 10347
719 10346
720 10345
721 10344
722 10343
723 10342
724 10341
725 10340
726 11429
727 11428
728 11427
729 11426
730 11425
731 11424
732 10286
733 10285
734 10284
735 10283
736 10282
737 10281
738 10280
739 10279
740 10278
741 10277
742 10276
743 10275
744 10274
745 10273
746 10272
747 11370
748 11369
749 11368
750 11367
751 11366
752 11365
753 11364
754 11363
755 11362
756 11361
757 11360
758 11359
759 11358
760 12725
761 12724
762 12723
763 12722
764 12721
765 12720
766 12719
767 12718
768 12717
769 12716
770 12715
771 12714
772 12713
773 12712
774 12711
775 12710
776 12709
777 11343
778 11342
779 11341
780 11340
783 10570
784 10569
785 10568
786 10567
787 10566
788 10565
789 10564
790 10563
791 12740
792 12739
793 12738
794 12737
795 12736
796 12735
797 12734
798 12733
799 12732
800 12731
801 12730
802 12729
803 12728
804 12727
805 12726
806 11357
807 11356
808 11355
809 11354
810 11353
811 11352
812 11351
813 11350
814 11349
815 11348
816 11347
817 12027
818 12026
819 12025
820 12024
821 12023
822 12022
823 12021
824 12020
825 12019
826 12018
827 12017
828 12016
829 12015
830 12014
831 12013
832 12012
833 12011
834 12010
835 12009
836 12008
837 12007
838 12006
839 12005
840 12004
841 12356
842 12355
843 12354
844 12353
845 12352
846 12351
847 12350
848 12349
849 12348
850 12347
851 12346
852 12345
853 12344
854 12343
855 12342
856 12341
857 12340
858 12339
859 10668
860 10667
861 10666
862 10665
863 10664
864 10663
865 10662
866 10661
867 10660
868 10659
869 10658
870 10657
871 10656
872 10655
873 10654
874 10653
875 10652
876 10651
877 10650
878 10649
879 10648
880 10647
881 10646
882 10645
883 10644
884 10643
885 10642
886 10641
887 10640
888 10639
889 10638
890 10637
891 10636
892 10635
893 10634
894 10633
895 10632
896 10631
897 10630
898 10629
899 10628
900 10627
901 10626
902 10625
903 10624
904 10623
905 10622
906 11469
907 11468
908 11467
909 11466
910 11465
911 11464
912 11463
913 11462
914 11117
915 11116
916 11115
917 11114
918 11113
919 11112
920 11111
921 11110
922 11550
923 11549
924 11548
925 11547
926 11546
927 11545
928 11544
929 11543
930 11584
931 11583
932 11582
933 11581
934 11580
935 11579
936 11578
937 11577
938 11576
939 11575
940 11574
941 11573
942 11572
943 10770
944 10769
945 10768
946 10767
947 10766
948 10765
949 10764
950 10763
951 10762
952 10761
953 10760
954 10759
955 10794
956 10793
957 958
959 10790
960 10789
961 10788
962 10787
963 10786
964 10785
965 10784
966 10783
967 13185
968 13184
969 13183
970 13182
971 13181
972 13180
973 13179
974 13178
975 13177
976 13176
977 13175
978 13174
979 13173
980 13172
981 13171
982 13170
983 13169
984 13168
985 13167
986 11653
987 11652
988 11651
989 11650
990 11649
991 11648
992 11647
993 11646
994 11686
995 11685
996 11684
997 11683
998 11682
999 11681
1000 11680
1001 11679
1002 11678
1003 11677
1004 1005
1006 11674
1007 12084
1008 12083
1009 12082
1010 12081
1011 12080
1012 12079
1013 12078
1014 12077
1015 12076
1016 12075
1017 12074
1018 12073
1019 12072
1020 12071
1021 12070
1022 12069
1023 12068
1024 12067
1025 12066
1026 12065
1027 12064
1028 12063
1029 12062
1030 12135
1031 12134
1032 12133
1033 12132
1034 12131
1035 12130
1036 12129
1037 12128
1038 12127
1039 12126
1040 12125
1041 12859
1042 12858
1043 12857
1044 12856
1045 12855
1046 12854
1047 12853
1048 12852
1049 12851
1050 12850
1051 12849
1052 12848
1053 12847
1054 12846
1055 12845
1056 12844
1057 11716
1058 11715
1059 11714
1060 11713
1061 11712
1062 11711
1063 11710
1064 11709
1065 11708
1066 12195
1067 12194
1068 12193
1069 12192
1070 12191
1071 12190
1072 12189
1073 12188
1074 12187
1075 12186
1076 12185
1077 12184
1078 12183
1079 12182
1080 12181
1081 12180
1082 12217
1083 12216
1084 12215
1085 12214
1086 12213
1087 12212
1088 12211
1089 12210
1090 12209
1091 12208
1092 12207
1093 12206
1094 12205
1095 12204
1096 12203
1097 12202
1098 11037
1099 11036
1100 11035
1101 11034
1102 11033
1103 11032
1104 11031
1105 11030
1106 11029
1107 11028
1108 11027
1109 11026
1110 11025
1111 11024
1112 10475
1113 10474
1114 10473
1115 10472
1116 10471
1117 10470
1118 10469
1119 11867
1120 11866
1121 11865
1122 11864
1123 11863
1124 11862
1125 11861
1126 11860
1127 11859
1128 11858
1129 11857
1130 11856
1131 11855
1132 11854
1133 11853
1134 11852
1135 11938
1136 11937
1137 11936
1138 11935
1139 11934
1140 11933
1141 11932
1142 11931
1143 11970
1144 11969
1145 11968
1146 11967
1147 11966
1148 11965
1149 11964
1150 11963
1151 11962
1154 10523
1155 10522
1156 10521
1157 10520
1158 10519
1159 10518
1160 10517
1161 10516
1162 10515
1163 10514
1164 10562
1165 10561
1166 10560
1167 10559
1168 10558
1169 10557
1170 10556
1171 10555
1172 10554
1173 10553
1174 10552
1175 10551
1176 10550
1177 10549
1178 10491
1179 10490
1180 10489
1181 10488
1182 10487
1183 10486
1184 10485
1185 10484
1186 10483
1187 10482
1188 10481
1189 10480
1190 10479
1191 10478
1192 10477
1193 10476
1194 11023
1195 11022
1196 11021
1197 11020
1198 11019
1199 11018
1200 11017
1201 11016
1202 10206
1203 10205
1204 10204
1205 10203
1206 10202
1207 10201
1208 10200
1209 10199
1210 10198
1211 10977
1212 10976
1213 10975
1214 10974
1215 10973
1216 10972
1217 10971
1218 10970
1219 10969
1220 10968
1221 10967
1222 10966
1223 10965
1224 10964
1225 10963
1226 10962
1227 10961
1228 10960
1229 10959
1230 10958
1231 10957
1232 10956
1233 10955
1234 10954
1235 10953
1236 9894
1237 9893
1238 9892
1239 10919
1240 10918
1241 10917
1242 10916
1243 10915
1244 10914
1245 10913
1246 10912
1247 10911
1248 10910
1249 10909
1250 10908
1251 10907
1252 10906
1253 10905
1254 10859
1255 10858
1256 10857
1257 10856
1258 10855
1259 10854
1260 10853
1261 10852
1262 10851
1263 8386
1264 8385
1265 8384
1266 8383
1267 8382
1268 8381
1269 8380
1270 8379
1271 8378
1272 8377
1273 8376
1274 8375
1275 8374
1276 8373
1277 8372
1278 8371
1279 8370
1280 8369
1281 8368
1282 8367
1283 8366
1284 8365
1285 8364
1286 8363
1287 8362
1288 8361
1289 8991
1290 8990
1291 8989
1292 8988
1293 8987
1294 8986
1295 8985
1296 8984
1297 8983
1298 8982
1299 11673
1300 11672
1301 11671
1302 11670
1303 11669
1304 11668
1305 11667
1306 11666
1307 11665
1308 11664
1309 11663
1310 11662
1311 11661
1312 11660
1313 11659
1314 11658
1315 11657
1316 11656
1317 11655
1318 11654
1319 13166
1320 13165
1321 13164
1322 13163
1323 13162
1324 13161
1325 13160
1326 13159
1327 11612
1328 11611
1329 11610
1330 11609
1331 11608
1332 11607
1333 11606
1334 11605
1335 11604
1336 11603
1337 11602
1338 11601
1339 11600
1340 11599
1341 11598
1342 10819
1343 10818
1344 10817
1345 10816
1346 10815
1347 10814
1348 10813
1349 10782
1350 10781
1351 10780
1352 10779
1353 10778
1354 10777
1355 10776
1356 10775
1357 10774
1358 10773
1359 10772
1360 10771
1361 11571
1362 11570
1363 11569
1364 11568
1365 11567
1366 11566
1367 11565
1368 11564
1369 11563
1370 11562
1371 11561
1372 11560
1373 11559
1374 11558
1375 11557
1376 11556
1377 11555
1378 11554
1379 11553
1380 11552
1381 11551
1382 11109
1383 11108
1384 11107
1385 11106
1386 11105
1387 11104
1388 11103
1389 11102
1390 11101
1391 11100
1392 11099
1393 11098
1394 10714
1395 10713
1396 10712
1397 10711
1398 10710
1399 10709
1400 10708
1401 10707
1402 10706
1403 10705
1404 10704
1405 10703
1406 10702
1407 10701
1408 10700
1409 10699
1410 10698
1411 10697
1412 10696
1413 10695
1414 10694
1415 10693
1416 10692
1417 10691
1418 10690
1419 10689
1420 10688
1421 10687
1422 10686
1423 10685
1424 10684
1425 10683
1426 10682
1427 10681
1428 10395
1429 10394
1430 10393
1431 10392
1432 10391
1433 10390
1434 10389
1435 10388
1436 10387
1437 10676
1438 10675
1439 10674
1440 10673
1441 10672
1442 10671
1443 10670
1444 10669
1445 12338
1446 12337
1447 12336
1448 12335
1449 12334
1450 12333
1451 12332
1452 12331
1453 11413
1454 11412
1455 11411
1456 11410
1457 11409
1458 11408
1459 11407
1460 11406
1461 11405
1462 11404
1463 11403
1464 11402
1465 11401
1466 11400
1467 11399
1468 11398
1469 11397
1470 11396
1471 11395
1472 11394
1473 11393
1474 11392
1475 11391
1476 11390
1477 11389
1478 11388
1479 12255
1480 12254
1481 12253
1482 12252
1483 12251
1484 12250
1485 12249
1486 12248
1487 11346
1488 11345
1489 11344
1490 10621
1491 10620
1492 10619
1493 10618
1494 10617
1495 10616
1496 10615
1497 10614
1498 10613
1499 10612
1500 10611
1501 10610
1502 10609
1503 10608
1504 10607
1505 10606
1506 10605
1507 10604
1508 10603
1509 10602
1510 10601
1511 10600
1512 10599
1513 10598
1514 10597
1515 10596
1516 10595
1517 10594
1518 10593
1519 10592
1520 10591
1523 11335
1524 11334
1525 11333
1526 11332
1527 11331
1528 11330
1529 11329
1530 11328
1531 11327
1532 11326
1533 11325
1534 11324
1535 11323
1536 11322
1537 11321
1538 11320
1539 11319
1540 11318
1541 11317
1542 11316
1543 11315
1544 11314
1545 11313
1546 11312
1547 9111
1548 9110
1549 9109
1550 9108
1551 9107
1552 9106
1553 9105
1554 9104
1555 9103
1556 9102
1557 10301
1558 10300
1559 10299
1560 10298
1561 10297
1562 10296
1563 10295
1564 10294
1565 10293
1566 10292
1567 10291
1568 10290
1569 10289
1570 10288
1571 10287
1572 11423
1573 11422
1574 11421
1575 11420
1576 11419
1577 11418
1578 11417
1579 11416
1580 11415
1581 11414
1582 12330
1583 12329
1584 12328
1585 12327
1586 12326
1587 12325
1588 12324
1589 12323
1590 12322
1591 12321
1592 10357
1593 10356
1594 10403
1595 10402
1596 10401
1597 10400
1598 10399
1599 10398
1600 10397
1601 10396
1602 9281
1603 9280
1604 9279
1605 9278
1606 9277
1607 9276
1608 9275
1609 9274
1610 9273
1611 9272
1612 9271
1613 9270
1614 9269
1615 9268
1616 9267
1617 9266
1618 9265
1619 9264
1620 9298
1621 9297
1622 9296
1623 9295
1624 9294
1625 9293
1626 9292
1627 9291
1628 9290
1629 9289
1630 9356
1631 9355
1632 9354
1633 9353
1634 9352
1635 9351
1636 9350
1637 9349
1638 9348
1639 9347
1640 9346
1641 9345
1642 9344
1643 9343
1644 9342
1645 9341
1646 9340
1647 9339
1648 9338
1649 9337
1650 9336
1651 9335
1652 9375
1653 9374
1654 9373
1655 9372
1656 9371
1657 9370
1658 9369
1659 9368
1660 9367
1661 9366
1662 9365
1663 9364
1664 9363
1665 9362
1666 9361
1667 10812
1668 10811
1669 10810
1670 10809
1671 10808
1672 10807
1673 10806
1674 10805
1675 10804
1676 11622
1677 11621
1678 11620
1679 11619
1680 11618
1681 11617
1682 11616
1683 11615
1684 11614
1685 11613
1686 13158
1687 13157
1688 9474
1689 9473
1690 9472
1691 9471
1692 9470
1693 9469
1694 9468
1695 9467
1696 9466
1697 9465
1698 9464
1699 9463
1700 9462
1701 9461
1702 9460
1703 9459
1704 9458
1705 9515
1706 9514
1707 9513
1708 9512
1709 9511
1710 9510
1711 9509
1712 9508
1713 9507
1714 9506
1715 9505
1716 9504
1717 9503
1718 10432
1719 10431
1720 10430
1721 10429
1722 10428
1723 10427
1724 10426
1725 10425
1726 8398
1727 8397
1728 8396
1729 8395
1730 8394
1731 8393
1732 8392
1733 8391
1734 8390
1735 8389
1736 8388
1737 8387
1738 10850
1739 10849
1740 10848
1741 10847
1742 10846
1743 10845
1744 10844
1745 10843
1746 10842
1747 9559
1748 9558
1749 9557
1750 9556
1751 9555
1752 9554
1753 9553
1754 9552
1755 9551
1756 9550
1757 9549
1758 9548
1759 9547
1760 9546
1761 9545
1762 9544
1763 9543
1764 9542
1765 9541
1766 9540
1767 9539
1768 9538
1769 9537
1770 9536
1771 9535
1772 9534
1773 9533
1774 9532
1775 9531
1776 9530
1777 9529
1778 9528
1779 9527
1780 9526
1781 10197
1782 10196
1783 9596
1784 9595
1785 9594
1786 9593
1787 9592
1788 9591
1789 9590
1790 9589
1791 9588
1792 9587
1793 9586
1794 9585
1795 9584
1796 9583
1797 7368
1798 7367
1799 10502
1800 10501
1801 10500
1802 10499
1803 10498
1804 10497
1805 10496
1806 10495
1807 10494
1808 10493
1809 10492
1810 10548
1811 10547
1812 10546
1813 10545
1814 10544
1815 10543
1816 10542
1817 10541
1818 10540
1819 10539
1820 10538
1821 10537
1822 10536
1823 10535
1824 10534
1825 10533
1826 10532
1827 10531
1828 10530
1829 10529
1830 10528
1833 9653
1834 9652
1835 9651
1836 9650
1837 9672
1838 9671
1839 9670
1840 9669
1841 9668
1842 9633
1843 9632
1844 9631
1845 9630
1846 9629
1847 9628
1848 9627
1849 9626
1850 9625
1851 9624
1852 9623
1853 9622
1854 7382
1855 7381
1856 7380
1857 7379
1858 7378
1859 7377
1860 7376
1861 7375
1862 7374
1863 7373
1864 7372
1865 7371
1866 7370
1867 7369
1868 9582
1869 9581
1870 9580
1871 9579
1872 9578
1873 8473
1874 8472
1875 8471
1876 8470
1877 8469
1878 8468
1879 8467
1880 8466
1881 8465
1882 8464
1883 8463
1884 8462
1885 8461
1886 8460
1887 8459
1888 8458
1889 8457
1890 8456
1891 8455
1892 8454
1893 8453
1894 8452
1895 8451
1896 8450
1897 9577
1898 9576
1899 9575
1900 9574
1901 9573
1902 9572
1903 9571
1904 9570
1905 9569
1906 9568
1907 9567
1908 9566
1909 9565
1910 9564
1911 9563
1912 9562
1913 9561
1914 9560
1915 10841
1916 10840
1917 10839
1918 10838
1919 10837
1920 10836
1921 10835
1922 10834
1923 10833
1924 10832
1925 10831
1926 10830
1927 10829
1928 10828
1929 8405
1930 8404
1931 8403
1932 8402
1933 8401
1934 8400
1935 8399
1936 10424
1937 10423
1938 10422
1939 10421
1940 10420
1941 10419
1942 10418
1943 10417
1944 10416
1945 10415
1946 9525
1947 9524
1948 9523
1949 9522
1950 9521
1951 9520
1952 9519
1953 9518
1954 9517
1955 9516
1956 9457
1957 9456
1958 9455
1959 9454
1960 9453
1961 9452
1962 9451
1963 9450
1964 9449
1965 9448
1966 9447
1967 9446
1968 9445
1969 9444
1970 9443
1971 9442
1972 9441
1973 9440
1974 9439
1975 9438
1976 9437
1977 9436
1978 9435
1979 9434
1980 9433
1981 9432
1982 9431
1983 9430
1984 9429
1985 9428
1986 9427
1987 9426
1988 9395
1989 9394
1990 9393
1991 9392
1992 9391
1993 9390
1994 9389
1995 9388
1996 9387
1997 9386
1998 9385
1999 9384
2000 9383
2001 9382
2002 9381
2003 9380
2004 9379
2005 9378
2006 9377
2007 9376
2008 9334
2009 9333
2010 9332
2011 9331
2012 9330
2013 9329
2014 9328
2015 9327
2016 9326
2017 9325
2018 9324
2019 9323
2020 9322
2021 9321
2022 9320
2023 7960
2024 7959
2025 9360
2026 9359
2027 9358
2028 9357
2029 9288
2030 9287
2031 9286
2032 9285
2033 9284
2034 9283
2035 9282
2036 9301
2037 9300
2038 9299
2039 9263
2040 9262
2041 9261
2042 9260
2043 9259
2044 9258
2045 9257
2046 6933
2047 6932
2048 6931
2049 9236
2050 9235
2051 9234
2052 9233
2053 9232
2054 9231
2055 9230
2056 9229
2057 9228
2058 9227
2059 9226
2060 9225
2061 9224
2062 9223
2063 9222
2064 9221
2065 9220
2066 9219
2067 9218
2068 9217
2069 9216
2070 9215
2071 9214
2072 9165
2073 9164
2074 9163
2075 9162
2076 9161
2077 9160
2078 9159
2079 9158
2080 9157
2081 9156
2082 9155
2083 9154
2084 9153
2085 9152
2086 9151
2087 9150
2088 7426
2089 7425
2090 7424
2091 7423
2092 7422
2093 7421
2094 7420
2095 7419
2096 7418
2097 7417
2098 7416
2099 7415
2100 7414
2101 7413
2102 9101
2103 9100
2104 9099
2105 9098
2106 9117
2107 9116
2108 9115
2109 9114
2110 9113
2111 9112
2112 11311
2113 11310
2114 11309
2115 11308
2116 11307
2117 11306
2118 11305
2119 11304
2120 11303
2121 11302
2122 11301
2123 11300
2124 11299
2125 11298
2126 11297
2127 11296
2128 9079
2129 9078
2130 9097
2131 9096
2132 9095
2133 9094
2134 9093
2135 9092
2138 10007
2139 10006
2140 10005
2141 10004
2142 10003
2143 10002
2144 10001
2145 10000
2146 9999
2147 9998
2148 9997
2149 9996
2150 9995
2151 8569
2152 8568
2153 8567
2154 8566
2155 8565
2156 8564
2157 8563
2158 8562
2159 8561
2160 8560
2161 8559
2162 8558
2163 10037
2164 10036
2165 10035
2166 10034
2193 8876
2194 8875
2195 8874
2196 8873
2197 8872
2198 8871
2199 8870
2200 9177
2201 9176
2202 9175
2203 9174
2204 9173
2205 9172
2206 9171
2207 9170
2208 9169
2209 9168
2210 9167
2211 9166
2212 9213
2213 9212
2214 9211
2215 9210
2216 9209
2217 9208
2218 9207
2219 9206
2220 9205
2221 9204
2222 9203
2223 9202
2224 9201
2225 9200
2226 9199
2227 8955
2228 8954
2229 8953
2230 8952
2231 8951
2232 8950
2233 8949
2234 8948
2235 8624
2236 8623
2237 8622
2238 8621
2239 8620
2240 8619
2241 8618
2242 8617
2243 8616
2244 8615
2245 8614
2246 8613
2247 8612
2248 8611
2249 8610
2250 10123
2251 10122
2252 10121
2253 10120
2254 10119
2255 10118
2256 10117
2257 10116
2258 10115
2259 10114
2260 10113
2261 10112
2262 10111
2263 10110
2264 10109
2265 10108
2266 10107
2267 10106
2268 10105
2269 9691
2270 9690
2271 9689
2272 9688
2273 9687
2274 9686
2275 9685
2276 9684
2277 8656
2278 8655
2279 8654
2280 8653
2281 8652
2282 8651
2283 8650
2284 8649
2285 8648
2286 8647
2287 8646
2288 8733
2289 8732
2290 8731
2291 8730
2292 8729
2293 8728
2294 8727
2295 8726
2296 8725
2297 8724
2298 9414
2299 9413
2300 9412
2301 9411
2302 9410
2303 9409
2304 9408
2305 9407
2306 9406
2307 9405
2308 9404
2309 9403
2310 9402
2311 9401
2312 9400
2313 9399
2314 9398
2315 9397
2316 9396
2317 9425
2318 9424
2319 9423
2320 9422
2321 9421
2322 9420
2323 9419
2324 9418
2325 9417
2326 9416
2327 9415
2328 9771
2329 9770
2330 9769
2331 9768
2332 10160
2333 10159
2334 10158
2335 10157
2336 10156
2337 10155
2338 10154
2339 10153
2340 10152
2341 8766
2342 8765
2343 8764
2344 8763
2345 8762
2346 8761
2347 8760
2348 8759
2349 8758
2350 8757
2351 8756
2352 8755
2353 8754
2354 8753
2355 8752
2356 8751
2357 8750
2358 8749
2359 8748
2360 8747
2361 8746
2362 8321
2363 8320
2364 8319
2365 8318
2366 8317
2367 8316
2368 8315
2369 10414
2370 10413
2371 10412
2372 10411
2373 10410
2374 10409
2375 10408
2376 10407
2377 10406
2378 10405
2379 10404
2380 9831
2381 9830
2382 9829
2383 9828
2384 9827
2385 8809
2386 8808
2387 8807
2388 8806
2389 8805
2390 8804
2391 8803
2392 8802
2393 9891
2394 9890
2395 9889
2396 9888
2397 9887
2398 9886
2399 9885
2400 9884
2401 9883
2402 9882
2403 9881
2404 9880
2405 9879
2406 9938
2407 9937
2408 9936
2409 9935
2410 9934
2411 9933
2412 9932
2413 9931
2414 9930
2415 9929
2416 9928
2417 9927
2418 9926
2419 9925
2420 9924
2421 9923
2422 9922
2423 9921
2424 9920
2425 9919
2426 9918
2427 9917
2428 9916
2429 12154
2430 12153
2431 12152
2432 12151
2433 12150
2434 12149
2435 12148
2436 12147
2437 12146
2438 12145
2439 12144
2440 12143
2441 12142
2442 12141
2443 12140
2444 12139
2445 12138
2446 12137
2447 12136
2448 9989
2449 9988
2450 9987
2451 9986
2452 9985
2453 9984
2454 9983
2455 9982
2456 9981
2457 9980
2458 9979
2459 9978
2460 9977
2461 9976
2462 9975
2463 9974
2464 9973
2465 9972
2466 9971
2467 8829
2468 8828
2469 8827
2470 8826
2471 8825
2472 8824
2473 8823
2474 8822
2475 8821
2476 8820
2477 8819
2478 8818
2479 9649
2480 9648
2481 9647
2482 9646
2483 9645
2484 9644
2485 9643
2486 9642
2487 9641
2488 9640
2489 9639
2490 9638
2491 9637
2492 9636
2493 9635
2494 9634
2495 9667
2496 9666
2497 9665
2498 9664
2499 9663
2500 9662
2501 9661
2502 9660
2503 9659
2504 9658
2507 9056
2508 9055
2509 9054
2510 9053
2511 9052
2512 9051
2513 9050
2514 9049
2515 9048
2516 9047
2517 9046
2518 9045
2519 9044
2520 9612
2521 9611
2522 9610
2523 9609
2524 9608
2525 9607
2526 9606
2527 9605
2528 9604
2529 9603
2530 9602
2531 9601
2532 9600
2533 9599
2534 9598
2535 9597
2536 8838
2537 8837
2538 8836
2539 8835
2540 8834
2541 8833
2542 8832
2543 8831
2544 8830
2545 9970
2546 9969
2547 9968
2548 9967
2549 9966
2550 9965
2551 9964
2552 9963
2553 9962
2554 9961
2555 9960
2556 9959
2557 9958
2558 9957
2559 9956
2560 9955
2561 9954
2562 9953
2563 9952
2564 9951
2565 9950
2566 9949
2567 9948
2568 9947
2569 9946
2570 9945
2571 9944
2572 9943
2573 8442
2574 8441
2575 8440
2576 8439
2577 8438
2578 8437
2579 8436
2580 8435
2581 8434
2582 8433
2583 8432
2584 8431
2585 8430
2586 8429
2587 8428
2588 8427
2589 8426
2590 8425
2591 8424
2592 8423
2593 8422
2594 8421
2595 8420
2596 8419
2597 8418
2598 8417
2599 8165
2600 8164
2601 8163
2602 8162
2603 8161
2604 8160
2605 8159
2606 8158
2607 8157
2608 8156
2609 8155
2610 8154
2611 8153
2612 8152
2613 8151
2614 8150
2615 8149
2616 8148
2617 8147
2618 8146
2619 8801
2620 8800
2621 8799
2622 8798
2623 8797
2624 8796
2625 8795
2626 8794
2627 8793
2628 8792
2629 8791
2630 8790
2631 8789
2632 8788
2633 8787
2634 8786
2635 8785
2636 8335
2637 8334
2638 8333
2639 8332
2640 8331
2641 8330
2642 8329
2643 8328
2644 8327
2645 8326
2646 8325
2647 8324
2648 8323
2649 8322
2650 8745
2651 8744
2652 8743
2653 8742
2654 8741
2655 8740
2656 8739
2657 8738
2658 8737
2659 8736
2660 8735
2661 8734
2662 8774
2663 8773
2664 8772
2665 8771
2666 8770
2667 8769
2668 8768
2669 8767
2670 10151
2671 10150
2672 10149
2673 10148
2674 10147
2675 10146
2676 10145
2677 10144
2678 10143
2679 10142
2680 7556
2681 7555
2682 7554
2683 7553
2684 7552
2685 7551
2686 7550
2687 7549
2688 7057
2689 7056
2690 7055
2691 7054
2692 7053
2693 7052
2694 7051
2695 7050
2696 7049
2697 7048
2698 7047
2699 7046
2700 7045
2701 7044
2702 7043
2703 7042
2704 7041
2705 7040
2706 7039
2707 7038
2708 7037
2709 7036
2710 7035
2711 7034
2712 8723
2713 8722
2714 8721
2715 8720
2716 8719
2717 8718
2718 8717
2719 8716
2720 8715
2721 8714
2722 8713
2723 8712
2724 8711
2725 8664
2726 8663
2727 8662
2728 8661
2729 8660
2730 8659
2731 8658
2732 8657
2733 9683
2734 9682
2735 9681
2736 9680
2737 9679
2738 9678
2739 9677
2740 9676
2741 9675
2742 9674
2743 9673
2744 7981
2745 7980
2746 7979
2747 7978
2748 7977
2749 7976
2750 7975
2751 7974
2752 9246
2753 9245
2754 9244
2755 9243
2756 9242
2757 9241
2758 9240
2759 9239
2760 9238
2761 9237
2762 8637
2763 8636
2764 8635
2765 8634
2766 8633
2767 8632
2768 8631
2769 8630
2770 8629
2771 8628
2772 8627
2773 8626
2774 8625
2775 8947
2776 8946
2777 8945
2778 8944
2779 8943
2780 8942
2781 8941
2782 8940
2783 8939
2784 8938
2785 8937
2786 8936
2787 8935
2788 8934
2789 8933
2790 8932
2791 8931
2792 8930
2793 8929
2794 8928
2795 8927
2796 8926
2797 8925
2798 8895
2799 8894
2800 8893
2801 8892
2802 8891
2803 8890
2804 8889
2805 8888
2806 8887
2807 8886
2808 8885
2809 8884
2810 8883
2811 8882
2812 8881
2813 8880
2814 8879
2815 8878
2816 8877
2817 7472
2818 7471
2819 7470
2820 7469
2821 7468
2822 7467
2823 7466
2824 7465
2825 7464
2826 7463
2827 7462
2828 7461
2829 7460
2830 7459
2831 7458
2832 7457
2833 6828
2834 6827
2835 6826
2836 6825
2837 6824
2838 6823
2839 6822
2840 6821
2841 8587
2842 8586
2843 8585
2844 8584
2845 8583
2846 8582
2847 8581
2848 8580
2849 8579
2850 8578
2851 8577
2852 8576
2853 8575
2854 8574
2855 8573
2856 8572
2857 8571
2858 8570
2859 8533
2860 8532
2861 8531
2862 8530
2863 8529
2864 8528
2865 8527
2866 8526
2867 8525
2868 8524
2869 8523
2870 8522
2871 8521
2874 9087
2875 9086
2876 9085
2877 9084
2878 9083
2879 9082
2880 9081
2881 9080
2882 11295
2883 11294
2884 11293
2885 11292
2886 11291
2887 11290
2888 11289
2889 11288
2890 11287
2891 11286
2892 11285
2893 11284
2894 6871
2895 6870
2896 6869
2897 6868
2898 6867
2899 6866
2900 6865
2901 6864
2902 6863
2903 6862
2904 6861
2905 6860
2906 6859
2907 6858
2908 7440
2909 7439
2910 7438
2911 7437
2912 7436
2913 7435
2914 7434
2915 7433
2916 7432
2917 7431
2918 7430
2919 7429
2920 7428
2921 7427
2922 9149
2923 9148
2924 9147
2925 9146
2926 9145
2927 9144
2928 9143
2929 6927
2930 6926
2931 6925
2932 6924
2933 6923
2934 6922
2935 6921
2936 6920
2937 6919
2938 6918
2939 6917
2940 6916
2941 6915
2942 6914
2943 6913
2944 6912
2945 6911
2946 6910
2947 6909
2948 6908
2949 6907
2950 6947
2951 6946
2952 6945
2953 6944
2954 6943
2955 6942
2956 6941
2957 6940
2958 6939
2959 6938
2960 6937
2961 6936
2962 6935
2963 6934
2964 9256
2965 9255
2966 9254
2967 9253
2968 9252
2969 9251
2970 9250
2971 9249
2972 9248
2973 9247
2974 7973
2975 7972
2976 7971
2977 7970
2978 7969
2979 7968
2980 7967
2981 7966
2982 7965
2983 7964
2984 7963
2985 7962
2986 7961
2987 9319
2988 9318
2989 9317
2990 9316
2991 9315
2992 9314
2993 9313
2994 9312
2995 9311
2996 9310
2997 9309
2998 9308
2999 9307
3000 9306
3001 9305
3002 9304
3003 9303
3004 9302
3005 7033
3006 7032
3007 7031
3008 7030
3009 7029
3010 7028
3011 7027
3012 7026
3013 7025
3014 7069
3015 7068
3016 7067
3017 7066
3018 7065
3019 7064
3020 7063
3021 7062
3022 7061
3023 7060
3024 7059
3025 7058
3026 7099
3027 7098
3028 7097
3029 7096
3030 7095
3031 7094
3032 7093
3033 7092
3034 8050
3035 8049
3036 8048
3037 8047
3038 8046
3039 8045
3040 8044
3041 8043
3042 8042
3043 8041
3044 8040
3045 8039
3046 8038
3047 8037
3048 8036
3049 8035
3050 8034
3051 8353
3052 8352
3053 8351
3054 8350
3055 8349
3056 8348
3057 8347
3058 8346
3059 8345
3060 8344
3061 8343
3062 8342
3063 8341
3064 8340
3065 8339
3066 8338
3067 8337
3068 8336
3069 8784
3070 8783
3071 8782
3072 8413
3073 8412
3074 8411
3075 8410
3076 8409
3077 8408
3078 8407
3079 8406
3080 10827
3081 10826
3082 7235
3083 7234
3084 7233
3085 7232
3086 7231
3087 7230
3088 7259
3089 7258
3090 7257
3091 7256
3092 7255
3093 7254
3094 7253
3095 7252
3096 7251
3097 7250
3098 7249
3099 7248
3100 7247
3101 7246
3102 7245
3103 7244
3104 7243
3105 7242
3106 7241
3107 7240
3108 7239
3109 7238
3110 7237
3111 7236
3112 8449
3113 8448
3114 8447
3115 8446
3116 8445
3117 8444
3118 8443
3119 9942
3120 9941
3121 9940
3122 9939
3123 7366
3124 7365
3125 7364
3126 7363
3127 7362
3128 7361
3129 7360
3130 7359
3131 7358
3132 7357
3133 7356
3134 7355
3135 7354
3136 7353
3137 7352
3138 7351
3139 7350
3140 7349
3141 7348
3142 7394
3143 7393
3144 7392
3145 7391
3146 7390
3147 7389
3148 7388
3149 7387
3150 7386
3151 7385
3152 7384
3153 7383
3154 9621
3155 9620
3156 9619
3157 9618
3158 9617
3159 9616
3160 9615
3161 9614
3162 9613
3163 9043
3164 9042
3165 9041
3166 9040
3167 9039
3168 9038
3169 9037
3170 9036
3171 9035
3172 9034
3173 9033
3176 7649
3177 7648
3178 7647
3179 7646
3180 7645
3181 7644
3182 7643
3183 7642
3184 7641
3185 7640
3186 7639
3187 7638
3188 8265
3189 8264
3190 7412
3191 7411
3192 7410
3193 7409
3194 7408
3195 7407
3196 7406
3197 7405
3198 7404
3199 7403
3200 7402
3201 7401
3202 7400
3203 7399
3204 7398
3205 7397
3206 7396
3207 7395
3208 7347
3209 7346
3210 7345
3211 7344
3212 7343
3213 7342
3214 7341
3215 7340
3216 7339
3217 7338
3218 7337
3219 7336
3220 7335
3221 7334
3222 7333
3223 7332
3224 7331
3225 7330
3226 7329
3227 7328
3228 7327
3229 7326
3230 7325
3231 7306
3232 7305
3233 7304
3234 7303
3235 7302
3236 7301
3237 7300
3238 7299
3239 7298
3240 7280
3241 7279
3242 7278
3243 7277
3244 7276
3245 7275
3246 7274
3247 7273
3248 7272
3249 7271
3250 7270
3251 7269
3252 7268
3253 7267
3254 7266
3255 7265
3256 7264
3257 7263
3258 7262
3259 7261
3260 7260
3261 7229
3262 7228
3263 7227
3264 7226
3265 7225
3266 7224
3267 7223
3268 7222
3269 7221
3270 7220
3271 7219
3272 7218
3273 7180
3274 7179
3275 7178
3276 7177
3277 7176
3278 7175
3279 7174
3280 7173
3281 7172
3282 7145
3283 7144
3284 7143
3285 7142
3286 7141
3287 7140
3288 7139
3289 7138
3290 7137
3291 7136
3292 7135
3293 7134
3294 7133
3295 7132
3296 7131
3297 7130
3298 7129
3299 7128
3300 7127
3301 7126
3302 7125
3303 7124
3304 7123
3305 8059
3306 8058
3307 8057
3308 8056
3309 8055
3310 8054
3311 8053
3312 8052
3313 8051
3314 7091
3315 7090
3316 7089
3317 7088
3318 7087
3319 7086
3320 7085
3321 7084
3322 7083
3323 7082
3324 7081
3325 7080
3326 7077
3327 7076
3328 7075
3329 7074
3330 7073
3331 7072
3332 7071
3333 7070
3334 7024
3335 7023
3336 7022
3337 7021
3338 7020
3339 7019
3340 7018
3341 7017
3342 7016
3343 7015
3344 7014
3345 7013
3346 7012
3347 7011
3348 7010
3349 7009
3350 7008
3351 7007
3352 7006
3353 7005
3354 7004
3355 7003
3356 7002
3357 7001
3358 7000
3359 6999
3360 6998
3361 6997
3362 6996
3363 6995
3364 6994
3365 6993
3366 6992
3367 6991
3368 7918
3369 7917
3370 6974
3371 6973
3372 6972
3373 6971
3374 6970
3375 6969
3376 6968
3377 6967
3378 6966
3379 6965
3380 6964
3381 6963
3382 6962
3383 6961
3384 6960
3385 6959
3386 6958
3387 6957
3388 6956
3389 6955
3390 6954
3391 6953
3392 6952
3393 6951
3394 6950
3395 6949
3396 6948
3397 6906
3398 6905
3399 6904
3400 6903
3401 6902
3402 6901
3403 6900
3404 6899
3405 6898
3406 6897
3407 6896
3408 6895
3409 6894
3410 7807
3411 7806
3412 7805
3413 7804
3414 7803
3415 6930
3416 6929
3417 6928
3418 9142
3419 9141
3420 9140
3421 9139
3422 9138
3423 9137
3424 9136
3425 9135
3426 9134
3427 9133
3428 9132
3429 9131
3430 9130
3431 7448
3432 7447
3433 7446
3434 7445
3435 7444
3436 7443
3437 7442
3438 7441
3439 6857
3440 6856
3441 6855
3442 6854
3443 6853
3444 6852
3445 6851
3446 6850
3447 6849
3448 6848
3449 6847
3450 6846
3451 6845
3452 6810
3453 6809
3454 6808
3455 6807
3456 6806
3457 6805
3458 6804
3459 6803
3460 6802
3461 6801
3462 6800
3463 6799
3464 6798
3465 6797
3466 6796
3467 6795
3468 6794
3469 6793
3470 6792
3471 6791
3472 6790
3475 8486
3476 8485
3477 8484
3478 8483
3479 8482
3480 8481
3481 8480
3482 8479
3483 8478
3484 8477
3485 8476
3486 8475
3487 8474
3488 6820
3489 6819
3490 6818
3491 6817
3492 6816
3493 6815
3494 6814
3495 6813
3496 6812
3497 6811
3498 6844
3499 6843
3500 6842
3501 6841
3502 6840
3503 6839
3504 6838
3505 6837
3506 6836
3507 6835
3508 6834
3509 6833
3510 6832
3511 6831
3512 6830
3513 6829
3514 7456
3515 7455
3516 7454
3517 7453
3518 7452
3519 7451
3520 7450
3521 7449
3522 9129
3523 9128
3524 9127
3525 9126
3526 9125
3527 9124
3528 9123
3529 9122
3530 9121
3531 9120
3532 9119
3533 9118
3534 7822
3535 7821
3536 7820
3537 7819
3538 7818
3539 7817
3540 7816
3541 7815
3542 7814
3543 7813
3544 7812
3545 7811
3546 7810
3547 7809
3548 7808
3549 6893
3550 6892
3551 6891
3552 6890
3553 6889
3554 6888
3555 6887
3556 6886
3557 6885
3558 6884
3559 6883
3560 6882
3561 6881
3562 6880
3563 6879
3564 7893
3565 7892
3566 7891
3567 7890
3568 7889
3569 7888
3570 7887
3571 7886
3572 7885
3573 7884
3574 7883
3575 7882
3576 7881
3577 7880
3578 7879
3579 7878
3580 7877
3581 7876
3582 7875
3583 7874
3584 7873
3585 7872
3586 7933
3587 7932
3588 7931
3589 7930
3590 7929
3591 7928
3592 7927
3593 7926
3594 7925
3595 7924
3596 7923
3597 7922
3598 7921
3599 7920
3600 7919
3601 6990
3602 6989
3603 6988
3604 6987
3605 6986
3606 6985
3607 6984
3608 6983
3609 6982
3610 6981
3611 6980
3612 6979
3613 6978
3614 6977
3615 6976
3616 6975
3617 7485
3618 7484
3619 7483
3620 7482
3621 7481
3622 7480
3623 7479
3624 7478
3625 7477
3626 7520
3627 7519
3628 7518
3629 7517
3630 7516
3631 7515
3632 7514
3633 7513
3634 7512
3635 7511
3636 7510
3637 7509
3638 7508
3639 7507
3640 7506
3641 7505
3642 7504
3643 7503
3644 7502
3645 7501
3646 7500
3647 7499
3648 7498
3649 7497
3650 7496
3651 7495
3652 7494
3653 7493
3654 7079
3655 7078
3656 7592
3657 7591
3658 7590
3659 7589
3660 7588
3661 7587
3662 7586
3663 7585
3664 7584
3665 7583
3666 7582
3667 7581
3668 7580
3669 7579
3670 8067
3671 8066
3672 8065
3673 8064
3674 8063
3675 8062
3676 8061
3677 8060
3678 7122
3679 7121
3680 7120
3681 7119
3682 7118
3683 7117
3684 7116
3685 7115
3686 7114
3687 7113
3688 9775
3689 9774
3690 9773
3691 9772
3692 7159
3693 7158
3694 7157
3695 7156
3696 7155
3697 7154
3698 7153
3699 7152
3700 7151
3701 7150
3702 7149
3703 7148
3704 7147
3705 7146
3706 7171
3707 7170
3708 7169
3709 7168
3710 7167
3711 7166
3712 7165
3713 7164
3714 7163
3715 7162
3716 7161
3717 7160
3718 7217
3719 7216
3720 7215
3721 7214
3722 7213
3723 7212
3724 7211
3725 7210
3726 7209
3727 7208
3728 7207
3729 7206
3730 7205
3731 7204
3732 9853
3733 9852
3734 9851
3735 9850
3736 9849
3737 9848
3738 9847
3739 9846
3740 9845
3741 9844
3742 9843
3743 9842
3744 9841
3745 9840
3746 9839
3747 9838
3748 9837
3749 9836
3750 9835
3751 9834
3752 9833
3753 9832
3754 7285
3755 7284
3756 7283
3757 7282
3758 7281
3759 7297
3760 7296
3761 7295
3762 7294
3763 7293
3764 7292
3765 7291
3766 7290
3767 7289
3768 7288
3769 7287
3770 7286
3771 7324
3772 7323
3773 7322
3774 7321
3775 7320
3776 7319
3777 7318
3778 7317
3779 7316
3780 7315
3781 7314
3782 7313
3783 7312
3784 7311
3785 7612
3786 7611
3787 7610
3788 7609
3789 7608
3790 7607
3791 7606
3792 7605
3793 7604
3794 7603
3795 7633
3796 7632
3797 7631
3798 7630
3799 7629
3800 7628
3801 7627
3802 7626
3803 7625
3804 7624
3805 8282
3806 8281
3807 8280
3808 8279
3809 8278
3810 8277
3811 8276
3812 8275
3813 8274
3814 8273
3815 8272
3816 8271
3817 8270
3818 8269
3819 8268
3820 8267
3821 8266
3822 7637
3823 7636
3824 7635
3825 7634
3826 7661
3827 7660
3828 7659
3829 7658
3830 7657
3831 7656
3832 7655
3833 7654
3842 3843
3852 8299
3853 8298
3854 3855
3856 8295
3857 8294
3858 8293
3859 8292
3860 8291
3861 8290
3862 8289
3863 8288
3864 8287
3865 3866
3867 8284
3868 8283
3869 7623
3870 7622
3871 7621
3872 7620
3873 7619
3874 7618
3875 7617
3876 3877
3878 7614
3879 7613
3880 7602
3881 7601
3882 7600
3883 7599
3884 7598
3885 7597
3886 7596
3887 7595
3888 7594
3889 7593
3890 3891
3892 7308
3893 7307
3894 8263
3895 8262
3896 8261
3897 8260
3898 3899
3900 8257
3901 8256
3902 8255
3903 8254
3904 8253
3905 3906
3907 8250
3908 8249
3909 8248
3910 8247
3911 3912
3913 8244
3914 8243
3915 8242
3916 8241
3917 8240
3918 3919
3920 8237
3921 8236
3922 8235
3923 8234
3924 8233
3925 3926
3927 8191
3928 8190
3929 8189
3930 8188
3931 3932
3933 8185
3934 8184
3935 8183
3936 8182
3937 8181
3938 8180
3939 8179
3940 3941
3942 8176
3943 8175
3944 8174
3945 8173
3946 9860
3947 3948
3949 9857
3950 9856
3951 9855
3952 9854
3953 7203
3954 3955
3956 7200
3957 7199
3958 7198
3959 7197
3960 7196
3961 7195
3962 3963
3964 7192
3965 7191
3966 7190
3967 7189
3968 7188
3969 3970
3971 7185
3972 7184
3973 7183
3974 7182
3975 7181
3976 3977
3978 8143
3979 8142
3980 8141
3981 8140
3982 8139
3983 8138
3984 3985
3986 8135
3987 8134
3988 8133
3989 9792
3990 9791
3991 9790
3992 9789
3993 9788
3994 9787
3995 9786
3996 9785
3997 3998
3999 9782
4000 9781
4001 9780
4002 9779
4003 9778
4004 4005
4006 7112
4007 7111
4008 7110
4009 7109
4010 7108
4011 7107
4012 4013
4014 7104
4015 7103
4016 7102
4017 7101
4018 7100
4019 8075
4020 4021
4022 8072
4023 8071
4024 8070
4025 8069
4026 8068
4027 7578
4028 4029
4030 7575
4031 7574
4032 7573
4033 7572
4034 7571
4035 7570
4036 4037
4038 7567
4039 7566
4040 7565
4041 8033
4042 8032
4043 8031
4044 8030
4045 8029
4046 8028
4047 8027
4048 8026
4049 4050
4051 7548
4052 7547
4053 7546
4054 7545
4055 7544
4056 7543
4057 4058
4059 7540
4060 7539
4061 7538
4062 7537
4063 7536
4064 4065
4066 7533
4067 7532
4068 7531
4069 7530
4070 7529
4071 7528
4072 4073
4074 7525
4075 7524
4076 7523
4077 7522
4078 7521
4079 7476
4080 4081
4082 7473
4083 7492
4084 7491
4085 7490
4086 7489
4087 7488
4088 4089
4090 8013
4091 8012
4092 8011
4093 8010
4094 8009
4095 8008
4096 8007
4097 8006
4098 8005
4099 4100
4101 8002
4102 8001
4103 8000
4104 7999
4105 7998
4106 4107
4108 7995
4109 7994
4110 7993
4111 7992
4112 7991
4113 7990
4114 4115
4116 7943
4117 7942
4118 7941
4119 7940
4120 7939
4121 4122
4123 7936
4124 7935
4125 7934
4126 7871
4127 7870
4128 4129
4130 7867
4131 7866
4132 7865
4133 7864
4134 7863
4135 4136
4137 7907
4138 7906
4139 7905
4140 7904
4141 7903
4142 4143
4144 7900
4145 7899
4146 7898
4147 7897
4148 7896
4149 7895
4150 7894
4151 6878
4152 4153
4154 6875
4155 6874
4156 6873
4157 6872
4158 7851
4159 4160
4161 7848
4162 7847
4163 7846
4164 7845
4165 4166
4167 7842
4168 7841
4169 7840
4170 7839
4171 4172
4173 7836
4174 7835
4175 7834
4176 7833
4177 4178
4179 7830
4180 7829
4181 7828
4182 7827
4183 4184
4185 7824
4186 7823
4187 7802
4188 7801
4189 4190
4191 7798
4192 7797
4193 7796
4194 7795
4195 7794
4196 4197
4198 7745
4199 7744
4200 7743
4201 7742
4202 7741
4203 7740
4204 7739
4205 7738
4206 7737
4207 7736
4208 4209
4210 7707
4211 7706
4212 7705
4213 7704
4214 7725
4215 7724
4216 4217
4218 7721
4219 7703
4220 7702
4221 7701
4222 7700
4223 7699
4224 7698
4225 4226
4227 7695
4228 7694
4229 7683
4230 7682
4231 7681
4232 7680
4233 7679
4234 4235
4236 7676
4237 7675
4238 7674
4239 7673
4240 8503
4241 8502
4242 8501
4243 8500
4244 4245
4246 8497
4247 8496
4248 8495
4249 8494
4250 8493
4251 8492
4252 8491
4255 8516
4256 8515
4257 8514
4258 8513
4259 8512
4260 8511
4261 8510
4262 4263
4264 8507
4265 8506
4266 8505
4267 8504
4268 7672
4269 7671
4270 7670
4271 7669
4272 4273
4274 7666
4275 7665
4276 7664
4277 7663
4278 7662
4279 7693
4280 7692
4281 4282
4283 7689
4284 7688
4285 7687
4286 7686
4287 7685
4288 7684
4289 7720
4290 4291
4292 7717
4293 7716
4294 7715
4295 7714
4296 7713
4297 7712
4298 4299
4300 7735
4301 7734
4302 7733
4303 7732
4304 7731
4305 7730
4306 7729
4307 7728
4308 7727
4309 7726
4310 4311
4312 7789
4313 7788
4314 7787
4315 7786
4316 4317
4318 7783
4319 7782
4320 7781
4321 7780
4322 7779
4323 4324
4325 7776
4326 8908
4327 8907
4328 8906
4329 4330
4331 8903
4332 8902
4333 8901
4334 8900
4335 4336
4337 8897
4338 8896
4339 7862
4340 4341
4342 7859
4343 7858
4344 7857
4345 7856
4346 4347
4348 7853
4349 7852
4350 8981
4351 8980
4352 4353
4354 8977
4355 8976
4356 8975
4357 8974
4358 8973
4359 8972
4360 8971
4361 8970
4362 8969
4363 8968
4364 4365
4366 7916
4367 7915
4368 7914
4369 7913
4370 4371
4372 7910
4373 8645
4374 8644
4375 8643
4376 8642
4377 4378
4379 8639
4380 8638
4381 7958
4382 7957
4383 7956
4384 4385
4386 7953
4387 7952
4388 7951
4389 7950
4390 4391
4392 7947
4393 7946
4394 7989
4395 7988
4396 7987
4397 4398
4399 7984
4400 7983
4401 7982
4402 8685
4403 8684
4404 4405
4406 8681
4407 8680
4408 8679
4409 8678
4410 8677
4411 8676
4412 8675
4413 8674
4414 8673
4415 8672
4416 8671
4417 4418
4419 8668
4420 8667
4421 8666
4422 8665
4423 8710
4424 4425
4426 8707
4427 8706
4428 8705
4429 8704
4430 8703
4431 8702
4432 4433
4434 8699
4435 8698
4436 8697
4437 8696
4438 8695
4439 4440
4441 9730
4442 9729
4443 9728
4444 9727
4445 9726
4446 4447
4448 9723
4449 9722
4450 9721
4451 9720
4452 9719
4453 4454
4455 9716
4456 9715
4457 9714
4458 8023
4459 8022
4460 4461
4462 8019
4463 8018
4464 8017
4465 8016
4466 8015
4467 8014
4468 7564
4469 7563
4470 7562
4471 4472
4473 7559
4474 7558
4475 7557
4476 8089
4477 8088
4478 4479
4480 8085
4481 8084
4482 8083
4483 8082
4484 8081
4485 4486
4487 8078
4488 8077
4489 8076
4490 8781
4491 8780
4492 4493
4494 8777
4495 8776
4496 8775
4497 9032
4498 9031
4499 4500
4501 9028
4502 9027
4503 9026
4504 9025
4505 9024
4506 4507
4508 9021
4509 9020
4510 9019
4511 9018
4512 9017
4513 4514
4515 9798
4516 9797
4517 9796
4518 9795
4519 9794
4520 9793
4521 8132
4522 8131
4523 8130
4524 4525
4526 8127
4527 8126
4528 8125
4529 8124
4530 8123
4531 4532
4533 8120
4534 8119
4535 8118
4536 8117
4537 4538
4539 8114
4540 8113
4541 8112
4542 8111
4543 8110
4544 4545
4546 8107
4547 8106
4548 8105
4549 8104
4550 8103
4551 4552
4553 8100
4554 8099
4555 9869
4556 9868
4557 9867
4558 4559
4560 9864
4561 9863
4562 9862
4563 9861
4564 4565
4566 8170
4567 8169
4568 8168
4569 8167
4570 8166
4571 8416
4572 8415
4573 8414
4574 8204
4575 8203
4576 4577
4578 8200
4579 8199
4580 8198
4581 8197
4582 8196
4583 4584
4585 8232
4586 8231
4587 8230
4588 8229
4589 4590
4591 8226
4592 8225
4593 8224
4594 8223
4595 4596
4597 8220
4598 8219
4599 8218
4600 8217
4601 4602
4603 8214
4604 8213
4605 8212
4606 8211
4607 8210
4608 4609
4610 8207
4611 8206
4612 8205
4613 8869
4614 4615
4616 8866
4617 8865
4618 8864
4619 8863
4620 8862
4621 8861
4622 4623
4624 8858
4625 8857
4626 8856
4627 8855
4628 8854
4629 8853
4630 8852
4631 8851
4632 8850
4633 4634
4635 8847
4636 8846
4637 8845
4638 8844
4639 8843
4640 8842
4641 8841
4642 4643
4644 8314
4645 8313
4646 8312
4647 8311
4648 8310
4649 8309
4650 8308
4651 8307
4652 4653
4654 8304
4655 8303
4656 8302
4657 8301
4658 8300
4659 9077
4660 9076
4661 9075
4662 9074
4663 4664
4665 9071
4666 9070
4667 9069
4668 9068
4669 9067
4670 9066
4671 9065
4672 9064
4673 4674
4675 9061
4682 4683
4692 4693
4702 4703
4707 8817
4708 8816
4709 8815
4710 8814
4711 8813
4712 4713
4714 8810
4715 10999
4716 10998
4717 10997
4718 10996
4719 10995
4720 4721
4722 10992
4723 10991
4724 10990
4725 10989
4726 10988
4727 10987
4728 10986
4729 10985
4730 10984
4731 10983
4732 10982
4733 10981
4734 4735
4736 10978
4737 9994
4738 9993
4739 9992
4740 4741
4742 10246
4743 10245
4744 10244
4745 10243
4746 4747
4748 10240
4749 10239
4750 10238
4751 10237
4752 4753
4754 10234
4755 10233
4756 12162
4757 12161
4758 4759
4760 12158
4761 12157
4762 12156
4763 12155
4764 4765
4766 9913
4767 9912
4768 9911
4769 9910
4770 4771
4772 9907
4773 9906
4774 9905
4775 9904
4776 4777
4778 10889
4779 10888
4780 10887
4781 10886
4782 10885
4783 10884
4784 10883
4785 4786
4787 10880
4788 10879
4789 10878
4790 10877
4791 9878
4792 4793
4794 9875
4795 9874
4796 9873
4797 9872
4798 4799
4800 8098
4801 8097
4802 8096
4803 8095
4804 4805
4806 8092
4807 8091
4808 8090
4809 12034
4810 12033
4811 4812
4813 12030
4814 12029
4815 12028
4816 9826
4817 4818
4819 9823
4820 9822
4821 9821
4822 9820
4823 4824
4825 9817
4826 9816
4827 9815
4828 9814
4829 9813
4830 4831
4832 9810
4833 9809
4834 9808
4835 9807
4836 9806
4837 9805
4838 9804
4839 4840
4841 9801
4842 9016
4843 9015
4844 9014
4845 4846
4847 9011
4848 9010
4849 9009
4850 11264
4851 4852
4853 11261
4854 11260
4855 11259
4856 11258
4857 11257
4858 4859
4860 11254
4861 11253
4862 11252
4863 11251
4864 4865
4866 11248
4867 11247
4868 11246
4869 11245
4870 10169
4871 4872
4873 10166
4874 10165
4875 10164
4876 10163
4877 4878
4879 9767
4880 9766
4881 9765
4882 9764
4883 9763
4884 4885
4886 9760
4887 9759
4888 9758
4889 9757
4890 9756
4891 9755
4892 9754
4893 4894
4895 9751
4896 9750
4897 9749
4898 9748
4899 4900
4901 9745
4902 9744
4903 9743
4904 9742
4905 9741
4906 4907
4908 9738
4909 9737
4910 9736
4911 9735
4912 4913
4914 9732
4915 9731
4916 8692
4917 8691
4918 8690
4919 4920
4921 8687
4922 8686
4923 13104
4924 13103
4925 4926
4927 13100
4928 13099
4929 13098
4930 9713
4931 9712
4932 4933
4934 9709
4935 9708
4936 9707
4937 9706
4938 4939
4940 9703
4941 9702
4942 9701
4943 9700
4944 9699
4945 9698
4946 9697
4947 9696
4948 4949
4950 9693
4951 9692
4952 10104
4953 10103
4954 10102
4955 4956
4957 10099
4958 10098
4959 10097
4960 10096
4961 4962
4963 10093
4964 10092
4965 10132
4966 10131
4967 4968
4969 10128
4970 10127
4971 10126
4972 10125
4973 10124
4974 4975
4976 8607
4977 8606
4978 8605
4979 8604
4980 4981
4982 8601
4983 8600
4984 8599
4985 10364
4986 4987
4988 10361
4989 10360
4990 10359
4991 10358
4992 8965
4993 4994
4995 8962
4996 8961
4997 8960
4998 8959
4999 8958
5000 5001
5002 9198
5003 9197
5004 9196
5005 9195
5006 5007
5008 9192
5009 9191
5010 9190
5011 5012
5013 9187
5014 9186
5015 9185
5016 9184
5017 5018
5019 8922
5020 8921
5021 8920
5022 8919
5023 5024
5025 8916
5026 8915
5027 8914
5028 8913
5029 5030
5031 8910
5032 8909
5033 7775
5034 7774
5035 5036
5037 7771
5038 7770
5039 7769
5040 10091
5041 5042
5043 10088
5044 10087
5045 10086
5046 10085
5047 5048
5049 10065
5050 10064
5051 10063
5052 10062
5053 10061
5054 10060
5055 10059
5056 10058
5057 10057
5058 10056
5059 5060
5061 10053
5062 10052
5063 10051
5064 10050
5065 10049
5066 10048
5067 5068
5069 10045
5070 10044
5071 10043
5072 10042
5073 10041
5074 10040
5075 5076
5077 8557
5078 8556
5079 8555
5080 8554
5081 8553
5082 8552
5083 8551
5084 8550
5085 5086
5087 8547
5088 8546
5089 8545
5090 10025
5091 10024
5092 10023
5093 10022
5094 10021
5095 5096
5097 10018
5098 10017
5099 10016
5100 10015
5101 10014
5102 10013
5103 10012
5106 10586
5107 10585
5108 10584
5109 10583
5110 10582
5111 10581
5112 10033
5113 10032
5114 5115
5116 10029
5117 10028
5118 10027
5119 10026
5120 8544
5121 8543
5122 8542
5123 5124
5125 8539
5126 8538
5127 8537
5128 8536
5129 8535
5130 8534
5131 11097
5132 11096
5133 5134
5135 12273
5136 12272
5137 12271
5138 12270
5139 12269
5140 12268
5141 5142
5143 12265
5144 12264
5145 12263
5146 12262
5147 12261
5148 12260
5149 5150
5151 12257
5152 12256
5153 10073
5154 10072
5155 10071
5156 10070
5157 10069
5158 10068
5159 10067
5160 10066
5161 5162
5163 10080
5164 10079
5165 10078
5166 10077
5167 5168
5169 10074
5170 7768
5171 7767
5172 7766
5173 5174
5175 7763
5176 7762
5177 7761
5178 7760
5179 5180
5181 7757
5182 7756
5183 7755
5184 5185
5186 7752
5187 7751
5188 7750
5189 7749
5190 5191
5192 7746
5193 9183
5194 9182
5195 9181
5196 5197
5198 9178
5199 10680
5200 10679
5201 5202
5203 10386
5204 10385
5205 10384
5206 10383
5207 5208
5209 10380
5210 10379
5211 10378
5212 10377
5213 10376
5214 10375
5215 5216
5217 10372
5218 10371
5219 10370
5220 10369
5221 5222
5223 10366
5224 10365
5225 8598
5226 8597
5227 5228
5229 8594
5230 8593
5231 8592
5232 8591
5233 5234
5235 8588
5236 10141
5237 10140
5238 10139
5239 5240
5241 10136
5242 10135
5243 10134
5244 10133
5245 5246
5247 10721
5248 10720
5249 10719
5250 10718
5251 5252
5253 10715
5254 11148
5255 11147
5256 11146
5257 5258
5259 11143
5260 11142
5261 11141
5262 11140
5263 5264
5265 11137
5266 11136
5267 11135
5268 11134
5269 11133
5270 5271
5272 13120
5273 13119
5274 13118
5275 13117
5276 5277
5278 13114
5279 13113
5280 13112
5281 13111
5282 5283
5284 13108
5285 13107
5286 13106
5287 13105
5288 5289
5290 11204
5291 11203
5292 11202
5293 11201
5294 5295
5296 11198
5297 11197
5298 11196
5299 11195
5300 5301
5302 11192
5303 11213
5304 11212
5305 11211
5306 5307
5308 11208
5309 11207
5310 10825
5311 10824
5312 5313
5314 10821
5315 10820
5316 10195
5317 10194
5318 5319
5320 10191
5321 10190
5322 10189
5323 10188
5324 10187
5325 10186
5326 5327
5328 10183
5329 10182
5330 10181
5331 10180
5332 5333
5334 10177
5335 10176
5336 10175
5337 10174
5338 5339
5340 10171
5341 10170
5342 11244
5343 11243
5344 5345
5346 11240
5347 11239
5348 11238
5349 11237
5350 5351
5352 11234
5353 11233
5354 11272
5355 11271
5356 5357
5358 11268
5359 11267
5360 11266
5361 11265
5362 5363
5364 9006
5365 9005
5366 9004
5367 9003
5368 5369
5370 9000
5371 8999
5372 8998
5373 8997
5374 5375
5376 8994
5377 8993
5378 8992
5379 8360
5380 8359
5381 5382
5383 8356
5384 8355
5385 8354
5386 12052
5387 5388
5389 12049
5390 12048
5391 12047
5392 12046
5393 5394
5395 12043
5396 12042
5397 12041
5398 12040
5399 5400
5401 12037
5402 12036
5403 12035
5404 10876
5405 5406
5407 10873
5408 10872
5409 10871
5410 10870
5411 5412
5413 10867
5414 10866
5415 10865
5416 10864
5417 5418
5419 10861
5420 10860
5421 10904
5422 10903
5423 5424
5425 10900
5426 10899
5427 10898
5428 5429
5430 10895
5431 10894
5432 10893
5433 10892
5434 10891
5435 10890
5436 5437
5438 9899
5439 9898
5440 9897
5441 5442
5443 10952
5444 10951
5445 10950
5446 10949
5447 5448
5449 12171
5450 12170
5451 12169
5452 12168
5453 5454
5455 12165
5456 12164
5457 12163
5458 5459
5460 10230
5461 10229
5462 10228
5463 10227
5464 5465
5466 10224
5467 10223
5468 10222
5469 10221
5470 5471
5472 10218
5473 10217
5474 10216
5475 5476
5477 10213
5478 10212
5479 10211
5480 10210
5481 10209
5482 5483
5484 11015
5485 11014
5486 11013
5487 11012
5488 11011
5489 11010
5490 11009
5491 11008
5492 5493
5494 11005
5495 11004
5496 11003
5497 11002
5498 11001
5499 11000
5500 5501
5509 5510
5518 5519
5526 10513
5527 5528
5529 10510
5530 10509
5531 10508
5532 10507
5533 10506
5534 10505
5535 10504
5536 10503
5539 11957
5540 11956
5541 11955
5542 5543
5544 11952
5545 11951
5546 11950
5547 11949
5548 11948
5549 11947
5550 11946
5551 5552
5553 11943
5554 11942
5555 11941
5556 11940
5557 11939
5558 11851
5559 5560
5561 11848
5562 11847
5563 11846
5564 11845
5565 11844
5566 11843
5567 11842
5568 5569
5570 11839
5571 11838
5572 11837
5573 11836
5574 11835
5575 11834
5576 5577
5578 11831
5579 11830
5580 11829
5581 11828
5582 11827
5583 5584
5585 11824
5586 11823
5587 11822
5588 11821
5589 11820
5590 11819
5591 5592
5593 12245
5594 12244
5595 12243
5596 12242
5597 5598
5599 12239
5600 12238
5601 12237
5602 12236
5603 5604
5605 12233
5606 12232
5607 12231
5608 5609
5610 12228
5611 12227
5612 12226
5613 12225
5614 5615
5616 12222
5617 12221
5618 12220
5619 5620
5621 12179
5622 12178
5623 12177
5624 12176
5625 5626
5627 12173
5628 12172
5629 10946
5630 5631
5632 10943
5633 10942
5634 10941
5635 5636
5637 10938
5638 10937
5639 10936
5640 10935
5641 5642
5643 10932
5644 10931
5645 10930
5646 10929
5647 10928
5648 10927
5649 10926
5650 5651
5652 10923
5653 10922
5654 10921
5655 10920
5656 5657
5658 12691
5659 12690
5660 12689
5661 12708
5662 5663
5664 12705
5665 12704
5666 12101
5667 5668
5669 12098
5670 12097
5671 12096
5672 12095
5673 5674
5675 12092
5676 12091
5677 12090
5678 12089
5679 5680
5681 12086
5682 12085
5683 12061
5684 5685
5686 12058
5687 12057
5688 12056
5689 12055
5690 5691
5692 12688
5693 12687
5694 12686
5695 12685
5696 5697
5698 12682
5699 12642
5700 12641
5701 12640
5702 12639
5703 12638
5704 12637
5705 12636
5706 5707
5708 12633
5709 12632
5710 12631
5711 12630
5712 5713
5714 11281
5715 11280
5716 11279
5717 5718
5719 11276
5720 11275
5721 11274
5722 11273
5723 5724
5725 12627
5726 12626
5727 12625
5728 5729
5730 12575
5731 12574
5732 12573
5733 12572
5734 5735
5736 12569
5737 12568
5738 12567
5739 5740
5741 12554
5742 12553
5743 12552
5744 12551
5745 5746
5747 12548
5748 12547
5749 12546
5750 13192
5751 5752
5753 13189
5754 13188
5755 13187
5756 13186
5757 5758
5759 11230
5760 11229
5761 11228
5762 5763
5764 11225
5765 11224
5766 11223
5767 11222
5768 5769
5770 11219
5771 11218
5772 11217
5773 11216
5774 5775
5776 11191
5777 11190
5778 11189
5779 5780
5781 11186
5782 12518
5783 12517
5784 12516
5785 5786
5787 12513
5788 12534
5789 12533
5790 5791
5792 12530
5793 13134
5794 13133
5795 13132
5796 5797
5798 13129
5799 13128
5800 13127
5801 5802
5803 13124
5804 13123
5805 13122
5806 13121
5807 5808
5809 11128
5810 11127
5811 11126
5812 11125
5813 11124
5814 11123
5815 11122
5816 11121
5817 5818
5819 11118
5820 12512
5821 12511
5822 5823
5824 12508
5825 12507
5826 12506
5827 12505
5828 5829
5830 12502
5831 12501
5832 12500
5833 12499
5834 5835
5836 13029
5837 13028
5838 13027
5839 5840
5841 13024
5842 13023
5843 13022
5844 13021
5845 5846
5847 13018
5848 13017
5849 13016
5850 13015
5851 5852
5853 13012
5854 13011
5855 12482
5856 5857
5858 12479
5859 12478
5860 12477
5861 12476
5862 5863
5864 12473
5865 12462
5866 12461
5867 12460
5868 12459
5869 12458
5870 12457
5871 5872
5873 12454
5874 12453
5875 12452
5876 12428
5877 5878
5879 12425
5880 12424
5881 12423
5882 5883
5884 12420
5885 12419
5886 12418
5887 12417
5888 5889
5890 12414
5891 12413
5892 12412
5893 5894
5895 12409
5896 12408
5897 12367
5898 12366
5899 5900
5901 12363
5902 12362
5903 12361
5904 5905
5906 12358
5907 12357
5908 12003
5909 12002
5910 5911
5912 11999
5913 11998
5914 11997
5915 11996
5916 5917
5918 12313
5919 12312
5920 12311
5921 12310
5922 12309
5923 12308
5924 12307
5925 12306
5926 12305
5927 12304
5928 5929
5930 12287
5931 12286
5932 12285
5933 12284
5934 12283
5935 5936
5937 12280
5938 12279
5939 12278
5940 12277
5941 12276
5942 12275
5943 12274
5944 5945
5946 11091
5947 11090
5948 11089
5949 11088
5950 11087
5951 11086
5952 11085
5953 5954
5955 11082
5956 11081
5957 11080
5958 11079
5959 11078
5960 12973
5961 12972
5962 12971
5963 5964
5965 12968
5966 12967
5967 10580
5968 10579
5969 10578
5970 10577
5971 10576
5972 10575
5975 12986
5976 12985
5977 12984
5978 12983
5979 12982
5980 12981
5981 12980
5982 12979
5983 5984
5985 12976
5986 12975
5987 12974
5988 11077
5989 11076
5990 11075
5991 11074
5992 11073
5993 5994
5995 11070
5996 11069
5997 11068
5998 11067
5999 11066
6000 11065
6001 11064
6002 6003
6004 11061
6005 11060
6006 11059
6007 11058
6008 11057
6009 11056
6010 12299
6011 6012
6013 12296
6014 12295
6015 12294
6016 12293
6017 12292
6018 6019
6020 12303
6021 12302
6022 12301
6023 12300
6024 12320
6025 12319
6026 12318
6027 12317
6028 12316
6029 6030
6031 11993
6032 11992
6033 11991
6034 11990
6035 6036
6037 11987
6038 12380
6039 12379
6040 12378
6041 6042
6043 12375
6044 12374
6045 12373
6046 12372
6047 6048
6049 12369
6050 12368
6051 12407
6052 6053
6054 12404
6055 12403
6056 12402
6057 12401
6058 6059
6060 12440
6061 12439
6062 12438
6063 6064
6065 12435
6066 12434
6067 12433
6068 12432
6069 6070
6071 12429
6072 12451
6073 12450
6074 6075
6076 12447
6077 12446
6078 12445
6079 12444
6080 12443
6081 12442
6082 12441
6083 12472
6084 6085
6086 12469
6087 12468
6088 12467
6089 6090
6091 12464
6092 12463
6093 13010
6094 13009
6095 6096
6097 13006
6098 13005
6099 13004
6100 6101
6102 13043
6103 13042
6104 13041
6105 13040
6106 6107
6108 13037
6109 13036
6110 13035
6111 6112
6113 13032
6114 12498
6115 12497
6116 6117
6118 12494
6119 12493
6120 12492
6121 12491
6122 6123
6124 12488
6125 12487
6126 12486
6127 6128
6129 12483
6130 13097
6131 13096
6132 6133
6134 13093
6135 13092
6136 13091
6137 13090
6138 13089
6139 13088
6140 6141
6142 13085
6143 13084
6144 13083
6145 6146
6147 13144
6148 13143
6149 13142
6150 6151
6152 13139
6153 13138
6154 13137
6155 6156
6157 12529
6158 12528
6159 12527
6160 12526
6161 6162
6163 12523
6164 12522
6165 12521
6166 6167
6168 11185
6169 11184
6170 11183
6171 6172
6173 11180
6174 11179
6175 11178
6176 6177
6178 11175
6179 11174
6180 11173
6181 11172
6182 6183
6184 11169
6185 13206
6186 13205
6187 6188
6189 13202
6190 13201
6191 13200
6192 13199
6193 13198
6194 13197
6195 13196
6196 6197
6198 13193
6199 12545
6200 12544
6201 6202
6203 12541
6204 12540
6205 12539
6206 6207
6208 12536
6209 12535
6210 12566
6211 12565
6212 6213
6214 12562
6215 12561
6216 12560
6217 6218
6219 12557
6220 12622
6221 12621
6222 6223
6224 12618
6225 12617
6226 12616
6227 6228
6229 12613
6230 12612
6231 12611
6232 12610
6233 6234
6235 12607
6236 12606
6237 12605
6238 6239
6240 12653
6241 12652
6242 12651
6243 6244
6245 12648
6246 12647
6247 12646
6248 12645
6249 12644
6250 12643
6251 12681
6252 6253
6254 12678
6255 12677
6256 12676
6257 6258
6259 13230
6260 13229
6261 13228
6262 13227
6263 6264
6265 13224
6266 13223
6267 13222
6268 6269
6270 12115
6271 12114
6272 12113
6273 12112
6274 6275
6276 12109
6277 12108
6278 12107
6279 6280
6281 12104
6282 12103
6283 12102
6284 6285
6286 12701
6287 12700
6288 12699
6289 12698
6290 6291
6292 12695
6293 12694
6294 13283
6295 6296
6297 13280
6298 13279
6299 13278
6300 6301
6302 13275
6303 13274
6304 13273
6305 13272
6306 13271
6307 13270
6308 6309
6310 13267
6311 13266
6312 13265
6313 6314
6315 13262
6316 13261
6317 13260
6318 6319
6320 13257
6321 13256
6322 13294
6323 6324
6325 13291
6326 13290
6327 13289
6328 13288
6329 6330
6331 13285
6332 13284
6333 11786
6334 6335
6336 11783
6337 11782
6338 11781
6339 6340
6341 11778
6342 11777
6343 11776
6344 6345
6346 11773
6347 11772
6348 11771
6349 6350
6351 11768
6352 11767
6353 11766
6354 11765
6355 6356
6357 11762
6358 11761
6359 11760
6360 11759
6366 6367
6372 6373
6380 6381
6388 6389
6396 6397
6404 6405
6414 12953
6415 12952
6416 12951
6417 12950
6418 12949
6419 12948
6420 6421
6422 12945
6423 12944
6424 12943
6425 11910
6426 11909
6427 11908
6428 11907
6429 11906
6430 11905
6431 11904
6432 11903
6433 11902
6434 11901
6435 11900
6436 11899
6437 11898
6438 11897
6439 11896
6440 11895
6441 11894
6442 11893
6443 11892
6444 11891
6445 11890
6446 11889
6447 12932
6448 12931
6449 12930
6450 12929
6451 12928
6452 12927
6453 12926
6454 12925
6455 12924
6456 12923
6457 12922
6458 12911
6459 12910
6460 12909
6461 12908
6462 12907
6463 12906
6464 12905
6465 12904
6466 12903
6467 12902
6468 12901
6469 11801
6470 11800
6471 11799
6472 11798
6473 11797
6474 11796
6475 11795
6476 6477
6478 11792
6479 11791
6480 11790
6481 11789
6482 11788
6483 11787
6484 13303
6485 13302
6486 13301
6487 13300
6488 13299
6489 13298
6490 13297
6491 13296
6492 13295
6493 13255
6494 13254
6495 13253
6496 13252
6497 13251
6498 13250
6499 13249
6500 13248
6501 13247
6502 13246
6503 13245
6504 13244
6505 13243
6506 13242
6507 13241
6508 13240
6509 13239
6510 12890
6511 12889
6512 12888
6513 12887
6514 12886
6515 12885
6516 12884
6517 12883
6518 12882
6519 12881
6520 12880
6521 12866
6522 12865
6523 12864
6524 12863
6525 12862
6526 6527
6528 12124
6529 12123
6530 12122
6531 12121
6532 12120
6533 12119
6534 12118
6535 12117
6536 12116
6537 13219
6538 13218
6539 13217
6540 13236
6541 13235
6542 13234
6543 13233
6544 13232
6545 13231
6546 12673
6547 12672
6548 12671
6549 12670
6550 12669
6551 12668
6552 12667
6553 12666
6554 12665
6555 6556
6557 12662
6558 12661
6559 12660
6560 12659
6561 12658
6562 12657
6563 12656
6564 12604
6565 12603
6566 12602
6567 12601
6568 12600
6569 12599
6570 12598
6571 12597
6572 12596
6573 12595
6574 12594
6575 12593
6576 12592
6577 12591
6578 12590
6579 6580
6581 12587
6582 12586
6583 12585
6584 12817
6585 12816
6586 12815
6587 12814
6588 12813
6589 12812
6590 12811
6591 12810
6592 12809
6593 12808
6594 12807
6595 12806
6596 10727
6597 10726
6598 10725
6599 10724
6600 13216
6601 13215
6602 13214
6603 13213
6604 6605
6606 13210
6607 13209
6608 13208
6609 13207
6610 11168
6611 11167
6612 11166
6613 11165
6614 11164
6615 11163
6616 11162
6617 11161
6618 11160
6619 11159
6620 11158
6621 11157
6622 11156
6623 11155
6624 11154
6625 11153
6626 11152
6627 6628
6629 11149
6630 13156
6631 13155
6632 13154
6633 13153
6634 13152
6635 13151
6636 13150
6637 13149
6638 13148
6639 13147
6640 13146
6641 13145
6642 13080
6643 13079
6644 13078
6645 13077
6646 13076
6647 13075
6648 13074
6649 13073
6650 13072
6651 13071
6652 13070
6653 13069
6654 13068
6655 13067
6656 13066
6657 13065
6658 11477
6659 11476
6660 11475
6661 11474
6662 11473
6663 11472
6664 6665
6666 13057
6667 13056
6668 13055
6669 13054
6670 13053
6671 13052
6672 13051
6673 13050
6674 13049
6675 13048
6676 13047
6677 13046
6678 13045
6679 13044
6680 13001
6681 13000
6682 12999
6683 12805
6684 12804
6685 12803
6686 12802
6687 12801
6688 12800
6689 12799
6690 12798
6691 12797
6692 12796
6693 12795
6694 12794
6695 12793
6696 12792
6697 12791
6698 12790
6699 10317
6700 10316
6701 10315
6702 10314
6703 10313
6704 10312
6705 10311
6706 10310
6707 10309
6708 10308
6709 10307
6710 10306
6711 10305
6712 10304
6713 10303
6714 10302
6715 12398
6716 12397
6717 12396
6718 12395
6719 12394
6720 12393
6721 12392
6722 12391
6723 12390
6724 12389
6725 12388
6726 12387
6727 12386
6728 12385
6729 12384
6730 12383
6731 12382
6732 12381
6733 11986
6734 11985
6735 11984
6736 11983
6737 11982
6738 11981
6739 11980
6740 11979
6741 10262
6742 10261
6743 10260
6744 10259
6745 10258
6746 10257
6747 10256
6748 10255
6749 10254
6750 10253
6751 10252
6752 10251
6753 10250
6754 10249
6755 10248
6756 10247
6757 11055
6758 11054
6759 11053
6760 11052
6761 11051
6762 11050
6763 11049
6764 11048
6765 11047
6766 11046
6767 11045
6768 11044
6769 11043
6770 11042
6771 11041
6772 11040
6773 12748
6774 12747
6775 12746
6776 12745
6777 12744
6778 12743
6779 12742
6780 12741
6781 12998
6782 12997
6783 12996
6784 12995
6785 12994
6786 12993
6787 12992
6788 12991
