1, 0, 1, 0.2
2, 3, 2, 0.1
3, 7, 6, 0.3
4, 5, 4, 0.2
5, 4, 3, 0.3
6, 5, 6, 0.2
7, 7, 0, 0.1
8, 2, 1, 0.2
9, 4, 5, 0.5
10, 6, 7, 0.3
11, 3, 2, 0.6
12, 1, 0, 0.2
13, 4, 3, 0.3
14, 5, 6, 0.2
15, 7, 6, 0.3
16, 2, 1, 0.2
17, 4, 3, 0.9
18, 5, 4, 0.2
19, 0, 7, 0.3
20, 5, 6, 0.2
21, 2, 1, 1.5
23, 0, 1, 0.3
24, 7, 6, 0.3
25, 5, 4, 0.5
26, 2, 3, 0.9
27, 5, 6, 1.5
28, 0, 7, 1.8
29, 2, 1, 0.2
30, 4, 3, 0.9
31, 5, 4, 3.0
32, 7, 0, 0.3
33, 6, 5, 0.2
34, 3, 2, 0.3
35, 6, 7, 2.1
36, 1, 0, 0.2
37, 4, 3, 1.2
38, 5, 4, 0.2
39, 2, 1, 0.2
42, 3, 2, 2.4
43, 0, 7, 0.9
45, 1, 0, 0.2
47, 6, 7, 0.3
49, 5, 6, 2.0
51, 4, 5, 0.3
52, 2, 1, 0.2
53, 7, 6, 0.9
54, 3, 4, 0.6
55, 5, 6, 0.3
56, 7, 0, 0.6
58, 4, 5, 1.2
59, 1, 2, 1.1
60, 4, 3, 2.7
61, 7, 0, 0.9
64, 1, 0, 2.6
65, 6, 7, 0.6
66, 2, 1, 0.2
67, 5, 4, 1.8
69, 3, 2, 0.9
70, 5, 6, 0.2
71, 4, 3, 0.6
72, 0, 1, 1.1
74, 7, 0, 0.6
75, 2, 3, 3.0
76, 6, 7, 1.2
78, 1, 2, 0.3
80, 4, 3, 2.1
81, 7, 0, 1.2
82, 1, 0, 1.2
85, 4, 5, 1.2
86, 7, 0, 1.8
87, 6, 7, 2.1
89, 4, 3, 2.7
92, 1, 0, 0.8
93, 2, 3, 3.0
94, 6, 7, 3.0
95, 4, 5, 0.6
99, 7, 0, 3.0
100, 4, 5, 0.9
101, 6, 7, 2.1
103, 3, 2, 1.2
106, 1, 0, 2.4
108, 6, 5, 1.8
110, 7, 0, 0.6
111, 4, 5, 2.1
113, 3, 2, 0.9
115, 1, 0, 1.8
117, 3, 2, 1.2
119, 7, 0, 1.5
125, 1, 0, 1.8
127, 3, 2, 2.1
128, 4, 3, 2.4
130, 5, 6, 0.5
132, 7, 0, 0.6
133, 2, 1, 1.5
134, 6, 7, 1.2
136, 5, 6, 2.1
137, 2, 1, 1.8
138, 4, 5, 1.5
139, 3, 2, 2.1
141, 0, 1, 1.2
143, 5, 6, 2.4
146, 2, 1, 2.6
147, 5, 6, 2.4
152, 6, 7, 1.2
153, 1, 2, 1.8
155, 6, 7, 2.1
156, 0, 7, 2.1
157, 1, 0, 1.5
158, 5, 4, 1.7
160, 6, 5, 0.5
161, 4, 3, 1.8
162, 1, 0, 2.4
163, 6, 7, 2.7
165, 2, 3, 2.1
169, 7, 0, 2.7
174, 5, 4, 2.4
175, 0, 7, 2.1
181, 4, 3, 1.8
184, 7, 6, 2.1
191, 6, 7, 2.7
204, 3, 2, 3.0
206, 4, 3, 2.1
22, 3, 4, 0.3, LOOP
40, 6, 7, 0.3, LOOP
41, 5, 6, 0.2, LOOP
44, 4, 5, 0.2, LOOP
46, 3, 4, 0.3, LOOP
48, 2, 3, 0.3, LOOP
50, 1, 0, 0.2, LOOP
57, 2, 3, 0.6, LOOP
62, 6, 5, 0.2, LOOP
63, 4, 3, 0.3, LOOP
68, 6, 7, 0.3, LOOP
73, 5, 4, 0.2, LOOP
77, 5, 4, 0.3, LOOP
79, 6, 5, 0.2, LOOP
83, 6, 5, 0.2, LOOP
84, 2, 3, 0.9, LOOP
88, 1, 2, 0.2, LOOP
90, 6, 5, 0.2, LOOP
91, 4, 3, 0.6, LOOP
96, 1, 2, 0.2, LOOP
97, 6, 5, 0.2, LOOP
98, 4, 3, 0.6, LOOP
102, 1, 2, 0.2, LOOP
104, 4, 5, 0.3, LOOP
105, 6, 7, 0.3, LOOP
107, 4, 3, 0.6, LOOP
109, 1, 2, 0.2, LOOP
112, 6, 7, 0.6, LOOP
114, 4, 5, 0.5, LOOP
116, 6, 5, 0.5, LOOP
118, 4, 3, 0.9, LOOP
120, 6, 5, 0.5, LOOP
121, 1, 2, 0.2, LOOP
122, 4, 3, 0.9, LOOP
123, 6, 7, 0.6, LOOP
124, 4, 5, 0.6, LOOP
126, 6, 7, 0.6, LOOP
129, 1, 0, 0.3, LOOP
131, 4, 5, 0.6, LOOP
135, 4, 3, 0.9, LOOP
140, 7, 6, 0.9, LOOP
142, 4, 3, 0.9, LOOP
144, 7, 0, 1.2, LOOP
145, 4, 3, 0.9, LOOP
148, 7, 0, 1.2, LOOP
149, 4, 5, 0.6, LOOP
150, 3, 2, 0.9, LOOP
151, 4, 5, 0.9, LOOP
154, 3, 4, 0.9, LOOP
159, 3, 2, 1.2, LOOP
164, 5, 4, 0.9, LOOP
166, 6, 5, 0.5, LOOP
167, 1, 2, 0.5, LOOP
168, 4, 3, 0.9, LOOP
170, 6, 5, 0.5, LOOP
171, 1, 2, 0.5, LOOP
172, 4, 3, 0.9, LOOP
173, 7, 6, 0.9, LOOP
176, 1, 2, 0.5, LOOP
177, 6, 5, 0.6, LOOP
178, 3, 4, 1.2, LOOP
179, 6, 7, 1.2, LOOP
180, 0, 1, 0.3, LOOP
182, 5, 6, 0.6, LOOP
183, 2, 1, 0.5, LOOP
185, 4, 5, 0.9, LOOP
186, 0, 7, 1.8, LOOP
187, 3, 2, 1.2, LOOP
188, 4, 5, 1.2, LOOP
189, 3, 2, 1.5, LOOP
190, 1, 0, 0.5, LOOP
192, 4, 5, 1.2, LOOP
193, 3, 4, 1.2, LOOP
194, 1, 0, 0.9, LOOP
195, 6, 5, 0.8, LOOP
196, 2, 3, 1.5, LOOP
197, 7, 6, 1.2, LOOP
198, 4, 5, 1.5, LOOP
199, 1, 0, 1.5, LOOP
200, 2, 3, 1.8, LOOP
201, 7, 6, 1.2, LOOP
202, 4, 5, 1.5, LOOP
203, 1, 2, 0.5, LOOP
205, 0, 7, 1.8, LOOP
207, 6, 5, 0.8, LOOP
208, 1, 0, 1.5, LOOP
209, 4, 5, 1.5, LOOP
210, 6, 7, 1.2, LOOP
Helix 0 has an average crossover density of 43/650 = 0.0662 (1/bp). Target is 0.0700 (1/bp).
Helix 1 has an average crossover density of 45/686 = 0.0656 (1/bp). Target is 0.0700 (1/bp).
Helix 2 has an average crossover density of 47/715 = 0.0657 (1/bp). Target is 0.0700 (1/bp).
Helix 3 has an average crossover density of 54/825 = 0.0655 (1/bp). Target is 0.0700 (1/bp).
Helix 4 has an average crossover density of 62/951 = 0.0652 (1/bp). Target is 0.0700 (1/bp).
Helix 5 has an average crossover density of 60/914 = 0.0656 (1/bp). Target is 0.0700 (1/bp).
Helix 6 has an average crossover density of 58/885 = 0.0655 (1/bp). Target is 0.0700 (1/bp).
Helix 7 has an average crossover density of 51/775 = 0.0658 (1/bp). Target is 0.0700 (1/bp).
